1.874454158927691196e+03 3.970749662194735130e+00
3.354959490607831412e+03 3.993539884775916260e+00
4.835464822287971401e+03 3.993643007955016699e+00
6.236657368342388509e+03 3.997791874428465508e+00
7.673100041341572251e+03 4.033543084668600898e+00
8.721791317948334836e+03 4.090333878759000896e+00
1.149773881484859703e+04 4.229485718557560503e+00
1.297824414652873747e+04 4.303321914793425407e+00
1.405161051199683970e+04 4.392443544251442233e+00
1.538406531050895683e+04 4.487822172601372728e+00
1.853013914032925823e+04 5.043875244707949790e+00
1.846845141817591139e+04 4.934216634132095436e+00
1.945545497262934441e+04 5.134688094303212935e+00
2.075089713784946434e+04 5.381500533082558491e+00
2.189828876990157005e+04 5.477433448520154791e+00
2.278659196890965541e+04 5.565975010095731257e+00
2.389697096766976392e+04 5.653964862663121593e+00
2.463722363350983142e+04 5.713570060183134736e+00
2.556253946580991760e+04 5.869608320559380310e+00
2.691966935318337346e+04 5.846070454929721549e+00
2.778329746333012372e+04 5.611697249629357565e+00
2.787582904656013852e+04 5.501104085242905839e+00
2.843101854594018369e+04 5.407558471401483047e+00
2.944886596147028467e+04 4.987918029648612972e+00
3.043586951592370679e+04 4.780021700582268274e+00
3.037418179377037086e+04 4.670363090006413920e+00
3.037418179377037086e+04 4.585286467248609554e+00
3.137352289265446234e+04 4.291558138137550493e+00
3.240987662483056192e+04 4.160045147830849999e+00
3.278000295775059931e+04 4.076884897484660542e+00
3.333519245713065175e+04 3.953089817773796977e+00
3.444557145589074935e+04 3.581665907449042674e+00
3.438388373373742070e+04 3.487132029807908928e+00
3.512413639957748819e+04 3.373748094387052809e+00
3.592607678757089161e+04 3.264149638999006342e+00
3.703645578633099649e+04 3.196165683177087935e+00
3.796177161863108631e+04 3.094138187854660327e+00
3.888708745093116886e+04 2.969423593130151584e+00
3.888708745093116886e+04 2.884346970372347219e+00
3.956565239461790770e+04 2.474135854308466609e+00
3.988642854981526034e+04 2.331985708077563224e+00
3.981240328323125868e+04 2.213251398381048674e+00
4.073771911553134123e+04 1.821963385682087377e+00
4.073771911553134123e+04 1.733105579690602305e+00
4.073771911553134123e+04 1.642357182082277767e+00
4.092278228199136356e+04 1.570527591039740933e+00
4.218121181391947903e+04 1.322569625612555200e+00
4.295847711305155826e+04 1.228472302762946278e+00
4.376041750104496168e+04 1.162357454562222614e+00
4.517923511057175347e+04 1.132206815072752448e+00
4.665974044225190300e+04 1.149325262803412961e+00
4.777011944101200788e+04 1.166417929739298920e+00
4.973178900548818638e+04 1.581728487009693929e+00
5.054606693791226280e+04 1.654383922844857580e+00
5.091619327083230019e+04 1.847250048557323332e+00
5.221163543605242012e+04 1.966447553199961895e+00
5.517264609941270464e+04 2.111284058246430284e+00
5.665315143109283235e+04 2.153925492804433794e+00
5.794859359631295229e+04 2.203171107623988156e+00
5.924403576153307222e+04 2.321423316458207431e+00
5.998428842737315426e+04 2.440582149908683718e+00
6.053947792675320670e+04 2.520970964816550808e+00
6.246413485793738073e+04 2.787300324600467505e+00
6.376486454219922598e+04 2.940366795933281541e+00
6.473424303318026796e+04 2.910725020226395898e+00
6.522774481040696992e+04 2.820010997011105136e+00
6.627643608701374615e+04 2.426840986293560043e+00
6.627643608701374615e+04 2.347436138386275850e+00
6.720175191931382869e+04 2.014756465809355745e+00
6.812706775161391124e+04 1.723669808802918091e+00
6.806538002946057532e+04 1.621573564694424263e+00
6.905238358391400834e+04 1.513878591320604983e+00
6.997769941621409089e+04 1.434538195400258509e+00
7.090301524851418799e+04 1.372213124031472553e+00
7.219845741373430064e+04 1.185134786746016466e+00
7.367896274541443563e+04 1.210760896752457683e+00
7.460427857771453273e+04 1.298737858922461186e+00
7.571465757647463761e+04 1.406578923466670794e+00
7.763931450765881164e+04 1.760631734271967730e+00
7.756528924107480270e+04 1.656265920863439156e+00
7.894004419192064961e+04 1.944811941927636845e+00
7.997111040505503479e+04 1.979724662509134703e+00
8.145161573673516978e+04 1.767136228793724229e+00
8.293212106841530476e+04 1.758731689697044409e+00
8.422756323363543197e+04 1.679417074571472490e+00
8.511586643264351005e+04 1.577387001169567426e+00
8.700351073053569417e+04 1.101089395779215607e+00
8.737363706345572427e+04 1.004695004115145451e+00
8.829895289575580682e+04 9.196828333442788050e-01
9.059373615986001096e+04 6.453287715067022035e-01
9.101321267050271854e+04 6.098148673441867729e-01
9.255540572433620400e+04 6.817647687623393793e-01
9.403591105601635354e+04 7.187344284698227170e-01
9.514629005477645842e+04 7.103041085783674546e-01
9.681185855291660118e+04 6.215623161633700988e-01
9.921767971689683327e+04 5.149114649779429342e-01
1.006981850485769828e+05 5.178504755823034600e-01
1.021786903802571178e+05 5.179535987614034553e-01
1.053247642100774101e+05 6.032493582747964211e-01
1.066572190085895418e+05 7.598831550103470889e-01
1.060650168759174849e+05 6.600186683695499212e-01
1.079156485405176645e+05 9.588610478041603713e-01
1.092110907057377772e+05 1.207564078200347168e+00
1.098588117883478262e+05 1.315372916751088361e+00
1.110247097370459524e+05 1.527011328179036731e+00
1.105065328709579044e+05 1.431689417577611145e+00
1.125422277020181064e+05 1.514071947281418140e+00
1.137451382840082078e+05 1.332658939647788365e+00
1.142077962001582491e+05 1.250450430308712058e+00
1.142077962001582491e+05 1.148358482999347174e+00
1.151331120324583462e+05 8.308035433571481221e-01
1.151331120324583462e+05 7.400551457488235840e-01
1.153181751989183540e+05 6.493196385378858793e-01
1.161818033090650861e+05 1.200141410104675899e-01
1.164285541976784589e+05 7.087594616914127954e-02
1.177239963628985861e+05 -2.261810608273062684e-02
1.186493121951986686e+05 -8.374216969492032092e-03
1.199447543604187958e+05 -2.351549782085911033e-01
1.201298175268788036e+05 -3.221093021858481009e-01
1.204999438597988337e+05 -3.825824531299559794e-01
1.208700701927188638e+05 -5.413663681497498104e-01
1.214252596920989308e+05 -9.383519364940076102e-01
1.214252596920989308e+05 -1.043279771228633024e+00
1.225726513241510547e+05 -1.092544291964357761e+00
1.223505755243990134e+05 -1.029035882115394429e+00
1.235349797897431126e+05 -1.171882109805226335e+00
1.248797721326859173e+05 -1.452352235523281188e+00
1.246453587885032175e+05 -1.559754167196488517e+00
1.245713335219192377e+05 -1.607402232099814476e+00
1.253115861877592833e+05 -1.323761927984249631e+00
1.256817125206793135e+05 -1.442843419050400477e+00
1.267920915194394183e+05 -9.408140023950295472e-01
1.273472810188194853e+05 -8.131603970661602787e-01
1.321589233467799495e+05 -4.186368946229235277e-01
1.336394286784600699e+05 -3.958466720417410656e-01
1.347498076772201748e+05 -3.872616673816349220e-01
1.410419553368607594e+05 -2.818955591358331958e-01
1.425224606685409090e+05 -2.505976742788718070e-01
1.434477765008409915e+05 -2.335178977403726819e-01
1.495548609940215538e+05 -9.696991821409639556e-02
1.510353663257017033e+05 -6.567203335713500678e-02
1.584378929841023928e+05 2.842786757195181480e-02
1.595482719828624977e+05 1.463357036755041918e-04
1.633272718724999577e+05 -1.909090909090913613e-01
3.006248326272727354e+04 4.923403983656792882e+00
2.859602066454545638e+04 5.305324310520940223e+00
1.741424335340909238e+04 4.810163432073544243e+00
