2.048573788909958239e+04 6.497712029840361225e-01
2.030058952814441363e+04 4.811073577776943111e-01
2.137445002168440988e+04 7.538242288279608516e-01
2.196692477674095426e+04 8.471117277871411666e-01
2.263345887617957123e+04 1.040950071892365436e+00
2.270751822056163655e+04 1.122595027287834668e+00
2.381840838629267091e+04 1.397678077565912780e+00
2.363326002533749488e+04 1.229014232359572301e+00
2.474415019106852196e+04 1.767275861551924621e+00
2.485523920764163267e+04 1.579085151698156331e+00
2.492929855202369799e+04 1.483702230338227235e+00
2.574395134022644925e+04 2.169535159306910987e+00
2.591675647711794591e+04 1.969318333717759106e+00
2.579332423648117037e+04 1.876927471497476407e+00
2.704527982008280378e+04 2.648608252985655831e+00
2.678078216157541465e+04 2.555899265507902474e+00
2.690421440221219746e+04 2.368998574594670004e+00
2.795338844762483131e+04 2.999636350962355813e+00
2.752137560539609694e+04 2.772946178506814352e+00
2.844711741017195527e+04 3.082388858740991999e+00
2.863226577112712403e+04 3.159745850038298887e+00
2.918771085399264484e+04 3.317697142521710330e+00
3.073061386195239538e+04 3.518694846496160267e+00
3.240929233461261902e+04 3.568671063155218093e+00
3.406328435914548754e+04 3.763160793250189151e+00
3.332269091532480525e+04 3.697217771818383625e+00
3.307582643405123963e+04 3.643488237694314513e+00
3.603820020933398337e+04 3.679558933077092142e+00
3.677879365315467294e+04 3.619290817780049352e+00
3.788968381888570002e+04 3.787276299414237712e+00
3.751938709697535523e+04 3.721183675025450110e+00
3.840809922956018272e+04 4.019022070812783731e+00
3.963007841186430596e+04 4.108062807799659488e+00
4.072862535353166459e+04 4.009323875188344211e+00
4.085205759416844376e+04 3.848203943025898077e+00
4.122235431607878854e+04 3.764445907175741901e+00
4.159265103798913333e+04 3.480027632381967884e+00
4.174076972675327124e+04 3.393459022946537118e+00
4.159265103798913333e+04 3.628052155542730972e+00
4.214809612085464323e+04 3.331617575043538615e+00
4.258010896308337396e+04 3.242063773489438638e+00
4.270354120372015313e+04 3.122193055328249756e+00
4.344413464754084271e+04 2.967567363003330350e+00
4.372185718897360493e+04 2.864466400567609927e+00
4.455502481327186979e+04 2.606725030762020889e+00
4.522155891271049040e+04 2.499787856108075523e+00
4.585106333995807654e+04 2.336130069193411263e+00
4.622136006186841405e+04 2.226591274592468750e+00
4.615964394155003538e+04 2.136353713949735056e+00
4.659165678377875156e+04 2.078381341865347842e+00
4.733225022759944113e+04 1.962426787666607275e+00
4.751739858855461353e+04 1.818498933019667696e+00
4.844314039333046821e+04 1.730488249179227722e+00
5.103521744670287444e+04 1.514780405270681918e+00
5.325699777816492860e+04 1.585854072374732304e+00
5.547877810962698277e+04 1.646185756665955235e+00
5.733026171917869942e+04 1.624848941489791088e+00
5.918174532873041608e+04 1.575582971000275112e+00
6.103322893828213273e+04 1.676704759890344842e+00
6.177382238210282230e+04 1.754105896322498914e+00
6.362530599165453896e+04 2.128074048658386896e+00
6.344015763069935929e+04 2.060384841892624497e+00
6.436589943547521398e+04 2.472950557129945715e+00
6.455104779643040820e+04 2.537417169051859656e+00
6.510649287929589627e+04 2.853275608883835801e+00
6.529164124025108322e+04 2.930632600181142244e+00
6.751342157171313011e+04 3.070992056427930272e+00
6.806886665457865456e+04 2.938909812964999091e+00
6.917975682030967437e+04 2.753698899713419301e+00
7.003143928070346010e+04 2.652577110823350459e+00
7.112381461033897358e+04 2.565331609320261830e+00
7.195698223463723843e+04 2.531560581162126677e+00
7.232727895654758322e+04 2.353273096559088007e+00
7.257414343782115611e+04 2.228685715990221361e+00
7.343816912227861758e+04 2.144966920259928855e+00
7.417876256609929260e+04 1.968857262309354539e+00
7.510450437087516184e+04 1.867956199093521175e+00
7.695598798042687122e+04 1.805799849228612697e+00
7.854826388464136107e+04 1.921080454368685242e+00
7.899261995093377482e+04 2.003614198479078290e+00
7.995539142790067126e+04 2.208647748781562559e+00
7.991836175570962951e+04 2.293721309650166518e+00
8.121440028239582898e+04 2.396947349967954111e+00
8.288073553099235869e+04 2.525983579126425571e+00
8.426934823815614800e+04 2.675944602202486866e+00
8.491736750149926229e+04 2.745281894002546519e+00
8.639855438914064143e+04 2.858996082607789813e+00
8.750944455487164669e+04 2.829275370571888271e+00
8.954607652537855029e+04 2.613523381528494838e+00
9.028666996919922531e+04 2.536239965455933110e+00
9.102726341301990033e+04 2.394504652506406650e+00
9.213815357875093468e+04 2.235611597146253793e+00
9.435993391021298885e+04 2.187449255027919204e+00
9.584112079785436799e+04 2.182195983981098042e+00
9.806290112931642216e+04 2.084083421783115675e+00
9.913676162285641476e+04 1.996191929806763188e+00
9.991438473886814609e+04 1.918266937774421699e+00
1.008401265436440008e+05 1.870001590341443531e+00
1.028767585141508753e+05 1.775096907942359525e+00
1.039876486798819096e+05 1.699454219381620668e+00
1.050985388456129585e+05 1.560970931365840197e+00
1.069500224551646388e+05 1.431140089780118529e+00
1.088015060647163627e+05 1.483922956012463601e+00
1.098753665582563553e+05 1.576819034775997608e+00
1.109121973796053353e+05 1.854044595598661971e+00
1.107455638547456765e+05 1.757998025711529966e+00
1.113935831180887762e+05 1.973963382906684938e+00
1.119490282009542716e+05 2.246316792346709335e+00
1.118564540204766818e+05 2.148825940797824963e+00
1.127821958252525365e+05 2.542861735683018765e+00
1.125044732838197961e+05 2.380098623501258892e+00
1.128747700057301263e+05 2.637935641099016681e+00
1.132450667276404711e+05 2.757201080411300076e+00
1.138005118105059955e+05 2.908707183207015490e+00
1.162074405029232294e+05 3.037802272545283344e+00
1.169480339467439044e+05 2.907023782064840578e+00
1.184292208343852835e+05 2.803803627765033113e+00
1.206245513999966061e+05 2.855846537451367517e+00
1.211323869043307932e+05 2.761050536169979086e+00
1.215767429706231924e+05 2.638627248211623311e+00
1.215767429706231924e+05 2.567730161646961662e+00
1.226876331363542413e+05 2.383056347536023356e+00
1.226876331363542413e+05 2.329346433471886080e+00
1.239836716630404262e+05 2.161874506906420912e+00
1.243539683849507710e+05 1.983049923162740757e+00
1.245391167459059507e+05 1.781652460467174404e+00
1.246625489865427080e+05 1.616235735179596844e+00
1.250945618287714460e+05 1.398207819184079881e+00
1.254648585506818054e+05 1.224217127706172192e+00
1.269460454383231554e+05 9.987532089963875315e-01
1.297232708526507340e+05 9.532130878879789826e-01
1.321301995450679678e+05 9.314907385341486545e-01
1.350925733203507261e+05 8.801646617517620008e-01
1.374995020127679454e+05 8.043027190212823641e-01
1.402767274270955240e+05 7.291147253494685287e-01
1.417579143147369032e+05 6.583353591443996677e-01
1.447202880900196324e+05 5.801543253299437097e-01
1.497192938358092506e+05 5.160997346666045260e-01
1.560143381082850974e+05 5.037096668194802618e-01
1.576806733568816271e+05 5.403648437876347188e-01
1.613219244556666818e+05 5.356413143589806580e-01
1.619390856588505849e+05 4.504706341937128045e-01
1.641608659903126536e+05 3.625629556679159649e-01
1.126966462438355957e+05 2.464041095890411093e+00
1.138015153246575064e+05 2.976949420442570826e+00
1.138015153246575064e+05 3.085923779416929857e+00
1.154588189458903653e+05 3.265542676501580477e+00
1.141698050182648149e+05 3.182106896147991915e+00
1.231929025116437988e+05 2.253336845802599520e+00
1.242977715924657095e+05 2.061116965226554409e+00
1.244819164392693783e+05 1.875234164617726407e+00
1.250343509796803264e+05 1.503483198688678080e+00
1.254026406732876349e+05 1.131717597471022074e+00
6.463484122808218672e+04 2.716631541974007469e+00
6.555556546210043598e+04 3.030807282519611512e+00
2.927903064178082059e+04 3.399719002458728490e+00
2.743758217374430387e+04 2.861111111111111605e+00
2.007178830159817880e+04 5.720641611052581510e-01
1.970349860799087401e+04 4.438297623229132682e-01
1.933520891438356921e+04 3.668774148226212617e-01
1.896691922077626441e+04 2.899250673223274788e-01
1.804619498675799696e+04 2.065185575459551615e-01
1.730961559954338736e+04 1.487677086992160724e-01
1.583645682511416635e+04 1.101890879288145442e-01
1.307428412305937127e+04 9.073878936892754155e-02
1.086454596141553338e+04 7.774265308511996153e-02
8.470662952968046739e+03 6.473188151270470314e-02
6.076779944520561003e+03 5.172110994028766839e-02
4.419476323287681225e+03 5.799964875307406231e-02
2.946317548858457940e+03 5.788256644421085895e-02
