W T
15000 0.591358
15003.3 0.5913
15006.6 0.591243
15009.9 0.591186
15013.2 0.591129
15016.5 0.591072
15019.8 0.591015
15023.1 0.590958
15026.4 0.590901
15029.7 0.590844
15032.9 0.590787
15036.2 0.59073
15039.5 0.590673
15042.8 0.590616
15046.1 0.590559
15049.4 0.590502
15052.7 0.590445
15056 0.590388
15059.3 0.590331
15062.6 0.590274
15065.9 0.590217
15069.2 0.590161
15072.5 0.590104
15075.8 0.590047
15079.1 0.58999
15082.4 0.589934
15085.7 0.589877
15089 0.58982
15092.3 0.589764
15095.6 0.589707
15098.8 0.58965
15102.1 0.589594
15105.4 0.589537
15108.7 0.589481
15112 0.589424
15115.3 0.589368
15118.6 0.589311
15121.9 0.589255
15125.2 0.589198
15128.5 0.589142
15131.8 0.589085
15135.1 0.589029
15138.4 0.588972
15141.7 0.588916
15145 0.58886
15148.3 0.588803
15151.6 0.588747
15154.9 0.588691
15158.2 0.588635
15161.4 0.588578
15164.7 0.588522
15168 0.588466
15171.3 0.58841
15174.6 0.588353
15177.9 0.588297
15181.2 0.588241
15184.5 0.588185
15187.8 0.588129
15191.1 0.588073
15194.4 0.588017
15197.7 0.587961
15201 0.587905
15204.3 0.587849
15207.6 0.587793
15210.9 0.587737
15214.2 0.587681
15217.5 0.587625
15220.8 0.587569
15224.1 0.587513
15227.3 0.587457
15230.6 0.587401
15233.9 0.587346
15237.2 0.58729
15240.5 0.587234
15243.8 0.587178
15247.1 0.587122
15250.4 0.587067
15253.7 0.587011
15257 0.586955
15260.3 0.5869
15263.6 0.586844
15266.9 0.586788
15270.2 0.586733
15273.5 0.586677
15276.8 0.586621
15280.1 0.586566
15283.4 0.58651
15286.7 0.586455
15290 0.586399
15293.2 0.586344
15296.5 0.586288
15299.8 0.586233
15303.1 0.586177
15306.4 0.586122
15309.7 0.586066
15313 0.586011
15316.3 0.585956
15319.6 0.5859
15322.9 0.585845
15326.2 0.585789
15329.5 0.585734
15332.8 0.585679
15336.1 0.585623
15339.4 0.585568
15342.7 0.585513
15346 0.585458
15349.3 0.585402
15352.6 0.585347
15355.8 0.585292
15359.1 0.585237
15362.4 0.585182
15365.7 0.585127
15369 0.585071
15372.3 0.585016
15375.6 0.584961
15378.9 0.584906
15382.2 0.584851
15385.5 0.584796
15388.8 0.584741
15392.1 0.584686
15395.4 0.584631
15398.7 0.584576
15402 0.584521
15405.3 0.584466
15408.6 0.584411
15411.9 0.584356
15415.2 0.584301
15418.5 0.584246
15421.7 0.584191
15425 0.584136
15428.3 0.584081
15431.6 0.584027
15434.9 0.583972
15438.2 0.583917
15441.5 0.583862
15444.8 0.583807
15448.1 0.583752
15451.4 0.583698
15454.7 0.583643
15458 0.583588
15461.3 0.583533
15464.6 0.583479
15467.9 0.583424
15471.2 0.583369
15474.5 0.583314
15477.8 0.58326
15481.1 0.583205
15484.3 0.58315
15487.6 0.583096
15490.9 0.583041
15494.2 0.582986
15497.5 0.582932
15500.8 0.582877
15504.1 0.582822
15507.4 0.582768
15510.7 0.582713
15514 0.582658
15517.3 0.582604
15520.6 0.582549
15523.9 0.582495
15527.2 0.58244
15530.5 0.582386
15533.8 0.582331
15537.1 0.582276
15540.4 0.582222
15543.7 0.582167
15547 0.582113
15550.2 0.582058
15553.5 0.582004
15556.8 0.581949
15560.1 0.581895
15563.4 0.58184
15566.7 0.581786
15570 0.581731
15573.3 0.581677
15576.6 0.581622
15579.9 0.581568
15583.2 0.581513
15586.5 0.581459
15589.8 0.581404
15593.1 0.58135
15596.4 0.581295
15599.7 0.58124
15603 0.581186
15606.3 0.581131
15609.6 0.581077
15612.9 0.581022
15616.1 0.580968
15619.4 0.580913
15622.7 0.580859
15626 0.580804
15629.3 0.58075
15632.6 0.580695
15635.9 0.580641
15639.2 0.580586
15642.5 0.580531
15645.8 0.580477
15649.1 0.580422
15652.4 0.580368
15655.7 0.580313
15659 0.580258
15662.3 0.580204
15665.6 0.580149
15668.9 0.580094
15672.2 0.580039
15675.5 0.579985
15678.7 0.57993
15682 0.579875
15685.3 0.57982
15688.6 0.579766
15691.9 0.579711
15695.2 0.579656
15698.5 0.579601
15701.8 0.579546
15705.1 0.579491
15708.4 0.579436
15711.7 0.579381
15715 0.579326
15718.3 0.579271
15721.6 0.579216
15724.9 0.57916
15728.2 0.579105
15731.5 0.57905
15734.8 0.578995
15738.1 0.578939
15741.4 0.578884
15744.6 0.578828
15747.9 0.578773
15751.2 0.578717
15754.5 0.578661
15757.8 0.578605
15761.1 0.578549
15764.4 0.578493
15767.7 0.578437
15771 0.578381
15774.3 0.578325
15777.6 0.578269
15780.9 0.578212
15784.2 0.578155
15787.5 0.578099
15790.8 0.578042
15794.1 0.577984
15797.4 0.577927
15800.7 0.57787
15804 0.577812
15807.2 0.577754
15810.5 0.577695
15813.8 0.577637
15817.1 0.577578
15820.4 0.577518
15823.7 0.577458
15827 0.577397
15830.3 0.577335
15833.6 0.577272
15836.9 0.577201
15840.2 0.577118
15843.5 0.577038
15846.8 0.57696
15850.1 0.576882
15853.4 0.576806
15856.7 0.57673
15860 0.576655
15863.3 0.57658
15866.6 0.576505
15869.9 0.576431
15873.1 0.576358
15876.4 0.576284
15879.7 0.576211
15883 0.576139
15886.3 0.576066
15889.6 0.575994
15892.9 0.575922
15896.2 0.57585
15899.5 0.575779
15902.8 0.575707
15906.1 0.575636
15909.4 0.575565
15912.7 0.575495
15916 0.575424
15919.3 0.575354
15922.6 0.575283
15925.9 0.575213
15929.2 0.575143
15932.5 0.575074
15935.7 0.575004
15939 0.574935
15942.3 0.574865
15945.6 0.574796
15948.9 0.574727
15952.2 0.574658
15955.5 0.57459
15958.8 0.574521
15962.1 0.574453
15965.4 0.574384
15968.7 0.574316
15972 0.574248
15975.3 0.57418
15978.6 0.574112
15981.9 0.574045
15985.2 0.573977
15988.5 0.573909
15991.8 0.573842
15995.1 0.573775
15998.4 0.573708
16001.6 0.573641
16004.9 0.573574
16008.2 0.573507
16011.5 0.57344
16014.8 0.573374
16018.1 0.573307
16021.4 0.573241
16024.7 0.573174
16028 0.573108
16031.3 0.573042
16034.6 0.572976
16037.9 0.57291
16041.2 0.572844
16044.5 0.572779
16047.8 0.572713
16051.1 0.572648
16054.4 0.572582
16057.7 0.572517
16061 0.572452
16064.3 0.572387
16067.5 0.572321
16070.8 0.572257
16074.1 0.572192
16077.4 0.572127
16080.7 0.572062
16084 0.571998
16087.3 0.571933
16090.6 0.571869
16093.9 0.571804
16097.2 0.57174
16100.5 0.571676
16103.8 0.571612
16107.1 0.571548
16110.4 0.571484
16113.7 0.57142
16117 0.571356
16120.3 0.571293
16123.6 0.571229
16126.9 0.571166
16130.1 0.571102
16133.4 0.571039
16136.7 0.570976
16140 0.570912
16143.3 0.570849
16146.6 0.570786
16149.9 0.570723
16153.2 0.570661
16156.5 0.570598
16159.8 0.570535
16163.1 0.570472
16166.4 0.57041
16169.7 0.570347
16173 0.570285
16176.3 0.570223
16179.6 0.570161
16182.9 0.570098
16186.2 0.570036
16189.5 0.569974
16192.8 0.569912
16196 0.56985
16199.3 0.569789
16202.6 0.569727
16205.9 0.569665
16209.2 0.569604
16212.5 0.569542
16215.8 0.569481
16219.1 0.56942
16222.4 0.569358
16225.7 0.569297
16229 0.569236
16232.3 0.569175
16235.6 0.569114
16238.9 0.569053
16242.2 0.568992
16245.5 0.568931
16248.8 0.568871
16252.1 0.56881
16255.4 0.568749
16258.6 0.568689
16261.9 0.568629
16265.2 0.568568
16268.5 0.568508
16271.8 0.568448
16275.1 0.568388
16278.4 0.568328
16281.7 0.568268
16285 0.568208
16288.3 0.568148
16291.6 0.568088
16294.9 0.568028
16298.2 0.567969
16301.5 0.567909
16304.8 0.567849
16308.1 0.56779
16311.4 0.567731
16314.7 0.567671
16318 0.567612
16321.3 0.567553
16324.5 0.567494
16327.8 0.567435
16331.1 0.567376
16334.4 0.567317
16337.7 0.567258
16341 0.567199
16344.3 0.56714
16347.6 0.567082
16350.9 0.567023
16354.2 0.566964
16357.5 0.566906
16360.8 0.566848
16364.1 0.566789
16367.4 0.566731
16370.7 0.566673
16374 0.566615
16377.3 0.566557
16380.6 0.566499
16383.9 0.566441
16387.1 0.566383
16390.4 0.566325
16393.7 0.566267
16397 0.566209
16400.3 0.566152
16403.6 0.566094
16406.9 0.566037
16410.2 0.565979
16413.5 0.565922
16416.8 0.565865
16420.1 0.565807
16423.4 0.56575
16426.7 0.565693
16430 0.565636
16433.3 0.565579
16436.6 0.565522
16439.9 0.565465
16443.2 0.565408
16446.5 0.565352
16449.8 0.565295
16453 0.565238
16456.3 0.565182
16459.6 0.565125
16462.9 0.565069
16466.2 0.565012
16469.5 0.564956
16472.8 0.5649
16476.1 0.564843
16479.4 0.564787
16482.7 0.564731
16486 0.564675
16489.3 0.564619
16492.6 0.564563
16495.9 0.564507
16499.2 0.564452
16502.5 0.564396
16505.8 0.56434
16509.1 0.564285
16512.4 0.564229
16515.7 0.564174
16518.9 0.564118
16522.2 0.564063
16525.5 0.564008
16528.8 0.563952
16532.1 0.563897
16535.4 0.563842
16538.7 0.563787
16542 0.563732
16545.3 0.563677
16548.6 0.563622
16551.9 0.563567
16555.2 0.563513
16558.5 0.563458
16561.8 0.563403
16565.1 0.563349
16568.4 0.563294
16571.7 0.56324
16575 0.563185
16578.3 0.563131
16581.5 0.563076
16584.8 0.563022
16588.1 0.562968
16591.4 0.562914
16594.7 0.56286
16598 0.562806
16601.3 0.562752
16604.6 0.562698
16607.9 0.562644
16611.2 0.56259
16614.5 0.562537
16617.8 0.562483
16621.1 0.562429
16624.4 0.562376
16627.7 0.562322
16631 0.562269
16634.3 0.562215
16637.6 0.562162
16640.9 0.562109
16644.2 0.562056
16647.4 0.562002
16650.7 0.561949
16654 0.561896
16657.3 0.561843
16660.6 0.56179
16663.9 0.561737
16667.2 0.561685
16670.5 0.561632
16673.8 0.561579
16677.1 0.561526
16680.4 0.561474
16683.7 0.561421
16687 0.561369
16690.3 0.561316
16693.6 0.561264
16696.9 0.561212
16700.2 0.561159
16703.5 0.561107
16706.8 0.561055
16710 0.561003
16713.3 0.560951
16716.6 0.560899
16719.9 0.560847
16723.2 0.560795
16726.5 0.560743
16729.8 0.560692
16733.1 0.56064
16736.4 0.560588
16739.7 0.560537
16743 0.560485
16746.3 0.560433
16749.6 0.560382
16752.9 0.560331
16756.2 0.560279
16759.5 0.560228
16762.8 0.560177
16766.1 0.560126
16769.4 0.560074
16772.7 0.560023
16775.9 0.559972
16779.2 0.559921
16782.5 0.559871
16785.8 0.55982
16789.1 0.559769
16792.4 0.559718
16795.7 0.559667
16799 0.559617
16802.3 0.559566
16805.6 0.559516
16808.9 0.559465
16812.2 0.559415
16815.5 0.559364
16818.8 0.559314
16822.1 0.559264
16825.4 0.559214
16828.7 0.559163
16832 0.559113
16835.3 0.559063
16838.6 0.559013
16841.8 0.558963
16845.1 0.558913
16848.4 0.558864
16851.7 0.558814
16855 0.558764
16858.3 0.558714
16861.6 0.558665
16864.9 0.558615
16868.2 0.558565
16871.5 0.558516
16874.8 0.558467
16878.1 0.558417
16881.4 0.558368
16884.7 0.558319
16888 0.558269
16891.3 0.55822
16894.6 0.558171
16897.9 0.558122
16901.2 0.558073
16904.4 0.558024
16907.7 0.557975
16911 0.557926
16914.3 0.557877
16917.6 0.557828
16920.9 0.55778
16924.2 0.557731
16927.5 0.557682
16930.8 0.557634
16934.1 0.557585
16937.4 0.557537
16940.7 0.557488
16944 0.55744
16947.3 0.557392
16950.6 0.557343
16953.9 0.557295
16957.2 0.557247
16960.5 0.557199
16963.8 0.557151
16967.1 0.557103
16970.3 0.557055
16973.6 0.557007
16976.9 0.556959
16980.2 0.556911
16983.5 0.556863
16986.8 0.556815
16990.1 0.556768
16993.4 0.55672
16996.7 0.556672
17000 0.556625
17003.3 0.556577
17006.6 0.55653
17009.9 0.556482
17013.2 0.556435
17016.5 0.556388
17019.8 0.55634
17023.1 0.556293
17026.4 0.556246
17029.7 0.556199
17032.9 0.556152
17036.2 0.556105
17039.5 0.556058
17042.8 0.556011
17046.1 0.555964
17049.4 0.555917
17052.7 0.55587
17056 0.555823
17059.3 0.555776
17062.6 0.55573
17065.9 0.555683
17069.2 0.555636
17072.5 0.55559
17075.8 0.555543
17079.1 0.555497
17082.4 0.55545
17085.7 0.555404
17089 0.555358
17092.3 0.555311
17095.6 0.555265
17098.8 0.555219
17102.1 0.555173
17105.4 0.555127
17108.7 0.55508
17112 0.555034
17115.3 0.554988
17118.6 0.554942
17121.9 0.554896
17125.2 0.55485
17128.5 0.554805
17131.8 0.554759
17135.1 0.554713
17138.4 0.554667
17141.7 0.554622
17145 0.554576
17148.3 0.55453
17151.6 0.554485
17154.9 0.554439
17158.2 0.554394
17161.4 0.554348
17164.7 0.554303
17168 0.554257
17171.3 0.554212
17174.6 0.554166
17177.9 0.554121
17181.2 0.554076
17184.5 0.554031
17187.8 0.553985
17191.1 0.55394
17194.4 0.553895
17197.7 0.55385
17201 0.553805
17204.3 0.55376
17207.6 0.553715
17210.9 0.55367
17214.2 0.553625
17217.5 0.55358
17220.8 0.553535
17224.1 0.55349
17227.3 0.553445
17230.6 0.5534
17233.9 0.553355
17237.2 0.553311
17240.5 0.553266
17243.8 0.553221
17247.1 0.553176
17250.4 0.553131
17253.7 0.553087
17257 0.553042
17260.3 0.552997
17263.6 0.552953
17266.9 0.552908
17270.2 0.552863
17273.5 0.552819
17276.8 0.552774
17280.1 0.55273
17283.4 0.552685
17286.7 0.55264
17290 0.552596
17293.2 0.552551
17296.5 0.552507
17299.8 0.552462
17303.1 0.552417
17306.4 0.552373
17309.7 0.552328
17313 0.552284
17316.3 0.552239
17319.6 0.552194
17322.9 0.55215
17326.2 0.552105
17329.5 0.55206
17332.8 0.552015
17336.1 0.551971
17339.4 0.551926
17342.7 0.551881
17346 0.551836
17349.3 0.551791
17352.6 0.551746
17355.8 0.551701
17359.1 0.551655
17362.4 0.55161
17365.7 0.551565
17369 0.551519
17372.3 0.551474
17375.6 0.551428
17378.9 0.551382
17382.2 0.551336
17385.5 0.551289
17388.8 0.551243
17392.1 0.551196
17395.4 0.551148
17398.7 0.551101
17402 0.551052
17405.3 0.551003
17408.6 0.550953
17411.9 0.550902
17415.2 0.550839
17418.5 0.550764
17421.7 0.550691
17425 0.550621
17428.3 0.550551
17431.6 0.550482
17434.9 0.550414
17438.2 0.550346
17441.5 0.550279
17444.8 0.550212
17448.1 0.550146
17451.4 0.55008
17454.7 0.550014
17458 0.549949
17461.3 0.549884
17464.6 0.549819
17467.9 0.549755
17471.2 0.549691
17474.5 0.549627
17477.8 0.549563
17481.1 0.5495
17484.3 0.549437
17487.6 0.549374
17490.9 0.549311
17494.2 0.549249
17497.5 0.549187
17500.8 0.549125
17504.1 0.549063
17507.4 0.549002
17510.7 0.54894
17514 0.548879
17517.3 0.548818
17520.6 0.548757
17523.9 0.548697
17527.2 0.548636
17530.5 0.548576
17533.8 0.548516
17537.1 0.548456
17540.4 0.548396
17543.7 0.548337
17547 0.548277
17550.2 0.548218
17553.5 0.548159
17556.8 0.5481
17560.1 0.548042
17563.4 0.547983
17566.7 0.547925
17570 0.547866
17573.3 0.547808
17576.6 0.54775
17579.9 0.547693
17583.2 0.547635
17586.5 0.547578
17589.8 0.54752
17593.1 0.547463
17596.4 0.547406
17599.7 0.547349
17603 0.547293
17606.3 0.547236
17609.6 0.54718
17612.9 0.547123
17616.1 0.547067
17619.4 0.547011
17622.7 0.546955
17626 0.5469
17629.3 0.546844
17632.6 0.546789
17635.9 0.546734
17639.2 0.546678
17642.5 0.546623
17645.8 0.546569
17649.1 0.546514
17652.4 0.546459
17655.7 0.546405
17659 0.546351
17662.3 0.546297
17665.6 0.546243
17668.9 0.546189
17672.2 0.546135
17675.5 0.546082
17678.7 0.546028
17682 0.545975
17685.3 0.545922
17688.6 0.545869
17691.9 0.545816
17695.2 0.545763
17698.5 0.545711
17701.8 0.545659
17705.1 0.545606
17708.4 0.545554
17711.7 0.545502
17715 0.54545
17718.3 0.545399
17721.6 0.545347
17724.9 0.545296
17728.2 0.545245
17731.5 0.545193
17734.8 0.545143
17738.1 0.545092
17741.4 0.545041
17744.6 0.544991
17747.9 0.54494
17751.2 0.54489
17754.5 0.54484
17757.8 0.54479
17761.1 0.54474
17764.4 0.544691
17767.7 0.544641
17771 0.544592
17774.3 0.544543
17777.6 0.544494
17780.9 0.544445
17784.2 0.544397
17787.5 0.544348
17790.8 0.5443
17794.1 0.544252
17797.4 0.544204
17800.7 0.544156
17804 0.544108
17807.2 0.544061
17810.5 0.544013
17813.8 0.543966
17817.1 0.543919
17820.4 0.543872
17823.7 0.543826
17827 0.543779
17830.3 0.543733
17833.6 0.543687
17836.9 0.543641
17840.2 0.543595
17843.5 0.54355
17846.8 0.543504
17850.1 0.543459
17853.4 0.543414
17856.7 0.543369
17860 0.543325
17863.3 0.543281
17866.6 0.543236
17869.9 0.543192
17873.1 0.543149
17876.4 0.543105
17879.7 0.543062
17883 0.543019
17886.3 0.542976
17889.6 0.542933
17892.9 0.542891
17896.2 0.542849
17899.5 0.542807
17902.8 0.542766
17906.1 0.542724
17909.4 0.542683
17912.7 0.542642
17916 0.542602
17919.3 0.542561
17922.6 0.542521
17925.9 0.542482
17929.2 0.542442
17932.5 0.542403
17935.7 0.542365
17939 0.542326
17942.3 0.542288
17945.6 0.54225
17948.9 0.542213
17952.2 0.542176
17955.5 0.542139
17958.8 0.542103
17962.1 0.542067
17965.4 0.542032
17968.7 0.541997
17972 0.541963
17975.3 0.541929
17978.6 0.541896
17981.9 0.541863
17985.2 0.54183
17988.5 0.541799
17991.8 0.541768
17995.1 0.541737
17998.4 0.541708
18001.6 0.541679
18004.9 0.541651
18008.2 0.541624
18011.5 0.541598
18014.8 0.541573
18018.1 0.54155
18021.4 0.541527
18024.7 0.541507
18028 0.541488
18031.3 0.541471
18034.6 0.541457
18037.9 0.541447
18041.2 0.541442
18044.5 0.541445
18047.8 0.541524
18051.1 0.541641
18054.4 0.541748
18057.7 0.541851
18061 0.541949
18064.3 0.542045
18067.5 0.542138
18070.8 0.542229
18074.1 0.542319
18077.4 0.542407
18080.7 0.542493
18084 0.542578
18087.3 0.542662
18090.6 0.542745
18093.9 0.542827
18097.2 0.542908
18100.5 0.542988
18103.8 0.543068
18107.1 0.543146
18110.4 0.543224
18113.7 0.543301
18117 0.543377
18120.3 0.543453
18123.6 0.543528
18126.9 0.543602
18130.1 0.543676
18133.4 0.543749
18136.7 0.543822
18140 0.543894
18143.3 0.543965
18146.6 0.544036
18149.9 0.544107
18153.2 0.544177
18156.5 0.544247
18159.8 0.544316
18163.1 0.544385
18166.4 0.544453
18169.7 0.544521
18173 0.544588
18176.3 0.544655
18179.6 0.544721
18182.9 0.544788
18186.2 0.544853
18189.5 0.544919
18192.8 0.544984
18196 0.545048
18199.3 0.545112
18202.6 0.545176
18205.9 0.54524
18209.2 0.545303
18212.5 0.545366
18215.8 0.545428
18219.1 0.54549
18222.4 0.545552
18225.7 0.545613
18229 0.545674
18232.3 0.545735
18235.6 0.545795
18238.9 0.545855
18242.2 0.545914
18245.5 0.545974
18248.8 0.546033
18252.1 0.546091
18255.4 0.54615
18258.6 0.546208
18261.9 0.546265
18265.2 0.546322
18268.5 0.546379
18271.8 0.546436
18275.1 0.546492
18278.4 0.546548
18281.7 0.546604
18285 0.546659
18288.3 0.546714
18291.6 0.546769
18294.9 0.546823
18298.2 0.546878
18301.5 0.546931
18304.8 0.546985
18308.1 0.547038
18311.4 0.54709
18314.7 0.547143
18318 0.547195
18321.3 0.547246
18324.5 0.547298
18327.8 0.547349
18331.1 0.547399
18334.4 0.54745
18337.7 0.5475
18341 0.547549
18344.3 0.547599
18347.6 0.547648
18350.9 0.547696
18354.2 0.547744
18357.5 0.547792
18360.8 0.547839
18364.1 0.547887
18367.4 0.547933
18370.7 0.547979
18374 0.548025
18377.3 0.548071
18380.6 0.548116
18383.9 0.54816
18387.1 0.548205
18390.4 0.548248
18393.7 0.548292
18397 0.548335
18400.3 0.548377
18403.6 0.548419
18406.9 0.548461
18410.2 0.548502
18413.5 0.548542
18416.8 0.548582
18420.1 0.548621
18423.4 0.54866
18426.7 0.548699
18430 0.548737
18433.3 0.548774
18436.6 0.54881
18439.9 0.548846
18443.2 0.548882
18446.5 0.548916
18449.8 0.54895
18453 0.548983
18456.3 0.549016
18459.6 0.549048
18462.9 0.549078
18466.2 0.549108
18469.5 0.549137
18472.8 0.549166
18476.1 0.549193
18479.4 0.549219
18482.7 0.549243
18486 0.549267
18489.3 0.549289
18492.6 0.54931
18495.9 0.549329
18499.2 0.549347
18502.5 0.549363
18505.8 0.549376
18509.1 0.549387
18512.4 0.549395
18515.7 0.5494
18518.9 0.5494
18522.2 0.549395
18525.5 0.549382
18528.8 0.549354
18532.1 0.54918
18535.4 0.548962
18538.7 0.548757
18542 0.54856
18545.3 0.548369
18548.6 0.548182
18551.9 0.548
18555.2 0.54782
18558.5 0.547643
18561.8 0.547468
18565.1 0.547296
18568.4 0.547126
18571.7 0.546958
18575 0.546791
18578.3 0.546626
18581.5 0.546462
18584.8 0.5463
18588.1 0.546139
18591.4 0.54598
18594.7 0.545821
18598 0.545664
18601.3 0.545508
18604.6 0.545353
18607.9 0.545199
18611.2 0.545046
18614.5 0.544893
18617.8 0.544742
18621.1 0.544591
18624.4 0.544442
18627.7 0.544293
18631 0.544145
18634.3 0.543997
18637.6 0.54385
18640.9 0.543704
18644.2 0.543559
18647.4 0.543414
18650.7 0.543271
18654 0.543127
18657.3 0.542984
18660.6 0.542842
18663.9 0.542701
18667.2 0.54256
18670.5 0.542419
18673.8 0.542279
18677.1 0.54214
18680.4 0.542001
18683.7 0.541863
18687 0.541725
18690.3 0.541588
18693.6 0.541451
18696.9 0.541314
18700.2 0.541179
18703.5 0.541043
18706.8 0.540908
18710 0.540774
18713.3 0.540639
18716.6 0.540506
18719.9 0.540372
18723.2 0.540239
18726.5 0.540107
18729.8 0.539975
18733.1 0.539843
18736.4 0.539712
18739.7 0.539581
18743 0.53945
18746.3 0.53932
18749.6 0.53919
18752.9 0.539061
18756.2 0.538932
18759.5 0.538803
18762.8 0.538674
18766.1 0.538546
18769.4 0.538418
18772.7 0.538291
18775.9 0.538164
18779.2 0.538037
18782.5 0.53791
18785.8 0.537784
18789.1 0.537658
18792.4 0.537533
18795.7 0.537407
18799 0.537282
18802.3 0.537158
18805.6 0.537033
18808.9 0.536909
18812.2 0.536785
18815.5 0.536662
18818.8 0.536538
18822.1 0.536415
18825.4 0.536293
18828.7 0.53617
18832 0.536048
18835.3 0.535926
18838.6 0.535804
18841.8 0.535683
18845.1 0.535561
18848.4 0.53544
18851.7 0.53532
18855 0.535199
18858.3 0.535079
18861.6 0.534959
18864.9 0.534839
18868.2 0.534719
18871.5 0.5346
18874.8 0.534481
18878.1 0.534362
18881.4 0.534243
18884.7 0.534125
18888 0.534007
18891.3 0.533889
18894.6 0.533771
18897.9 0.533653
18901.2 0.533536
18904.4 0.533419
18907.7 0.533302
18911 0.533185
18914.3 0.533069
18917.6 0.532952
18920.9 0.532836
18924.2 0.53272
18927.5 0.532605
18930.8 0.532489
18934.1 0.532374
18937.4 0.532259
18940.7 0.532144
18944 0.532029
18947.3 0.531914
18950.6 0.5318
18953.9 0.531686
18957.2 0.531571
18960.5 0.531458
18963.8 0.531344
18967.1 0.53123
18970.3 0.531117
18973.6 0.531004
18976.9 0.530891
18980.2 0.530778
18983.5 0.530665
18986.8 0.530553
18990.1 0.530441
18993.4 0.530329
18996.7 0.530217
19000 0.530105
19003.3 0.529993
19006.6 0.529882
19009.9 0.52977
19013.2 0.529659
19016.5 0.529548
19019.8 0.529437
19023.1 0.529327
19026.4 0.529216
19029.7 0.529106
19032.9 0.528996
19036.2 0.528885
19039.5 0.528776
19042.8 0.528666
19046.1 0.528556
19049.4 0.528447
19052.7 0.528337
19056 0.528228
19059.3 0.528119
19062.6 0.52801
19065.9 0.527902
19069.2 0.527793
19072.5 0.527685
19075.8 0.527576
19079.1 0.527468
19082.4 0.52736
19085.7 0.527252
19089 0.527144
19092.3 0.527037
19095.6 0.526929
19098.8 0.526822
19102.1 0.526715
19105.4 0.526608
19108.7 0.526501
19112 0.526394
19115.3 0.526287
19118.6 0.526181
19121.9 0.526075
19125.2 0.525968
19128.5 0.525862
19131.8 0.525756
19135.1 0.52565
19138.4 0.525545
19141.7 0.525439
19145 0.525334
19148.3 0.525228
19151.6 0.525123
19154.9 0.525018
19158.2 0.524913
19161.4 0.524809
19164.7 0.524704
19168 0.524599
19171.3 0.524495
19174.6 0.524391
19177.9 0.524287
19181.2 0.524183
19184.5 0.524079
19187.8 0.523975
19191.1 0.523872
19194.4 0.523768
19197.7 0.523665
19201 0.523562
19204.3 0.523459
19207.6 0.523356
19210.9 0.523253
19214.2 0.523151
19217.5 0.523048
19220.8 0.522946
19224.1 0.522844
19227.3 0.522742
19230.6 0.52264
19233.9 0.522538
19237.2 0.522437
19240.5 0.522335
19243.8 0.522234
19247.1 0.522133
19250.4 0.522032
19253.7 0.521932
19257 0.521831
19260.3 0.521731
19263.6 0.52163
19266.9 0.52153
19270.2 0.521431
19273.5 0.521331
19276.8 0.521232
19280.1 0.521133
19283.4 0.521034
19286.7 0.520935
19290 0.520837
19293.2 0.520739
19296.5 0.520641
19299.8 0.520543
19303.1 0.520446
19306.4 0.520349
19309.7 0.520253
19313 0.520157
19316.3 0.520062
19319.6 0.519967
19322.9 0.519873
19326.2 0.51978
19329.5 0.519689
19332.8 0.519599
19336.1 0.519535
19339.4 0.519519
19342.7 0.519499
19346 0.519478
19349.3 0.519455
19352.6 0.519432
19355.8 0.519408
19359.1 0.519384
19362.4 0.519359
19365.7 0.519333
19369 0.519307
19372.3 0.519281
19375.6 0.519255
19378.9 0.519228
19382.2 0.519201
19385.5 0.519173
19388.8 0.519146
19392.1 0.519118
19395.4 0.51909
19398.7 0.519062
19402 0.519034
19405.3 0.519006
19408.6 0.518977
19411.9 0.518948
19415.2 0.51892
19418.5 0.518891
19421.7 0.518862
19425 0.518832
19428.3 0.518803
19431.6 0.518774
19434.9 0.518744
19438.2 0.518715
19441.5 0.518685
19444.8 0.518655
19448.1 0.518625
19451.4 0.518596
19454.7 0.518566
19458 0.518536
19461.3 0.518505
19464.6 0.518475
19467.9 0.518445
19471.2 0.518415
19474.5 0.518384
19477.8 0.518354
19481.1 0.518323
19484.3 0.518293
19487.6 0.518262
19490.9 0.518232
19494.2 0.518201
19497.5 0.51817
19500.8 0.51814
19504.1 0.518109
19507.4 0.518078
19510.7 0.518047
19514 0.518016
19517.3 0.517985
19520.6 0.517954
19523.9 0.517923
19527.2 0.517892
19530.5 0.517861
19533.8 0.51783
19537.1 0.517799
19540.4 0.517768
19543.7 0.517736
19547 0.517705
19550.2 0.517674
19553.5 0.517643
19556.8 0.517611
19560.1 0.51758
19563.4 0.517549
19566.7 0.517517
19570 0.517486
19573.3 0.517454
19576.6 0.517423
19579.9 0.517391
19583.2 0.51736
19586.5 0.517328
19589.8 0.517297
19593.1 0.517265
19596.4 0.517234
19599.7 0.517202
19603 0.517171
19606.3 0.517139
19609.6 0.517107
19612.9 0.517076
19616.1 0.517044
19619.4 0.517012
19622.7 0.516981
19626 0.516949
19629.3 0.516917
19632.6 0.516886
19635.9 0.516854
19639.2 0.516822
19642.5 0.51679
19645.8 0.516759
19649.1 0.516727
19652.4 0.516695
19655.7 0.516663
19659 0.516632
19662.3 0.5166
19665.6 0.516568
19668.9 0.516536
19672.2 0.516504
19675.5 0.516472
19678.7 0.516441
19682 0.516409
19685.3 0.516377
19688.6 0.516345
19691.9 0.516313
19695.2 0.516281
19698.5 0.516249
19701.8 0.516217
19705.1 0.516186
19708.4 0.516154
19711.7 0.516122
19715 0.51609
19718.3 0.516058
19721.6 0.516026
19724.9 0.515994
19728.2 0.515962
19731.5 0.51593
19734.8 0.515898
19738.1 0.515866
19741.4 0.515834
19744.6 0.515802
19747.9 0.51577
19751.2 0.515738
19754.5 0.515706
19757.8 0.515674
19761.1 0.515642
19764.4 0.51561
19767.7 0.515578
19771 0.515546
19774.3 0.515514
19777.6 0.515482
19780.9 0.51545
19784.2 0.515418
19787.5 0.515386
19790.8 0.515354
19794.1 0.515322
19797.4 0.51529
19800.7 0.515258
19804 0.515226
19807.2 0.515194
19810.5 0.515162
19813.8 0.51513
19817.1 0.515098
19820.4 0.515066
19823.7 0.515034
19827 0.515001
19830.3 0.514969
19833.6 0.514937
19836.9 0.514905
19840.2 0.514873
19843.5 0.514841
19846.8 0.514809
19850.1 0.514777
19853.4 0.514745
19856.7 0.514713
19860 0.51468
19863.3 0.514648
19866.6 0.514616
19869.9 0.514584
19873.1 0.514552
19876.4 0.51452
19879.7 0.514488
19883 0.514455
19886.3 0.514423
19889.6 0.514391
19892.9 0.514359
19896.2 0.514327
19899.5 0.514294
19902.8 0.514262
19906.1 0.51423
19909.4 0.514198
19912.7 0.514166
19916 0.514133
19919.3 0.514101
19922.6 0.514069
19925.9 0.514037
19929.2 0.514004
19932.5 0.513972
19935.7 0.51394
19939 0.513908
19942.3 0.513875
19945.6 0.513843
19948.9 0.513811
19952.2 0.513778
19955.5 0.513746
19958.8 0.513714
19962.1 0.513681
19965.4 0.513649
19968.7 0.513617
19972 0.513584
19975.3 0.513552
19978.6 0.513519
19981.9 0.513487
19985.2 0.513454
19988.5 0.513422
19991.8 0.513389
19995.1 0.513357
19998.4 0.513324
20001.6 0.513292
20004.9 0.513259
20008.2 0.513227
20011.5 0.513194
20014.8 0.513161
20018.1 0.513129
20021.4 0.513096
20024.7 0.513063
20028 0.51303
20031.3 0.512997
20034.6 0.512964
20037.9 0.512931
20041.2 0.512898
20044.5 0.512865
20047.8 0.512832
20051.1 0.512799
20054.4 0.512766
20057.7 0.512732
20061 0.512698
20064.3 0.512665
20067.5 0.51263
20070.8 0.512595
20074.1 0.512534
20077.4 0.512463
20080.7 0.512393
20084 0.512324
20087.3 0.512254
20090.6 0.512185
20093.9 0.512116
20097.2 0.512047
20100.5 0.511978
20103.8 0.51191
20107.1 0.511841
20110.4 0.511773
20113.7 0.511704
20117 0.511636
20120.3 0.511567
20123.6 0.511499
20126.9 0.511431
20130.1 0.511363
20133.4 0.511294
20136.7 0.511226
20140 0.511158
20143.3 0.51109
20146.6 0.511022
20149.9 0.510954
20153.2 0.510886
20156.5 0.510818
20159.8 0.51075
20163.1 0.510682
20166.4 0.510615
20169.7 0.510547
20173 0.510479
20176.3 0.510411
20179.6 0.510343
20182.9 0.510275
20186.2 0.510208
20189.5 0.51014
20192.8 0.510072
20196 0.510004
20199.3 0.509937
20202.6 0.509869
20205.9 0.509801
20209.2 0.509733
20212.5 0.509666
20215.8 0.509598
20219.1 0.50953
20222.4 0.509462
20225.7 0.509395
20229 0.509327
20232.3 0.509259
20235.6 0.509192
20238.9 0.509124
20242.2 0.509056
20245.5 0.508988
20248.8 0.508921
20252.1 0.508853
20255.4 0.508785
20258.6 0.508717
20261.9 0.50865
20265.2 0.508582
20268.5 0.508514
20271.8 0.508446
20275.1 0.508378
20278.4 0.50831
20281.7 0.508243
20285 0.508175
20288.3 0.508107
20291.6 0.508039
20294.9 0.507971
20298.2 0.507903
20301.5 0.507835
20304.8 0.507767
20308.1 0.507699
20311.4 0.507632
20314.7 0.507564
20318 0.507496
20321.3 0.507428
20324.5 0.507359
20327.8 0.507291
20331.1 0.507223
20334.4 0.507155
20337.7 0.507087
20341 0.507019
20344.3 0.506951
20347.6 0.506883
20350.9 0.506814
20354.2 0.506746
20357.5 0.506678
20360.8 0.50661
20364.1 0.506541
20367.4 0.506473
20370.7 0.506405
20374 0.506336
20377.3 0.506268
20380.6 0.5062
20383.9 0.506131
20387.1 0.506063
20390.4 0.505994
20393.7 0.505926
20397 0.505857
20400.3 0.505789
20403.6 0.50572
20406.9 0.505651
20410.2 0.505583
20413.5 0.505514
20416.8 0.505445
20420.1 0.505377
20423.4 0.505308
20426.7 0.505239
20430 0.50517
20433.3 0.505101
20436.6 0.505032
20439.9 0.504963
20443.2 0.504894
20446.5 0.504825
20449.8 0.504756
20453 0.504687
20456.3 0.504618
20459.6 0.504549
20462.9 0.50448
20466.2 0.504411
20469.5 0.504341
20472.8 0.504272
20476.1 0.504203
20479.4 0.504133
20482.7 0.504064
20486 0.503995
20489.3 0.503929
20492.6 0.503864
20495.9 0.503799
20499.2 0.503733
20502.5 0.503667
20505.8 0.503602
20509.1 0.503536
20512.4 0.50347
20515.7 0.503404
20518.9 0.503339
20522.2 0.503273
20525.5 0.503207
20528.8 0.503141
20532.1 0.503075
20535.4 0.503009
20538.7 0.502943
20542 0.502876
20545.3 0.50281
20548.6 0.502744
20551.9 0.502678
20555.2 0.502611
20558.5 0.502545
20561.8 0.502478
20565.1 0.502412
20568.4 0.502345
20571.7 0.502279
20575 0.502212
20578.3 0.502145
20581.5 0.502079
20584.8 0.502012
20588.1 0.501945
20591.4 0.501878
20594.7 0.501811
20598 0.501744
20601.3 0.501677
20604.6 0.50161
20607.9 0.501543
20611.2 0.501475
20614.5 0.501408
20617.8 0.501341
20621.1 0.501273
20624.4 0.501206
20627.7 0.501138
20631 0.501071
20634.3 0.501003
20637.6 0.500936
20640.9 0.500868
20644.2 0.5008
20647.4 0.500732
20650.7 0.500664
20654 0.500596
20657.3 0.500528
20660.6 0.50046
20663.9 0.500392
20667.2 0.500324
20670.5 0.500255
20673.8 0.500187
20677.1 0.500118
20680.4 0.50005
20683.7 0.499981
20687 0.499913
20690.3 0.499844
20693.6 0.499775
20696.9 0.499706
20700.2 0.499637
20703.5 0.499568
20706.8 0.499499
20710 0.49943
20713.3 0.499361
20716.6 0.499292
20719.9 0.499222
20723.2 0.499153
20726.5 0.499083
20729.8 0.499013
20733.1 0.498944
20736.4 0.498874
20739.7 0.498804
20743 0.498734
20746.3 0.498664
20749.6 0.498593
20752.9 0.498555
20756.2 0.498539
20759.5 0.498523
20762.8 0.498507
20766.1 0.49849
20769.4 0.498474
20772.7 0.498457
20775.9 0.498441
20779.2 0.498425
20782.5 0.498408
20785.8 0.498391
20789.1 0.498375
20792.4 0.498358
20795.7 0.498342
20799 0.498325
20802.3 0.498308
20805.6 0.498291
20808.9 0.498274
20812.2 0.498258
20815.5 0.498241
20818.8 0.498224
20822.1 0.498207
20825.4 0.49819
20828.7 0.498173
20832 0.498156
20835.3 0.498138
20838.6 0.498121
20841.8 0.498104
20845.1 0.498087
20848.4 0.498069
20851.7 0.498052
20855 0.498035
20858.3 0.498017
20861.6 0.498
20864.9 0.497982
20868.2 0.497965
20871.5 0.497947
20874.8 0.49793
20878.1 0.497912
20881.4 0.497894
20884.7 0.497877
20888 0.497859
20891.3 0.497841
20894.6 0.497823
20897.9 0.497805
20901.2 0.497788
20904.4 0.49777
20907.7 0.497752
20911 0.497734
20914.3 0.497716
20917.6 0.497698
20920.9 0.497679
20924.2 0.497661
20927.5 0.497643
20930.8 0.497625
20934.1 0.497607
20937.4 0.497588
20940.7 0.49757
20944 0.497552
20947.3 0.497533
20950.6 0.497515
20953.9 0.497496
20957.2 0.497478
20960.5 0.497459
20963.8 0.497441
20967.1 0.497422
20970.3 0.497403
20973.6 0.497385
20976.9 0.497366
20980.2 0.497347
20983.5 0.497329
20986.8 0.49731
20990.1 0.497291
20993.4 0.497272
20996.7 0.497253
21000 0.497234
