1.716800000000000000e+04 5.858458256852398923e-04
1.717129999999999927e+04 5.887653557519227036e-04
1.717459999999999854e+04 5.896083478509224745e-04
1.717790000000000146e+04 5.921094100555399304e-04
1.718120000000000073e+04 5.960018700160419312e-04
1.718450000000000000e+04 5.889283573305059607e-04
1.718779999999999927e+04 5.814210720375363522e-04
1.719109999999999854e+04 5.781444340910008289e-04
1.719440000000000146e+04 5.832524606467173094e-04
1.719770000000000073e+04 5.939337700589222748e-04
1.720100000000000000e+04 6.039284326924046877e-04
1.720429999999999927e+04 6.140529673650932168e-04
1.720759999999999854e+04 6.110077886168610497e-04
1.721090000000000146e+04 6.104763855137524189e-04
1.721420000000000073e+04 6.116597317490154052e-04
1.721750000000000000e+04 6.076189073462028196e-04
1.722079999999999927e+04 6.107067260573030695e-04
1.722409999999999854e+04 6.147237521277072996e-04
1.722729999999999927e+04 6.146568580852114928e-04
1.723059999999999854e+04 6.105079999154804267e-04
1.723390000000000146e+04 6.022778972197434001e-04
1.723720000000000073e+04 6.112540215408015717e-04
1.724050000000000000e+04 6.196236344060487714e-04
1.724379999999999927e+04 6.220032787858034576e-04
1.724709999999999854e+04 6.099406809018995384e-04
1.725040000000000146e+04 6.049101880748949120e-04
1.725370000000000073e+04 5.992593274058309518e-04
1.725700000000000000e+04 6.041420185605297444e-04
1.726029999999999927e+04 5.957734120231568745e-04
1.726359999999999854e+04 5.862013332444245212e-04
1.726690000000000146e+04 5.833325219496807330e-04
1.727020000000000073e+04 5.769888435821484297e-04
1.727350000000000000e+04 5.718135322517437728e-04
1.727679999999999927e+04 5.652443400941258326e-04
1.728009999999999854e+04 5.707325772382401815e-04
1.728340000000000146e+04 5.612931553776031798e-04
1.728670000000000073e+04 5.705597606808061016e-04
1.729000000000000000e+04 5.807361910129096904e-04
1.729320000000000073e+04 5.779912107582582063e-04
1.729650000000000000e+04 5.830135665771141737e-04
1.729979999999999927e+04 5.791283175098528710e-04
1.730309999999999854e+04 5.791488837421329998e-04
1.730640000000000146e+04 5.781045116201327270e-04
1.730970000000000073e+04 5.866993625917492567e-04
1.731300000000000000e+04 6.000968167641534306e-04
1.731629999999999927e+04 6.026963094861042831e-04
1.731959999999999854e+04 6.115292488698090712e-04
1.732290000000000146e+04 6.135475072878387830e-04
1.732620000000000073e+04 6.101138206624173808e-04
1.732950000000000000e+04 5.953372301396969409e-04
1.733279999999999927e+04 5.885048113684756632e-04
1.733609999999999854e+04 5.822314645288936526e-04
1.733940000000000146e+04 5.746121042100293388e-04
1.734270000000000073e+04 5.667992492596886193e-04
1.734600000000000000e+04 5.677739670675569341e-04
1.734929999999999927e+04 5.730039955080764615e-04
1.735259999999999854e+04 5.713086368608076603e-04
1.735579999999999927e+04 5.793895817180455109e-04
1.735909999999999854e+04 5.819562830386728041e-04
1.736240000000000146e+04 5.799825640517792874e-04
1.736570000000000073e+04 5.810792944640737548e-04
1.736900000000000000e+04 5.812090375368524900e-04
1.737229999999999927e+04 5.738457516955365644e-04
1.737559999999999854e+04 5.787427429695137480e-04
1.737890000000000146e+04 5.757007207474297908e-04
1.738220000000000073e+04 5.739913218664631023e-04
1.738550000000000000e+04 5.622256878443006875e-04
1.738879999999999927e+04 5.623728943205434042e-04
1.739209999999999854e+04 5.618316099898406973e-04
1.739540000000000146e+04 5.628561825693729559e-04
1.739870000000000073e+04 5.661210870696061328e-04
1.740200000000000000e+04 5.609791636576477334e-04
1.740529999999999927e+04 5.556149401373286197e-04
1.740859999999999854e+04 5.595080893895027548e-04
1.741190000000000146e+04 5.707858857811451327e-04
1.741520000000000073e+04 5.773260041549630166e-04
1.741850000000000000e+04 5.855582644174070440e-04
1.742170000000000073e+04 5.824565943533772461e-04
1.742500000000000000e+04 5.792001503777174237e-04
1.742829999999999927e+04 5.820928293825309522e-04
1.743159999999999854e+04 5.943950993439153134e-04
1.743490000000000146e+04 6.010004004075069272e-04
1.743820000000000073e+04 6.074741198166357711e-04
1.744150000000000000e+04 6.079722199636291517e-04
1.744479999999999927e+04 6.131161849668942615e-04
1.744809999999999854e+04 6.190348589755845319e-04
1.745140000000000146e+04 6.111857723284287334e-04
1.745470000000000073e+04 6.095499913735229073e-04
1.745800000000000000e+04 6.069928133862003989e-04
1.746129999999999927e+04 6.009676756991590542e-04
1.746459999999999854e+04 5.957870362077142016e-04
1.746790000000000146e+04 6.040481874504271837e-04
1.747120000000000073e+04 6.132152805626642092e-04
1.747450000000000000e+04 6.137845834885779063e-04
1.747779999999999927e+04 6.139509248291105800e-04
1.748109999999999854e+04 6.105081120291780926e-04
1.748429999999999927e+04 6.101481238742981076e-04
1.748759999999999854e+04 6.052436288709272215e-04
1.749090000000000146e+04 6.059501656344389552e-04
1.749420000000000073e+04 6.048892810023779980e-04
1.749750000000000000e+04 6.054151223131279316e-04
1.750079999999999927e+04 6.050628064827472986e-04
1.750409999999999854e+04 6.071105356722126482e-04
1.750740000000000146e+04 6.062101025319315516e-04
1.751070000000000073e+04 6.047357885359143153e-04
1.751400000000000000e+04 6.046969698783374175e-04
1.751729999999999927e+04 6.024703049174347496e-04
1.752059999999999854e+04 5.993595371447540694e-04
1.752390000000000146e+04 5.972617667046781252e-04
1.752720000000000073e+04 5.926880039729953958e-04
1.753050000000000000e+04 5.831864494803515623e-04
1.753379999999999927e+04 5.835728986451503477e-04
1.753709999999999854e+04 5.870635335044440458e-04
1.754040000000000146e+04 5.824100811341100664e-04
1.754370000000000073e+04 5.829379822594720623e-04
1.754700000000000000e+04 5.843842034437698270e-04
1.755020000000000073e+04 5.876858740967321783e-04
1.755350000000000000e+04 5.855030937895315014e-04
1.755679999999999927e+04 5.842716731693594788e-04
1.756009999999999854e+04 5.866924943920178706e-04
1.756340000000000146e+04 5.829394831904461879e-04
1.756670000000000073e+04 5.868987329444389509e-04
1.757000000000000000e+04 5.900627065145918693e-04
1.757329999999999927e+04 5.885608663085099704e-04
1.757659999999999854e+04 5.812349877589527815e-04
1.757990000000000146e+04 5.851977572713316618e-04
1.758320000000000073e+04 5.830966231929747253e-04
1.758650000000000000e+04 5.944512644397144472e-04
1.758979999999999927e+04 5.923699845868080592e-04
1.759309999999999854e+04 5.942580029248122628e-04
1.759640000000000146e+04 5.879280440785445653e-04
1.759970000000000073e+04 5.847730141509818388e-04
1.760300000000000000e+04 5.862303246175644671e-04
1.760629999999999927e+04 5.881562485536094955e-04
1.760959999999999854e+04 5.837313140548669498e-04
1.761290000000000146e+04 5.865902676304952457e-04
1.761609999999999854e+04 5.936486741498979121e-04
1.761940000000000146e+04 5.968856464931800773e-04
1.762270000000000073e+04 6.004122306819557799e-04
1.762600000000000000e+04 6.062222120210706330e-04
1.762929999999999927e+04 6.136476022918895814e-04
1.763259999999999854e+04 6.095035294084418442e-04
1.763590000000000146e+04 6.060035334321208812e-04
1.763920000000000073e+04 6.038306674031253566e-04
1.764250000000000000e+04 6.078696634793997067e-04
1.764579999999999927e+04 6.166160868339114328e-04
1.764909999999999854e+04 6.201646678553699452e-04
1.765240000000000146e+04 6.268316073406731987e-04
1.765570000000000073e+04 6.276133905589381190e-04
1.765900000000000000e+04 6.333177440869474338e-04
1.766229999999999927e+04 6.358259749015160878e-04
1.766559999999999854e+04 6.399223949723449947e-04
1.766890000000000146e+04 6.457201905572085938e-04
1.767220000000000073e+04 6.509343361602598242e-04
1.767550000000000000e+04 6.560029707123928846e-04
1.767870000000000073e+04 6.628881116610944738e-04
1.768200000000000000e+04 6.606005746710046957e-04
1.768529999999999927e+04 6.648206083279870450e-04
1.768859999999999854e+04 6.664070819328651602e-04
1.769190000000000146e+04 6.804047724534939773e-04
1.769520000000000073e+04 6.889705185998443952e-04
1.769850000000000000e+04 6.953191955538299803e-04
1.770179999999999927e+04 6.992202412233632959e-04
1.770509999999999854e+04 7.067926139275016416e-04
1.770840000000000146e+04 7.153106600931339416e-04
1.771170000000000073e+04 7.230279964847562569e-04
1.771500000000000000e+04 7.269331108622078966e-04
1.771829999999999927e+04 7.345515156592748911e-04
1.772159999999999854e+04 7.388108110835205598e-04
1.772490000000000146e+04 7.459522604946273094e-04
1.772820000000000073e+04 7.597590115921306177e-04
1.773150000000000000e+04 7.640159990865268841e-04
1.773479999999999927e+04 7.680719449635240413e-04
1.773809999999999854e+04 7.701789875736868339e-04
1.774140000000000146e+04 7.758420445790555108e-04
1.774459999999999854e+04 7.748361389831535375e-04
1.774790000000000146e+04 7.820987227843828604e-04
1.775120000000000073e+04 7.793864256479458939e-04
1.775450000000000000e+04 7.883311882531745217e-04
1.775779999999999927e+04 7.945543000939546191e-04
1.776109999999999854e+04 7.997598270753336061e-04
1.776440000000000146e+04 8.113341002288520544e-04
1.776770000000000073e+04 8.107148746524013181e-04
1.777100000000000000e+04 8.158429792877524515e-04
1.777429999999999927e+04 8.256308396540843744e-04
1.777759999999999854e+04 8.282446858824532706e-04
1.778090000000000146e+04 8.321219425991713617e-04
1.778420000000000073e+04 8.354676885790075086e-04
1.778750000000000000e+04 8.476503816074876111e-04
1.779079999999999927e+04 8.474480739318946722e-04
1.779409999999999854e+04 8.573640426791883078e-04
1.779740000000000146e+04 8.737986018618977340e-04
1.780070000000000073e+04 8.855462080613892657e-04
1.780400000000000000e+04 8.957816223104929669e-04
1.780720000000000073e+04 9.026845087965568127e-04
1.781050000000000000e+04 9.102799179738914033e-04
1.781379999999999927e+04 9.178593296277918947e-04
1.781709999999999854e+04 9.218798699228338694e-04
1.782040000000000146e+04 9.292753757127932565e-04
1.782370000000000073e+04 9.294178291503635845e-04
1.782700000000000000e+04 9.342725697465728259e-04
1.783029999999999927e+04 9.381904151265834865e-04
1.783359999999999854e+04 9.406150611238403699e-04
1.783690000000000146e+04 9.516859508168734431e-04
1.784020000000000073e+04 9.603626908281732901e-04
1.784350000000000000e+04 9.628423206498340449e-04
1.784679999999999927e+04 9.717066346365425605e-04
1.785009999999999854e+04 9.782789549673176401e-04
1.785340000000000146e+04 9.842968151989204759e-04
1.785670000000000073e+04 9.840917796676462888e-04
1.786000000000000000e+04 9.858609114645935489e-04
1.786329999999999927e+04 9.844674459299385290e-04
1.786659999999999854e+04 9.924185896868012446e-04
1.786990000000000146e+04 9.953624595207917133e-04
1.787309999999999854e+04 9.988304534932310619e-04
1.787640000000000146e+04 1.001936813135260443e-03
1.787970000000000073e+04 1.011896990413424209e-03
1.788300000000000000e+04 1.017449483506141505e-03
1.788629999999999927e+04 1.022184982804841399e-03
1.788959999999999854e+04 1.022832652876948245e-03
1.789290000000000146e+04 1.022524393588021248e-03
1.789620000000000073e+04 1.024896075231544919e-03
1.789950000000000000e+04 1.030207987449917187e-03
1.790279999999999927e+04 1.034019289599340122e-03
1.790609999999999854e+04 1.041300045139073246e-03
1.790940000000000146e+04 1.048462059689917077e-03
1.791270000000000073e+04 1.047850835941567613e-03
1.791600000000000000e+04 1.048963188330115804e-03
1.791929999999999927e+04 1.051137054202316845e-03
1.792259999999999854e+04 1.051547389248283894e-03
1.792590000000000146e+04 1.062967346962702224e-03
1.792920000000000073e+04 1.062310153746326988e-03
1.793250000000000000e+04 1.067679081894302084e-03
1.793570000000000073e+04 1.075318379085379644e-03
1.793900000000000000e+04 1.072443075846482487e-03
1.794229999999999927e+04 1.076732159362611381e-03
1.794559999999999854e+04 1.084505381650022714e-03
1.794890000000000146e+04 1.089576869901080292e-03
1.795220000000000073e+04 1.082469912753326879e-03
1.795550000000000000e+04 1.089396035420189639e-03
1.795879999999999927e+04 1.088957342965208306e-03
1.796209999999999854e+04 1.088056057302227422e-03
1.796540000000000146e+04 1.086553493925848223e-03
1.796870000000000073e+04 1.082584765767896293e-03
1.797200000000000000e+04 1.084201460495467628e-03
1.797529999999999927e+04 1.084503664757205995e-03
1.797859999999999854e+04 1.089475119565898537e-03
1.798190000000000146e+04 1.100357861039910319e-03
1.798520000000000073e+04 1.105249863017900838e-03
1.798850000000000000e+04 1.112506930585597164e-03
1.799179999999999927e+04 1.119782296265067105e-03
1.799509999999999854e+04 1.123864302267416201e-03
1.799840000000000146e+04 1.116211961791313241e-03
1.800159999999999854e+04 1.104982501539843523e-03
1.800490000000000146e+04 1.097463239203513895e-03
1.800820000000000073e+04 1.100522670022962288e-03
1.801150000000000000e+04 1.101580161221324926e-03
1.801479999999999927e+04 1.097977807180760797e-03
1.801809999999999854e+04 1.096229324705008537e-03
1.802140000000000146e+04 1.100014674735364005e-03
1.802470000000000073e+04 1.101999894995407204e-03
1.802800000000000000e+04 1.101341780840514898e-03
1.803129999999999927e+04 1.105418775120256547e-03
1.803459999999999854e+04 1.107994493699932664e-03
1.803790000000000146e+04 1.104779126070025473e-03
1.804120000000000073e+04 1.108394631706037265e-03
1.804450000000000000e+04 1.107374382013977254e-03
1.804779999999999927e+04 1.107115930842678423e-03
1.805109999999999854e+04 1.115398135662794233e-03
1.805440000000000146e+04 1.114810711779837043e-03
1.805770000000000073e+04 1.119694409837138039e-03
1.806100000000000000e+04 1.127865388566345797e-03
1.806429999999999927e+04 1.124452352517081892e-03
1.806750000000000000e+04 1.119227091212891823e-03
1.807079999999999927e+04 1.118873084548925850e-03
1.807409999999999854e+04 1.119318943579797635e-03
1.807740000000000146e+04 1.117967329821506570e-03
1.808070000000000073e+04 1.122230460684998064e-03
1.808400000000000000e+04 1.121720142550392809e-03
1.808729999999999927e+04 1.125121538998232308e-03
1.809059999999999854e+04 1.118356514517081322e-03
1.809390000000000146e+04 1.113812597213675697e-03
1.809720000000000073e+04 1.106905308558139584e-03
1.810050000000000000e+04 1.102075376358971652e-03
1.810379999999999927e+04 1.103432390640609597e-03
1.810709999999999854e+04 1.095781155814903396e-03
1.811040000000000146e+04 1.087936440993659193e-03
1.811370000000000073e+04 1.083406363348467065e-03
1.811700000000000000e+04 1.084239711517718521e-03
1.812029999999999927e+04 1.079991523425502791e-03
1.812359999999999854e+04 1.078301560032840023e-03
1.812690000000000146e+04 1.076131652384014568e-03
1.813009999999999854e+04 1.068160545875905748e-03
1.813340000000000146e+04 1.062496682899966840e-03
1.813670000000000073e+04 1.057443129948758059e-03
1.814000000000000000e+04 1.052302269631896423e-03
1.814329999999999927e+04 1.042916287137636002e-03
1.814659999999999854e+04 1.029394039575592251e-03
1.814990000000000146e+04 1.022848053168189933e-03
1.815320000000000073e+04 1.014174915506519184e-03
1.815650000000000000e+04 1.011634171454992535e-03
1.815979999999999927e+04 1.005025861555073046e-03
1.816309999999999854e+04 1.016259522568579163e-03
1.816640000000000146e+04 1.024938674131939701e-03
1.816970000000000073e+04 1.031271593484762474e-03
1.817300000000000000e+04 1.028711149263648829e-03
1.817629999999999927e+04 1.029919471195000352e-03
1.817959999999999854e+04 1.036455416273516237e-03
1.818290000000000146e+04 1.054869329391824092e-03
1.818620000000000073e+04 1.060137983359482660e-03
1.818950000000000000e+04 1.052708067088646993e-03
1.819279999999999927e+04 1.053676974405768014e-03
1.819600000000000000e+04 1.043617274397142100e-03
1.819929999999999927e+04 1.045523157365916547e-03
1.820259999999999854e+04 1.041405731912961466e-03
1.820590000000000146e+04 1.035597650493725805e-03
1.820920000000000073e+04 1.034508933694977626e-03
1.821250000000000000e+04 1.030649417722779128e-03
1.821579999999999927e+04 1.019725253502483300e-03
1.821909999999999854e+04 1.024267491411521864e-03
1.822240000000000146e+04 1.025433347151075538e-03
1.822570000000000073e+04 1.013829923407890462e-03
1.822900000000000000e+04 1.023668534406062735e-03
1.823229999999999927e+04 1.042194876600570754e-03
1.823559999999999854e+04 1.050748694996978807e-03
1.823890000000000146e+04 1.043574167660736877e-03
1.824220000000000073e+04 1.056538818496098467e-03
1.824550000000000000e+04 1.066725905210864087e-03
1.824879999999999927e+04 1.075382114234302734e-03
1.825209999999999854e+04 1.077596426373851482e-03
1.825540000000000146e+04 1.075335077781828684e-03
1.825859999999999854e+04 1.078059786733479280e-03
1.826190000000000146e+04 1.087051514030454823e-03
1.826520000000000073e+04 1.095293176283860777e-03
1.826850000000000000e+04 1.108442647809971312e-03
1.827179999999999927e+04 1.119843945376296484e-03
1.827509999999999854e+04 1.132977568172500440e-03
1.827840000000000146e+04 1.148440066550033417e-03
1.828170000000000073e+04 1.158763136638926456e-03
1.828500000000000000e+04 1.169153738708152189e-03
1.828829999999999927e+04 1.178657040847853584e-03
1.829159999999999854e+04 1.191366779390737839e-03
1.829490000000000146e+04 1.212350778045817503e-03
1.829820000000000073e+04 1.232310265437492214e-03
1.830150000000000000e+04 1.242967640824281213e-03
1.830479999999999927e+04 1.274321324269085242e-03
1.830809999999999854e+04 1.284950011603218367e-03
1.831140000000000146e+04 1.296078431685442371e-03
1.831470000000000073e+04 1.308442679911708036e-03
1.831800000000000000e+04 1.323861472325209071e-03
1.832129999999999927e+04 1.344953903740451475e-03
1.832450000000000000e+04 1.349832082420236246e-03
1.832779999999999927e+04 1.346712009118311917e-03
1.833109999999999854e+04 1.366172216878947876e-03
1.833440000000000146e+04 1.377014515259887247e-03
1.833770000000000073e+04 1.389414278734556977e-03
1.834100000000000000e+04 1.403056994501120308e-03
1.834429999999999927e+04 1.398810596028131478e-03
1.834759999999999854e+04 1.405223869199271084e-03
1.835090000000000146e+04 1.424240025259495678e-03
1.835420000000000073e+04 1.451324725993998355e-03
1.835750000000000000e+04 1.479002614646213361e-03
1.836079999999999927e+04 1.503790205708872970e-03
1.836409999999999854e+04 1.522557238253434246e-03
1.836740000000000146e+04 1.542704728025555850e-03
1.837070000000000073e+04 1.567781403069503634e-03
1.837400000000000000e+04 1.593367188720918497e-03
1.837729999999999927e+04 1.614750319435005440e-03
1.838059999999999854e+04 1.639325771210094771e-03
1.838390000000000146e+04 1.663392703821555373e-03
1.838709999999999854e+04 1.680434392273512899e-03
1.839040000000000146e+04 1.719463552392266545e-03
1.839370000000000073e+04 1.732960015484872034e-03
1.839700000000000000e+04 1.753262813941096386e-03
1.840029999999999927e+04 1.766082021101509410e-03
1.840359999999999854e+04 1.797751215534403469e-03
1.840690000000000146e+04 1.819275771296704211e-03
1.841020000000000073e+04 1.831800726436121724e-03
1.841350000000000000e+04 1.860951152065978744e-03
1.841679999999999927e+04 1.879767199988557902e-03
1.842009999999999854e+04 1.899129377437484747e-03
1.842340000000000146e+04 1.929228366949591652e-03
1.842670000000000073e+04 1.958417626572336173e-03
1.843000000000000000e+04 1.983566622934501700e-03
1.843329999999999927e+04 2.001373148423440940e-03
1.843659999999999854e+04 2.034574642984389187e-03
1.843990000000000146e+04 2.066502521562269944e-03
1.844320000000000073e+04 2.097777222940505788e-03
1.844650000000000000e+04 2.130313243122344304e-03
1.844979999999999927e+04 2.158879821327004071e-03
1.845300000000000000e+04 2.185889378207351175e-03
1.845629999999999927e+04 2.199389738833922806e-03
1.845959999999999854e+04 2.198034095497743146e-03
1.846290000000000146e+04 2.226479349150837974e-03
1.846620000000000073e+04 2.228871562380763376e-03
1.846950000000000000e+04 2.223317315926146183e-03
1.847279999999999927e+04 2.245259152837885026e-03
1.847609999999999854e+04 2.254904138341623163e-03
1.847940000000000146e+04 2.257853607536927220e-03
1.848270000000000073e+04 2.266009353452887436e-03
1.848600000000000000e+04 2.266796946641122003e-03
1.848929999999999927e+04 2.286091259196296882e-03
1.849259999999999854e+04 2.311943289719707757e-03
1.849590000000000146e+04 2.312797745225549356e-03
1.849920000000000073e+04 2.343308511420877111e-03
1.850250000000000000e+04 2.374115503954745115e-03
1.850579999999999927e+04 2.411898710026354545e-03
1.850909999999999854e+04 2.464135707219555164e-03
1.851240000000000146e+04 2.472543279561366034e-03
1.851570000000000073e+04 2.474822662407916065e-03
1.851890000000000146e+04 2.493018319391950878e-03
1.852220000000000073e+04 2.517535821586234374e-03
1.852550000000000000e+04 2.560203204871402873e-03
1.852879999999999927e+04 2.604332554461277240e-03
1.853209999999999854e+04 2.652907977917455268e-03
1.853540000000000146e+04 2.694029933158580484e-03
1.853870000000000073e+04 2.737207965091599700e-03
1.854200000000000000e+04 2.797825777460519886e-03
1.854529999999999927e+04 2.862288820478355988e-03
1.854859999999999854e+04 2.901160780406045626e-03
1.855190000000000146e+04 2.958600220454462443e-03
1.855520000000000073e+04 3.011087671183883176e-03
1.855850000000000000e+04 3.074277328209409563e-03
1.856179999999999927e+04 3.129761516163789229e-03
1.856509999999999854e+04 3.183867959025105370e-03
1.856840000000000146e+04 3.246297566811680909e-03
1.857170000000000073e+04 3.274406315484839746e-03
1.857500000000000000e+04 3.343802345124866505e-03
1.857829999999999927e+04 3.411616883425406740e-03
1.858150000000000000e+04 3.469871501380887135e-03
1.858479999999999927e+04 3.536546176650698196e-03
1.858809999999999854e+04 3.578569930676147454e-03
1.859140000000000146e+04 3.633416651784674399e-03
1.859470000000000073e+04 3.704585216485163385e-03
1.859800000000000000e+04 3.768228481694436711e-03
1.860129999999999927e+04 3.818216871283165986e-03
1.860459999999999854e+04 3.891614956124665823e-03
1.860790000000000146e+04 3.955557940717708762e-03
1.861120000000000073e+04 4.046938445500638908e-03
1.861450000000000000e+04 4.169323993347399081e-03
1.861779999999999927e+04 4.249215792044890375e-03
1.862109999999999854e+04 4.330843867962784130e-03
1.862440000000000146e+04 4.429489446258021851e-03
1.862770000000000073e+04 4.517717567198944149e-03
1.863100000000000000e+04 4.651372281216049551e-03
1.863429999999999927e+04 4.754814420261394697e-03
1.863759999999999854e+04 4.846410479893490178e-03
1.864090000000000146e+04 4.971546927187283846e-03
1.864420000000000073e+04 5.165491822894528046e-03
1.864740000000000146e+04 5.299889758884304691e-03
1.865070000000000073e+04 5.416861001566629884e-03
1.865400000000000000e+04 5.565209062947152480e-03
1.865729999999999927e+04 5.692636266660014432e-03
1.866059999999999854e+04 5.831811769399460055e-03
1.866390000000000146e+04 5.966167242562163582e-03
1.866720000000000073e+04 6.085786378319604957e-03
1.867050000000000000e+04 6.192757745734593991e-03
1.867379999999999927e+04 6.311173722534989088e-03
1.867709999999999854e+04 6.476414389374272190e-03
1.868040000000000146e+04 6.675728645734311205e-03
1.868370000000000073e+04 6.927001709488403262e-03
1.868700000000000000e+04 7.180942205287846672e-03
1.869029999999999927e+04 7.379436046311835078e-03
1.869359999999999854e+04 7.661380753121174551e-03
1.869690000000000146e+04 7.911108955583185526e-03
1.870020000000000073e+04 8.022857355097286203e-03
1.870350000000000000e+04 8.122528428434460171e-03
1.870679999999999927e+04 8.319828861811923507e-03
1.871000000000000000e+04 8.631168602491518307e-03
1.871329999999999927e+04 8.831412298810386446e-03
1.871659999999999854e+04 8.976217051187708462e-03
1.871990000000000146e+04 9.146420146184608413e-03
1.872320000000000073e+04 9.302452085685114502e-03
1.872650000000000000e+04 9.494311184680505333e-03
1.872979999999999927e+04 9.623981848333438421e-03
1.873309999999999854e+04 9.781504021468235069e-03
1.873640000000000146e+04 9.962125246763356770e-03
1.873970000000000073e+04 1.014947601497429713e-02
1.874300000000000000e+04 1.022597066131297056e-02
1.874629999999999927e+04 1.040609996838263822e-02
1.874959999999999854e+04 1.049170643349262369e-02
1.875290000000000146e+04 1.060121928989272641e-02
1.875620000000000073e+04 1.071042585615076918e-02
1.875950000000000000e+04 1.086924902310118859e-02
1.876279999999999927e+04 1.103098899450847062e-02
1.876609999999999854e+04 1.117294566083310708e-02
1.876940000000000146e+04 1.127145662879799372e-02
1.877270000000000073e+04 1.143521781097276563e-02
1.877590000000000146e+04 1.164546020466886156e-02
1.877920000000000073e+04 1.172290650329442518e-02
1.878250000000000000e+04 1.191247008716437433e-02
1.878579999999999927e+04 1.211395828876350202e-02
1.878909999999999854e+04 1.236053827438820044e-02
1.879240000000000146e+04 1.260940500720924250e-02
1.879570000000000073e+04 1.286887954638363078e-02
1.879900000000000000e+04 1.316615645282479853e-02
1.880229999999999927e+04 1.348475052009938911e-02
1.880559999999999854e+04 1.379478996153135281e-02
1.880890000000000146e+04 1.403565534363531743e-02
1.881220000000000073e+04 1.432411343803107091e-02
1.881550000000000000e+04 1.465843344896122953e-02
1.881879999999999927e+04 1.496950295688218371e-02
1.882209999999999854e+04 1.529488538506694993e-02
1.882540000000000146e+04 1.561701241751218064e-02
1.882870000000000073e+04 1.594372157872086387e-02
1.883200000000000000e+04 1.625935528416332446e-02
1.883529999999999927e+04 1.660454131247327686e-02
1.883859999999999854e+04 1.694922837545164568e-02
1.884179999999999927e+04 1.726056480666924783e-02
1.884509999999999854e+04 1.756702072477815332e-02
1.884840000000000146e+04 1.781336213886925562e-02
1.885170000000000073e+04 1.805500751941430115e-02
1.885500000000000000e+04 1.834586992339823017e-02
1.885829999999999927e+04 1.856113541270273601e-02
1.886159999999999854e+04 1.878766149763346632e-02
1.886490000000000146e+04 1.918479354926966307e-02
1.886820000000000073e+04 1.959634308442111117e-02
1.887150000000000000e+04 1.990447753164246991e-02
1.887479999999999927e+04 2.008624146413565820e-02
1.887809999999999854e+04 2.039761476685359592e-02
1.888140000000000146e+04 2.076640157378237608e-02
1.888470000000000073e+04 2.110818945811157935e-02
1.888800000000000000e+04 2.145710782667438823e-02
1.889129999999999927e+04 2.177991633457023943e-02
1.889459999999999854e+04 2.218057027400517286e-02
1.889790000000000146e+04 2.256319791289100943e-02
1.890120000000000073e+04 2.293248736957814726e-02
1.890440000000000146e+04 2.326741863814826838e-02
1.890770000000000073e+04 2.373506719984546515e-02
1.891100000000000000e+04 2.411230569112574398e-02
1.891429999999999927e+04 2.457967560877326318e-02
1.891759999999999854e+04 2.503379030489720145e-02
1.892090000000000146e+04 2.548590575718521350e-02
1.892420000000000073e+04 2.591001304747682366e-02
1.892750000000000000e+04 2.631946296167442592e-02
1.893079999999999927e+04 2.676871780531595718e-02
1.893409999999999854e+04 2.721305792652460587e-02
1.893740000000000146e+04 2.761558495765127283e-02
1.894070000000000073e+04 2.794465789292220961e-02
1.894400000000000000e+04 2.837472260733210280e-02
1.894729999999999927e+04 2.874330312003967741e-02
1.895059999999999854e+04 2.909792916868758281e-02
1.895390000000000146e+04 2.945811515980441622e-02
1.895720000000000073e+04 2.976167855106481852e-02
1.896050000000000000e+04 3.008179931585906741e-02
1.896379999999999927e+04 3.036579682755947279e-02
1.896709999999999854e+04 3.063403516223488221e-02
1.897029999999999927e+04 3.086121000736585449e-02
1.897359999999999854e+04 3.109105432279594267e-02
1.897690000000000146e+04 3.137249212531694614e-02
1.898020000000000073e+04 3.159188786300452106e-02
1.898350000000000000e+04 3.183119112918534471e-02
1.898679999999999927e+04 3.207852970157740874e-02
1.899009999999999854e+04 3.231310053402056820e-02
1.899340000000000146e+04 3.253628486040115869e-02
1.899670000000000073e+04 3.274082805085216236e-02
1.900000000000000000e+04 3.295120504174118420e-02
1.900329999999999927e+04 3.312755111444184997e-02
1.900659999999999854e+04 3.332983832501874161e-02
1.900990000000000146e+04 3.348672550021097871e-02
1.901320000000000073e+04 3.363371929778370684e-02
1.901650000000000000e+04 3.378170237986616309e-02
1.901979999999999927e+04 3.393972841640799376e-02
1.902309999999999854e+04 3.409434171101904248e-02
1.902640000000000146e+04 3.427090116766907252e-02
1.902970000000000073e+04 3.436861713284308784e-02
1.903290000000000146e+04 3.447153750492933794e-02
1.903620000000000073e+04 3.456743454574311147e-02
1.903950000000000000e+04 3.465832182207790463e-02
1.904279999999999927e+04 3.477024428313187782e-02
1.904609999999999854e+04 3.484816467655683925e-02
1.904940000000000146e+04 3.493840466808921519e-02
1.905270000000000073e+04 3.503805936653593689e-02
1.905600000000000000e+04 3.508993007489805832e-02
1.905929999999999927e+04 3.515087064867424699e-02
1.906259999999999854e+04 3.518419089740804778e-02
1.906590000000000146e+04 3.523543635932929741e-02
1.906920000000000073e+04 3.526538829480203169e-02
1.907250000000000000e+04 3.525670433058399056e-02
1.907579999999999927e+04 3.526024886388905849e-02
1.907909999999999854e+04 3.525512401584403321e-02
1.908240000000000146e+04 3.526895763601724937e-02
1.908570000000000073e+04 3.525561871760429788e-02
1.908900000000000000e+04 3.520853092347205754e-02
1.909229999999999927e+04 3.516235396628257515e-02
1.909559999999999854e+04 3.512319501768112334e-02
1.909879999999999927e+04 3.509347642384642862e-02
1.910209999999999854e+04 3.501806440039683527e-02
1.910540000000000146e+04 3.497549053503613836e-02
1.910870000000000073e+04 3.492434896997900773e-02
1.911200000000000000e+04 3.485522038924205451e-02
1.911529999999999927e+04 3.478942806782829578e-02
1.911859999999999854e+04 3.462672522233295469e-02
1.912190000000000146e+04 3.451211652926319817e-02
1.912520000000000073e+04 3.435444415136292701e-02
1.912850000000000000e+04 3.419104840796322042e-02
1.913179999999999927e+04 3.405594498460969705e-02
1.913509999999999854e+04 3.392660983572809430e-02
1.913840000000000146e+04 3.377741779599749417e-02
1.914170000000000073e+04 3.357424145401869536e-02
1.914500000000000000e+04 3.341928865643910979e-02
1.914829999999999927e+04 3.322102836989396929e-02
1.915159999999999854e+04 3.303222670527375393e-02
1.915490000000000146e+04 3.283988135279663351e-02
1.915820000000000073e+04 3.262517628849365831e-02
1.916140000000000146e+04 3.245380530501960209e-02
1.916470000000000073e+04 3.223597266022085878e-02
1.916800000000000000e+04 3.203693991459630186e-02
1.917129999999999927e+04 3.180597921104304227e-02
1.917459999999999854e+04 3.158611957933621373e-02
1.917790000000000146e+04 3.136715969112242181e-02
1.918120000000000073e+04 3.114731405391926375e-02
1.918450000000000000e+04 3.089009169710060787e-02
1.918779999999999927e+04 3.062960852247018431e-02
1.919109999999999854e+04 3.037067458277508541e-02
1.919440000000000146e+04 3.014264614342898260e-02
1.919770000000000073e+04 2.989056453794896456e-02
1.920100000000000000e+04 2.963309323134667023e-02
1.920429999999999927e+04 2.937782758281893072e-02
1.920759999999999854e+04 2.910181325740159031e-02
1.921090000000000146e+04 2.882361707207871729e-02
1.921420000000000073e+04 2.853635974293827066e-02
1.921750000000000000e+04 2.823992050472626941e-02
1.922079999999999927e+04 2.797245043247600232e-02
1.922409999999999854e+04 2.767832561652683668e-02
1.922729999999999927e+04 2.737484884771741039e-02
1.923059999999999854e+04 2.705933812510565376e-02
1.923390000000000146e+04 2.677319945672432949e-02
1.923720000000000073e+04 2.648358323792136468e-02
1.924050000000000000e+04 2.616915887491686604e-02
1.924379999999999927e+04 2.585825330893259597e-02
1.924709999999999854e+04 2.554783733512346056e-02
1.925040000000000146e+04 2.522012944978261825e-02
1.925370000000000073e+04 2.489352874051832878e-02
1.925700000000000000e+04 2.460317373913631367e-02
1.926029999999999927e+04 2.426525656206677747e-02
1.926359999999999854e+04 2.392497357477492773e-02
1.926690000000000146e+04 2.361853248723316118e-02
1.927020000000000073e+04 2.327301339093328439e-02
1.927350000000000000e+04 2.294328568948240943e-02
1.927679999999999927e+04 2.261116446905209881e-02
1.928009999999999854e+04 2.226889079094259566e-02
1.928340000000000146e+04 2.195408952749761805e-02
1.928670000000000073e+04 2.162421761239604820e-02
1.929000000000000000e+04 2.129034611809393213e-02
1.929320000000000073e+04 2.097813844781446987e-02
1.929650000000000000e+04 2.064477160524232427e-02
1.929979999999999927e+04 2.031948981092225257e-02
1.930309999999999854e+04 2.001591515810994745e-02
1.930640000000000146e+04 1.971191204520217344e-02
1.930970000000000073e+04 1.939936794190647712e-02
1.931300000000000000e+04 1.909710477804260273e-02
1.931629999999999927e+04 1.876329272835315989e-02
1.931959999999999854e+04 1.844502353159829799e-02
1.932290000000000146e+04 1.811012912266903724e-02
1.932620000000000073e+04 1.777182567457259721e-02
1.932950000000000000e+04 1.744895728449643441e-02
1.933279999999999927e+04 1.712033961337383614e-02
1.933609999999999854e+04 1.682124866532321017e-02
1.933940000000000146e+04 1.651513730269792840e-02
1.934270000000000073e+04 1.621214091992470921e-02
1.934600000000000000e+04 1.589845246270868082e-02
1.934929999999999927e+04 1.558474128526250897e-02
1.935259999999999854e+04 1.526650360034747037e-02
1.935579999999999927e+04 1.495709643918758693e-02
1.935909999999999854e+04 1.463132424796774120e-02
1.936240000000000146e+04 1.431284817353098600e-02
1.936570000000000073e+04 1.400862925093921199e-02
1.936900000000000000e+04 1.370876767117975431e-02
1.937229999999999927e+04 1.340366401956948235e-02
1.937559999999999854e+04 1.311214419600848120e-02
1.937890000000000146e+04 1.282055788620814658e-02
1.938220000000000073e+04 1.252589404354878880e-02
1.938550000000000000e+04 1.222463020249530893e-02
1.938879999999999927e+04 1.193029671418705494e-02
1.939209999999999854e+04 1.164323342774066343e-02
1.939540000000000146e+04 1.136960474065315356e-02
1.939870000000000073e+04 1.108364030095497672e-02
1.940200000000000000e+04 1.080085383972239667e-02
1.940529999999999927e+04 1.053841783312620128e-02
1.940859999999999854e+04 1.027812708857109986e-02
1.941190000000000146e+04 9.994345129374507600e-03
1.941520000000000073e+04 9.744016499012596311e-03
1.941850000000000000e+04 9.474352245022712310e-03
1.942170000000000073e+04 9.182106092441612299e-03
1.942500000000000000e+04 8.916363338232114258e-03
1.942829999999999927e+04 8.660367788199063721e-03
1.943159999999999854e+04 8.394899627190303970e-03
1.943490000000000146e+04 8.127594428730627527e-03
1.943820000000000073e+04 7.864318918568551434e-03
1.944150000000000000e+04 7.610962502350918438e-03
1.944479999999999927e+04 7.367841851352534450e-03
1.944809999999999854e+04 7.130319505030136180e-03
1.945140000000000146e+04 6.891219306243633394e-03
1.945470000000000073e+04 6.667165541244276898e-03
1.945800000000000000e+04 6.438332747230927910e-03
1.946129999999999927e+04 6.188996682793469761e-03
1.946459999999999854e+04 5.950321344595946131e-03
1.946790000000000146e+04 5.701595954011285175e-03
1.947120000000000073e+04 5.460812470920931375e-03
1.947450000000000000e+04 5.215179389452542606e-03
1.947779999999999927e+04 4.971659990894892849e-03
1.948109999999999854e+04 4.739267801506532284e-03
1.948429999999999927e+04 4.506802390330677359e-03
1.948759999999999854e+04 4.290820923399012513e-03
1.949090000000000146e+04 4.083586402348974610e-03
1.949420000000000073e+04 3.863007161969872309e-03
1.949750000000000000e+04 3.644809419648324927e-03
1.950079999999999927e+04 3.412049128670802210e-03
1.950409999999999854e+04 3.188638237305760695e-03
1.950740000000000146e+04 2.966554676825082677e-03
1.951070000000000073e+04 2.747638614608090713e-03
1.951400000000000000e+04 2.554369550628013148e-03
1.951729999999999927e+04 2.349769955399214419e-03
1.952059999999999854e+04 2.129368411555191808e-03
1.952390000000000146e+04 1.946850507345657426e-03
1.952720000000000073e+04 1.764943218831189434e-03
1.953050000000000000e+04 1.574556242358967273e-03
1.953379999999999927e+04 1.388338235347206595e-03
1.953709999999999854e+04 1.204932506398021528e-03
1.954040000000000146e+04 1.033658197223595327e-03
1.954370000000000073e+04 8.557942464714584762e-04
1.954700000000000000e+04 6.877040578224328507e-04
1.955020000000000073e+04 5.099940552332855523e-04
1.955350000000000000e+04 3.554239803186947668e-04
1.955679999999999927e+04 2.043007172111115512e-04
1.956009999999999854e+04 5.035806237112778832e-05
1.956340000000000146e+04 -1.100230619654617739e-04
1.956670000000000073e+04 -2.519972159541332174e-04
1.957000000000000000e+04 -3.955290040601995376e-04
1.957329999999999927e+04 -5.618322282162915241e-04
1.957659999999999854e+04 -7.054666053384882904e-04
1.957990000000000146e+04 -8.506370146786118493e-04
1.958320000000000073e+04 -1.006417782059251462e-03
1.958650000000000000e+04 -1.166148125594034619e-03
1.958979999999999927e+04 -1.292135395575262895e-03
1.959309999999999854e+04 -1.418443112839414379e-03
1.959640000000000146e+04 -1.531740426624325462e-03
1.959970000000000073e+04 -1.636782235074722962e-03
1.960300000000000000e+04 -1.762436702447321918e-03
1.960629999999999927e+04 -1.915486789879814866e-03
1.960959999999999854e+04 -2.028393479528088107e-03
1.961290000000000146e+04 -2.166381543627041162e-03
1.961609999999999854e+04 -2.289649937685142578e-03
1.961940000000000146e+04 -2.402028902983582067e-03
1.962270000000000073e+04 -2.530352566505347876e-03
1.962600000000000000e+04 -2.635623467055201938e-03
1.962929999999999927e+04 -2.740426975800932044e-03
1.963259999999999854e+04 -2.826798026019669216e-03
1.963590000000000146e+04 -2.899059762529406642e-03
1.963920000000000073e+04 -3.039877397456157253e-03
1.964250000000000000e+04 -3.124862925877274107e-03
1.964579999999999927e+04 -3.253434152770241696e-03
1.964909999999999854e+04 -3.390133501535160659e-03
1.965240000000000146e+04 -3.512145025567561460e-03
1.965570000000000073e+04 -3.640543635227469575e-03
1.965900000000000000e+04 -3.728800666142902988e-03
1.966229999999999927e+04 -3.785742422891820447e-03
1.966559999999999854e+04 -3.865393650389377291e-03
1.966890000000000146e+04 -3.964149278541589244e-03
1.967220000000000073e+04 -4.066080225282636858e-03
1.967550000000000000e+04 -4.154069683303941024e-03
1.967870000000000073e+04 -4.258795415623460243e-03
1.968200000000000000e+04 -4.310291195867550426e-03
1.968529999999999927e+04 -4.362864265131486362e-03
1.968859999999999854e+04 -4.420956504592336855e-03
1.969190000000000146e+04 -4.475918573934476070e-03
1.969520000000000073e+04 -4.557545235259267448e-03
1.969850000000000000e+04 -4.620718153269805922e-03
1.970179999999999927e+04 -4.671753108787289784e-03
1.970509999999999854e+04 -4.783957226848879231e-03
1.970840000000000146e+04 -4.895470973573703283e-03
1.971170000000000073e+04 -4.999378179128684610e-03
1.971500000000000000e+04 -5.059801765140255897e-03
1.971829999999999927e+04 -5.170065705159441853e-03
1.972159999999999854e+04 -5.200288912231382406e-03
1.972490000000000146e+04 -5.243912057406408499e-03
1.972820000000000073e+04 -5.333756650831443687e-03
1.973150000000000000e+04 -5.446999850544812644e-03
1.973479999999999927e+04 -5.533481375272409318e-03
1.973809999999999854e+04 -5.599789095263849742e-03
1.974140000000000146e+04 -5.683795465957150635e-03
1.974459999999999854e+04 -5.775627626167148705e-03
1.974790000000000146e+04 -5.816439774107172098e-03
1.975120000000000073e+04 -5.829299654960466530e-03
1.975450000000000000e+04 -5.874106887205182183e-03
1.975779999999999927e+04 -5.914684701119482697e-03
1.976109999999999854e+04 -5.987666176642024787e-03
1.976440000000000146e+04 -6.065456606233354635e-03
1.976770000000000073e+04 -6.145642697213985102e-03
1.977100000000000000e+04 -6.206774949335772291e-03
1.977429999999999927e+04 -6.276784406177931229e-03
1.977759999999999854e+04 -6.345187219983896079e-03
1.978090000000000146e+04 -6.419239243044917720e-03
1.978420000000000073e+04 -6.512004240588508373e-03
1.978750000000000000e+04 -6.542509142508512107e-03
1.979079999999999927e+04 -6.628293461129887258e-03
1.979409999999999854e+04 -6.668525743044763539e-03
1.979740000000000146e+04 -6.707443222418296887e-03
1.980070000000000073e+04 -6.788672494239409751e-03
1.980400000000000000e+04 -6.801985818700505802e-03
1.980720000000000073e+04 -6.845342104681004236e-03
1.981050000000000000e+04 -6.840273704489937753e-03
1.981379999999999927e+04 -6.831473376450922751e-03
1.981709999999999854e+04 -6.874190206199513702e-03
1.982040000000000146e+04 -6.861076255868637716e-03
1.982370000000000073e+04 -6.875211934538509075e-03
1.982700000000000000e+04 -6.915322205584753870e-03
1.983029999999999927e+04 -6.937904548194192243e-03
1.983359999999999854e+04 -6.925341561586939934e-03
1.983690000000000146e+04 -6.926998610149837955e-03
1.984020000000000073e+04 -6.913209427843772584e-03
1.984350000000000000e+04 -6.934380265954910409e-03
1.984679999999999927e+04 -6.953407858699933199e-03
1.985009999999999854e+04 -6.984691469849518136e-03
1.985340000000000146e+04 -7.028326753763455836e-03
1.985670000000000073e+04 -7.094949437428021456e-03
1.986000000000000000e+04 -7.115342909922649575e-03
1.986329999999999927e+04 -7.167812962291264869e-03
1.986659999999999854e+04 -7.199097034121661014e-03
1.986990000000000146e+04 -7.195985633938310928e-03
1.987309999999999854e+04 -7.171094542521173204e-03
1.987640000000000146e+04 -7.159663372467084223e-03
1.987970000000000073e+04 -7.201205962185794167e-03
1.988300000000000000e+04 -7.172205820483688009e-03
1.988629999999999927e+04 -7.253772051540885620e-03
1.988959999999999854e+04 -7.330251995851804966e-03
1.989290000000000146e+04 -7.336455085148159763e-03
1.989620000000000073e+04 -7.298792812405748703e-03
1.989950000000000000e+04 -7.280827891677497596e-03
1.990279999999999927e+04 -7.266276289309654690e-03
1.990609999999999854e+04 -7.250469583866790690e-03
1.990940000000000146e+04 -7.222393647112359920e-03
1.991270000000000073e+04 -7.244867281615842945e-03
1.991600000000000000e+04 -7.256218521223952063e-03
1.991929999999999927e+04 -7.277994720905340935e-03
1.992259999999999854e+04 -7.288842010090756593e-03
1.992590000000000146e+04 -7.286438149836622392e-03
