1.716800000000000000e+04 4.852076560104522638e-04
1.717129999999999927e+04 4.862355153624266257e-04
1.717459999999999854e+04 4.853990690937992777e-04
1.717790000000000146e+04 4.854767259245575920e-04
1.718120000000000073e+04 5.033268839394267665e-04
1.718450000000000000e+04 5.037279762385531417e-04
1.718779999999999927e+04 5.206771948039856483e-04
1.719109999999999854e+04 5.205544584239105979e-04
1.719440000000000146e+04 5.222166009401617163e-04
1.719770000000000073e+04 5.182740063443843194e-04
1.720100000000000000e+04 5.140762475046518941e-04
1.720429999999999927e+04 5.206315257103659964e-04
1.720759999999999854e+04 5.157410491898299513e-04
1.721090000000000146e+04 5.153976279814787877e-04
1.721420000000000073e+04 5.162453959130533466e-04
1.721750000000000000e+04 5.229512492200213709e-04
1.722079999999999927e+04 5.321515925542733569e-04
1.722409999999999854e+04 5.237540099963131036e-04
1.722729999999999927e+04 5.314113875854840777e-04
1.723059999999999854e+04 5.315354521781112240e-04
1.723390000000000146e+04 5.340282026201340808e-04
1.723720000000000073e+04 5.422060386460584051e-04
1.724050000000000000e+04 5.556952072623199757e-04
1.724379999999999927e+04 5.586393163851097231e-04
1.724709999999999854e+04 5.628727918036657797e-04
1.725040000000000146e+04 5.659397213080544133e-04
1.725370000000000073e+04 5.699175850950516983e-04
1.725700000000000000e+04 5.695004177519328919e-04
1.726029999999999927e+04 5.752987952030723558e-04
1.726359999999999854e+04 5.769940147006568688e-04
1.726690000000000146e+04 5.818879555776773236e-04
1.727020000000000073e+04 5.868851805489007974e-04
1.727350000000000000e+04 5.887157883119098533e-04
1.727679999999999927e+04 5.992062416286585104e-04
1.728009999999999854e+04 5.999901165272391451e-04
1.728340000000000146e+04 6.100751236610521717e-04
1.728670000000000073e+04 6.178178762051356795e-04
1.729000000000000000e+04 6.323769811283043918e-04
1.729320000000000073e+04 6.359662500186065827e-04
1.729650000000000000e+04 6.442053554713784774e-04
1.729979999999999927e+04 6.535205647468890012e-04
1.730309999999999854e+04 6.648021060289495453e-04
1.730640000000000146e+04 6.692691503498873849e-04
1.730970000000000073e+04 6.765724517169611043e-04
1.731300000000000000e+04 6.814446564877105639e-04
1.731629999999999927e+04 6.939798750957570928e-04
1.731959999999999854e+04 7.064438683047015357e-04
1.732290000000000146e+04 7.115658129232386477e-04
1.732620000000000073e+04 7.131775091068110221e-04
1.732950000000000000e+04 7.201295529398006254e-04
1.733279999999999927e+04 7.235605839368392488e-04
1.733609999999999854e+04 7.284413691218123536e-04
1.733940000000000146e+04 7.368548614779932195e-04
1.734270000000000073e+04 7.421602446627865134e-04
1.734600000000000000e+04 7.370991727664372899e-04
1.734929999999999927e+04 7.377395072630214693e-04
1.735259999999999854e+04 7.375977762263173729e-04
1.735579999999999927e+04 7.350482457371254998e-04
1.735909999999999854e+04 7.429234090655140350e-04
1.736240000000000146e+04 7.453723693674789907e-04
1.736570000000000073e+04 7.441938462629166034e-04
1.736900000000000000e+04 7.519126949022149602e-04
1.737229999999999927e+04 7.514456340377751896e-04
1.737559999999999854e+04 7.436268789479361877e-04
1.737890000000000146e+04 7.541350553468651819e-04
1.738220000000000073e+04 7.592868586432352561e-04
1.738550000000000000e+04 7.621606178792467981e-04
1.738879999999999927e+04 7.663026319482902022e-04
1.739209999999999854e+04 7.723353673716256036e-04
1.739540000000000146e+04 7.789461796056443548e-04
1.739870000000000073e+04 7.857012347931188441e-04
1.740200000000000000e+04 7.773919588097691000e-04
1.740529999999999927e+04 7.711534489702612585e-04
1.740859999999999854e+04 7.663272854339158932e-04
1.741190000000000146e+04 7.700723814316753164e-04
1.741520000000000073e+04 7.640377336093416398e-04
1.741850000000000000e+04 7.606623310983582058e-04
1.742170000000000073e+04 7.576097074843331789e-04
1.742500000000000000e+04 7.571808070036181032e-04
1.742829999999999927e+04 7.612277303729547782e-04
1.743159999999999854e+04 7.665566752911773035e-04
1.743490000000000146e+04 7.727057071619485148e-04
1.743820000000000073e+04 7.701680446166043591e-04
1.744150000000000000e+04 7.740432578058301528e-04
1.744479999999999927e+04 7.773658842703496741e-04
1.744809999999999854e+04 7.747616507388327238e-04
1.745140000000000146e+04 7.724845558553122306e-04
1.745470000000000073e+04 7.738896004034009771e-04
1.745800000000000000e+04 7.751044726991648424e-04
1.746129999999999927e+04 7.658458853602155038e-04
1.746459999999999854e+04 7.693326390029517478e-04
1.746790000000000146e+04 7.658514923298793487e-04
1.747120000000000073e+04 7.607177325887564236e-04
1.747450000000000000e+04 7.577161014192315951e-04
1.747779999999999927e+04 7.601620939202444020e-04
1.748109999999999854e+04 7.543309937336371493e-04
1.748429999999999927e+04 7.511359931382386368e-04
1.748759999999999854e+04 7.494339696001603391e-04
1.749090000000000146e+04 7.458095756060986476e-04
1.749420000000000073e+04 7.377315762653524275e-04
1.749750000000000000e+04 7.346652433854485281e-04
1.750079999999999927e+04 7.333306595671962433e-04
1.750409999999999854e+04 7.318271767104135529e-04
1.750740000000000146e+04 7.340467805976184706e-04
1.751070000000000073e+04 7.391684844076727278e-04
1.751400000000000000e+04 7.401676002997956746e-04
1.751729999999999927e+04 7.357246214045238576e-04
1.752059999999999854e+04 7.369069370528792554e-04
1.752390000000000146e+04 7.392881425017649999e-04
1.752720000000000073e+04 7.348959260308238033e-04
1.753050000000000000e+04 7.334334213079619566e-04
1.753379999999999927e+04 7.243730385423945888e-04
1.753709999999999854e+04 7.216657161298286379e-04
1.754040000000000146e+04 7.204688984551046267e-04
1.754370000000000073e+04 7.159918356745153959e-04
1.754700000000000000e+04 7.113691211164402265e-04
1.755020000000000073e+04 7.162186821891530601e-04
1.755350000000000000e+04 7.192296674324713188e-04
1.755679999999999927e+04 7.088948181613890674e-04
1.756009999999999854e+04 7.102848059173316134e-04
1.756340000000000146e+04 6.991454658188651179e-04
1.756670000000000073e+04 6.924515779386384217e-04
1.757000000000000000e+04 6.912333213657451863e-04
1.757329999999999927e+04 6.965997889438036274e-04
1.757659999999999854e+04 6.946760122610051193e-04
1.757990000000000146e+04 7.011325910528411458e-04
1.758320000000000073e+04 7.083244657779715070e-04
1.758650000000000000e+04 7.091257036823884119e-04
1.758979999999999927e+04 7.099864279925481017e-04
1.759309999999999854e+04 7.061887227615211600e-04
1.759640000000000146e+04 7.034075629910839511e-04
1.759970000000000073e+04 7.033929218831482194e-04
1.760300000000000000e+04 6.975198156104238855e-04
1.760629999999999927e+04 6.987919822991943896e-04
1.760959999999999854e+04 6.992963129013583280e-04
1.761290000000000146e+04 6.958506020158411768e-04
1.761609999999999854e+04 6.956440930137262066e-04
1.761940000000000146e+04 6.827572904981981782e-04
1.762270000000000073e+04 6.856097312198973504e-04
1.762600000000000000e+04 6.926081616846607161e-04
1.762929999999999927e+04 6.880220084895287891e-04
1.763259999999999854e+04 6.886755752698641092e-04
1.763590000000000146e+04 6.892256241855791070e-04
1.763920000000000073e+04 6.885328414191561929e-04
1.764250000000000000e+04 6.848956420097136559e-04
1.764579999999999927e+04 6.815464507861699987e-04
1.764909999999999854e+04 6.871250817068925727e-04
1.765240000000000146e+04 6.894231563435823835e-04
1.765570000000000073e+04 6.929378159495112139e-04
1.765900000000000000e+04 7.029835198193706142e-04
1.766229999999999927e+04 7.027430850301517873e-04
1.766559999999999854e+04 7.081856128142253190e-04
1.766890000000000146e+04 7.117879752195502632e-04
1.767220000000000073e+04 7.180185557542751286e-04
1.767550000000000000e+04 7.151919432498250392e-04
1.767870000000000073e+04 7.175326200148886063e-04
1.768200000000000000e+04 7.253616866048027403e-04
1.768529999999999927e+04 7.272628895871880968e-04
1.768859999999999854e+04 7.331859270742447591e-04
1.769190000000000146e+04 7.357327144612622969e-04
1.769520000000000073e+04 7.371739596922306705e-04
1.769850000000000000e+04 7.458366023355775124e-04
1.770179999999999927e+04 7.507036337658422407e-04
1.770509999999999854e+04 7.525741984405316881e-04
1.770840000000000146e+04 7.583795245617954740e-04
1.771170000000000073e+04 7.632088010678208297e-04
1.771500000000000000e+04 7.581967139816787275e-04
1.771829999999999927e+04 7.557613942893818279e-04
1.772159999999999854e+04 7.642428661822317807e-04
1.772490000000000146e+04 7.593685535486595578e-04
1.772820000000000073e+04 7.632854288176833422e-04
1.773150000000000000e+04 7.739606567509228199e-04
1.773479999999999927e+04 7.824720946717361476e-04
1.773809999999999854e+04 7.858881239978572240e-04
1.774140000000000146e+04 7.875340604031220645e-04
1.774459999999999854e+04 7.926201469886233779e-04
1.774790000000000146e+04 7.903929380584540521e-04
1.775120000000000073e+04 7.917714482890917532e-04
1.775450000000000000e+04 7.906346143765844575e-04
1.775779999999999927e+04 7.996969302590177346e-04
1.776109999999999854e+04 8.077969364557843930e-04
1.776440000000000146e+04 8.087160975092711791e-04
1.776770000000000073e+04 8.146321951823570686e-04
1.777100000000000000e+04 8.130806990029750643e-04
1.777429999999999927e+04 8.170060620223354051e-04
1.777759999999999854e+04 8.221796811503607550e-04
1.778090000000000146e+04 8.353280808946316870e-04
1.778420000000000073e+04 8.495433131066115143e-04
1.778750000000000000e+04 8.579092065656774473e-04
1.779079999999999927e+04 8.578647600841594152e-04
1.779409999999999854e+04 8.653622668212364918e-04
1.779740000000000146e+04 8.788633356108274501e-04
1.780070000000000073e+04 8.875187485845179502e-04
1.780400000000000000e+04 8.905210782510461802e-04
1.780720000000000073e+04 8.986051777901952380e-04
1.781050000000000000e+04 9.117235147443884151e-04
1.781379999999999927e+04 9.194683458419924136e-04
1.781709999999999854e+04 9.196646601106140068e-04
1.782040000000000146e+04 9.277554148617364865e-04
1.782370000000000073e+04 9.340906561188549355e-04
1.782700000000000000e+04 9.474050567631267647e-04
1.783029999999999927e+04 9.539584220715658248e-04
1.783359999999999854e+04 9.592327272618022876e-04
1.783690000000000146e+04 9.649561079507616062e-04
1.784020000000000073e+04 9.671798410990045496e-04
1.784350000000000000e+04 9.720164476115099490e-04
1.784679999999999927e+04 9.756599546240581110e-04
1.785009999999999854e+04 9.796496391824788350e-04
1.785340000000000146e+04 9.807293294870546730e-04
1.785670000000000073e+04 9.902813419313061596e-04
1.786000000000000000e+04 9.990527972839492038e-04
1.786329999999999927e+04 1.003221010730860749e-03
1.786659999999999854e+04 1.012938205784162616e-03
1.786990000000000146e+04 1.026711923008084707e-03
1.787309999999999854e+04 1.035310260714186140e-03
1.787640000000000146e+04 1.041146031090875489e-03
1.787970000000000073e+04 1.053099199438408762e-03
1.788300000000000000e+04 1.064458141551088239e-03
1.788629999999999927e+04 1.072749761987514547e-03
1.788959999999999854e+04 1.083997961735717712e-03
1.789290000000000146e+04 1.099462880587133212e-03
1.789620000000000073e+04 1.105933409440708901e-03
1.789950000000000000e+04 1.112035738375465954e-03
1.790279999999999927e+04 1.118121323728058815e-03
1.790609999999999854e+04 1.126658626379998000e-03
1.790940000000000146e+04 1.135488411784250397e-03
1.791270000000000073e+04 1.143564294515810736e-03
1.791600000000000000e+04 1.154386444058709592e-03
1.791929999999999927e+04 1.163811115831459497e-03
1.792259999999999854e+04 1.164488128477831437e-03
1.792590000000000146e+04 1.166671893034938951e-03
1.792920000000000073e+04 1.175999035862890186e-03
1.793250000000000000e+04 1.187529845162955998e-03
1.793570000000000073e+04 1.206111006592804156e-03
1.793900000000000000e+04 1.215142418324834410e-03
1.794229999999999927e+04 1.224775255697900566e-03
1.794559999999999854e+04 1.230556178720457108e-03
1.794890000000000146e+04 1.240138582027998935e-03
1.795220000000000073e+04 1.241714195464900441e-03
1.795550000000000000e+04 1.246071791216444864e-03
1.795879999999999927e+04 1.251397790284077991e-03
1.796209999999999854e+04 1.253822471912074878e-03
1.796540000000000146e+04 1.266023551467452234e-03
1.796870000000000073e+04 1.276809925798074547e-03
1.797200000000000000e+04 1.288176842744150974e-03
1.797529999999999927e+04 1.290836680305482804e-03
1.797859999999999854e+04 1.298135931803077580e-03
1.798190000000000146e+04 1.311600326800629315e-03
1.798520000000000073e+04 1.317990137406107763e-03
1.798850000000000000e+04 1.323533379801679257e-03
1.799179999999999927e+04 1.329576951984315879e-03
1.799509999999999854e+04 1.335237988555338902e-03
1.799840000000000146e+04 1.333839540795948462e-03
1.800159999999999854e+04 1.331598635053150284e-03
1.800490000000000146e+04 1.343355164816899998e-03
1.800820000000000073e+04 1.348355847034424888e-03
1.801150000000000000e+04 1.363926902172809879e-03
1.801479999999999927e+04 1.373869914483025765e-03
1.801809999999999854e+04 1.379205974983059666e-03
1.802140000000000146e+04 1.384643389067336363e-03
1.802470000000000073e+04 1.386639081531583408e-03
1.802800000000000000e+04 1.399418255140434750e-03
1.803129999999999927e+04 1.404913410329735506e-03
1.803459999999999854e+04 1.403293199773902617e-03
1.803790000000000146e+04 1.398091563303623759e-03
1.804120000000000073e+04 1.404217037379618636e-03
1.804450000000000000e+04 1.408706996261604267e-03
1.804779999999999927e+04 1.415866994855899483e-03
1.805109999999999854e+04 1.419332259588846007e-03
1.805440000000000146e+04 1.430148540464309384e-03
1.805770000000000073e+04 1.428780907587753803e-03
1.806100000000000000e+04 1.435167713557544645e-03
1.806429999999999927e+04 1.435060655463605639e-03
1.806750000000000000e+04 1.431683843893566573e-03
1.807079999999999927e+04 1.428908565495181065e-03
1.807409999999999854e+04 1.421341327631098477e-03
1.807740000000000146e+04 1.424185659263304442e-03
1.808070000000000073e+04 1.424825486867007003e-03
1.808400000000000000e+04 1.427089194564562470e-03
1.808729999999999927e+04 1.434797430954790976e-03
1.809059999999999854e+04 1.439129381993384769e-03
1.809390000000000146e+04 1.443132058164899511e-03
1.809720000000000073e+04 1.439762216436465134e-03
1.810050000000000000e+04 1.431241186075502859e-03
1.810379999999999927e+04 1.429007707362475168e-03
1.810709999999999854e+04 1.426187185938772826e-03
1.811040000000000146e+04 1.418503895448737073e-03
1.811370000000000073e+04 1.413327859325004413e-03
1.811700000000000000e+04 1.414814622560953009e-03
1.812029999999999927e+04 1.420220554041674767e-03
1.812359999999999854e+04 1.416229764562239660e-03
1.812690000000000146e+04 1.413641535565763815e-03
1.813009999999999854e+04 1.403903813094022632e-03
1.813340000000000146e+04 1.404102036073330041e-03
1.813670000000000073e+04 1.403630044875302371e-03
1.814000000000000000e+04 1.419003408460443481e-03
1.814329999999999927e+04 1.410123992403706627e-03
1.814659999999999854e+04 1.405568334161793557e-03
1.814990000000000146e+04 1.399750529576553569e-03
1.815320000000000073e+04 1.395393314871494744e-03
1.815650000000000000e+04 1.388545179891474040e-03
1.815979999999999927e+04 1.388501761382745798e-03
1.816309999999999854e+04 1.389505371258589490e-03
1.816640000000000146e+04 1.389943674528511860e-03
1.816970000000000073e+04 1.394030033726260595e-03
1.817300000000000000e+04 1.398757873774320081e-03
1.817629999999999927e+04 1.392451306570772086e-03
1.817959999999999854e+04 1.385977016755451452e-03
1.818290000000000146e+04 1.398696406078853106e-03
1.818620000000000073e+04 1.412873283895545130e-03
1.818950000000000000e+04 1.427852841257810012e-03
1.819279999999999927e+04 1.423892560584975745e-03
1.819600000000000000e+04 1.434372012798803197e-03
1.819929999999999927e+04 1.455092343615761339e-03
1.820259999999999854e+04 1.455980088027437501e-03
1.820590000000000146e+04 1.449046998979360663e-03
1.820920000000000073e+04 1.443997692376355283e-03
1.821250000000000000e+04 1.429994186709416127e-03
1.821579999999999927e+04 1.424750900266577884e-03
1.821909999999999854e+04 1.433840686003241653e-03
1.822240000000000146e+04 1.459598536894499664e-03
1.822570000000000073e+04 1.485328703394740843e-03
1.822900000000000000e+04 1.512858623009328326e-03
1.823229999999999927e+04 1.544248008723768254e-03
1.823559999999999854e+04 1.574463459121433701e-03
1.823890000000000146e+04 1.599666604422862260e-03
1.824220000000000073e+04 1.638705323945971893e-03
1.824550000000000000e+04 1.676718906092639723e-03
1.824879999999999927e+04 1.703484670917939162e-03
1.825209999999999854e+04 1.715428084533812637e-03
1.825540000000000146e+04 1.740774631671868078e-03
1.825859999999999854e+04 1.760457302350942888e-03
1.826190000000000146e+04 1.796185240913293494e-03
1.826520000000000073e+04 1.832437733310103740e-03
1.826850000000000000e+04 1.864669814594406040e-03
1.827179999999999927e+04 1.886486017979657412e-03
1.827509999999999854e+04 1.908935684746516925e-03
1.827840000000000146e+04 1.938754191440787483e-03
1.828170000000000073e+04 1.964017800750421025e-03
1.828500000000000000e+04 1.993564508624889788e-03
1.828829999999999927e+04 2.032656737016991580e-03
1.829159999999999854e+04 2.064589375953836126e-03
1.829490000000000146e+04 2.105686478966426693e-03
1.829820000000000073e+04 2.122032614993368989e-03
1.830150000000000000e+04 2.136494214243540943e-03
1.830479999999999927e+04 2.160036951591137212e-03
1.830809999999999854e+04 2.203050708641384088e-03
1.831140000000000146e+04 2.234069301379896719e-03
1.831470000000000073e+04 2.263866939597071384e-03
1.831800000000000000e+04 2.304097167200487573e-03
1.832129999999999927e+04 2.355640460173615350e-03
1.832450000000000000e+04 2.393401472988338895e-03
1.832779999999999927e+04 2.428605990066218592e-03
1.833109999999999854e+04 2.483099472024438096e-03
1.833440000000000146e+04 2.524751580256642206e-03
1.833770000000000073e+04 2.564855815645329055e-03
1.834100000000000000e+04 2.620162069189814133e-03
1.834429999999999927e+04 2.653555897150591814e-03
1.834759999999999854e+04 2.694172563922909124e-03
1.835090000000000146e+04 2.735356597784403127e-03
1.835420000000000073e+04 2.779777212086280164e-03
1.835750000000000000e+04 2.824681400244625964e-03
1.836079999999999927e+04 2.851992461093602344e-03
1.836409999999999854e+04 2.867968787543373650e-03
1.836740000000000146e+04 2.903127363715255534e-03
1.837070000000000073e+04 2.955624716690580158e-03
1.837400000000000000e+04 3.002941104520459419e-03
1.837729999999999927e+04 3.068078000071397873e-03
1.838059999999999854e+04 3.116962083109580447e-03
1.838390000000000146e+04 3.166316371022772150e-03
1.838709999999999854e+04 3.188587212397612190e-03
1.839040000000000146e+04 3.222381523376971393e-03
1.839370000000000073e+04 3.236246247980790764e-03
1.839700000000000000e+04 3.270799067820242493e-03
1.840029999999999927e+04 3.290549832157714516e-03
1.840359999999999854e+04 3.331725843050206259e-03
1.840690000000000146e+04 3.355734365789224405e-03
1.841020000000000073e+04 3.382786862297411466e-03
1.841350000000000000e+04 3.417839546493028555e-03
1.841679999999999927e+04 3.464995221725287664e-03
1.842009999999999854e+04 3.505800141184360532e-03
1.842340000000000146e+04 3.554095932087094310e-03
1.842670000000000073e+04 3.594143846308378142e-03
1.843000000000000000e+04 3.627627343467219097e-03
1.843329999999999927e+04 3.662519567266484585e-03
1.843659999999999854e+04 3.717274239742152358e-03
1.843990000000000146e+04 3.776555371765617005e-03
1.844320000000000073e+04 3.829213193172612602e-03
1.844650000000000000e+04 3.877810508106234802e-03
1.844979999999999927e+04 3.921008782817481976e-03
1.845300000000000000e+04 3.964805681096285339e-03
1.845629999999999927e+04 4.011351702029206275e-03
1.845959999999999854e+04 4.034093796420155399e-03
1.846290000000000146e+04 4.102732823377512432e-03
1.846620000000000073e+04 4.111935154767620317e-03
1.846950000000000000e+04 4.140908814637701482e-03
1.847279999999999927e+04 4.171136000261494586e-03
1.847609999999999854e+04 4.187302298382063366e-03
1.847940000000000146e+04 4.202895598448461688e-03
1.848270000000000073e+04 4.200435297813127217e-03
1.848600000000000000e+04 4.190086283487516432e-03
1.848929999999999927e+04 4.194658599819656164e-03
1.849259999999999854e+04 4.204994315940848229e-03
1.849590000000000146e+04 4.193614674203553251e-03
1.849920000000000073e+04 4.206425682703079580e-03
1.850250000000000000e+04 4.229863384355391637e-03
1.850579999999999927e+04 4.260559308769377822e-03
1.850909999999999854e+04 4.317182217340191988e-03
1.851240000000000146e+04 4.310549736128377329e-03
1.851570000000000073e+04 4.299295698187097399e-03
1.851890000000000146e+04 4.292399473635377140e-03
1.852220000000000073e+04 4.311789499483804043e-03
1.852550000000000000e+04 4.351868750086475626e-03
1.852879999999999927e+04 4.400208791985895339e-03
1.853209999999999854e+04 4.450105728279153336e-03
1.853540000000000146e+04 4.487249325740306702e-03
1.853870000000000073e+04 4.540842852003722577e-03
1.854200000000000000e+04 4.583725149720311101e-03
1.854529999999999927e+04 4.648212977817423909e-03
1.854859999999999854e+04 4.660062630450400624e-03
1.855190000000000146e+04 4.720526567708629301e-03
1.855520000000000073e+04 4.773843602270042702e-03
1.855850000000000000e+04 4.841320994830616842e-03
1.856179999999999927e+04 4.904061716748968694e-03
1.856509999999999854e+04 4.955040275414044834e-03
1.856840000000000146e+04 5.014063875889421783e-03
1.857170000000000073e+04 5.046758590643138712e-03
1.857500000000000000e+04 5.084163879524714394e-03
1.857829999999999927e+04 5.155400040515948322e-03
1.858150000000000000e+04 5.191300092383269692e-03
1.858479999999999927e+04 5.221585936859146626e-03
1.858809999999999854e+04 5.252670264187629320e-03
1.859140000000000146e+04 5.295064863717159793e-03
1.859470000000000073e+04 5.347823680588436115e-03
1.859800000000000000e+04 5.389388926109770633e-03
1.860129999999999927e+04 5.419641581191000056e-03
1.860459999999999854e+04 5.463292625666497579e-03
1.860790000000000146e+04 5.503958779969016224e-03
1.861120000000000073e+04 5.585267445260910270e-03
1.861450000000000000e+04 5.689786088522908250e-03
1.861779999999999927e+04 5.745482564789754568e-03
1.862109999999999854e+04 5.783411809705821076e-03
1.862440000000000146e+04 5.861545899120569787e-03
1.862770000000000073e+04 5.913796983628261117e-03
1.863100000000000000e+04 6.049079266928627380e-03
1.863429999999999927e+04 6.124526484108408671e-03
1.863759999999999854e+04 6.197185559517705625e-03
1.864090000000000146e+04 6.300032362852351145e-03
1.864420000000000073e+04 6.478815058988180407e-03
1.864740000000000146e+04 6.602655038832192479e-03
1.865070000000000073e+04 6.725801806597184879e-03
1.865400000000000000e+04 6.870792508200936760e-03
1.865729999999999927e+04 7.008583628995692857e-03
1.866059999999999854e+04 7.150467983120020049e-03
1.866390000000000146e+04 7.268618653770929881e-03
1.866720000000000073e+04 7.373250278118166981e-03
1.867050000000000000e+04 7.458544849922213449e-03
1.867379999999999927e+04 7.557216582314005456e-03
1.867709999999999854e+04 7.706286397861956614e-03
1.868040000000000146e+04 7.893996994754034699e-03
1.868370000000000073e+04 8.141783691027882144e-03
1.868700000000000000e+04 8.390667566808233252e-03
1.869029999999999927e+04 8.591530602031292874e-03
1.869359999999999854e+04 8.869837118334568046e-03
1.869690000000000146e+04 9.135230803277622630e-03
1.870020000000000073e+04 9.235037095666812773e-03
1.870350000000000000e+04 9.316810057599968220e-03
1.870679999999999927e+04 9.507278064240806334e-03
1.871000000000000000e+04 9.804129186878498756e-03
1.871329999999999927e+04 1.001032818737544565e-02
1.871659999999999854e+04 1.014553483361311376e-02
1.871990000000000146e+04 1.030063433922703484e-02
1.872320000000000073e+04 1.043818216732043426e-02
1.872650000000000000e+04 1.060495725270967950e-02
1.872979999999999927e+04 1.072899454311409054e-02
1.873309999999999854e+04 1.086904312602619653e-02
1.873640000000000146e+04 1.101448626807566798e-02
1.873970000000000073e+04 1.120262833715494205e-02
1.874300000000000000e+04 1.124851198666447678e-02
1.874629999999999927e+04 1.140975474155739994e-02
1.874959999999999854e+04 1.147457810995675988e-02
1.875290000000000146e+04 1.154058331068607418e-02
1.875620000000000073e+04 1.160742967069448156e-02
1.875950000000000000e+04 1.174989529264226090e-02
1.876279999999999927e+04 1.188877651013790955e-02
1.876609999999999854e+04 1.201029037449916417e-02
1.876940000000000146e+04 1.208948390089889177e-02
1.877270000000000073e+04 1.222651377941310832e-02
1.877590000000000146e+04 1.240201964257754523e-02
1.877920000000000073e+04 1.244921603457535032e-02
1.878250000000000000e+04 1.261252574346728196e-02
1.878579999999999927e+04 1.280043367543021171e-02
1.878909999999999854e+04 1.301020402855215634e-02
1.879240000000000146e+04 1.324008982198640084e-02
1.879570000000000073e+04 1.346968888318210260e-02
1.879900000000000000e+04 1.373725356951309255e-02
1.880229999999999927e+04 1.402268732366088524e-02
1.880559999999999854e+04 1.430547131787362515e-02
1.880890000000000146e+04 1.452446884477420763e-02
1.881220000000000073e+04 1.478743010761581454e-02
1.881550000000000000e+04 1.508106959509849208e-02
1.881879999999999927e+04 1.536093538058094440e-02
1.882209999999999854e+04 1.563134421074664770e-02
1.882540000000000146e+04 1.592131612857752149e-02
1.882870000000000073e+04 1.622473614026747821e-02
1.883200000000000000e+04 1.650748017913577365e-02
1.883529999999999927e+04 1.681319738788421628e-02
1.883859999999999854e+04 1.711000559213264258e-02
1.884179999999999927e+04 1.739247698057146824e-02
1.884509999999999854e+04 1.766952481704268246e-02
1.884840000000000146e+04 1.788658657483783998e-02
1.885170000000000073e+04 1.808920552146429939e-02
1.885500000000000000e+04 1.832881614220590802e-02
1.885829999999999927e+04 1.848946703929930935e-02
1.886159999999999854e+04 1.864623579727848687e-02
1.886490000000000146e+04 1.900032423823226624e-02
1.886820000000000073e+04 1.936424187831984473e-02
1.887150000000000000e+04 1.962691680763684748e-02
1.887479999999999927e+04 1.976329874227832767e-02
1.887809999999999854e+04 2.002487133784561224e-02
1.888140000000000146e+04 2.034767852222894857e-02
1.888470000000000073e+04 2.064181932825872451e-02
1.888800000000000000e+04 2.094127827137129416e-02
1.889129999999999927e+04 2.120503694535573469e-02
1.889459999999999854e+04 2.155102025200536509e-02
1.889790000000000146e+04 2.187574934614495634e-02
1.890120000000000073e+04 2.219993443615000603e-02
1.890440000000000146e+04 2.248280109849584360e-02
1.890770000000000073e+04 2.290099118943599021e-02
1.891100000000000000e+04 2.324262669459591785e-02
1.891429999999999927e+04 2.367452820435148042e-02
1.891759999999999854e+04 2.408968028423707011e-02
1.892090000000000146e+04 2.451788314687019035e-02
1.892420000000000073e+04 2.489734984727972819e-02
1.892750000000000000e+04 2.526346323258846227e-02
1.893079999999999927e+04 2.567131207945827845e-02
1.893409999999999854e+04 2.607181763421193010e-02
1.893740000000000146e+04 2.643210515843459271e-02
1.894070000000000073e+04 2.671836496359427868e-02
1.894400000000000000e+04 2.709725112373081654e-02
1.894729999999999927e+04 2.740757778809554610e-02
1.895059999999999854e+04 2.771127959119640966e-02
1.895390000000000146e+04 2.802137160756220866e-02
1.895720000000000073e+04 2.827840240392318766e-02
1.896050000000000000e+04 2.855924270931251355e-02
1.896379999999999927e+04 2.881166243176186414e-02
1.896709999999999854e+04 2.903291168012253967e-02
1.897029999999999927e+04 2.921489284133860914e-02
1.897359999999999854e+04 2.939538055508718675e-02
1.897690000000000146e+04 2.963003944505947229e-02
1.898020000000000073e+04 2.981221893663339381e-02
1.898350000000000000e+04 2.999943356512735707e-02
1.898679999999999927e+04 3.020754680717416610e-02
1.899009999999999854e+04 3.038248368494870025e-02
1.899340000000000146e+04 3.055907361633383723e-02
1.899670000000000073e+04 3.072975213869227548e-02
1.900000000000000000e+04 3.090296276229849773e-02
1.900329999999999927e+04 3.105598756147199754e-02
1.900659999999999854e+04 3.122324677146449609e-02
1.900990000000000146e+04 3.133065373579025509e-02
1.901320000000000073e+04 3.142336786286818034e-02
1.901650000000000000e+04 3.151504773359753431e-02
1.901979999999999927e+04 3.163156927333764940e-02
1.902309999999999854e+04 3.175527338996287502e-02
1.902640000000000146e+04 3.190001703260739868e-02
1.902970000000000073e+04 3.196383667255767169e-02
1.903290000000000146e+04 3.203598474138368707e-02
1.903620000000000073e+04 3.208858616677832259e-02
1.903950000000000000e+04 3.213536172370343169e-02
1.904279999999999927e+04 3.218672691636897953e-02
1.904609999999999854e+04 3.221662478399914264e-02
1.904940000000000146e+04 3.225972109312368746e-02
1.905270000000000073e+04 3.233105802109368515e-02
1.905600000000000000e+04 3.237320017605725686e-02
1.905929999999999927e+04 3.240890783905448630e-02
1.906259999999999854e+04 3.241578837082647463e-02
1.906590000000000146e+04 3.243609298930019008e-02
1.906920000000000073e+04 3.244000695848623522e-02
1.907250000000000000e+04 3.240100756947120880e-02
1.907579999999999927e+04 3.236422537791185106e-02
1.907909999999999854e+04 3.232309617349440889e-02
1.908240000000000146e+04 3.230677970362880180e-02
1.908570000000000073e+04 3.225386727179890833e-02
1.908900000000000000e+04 3.218264529916511907e-02
1.909229999999999927e+04 3.210572988595477434e-02
1.909559999999999854e+04 3.203032472162960914e-02
1.909879999999999927e+04 3.198248637184548937e-02
1.910209999999999854e+04 3.189447049643172327e-02
1.910540000000000146e+04 3.183464587188209599e-02
1.910870000000000073e+04 3.176891680962557613e-02
1.911200000000000000e+04 3.170382211080535056e-02
1.911529999999999927e+04 3.162503628078926904e-02
1.911859999999999854e+04 3.144911019535839847e-02
1.912190000000000146e+04 3.130930575673560035e-02
1.912520000000000073e+04 3.111059578561464409e-02
1.912850000000000000e+04 3.092397821706188363e-02
1.913179999999999927e+04 3.078182263680109484e-02
1.913509999999999854e+04 3.065038634930704331e-02
1.913840000000000146e+04 3.049222982976408300e-02
1.914170000000000073e+04 3.028058339423556414e-02
1.914500000000000000e+04 3.009792695668193907e-02
1.914829999999999927e+04 2.987748661457368185e-02
1.915159999999999854e+04 2.966757664183368795e-02
1.915490000000000146e+04 2.947383659392381963e-02
1.915820000000000073e+04 2.926842127118783540e-02
1.916140000000000146e+04 2.908158167122411319e-02
1.916470000000000073e+04 2.885601060005868815e-02
1.916800000000000000e+04 2.863589253598468332e-02
1.917129999999999927e+04 2.838380391552013798e-02
1.917459999999999854e+04 2.815500144069465679e-02
1.917790000000000146e+04 2.794459971356968650e-02
1.918120000000000073e+04 2.773417846192195724e-02
1.918450000000000000e+04 2.747946161989745298e-02
1.918779999999999927e+04 2.722234222325968511e-02
1.919109999999999854e+04 2.696316980228848428e-02
1.919440000000000146e+04 2.671937313924016219e-02
1.919770000000000073e+04 2.645062555494809287e-02
1.920100000000000000e+04 2.619310985754910379e-02
1.920429999999999927e+04 2.594619360260148194e-02
1.920759999999999854e+04 2.568616220859006732e-02
1.921090000000000146e+04 2.543170381504963884e-02
1.921420000000000073e+04 2.514632269553752214e-02
1.921750000000000000e+04 2.485218417981072472e-02
1.922079999999999927e+04 2.458441343823335179e-02
1.922409999999999854e+04 2.430370794013945318e-02
1.922729999999999927e+04 2.400237213616438631e-02
1.923059999999999854e+04 2.370604142573685957e-02
1.923390000000000146e+04 2.342316133186743074e-02
1.923720000000000073e+04 2.314846202309681425e-02
1.924050000000000000e+04 2.285265968307989906e-02
1.924379999999999927e+04 2.256106276102020150e-02
1.924709999999999854e+04 2.226230048128351180e-02
1.925040000000000146e+04 2.194970258137261473e-02
1.925370000000000073e+04 2.161774702078179608e-02
1.925700000000000000e+04 2.133513011615743513e-02
1.926029999999999927e+04 2.101963394978692556e-02
1.926359999999999854e+04 2.069717802968997281e-02
1.926690000000000146e+04 2.040795096839581949e-02
1.927020000000000073e+04 2.008593375087665625e-02
1.927350000000000000e+04 1.978483638752651097e-02
1.927679999999999927e+04 1.945985908088573163e-02
1.928009999999999854e+04 1.913716506616934543e-02
1.928340000000000146e+04 1.884750407059838581e-02
1.928670000000000073e+04 1.853878335771612373e-02
1.929000000000000000e+04 1.824250084705368938e-02
1.929320000000000073e+04 1.794750471752825510e-02
1.929650000000000000e+04 1.762835030715862589e-02
1.929979999999999927e+04 1.731191741213968655e-02
1.930309999999999854e+04 1.702848806216274505e-02
1.930640000000000146e+04 1.674464805846758580e-02
1.930970000000000073e+04 1.645634770846465464e-02
1.931300000000000000e+04 1.618736171353038142e-02
1.931629999999999927e+04 1.589554098738385143e-02
1.931959999999999854e+04 1.559100545629194673e-02
1.932290000000000146e+04 1.527319848765475510e-02
1.932620000000000073e+04 1.497723154698170529e-02
1.932950000000000000e+04 1.466494161510211586e-02
1.933279999999999927e+04 1.436396519966271108e-02
1.933609999999999854e+04 1.409487569923170182e-02
1.933940000000000146e+04 1.383027523211516341e-02
1.934270000000000073e+04 1.354953569189523525e-02
1.934600000000000000e+04 1.325640615549793580e-02
1.934929999999999927e+04 1.297161220610183047e-02
1.935259999999999854e+04 1.267332695299657440e-02
1.935579999999999927e+04 1.238718135898405487e-02
1.935909999999999854e+04 1.210356842471260741e-02
1.936240000000000146e+04 1.183066406941656046e-02
1.936570000000000073e+04 1.156435619364921431e-02
1.936900000000000000e+04 1.129197090647321780e-02
1.937229999999999927e+04 1.102130814114480814e-02
1.937559999999999854e+04 1.074120551609570977e-02
1.937890000000000146e+04 1.048204463687392972e-02
1.938220000000000073e+04 1.021441351310688889e-02
1.938550000000000000e+04 9.932583920328219920e-03
1.938879999999999927e+04 9.652441341481996645e-03
1.939209999999999854e+04 9.393940648983830147e-03
1.939540000000000146e+04 9.138113043546003400e-03
1.939870000000000073e+04 8.876641672167248295e-03
1.940200000000000000e+04 8.619911517685813554e-03
1.940529999999999927e+04 8.377139103670702691e-03
1.940859999999999854e+04 8.135855295688602939e-03
1.941190000000000146e+04 7.879411415279180195e-03
1.941520000000000073e+04 7.651533090985762620e-03
1.941850000000000000e+04 7.417152791224404344e-03
1.942170000000000073e+04 7.161923396073714351e-03
1.942500000000000000e+04 6.906466330725107017e-03
1.942829999999999927e+04 6.664877609385286630e-03
1.943159999999999854e+04 6.418614430289076508e-03
1.943490000000000146e+04 6.172275137112107762e-03
1.943820000000000073e+04 5.918786773202295258e-03
1.944150000000000000e+04 5.683316221952863095e-03
1.944479999999999927e+04 5.462392332818886108e-03
1.944809999999999854e+04 5.248017170190246231e-03
1.945140000000000146e+04 5.040466827609704249e-03
1.945470000000000073e+04 4.829976607408972659e-03
1.945800000000000000e+04 4.612366657205262122e-03
1.946129999999999927e+04 4.387103646600973121e-03
1.946459999999999854e+04 4.167339395972163851e-03
1.946790000000000146e+04 3.918760119623869269e-03
1.947120000000000073e+04 3.696747219039837710e-03
1.947450000000000000e+04 3.481151787603911380e-03
1.947779999999999927e+04 3.257159481268596078e-03
1.948109999999999854e+04 3.038939721295733261e-03
1.948429999999999927e+04 2.835023223874402407e-03
1.948759999999999854e+04 2.631983261991576936e-03
1.949090000000000146e+04 2.427275008857459476e-03
1.949420000000000073e+04 2.236337534427066537e-03
1.949750000000000000e+04 2.039566854779622119e-03
1.950079999999999927e+04 1.832363543322372166e-03
1.950409999999999854e+04 1.621866648700671975e-03
1.950740000000000146e+04 1.433526848646006187e-03
1.951070000000000073e+04 1.247296064910893235e-03
1.951400000000000000e+04 1.084343656677078582e-03
1.951729999999999927e+04 9.195630220149968994e-04
1.952059999999999854e+04 7.180652627139195651e-04
1.952390000000000146e+04 5.350937490144493623e-04
1.952720000000000073e+04 3.524574802979678237e-04
1.953050000000000000e+04 1.695628665323174451e-04
1.953379999999999927e+04 -1.180637556942884087e-06
1.953709999999999854e+04 -1.783125012214888702e-04
1.954040000000000146e+04 -3.303382517495624475e-04
1.954370000000000073e+04 -4.835797360398608278e-04
1.954700000000000000e+04 -6.369175792006876021e-04
1.955020000000000073e+04 -7.901814020628642734e-04
1.955350000000000000e+04 -9.253165521691968966e-04
1.955679999999999927e+04 -1.060451397857167582e-03
1.956009999999999854e+04 -1.183802095159983483e-03
1.956340000000000146e+04 -1.314941000925971349e-03
1.956670000000000073e+04 -1.448333390422777006e-03
1.957000000000000000e+04 -1.565954296412396191e-03
1.957329999999999927e+04 -1.686196630042763886e-03
1.957659999999999854e+04 -1.791772265488274013e-03
1.957990000000000146e+04 -1.900856800326659792e-03
1.958320000000000073e+04 -2.022142130171901246e-03
1.958650000000000000e+04 -2.160619267220120505e-03
1.958979999999999927e+04 -2.253823491418157320e-03
1.959309999999999854e+04 -2.355506623739754123e-03
1.959640000000000146e+04 -2.452452464129727203e-03
1.959970000000000073e+04 -2.544338651843185920e-03
1.960300000000000000e+04 -2.652659119187541267e-03
1.960629999999999927e+04 -2.792722464862380446e-03
1.960959999999999854e+04 -2.908866420050637905e-03
1.961290000000000146e+04 -3.040250534362152167e-03
1.961609999999999854e+04 -3.163178522830740504e-03
1.961940000000000146e+04 -3.251193942522887306e-03
1.962270000000000073e+04 -3.368292643323803244e-03
1.962600000000000000e+04 -3.471993927821826354e-03
1.962929999999999927e+04 -3.563276296397340902e-03
1.963259999999999854e+04 -3.613602770748134633e-03
1.963590000000000146e+04 -3.657890066944484257e-03
1.963920000000000073e+04 -3.780225078523984962e-03
1.964250000000000000e+04 -3.850012597491056076e-03
1.964579999999999927e+04 -3.953532240705114748e-03
1.964909999999999854e+04 -4.079347376599528133e-03
1.965240000000000146e+04 -4.177963203751467770e-03
1.965570000000000073e+04 -4.291900968594507954e-03
1.965900000000000000e+04 -4.346491163230617460e-03
1.966229999999999927e+04 -4.373468463302223122e-03
1.966559999999999854e+04 -4.422149310230351175e-03
1.966890000000000146e+04 -4.472980912631131789e-03
1.967220000000000073e+04 -4.575024436998977387e-03
1.967550000000000000e+04 -4.639410100999680035e-03
1.967870000000000073e+04 -4.753640863551041387e-03
1.968200000000000000e+04 -4.812700962527766309e-03
1.968529999999999927e+04 -4.853871850432373881e-03
1.968859999999999854e+04 -4.886022021275691560e-03
1.969190000000000146e+04 -4.902429596860620638e-03
1.969520000000000073e+04 -4.951341461491438542e-03
1.969850000000000000e+04 -4.982495428772397775e-03
1.970179999999999927e+04 -5.002949606177036976e-03
1.970509999999999854e+04 -5.103740519508603510e-03
1.970840000000000146e+04 -5.205430141995107118e-03
1.971170000000000073e+04 -5.291316258871013069e-03
1.971500000000000000e+04 -5.337118670876307702e-03
1.971829999999999927e+04 -5.422891067993391295e-03
1.972159999999999854e+04 -5.434051021097435936e-03
1.972490000000000146e+04 -5.463963977188728005e-03
1.972820000000000073e+04 -5.539644967523686854e-03
1.973150000000000000e+04 -5.625409502576736789e-03
1.973479999999999927e+04 -5.705287665364670337e-03
1.973809999999999854e+04 -5.792308157849904507e-03
1.974140000000000146e+04 -5.879641399759301737e-03
1.974459999999999854e+04 -5.984493354041421631e-03
1.974790000000000146e+04 -6.006152177278448710e-03
1.975120000000000073e+04 -6.006038578296901687e-03
1.975450000000000000e+04 -6.044484743367925517e-03
1.975779999999999927e+04 -6.062220462915325105e-03
1.976109999999999854e+04 -6.127223882676002820e-03
1.976440000000000146e+04 -6.198686659040589589e-03
1.976770000000000073e+04 -6.270929458315811257e-03
1.977100000000000000e+04 -6.322591571258945331e-03
1.977429999999999927e+04 -6.355588322255411281e-03
1.977759999999999854e+04 -6.398280493519909948e-03
1.978090000000000146e+04 -6.433141108783392743e-03
1.978420000000000073e+04 -6.506848137928913055e-03
1.978750000000000000e+04 -6.522609680918203291e-03
1.979079999999999927e+04 -6.582876220982725700e-03
1.979409999999999854e+04 -6.595267770020780788e-03
1.979740000000000146e+04 -6.639898355243927137e-03
1.980070000000000073e+04 -6.699406590421834451e-03
1.980400000000000000e+04 -6.703735680338992337e-03
1.980720000000000073e+04 -6.732280115648552575e-03
1.981050000000000000e+04 -6.722057837992922481e-03
1.981379999999999927e+04 -6.671949295974299692e-03
1.981709999999999854e+04 -6.708866540769645170e-03
1.982040000000000146e+04 -6.687777690261098931e-03
1.982370000000000073e+04 -6.692858644115135675e-03
1.982700000000000000e+04 -6.737240899120734705e-03
1.983029999999999927e+04 -6.760014806013979471e-03
1.983359999999999854e+04 -6.766273375013059400e-03
1.983690000000000146e+04 -6.763863717766508722e-03
1.984020000000000073e+04 -6.755775249374053847e-03
1.984350000000000000e+04 -6.768421133035423115e-03
1.984679999999999927e+04 -6.775267052944304071e-03
1.985009999999999854e+04 -6.800921325585577298e-03
1.985340000000000146e+04 -6.846272720262549724e-03
1.985670000000000073e+04 -6.920349789989623315e-03
1.986000000000000000e+04 -6.961516621151955450e-03
1.986329999999999927e+04 -7.026906109004048273e-03
1.986659999999999854e+04 -7.048503389393895834e-03
1.986990000000000146e+04 -7.016174278329062944e-03
1.987309999999999854e+04 -6.983544207887606818e-03
1.987640000000000146e+04 -6.978019977008862937e-03
1.987970000000000073e+04 -7.015042701692351772e-03
1.988300000000000000e+04 -7.001254064996948086e-03
1.988629999999999927e+04 -7.078850598392858948e-03
1.988959999999999854e+04 -7.164250458806730934e-03
1.989290000000000146e+04 -7.155891980834308899e-03
1.989620000000000073e+04 -7.109959211074422594e-03
1.989950000000000000e+04 -7.077061353556064575e-03
1.990279999999999927e+04 -7.054998264642229830e-03
1.990609999999999854e+04 -7.052489542646912107e-03
1.990940000000000146e+04 -7.009183515932222719e-03
1.991270000000000073e+04 -7.031150594850678164e-03
1.991600000000000000e+04 -7.039249215478072044e-03
1.991929999999999927e+04 -7.052593995397429642e-03
1.992259999999999854e+04 -7.068969069405843519e-03
1.992590000000000146e+04 -7.063677345661933948e-03
