1.716800000000000000e+04 4.036411142325724505e-04
1.717129999999999927e+04 4.178233795105531926e-04
1.717459999999999854e+04 4.249695416495218145e-04
1.717790000000000146e+04 4.194441445521536038e-04
1.718120000000000073e+04 4.234164773986445144e-04
1.718450000000000000e+04 4.346547342719873724e-04
1.718779999999999927e+04 4.440364093772934868e-04
1.719109999999999854e+04 4.399470164241354835e-04
1.719440000000000146e+04 4.387733819467100403e-04
1.719770000000000073e+04 4.475278724044775159e-04
1.720100000000000000e+04 4.492866876307289085e-04
1.720429999999999927e+04 4.474274921117420600e-04
1.720759999999999854e+04 4.578032844105430843e-04
1.721090000000000146e+04 4.692103556766105753e-04
1.721420000000000073e+04 4.780485105628152934e-04
1.721750000000000000e+04 4.847479810278955284e-04
1.722079999999999927e+04 4.909019026813304758e-04
1.722409999999999854e+04 5.041372793034358361e-04
1.722729999999999927e+04 5.130294207143163820e-04
1.723059999999999854e+04 5.111791317385381075e-04
1.723390000000000146e+04 5.120454028451474661e-04
1.723720000000000073e+04 5.152753553685478910e-04
1.724050000000000000e+04 5.254755075777936719e-04
1.724379999999999927e+04 5.216476434658078466e-04
1.724709999999999854e+04 5.259520481777851071e-04
1.725040000000000146e+04 5.290135350271543604e-04
1.725370000000000073e+04 5.262957495199339399e-04
1.725700000000000000e+04 5.281223469350993655e-04
1.726029999999999927e+04 5.263155763506820965e-04
1.726359999999999854e+04 5.209762515118394931e-04
1.726690000000000146e+04 5.182459484625638818e-04
1.727020000000000073e+04 5.049071376262373066e-04
1.727350000000000000e+04 5.084249739601199615e-04
1.727679999999999927e+04 5.184097575132698334e-04
1.728009999999999854e+04 5.249803592897777033e-04
1.728340000000000146e+04 5.214551745344427666e-04
1.728670000000000073e+04 5.326355446389837052e-04
1.729000000000000000e+04 5.467278127174497607e-04
1.729320000000000073e+04 5.647799976077817101e-04
1.729650000000000000e+04 5.626858559049754179e-04
1.729979999999999927e+04 5.597129582426718132e-04
1.730309999999999854e+04 5.736574846849568695e-04
1.730640000000000146e+04 5.730013656872301291e-04
1.730970000000000073e+04 5.800639330797493359e-04
1.731300000000000000e+04 5.859872728174606244e-04
1.731629999999999927e+04 5.880976045758276507e-04
1.731959999999999854e+04 5.862225651101867939e-04
1.732290000000000146e+04 5.920428737890143234e-04
1.732620000000000073e+04 5.835529483305658622e-04
1.732950000000000000e+04 5.887855150374898512e-04
1.733279999999999927e+04 5.795814902550670313e-04
1.733609999999999854e+04 5.767319000219971745e-04
1.733940000000000146e+04 5.747674044576019667e-04
1.734270000000000073e+04 5.825598665220232605e-04
1.734600000000000000e+04 5.928916065050759921e-04
1.734929999999999927e+04 5.925694175673719942e-04
1.735259999999999854e+04 5.893423490887007322e-04
1.735579999999999927e+04 5.977023624045952428e-04
1.735909999999999854e+04 6.045253414414530901e-04
1.736240000000000146e+04 6.113436405895311589e-04
1.736570000000000073e+04 6.111994569153549311e-04
1.736900000000000000e+04 6.184038386128090864e-04
1.737229999999999927e+04 6.157917798481195391e-04
1.737559999999999854e+04 6.097756734159876955e-04
1.737890000000000146e+04 6.142650473087817985e-04
1.738220000000000073e+04 6.170016337108207407e-04
1.738550000000000000e+04 6.125662137315246013e-04
1.738879999999999927e+04 6.174206490331365146e-04
1.739209999999999854e+04 6.222929337490185195e-04
1.739540000000000146e+04 6.344240012870405385e-04
1.739870000000000073e+04 6.338408145313873150e-04
1.740200000000000000e+04 6.380543500124849108e-04
1.740529999999999927e+04 6.435369746582293412e-04
1.740859999999999854e+04 6.422402522077541153e-04
1.741190000000000146e+04 6.401161545214352879e-04
1.741520000000000073e+04 6.466290139745813851e-04
1.741850000000000000e+04 6.516005687081588083e-04
1.742170000000000073e+04 6.666662075056934041e-04
1.742500000000000000e+04 6.660754311763747914e-04
1.742829999999999927e+04 6.704935944256349952e-04
1.743159999999999854e+04 6.728939641822322473e-04
1.743490000000000146e+04 6.749462510475065123e-04
1.743820000000000073e+04 6.735767284999421775e-04
1.744150000000000000e+04 6.708375458349945817e-04
1.744479999999999927e+04 6.744056162551635356e-04
1.744809999999999854e+04 6.823765985803204558e-04
1.745140000000000146e+04 6.773493894023976383e-04
1.745470000000000073e+04 6.757849491312795586e-04
1.745800000000000000e+04 6.749604256060533864e-04
1.746129999999999927e+04 6.737574540963416720e-04
1.746459999999999854e+04 6.679815940673552044e-04
1.746790000000000146e+04 6.599976741788137445e-04
1.747120000000000073e+04 6.589634111248821166e-04
1.747450000000000000e+04 6.606003503450295824e-04
1.747779999999999927e+04 6.599936412740127272e-04
1.748109999999999854e+04 6.601932871173237308e-04
1.748429999999999927e+04 6.619964822485292864e-04
1.748759999999999854e+04 6.565211537007823242e-04
1.749090000000000146e+04 6.573991492748897840e-04
1.749420000000000073e+04 6.571281612357909819e-04
1.749750000000000000e+04 6.689605697457238175e-04
1.750079999999999927e+04 6.724859673093626106e-04
1.750409999999999854e+04 6.806773269036123361e-04
1.750740000000000146e+04 6.785414050541503303e-04
1.751070000000000073e+04 6.714340406831145877e-04
1.751400000000000000e+04 6.730252337025068379e-04
1.751729999999999927e+04 6.746516060238230998e-04
1.752059999999999854e+04 6.732861315376162392e-04
1.752390000000000146e+04 6.757985107056195279e-04
1.752720000000000073e+04 6.721076068913380951e-04
1.753050000000000000e+04 6.730905571876756588e-04
1.753379999999999927e+04 6.729241476512434284e-04
1.753709999999999854e+04 6.706729807648936477e-04
1.754040000000000146e+04 6.729210771450499411e-04
1.754370000000000073e+04 6.811356645664824955e-04
1.754700000000000000e+04 6.785625561567593849e-04
1.755020000000000073e+04 6.846680007819991786e-04
1.755350000000000000e+04 6.899194281388122641e-04
1.755679999999999927e+04 6.965852048426042498e-04
1.756009999999999854e+04 6.844366355579234191e-04
1.756340000000000146e+04 6.897705341838138594e-04
1.756670000000000073e+04 6.869221568960164363e-04
1.757000000000000000e+04 6.802506774372461384e-04
1.757329999999999927e+04 6.832268513722679262e-04
1.757659999999999854e+04 6.847226563090003321e-04
1.757990000000000146e+04 6.784282223852930319e-04
1.758320000000000073e+04 6.838370803883414561e-04
1.758650000000000000e+04 6.870392366520560986e-04
1.758979999999999927e+04 6.924072521696700462e-04
1.759309999999999854e+04 6.887423807370202534e-04
1.759640000000000146e+04 6.891978296277769672e-04
1.759970000000000073e+04 6.884073014171148298e-04
1.760300000000000000e+04 6.906019050350226162e-04
1.760629999999999927e+04 6.922443059266339144e-04
1.760959999999999854e+04 6.899585190370973288e-04
1.761290000000000146e+04 6.814785972426422875e-04
1.761609999999999854e+04 6.828908901246206207e-04
1.761940000000000146e+04 6.904727680544170756e-04
1.762270000000000073e+04 6.941963013585399078e-04
1.762600000000000000e+04 7.004785792618237672e-04
1.762929999999999927e+04 7.064072550338430442e-04
1.763259999999999854e+04 7.088941195760591844e-04
1.763590000000000146e+04 7.086451840515056331e-04
1.763920000000000073e+04 7.059834418982855212e-04
1.764250000000000000e+04 7.079297065335455816e-04
1.764579999999999927e+04 7.088284982793108214e-04
1.764909999999999854e+04 7.155098047445786159e-04
1.765240000000000146e+04 7.193360527159701513e-04
1.765570000000000073e+04 7.270809361630453703e-04
1.765900000000000000e+04 7.275149962107690027e-04
1.766229999999999927e+04 7.221023665733168053e-04
1.766559999999999854e+04 7.189798419438296661e-04
1.766890000000000146e+04 7.189157174565220191e-04
1.767220000000000073e+04 7.225811391780376106e-04
1.767550000000000000e+04 7.289602943826337892e-04
1.767870000000000073e+04 7.333198540823831222e-04
1.768200000000000000e+04 7.346888229411615559e-04
1.768529999999999927e+04 7.382385148135890045e-04
1.768859999999999854e+04 7.376845194354546709e-04
1.769190000000000146e+04 7.390324388804837483e-04
1.769520000000000073e+04 7.369094715003270644e-04
1.769850000000000000e+04 7.354861217703502442e-04
1.770179999999999927e+04 7.453357462950246579e-04
1.770509999999999854e+04 7.521852395596929875e-04
1.770840000000000146e+04 7.529258487958400293e-04
1.771170000000000073e+04 7.579110558843379572e-04
1.771500000000000000e+04 7.584841721833637286e-04
1.771829999999999927e+04 7.568346107630253986e-04
1.772159999999999854e+04 7.581817599939012775e-04
1.772490000000000146e+04 7.736138302745606187e-04
1.772820000000000073e+04 7.744875532594135701e-04
1.773150000000000000e+04 7.847689390495506080e-04
1.773479999999999927e+04 7.917358721937072397e-04
1.773809999999999854e+04 7.925906074506622800e-04
1.774140000000000146e+04 7.969029988520897386e-04
1.774459999999999854e+04 8.053304154013604882e-04
1.774790000000000146e+04 8.066568969622455766e-04
1.775120000000000073e+04 8.086656889006432064e-04
1.775450000000000000e+04 8.103423823780831099e-04
1.775779999999999927e+04 8.139264199297670385e-04
1.776109999999999854e+04 8.208677845306500522e-04
1.776440000000000146e+04 8.289780997478687821e-04
1.776770000000000073e+04 8.340016313293569699e-04
1.777100000000000000e+04 8.400577007304876973e-04
1.777429999999999927e+04 8.456444836376383976e-04
1.777759999999999854e+04 8.551738739383912520e-04
1.778090000000000146e+04 8.633832753613638212e-04
1.778420000000000073e+04 8.632940621610008664e-04
1.778750000000000000e+04 8.722387202984831917e-04
1.779079999999999927e+04 8.793036982009367437e-04
1.779409999999999854e+04 8.879273619023707537e-04
1.779740000000000146e+04 9.018161506690849016e-04
1.780070000000000073e+04 9.163331747910738369e-04
1.780400000000000000e+04 9.247616629190067621e-04
1.780720000000000073e+04 9.350548864579655674e-04
1.781050000000000000e+04 9.499564411557095750e-04
1.781379999999999927e+04 9.592561109606701419e-04
1.781709999999999854e+04 9.628732499302551434e-04
1.782040000000000146e+04 9.699402082963928026e-04
1.782370000000000073e+04 9.826008741039482172e-04
1.782700000000000000e+04 9.932615281450438149e-04
1.783029999999999927e+04 1.005702899025909302e-03
1.783359999999999854e+04 1.010887482861659754e-03
1.783690000000000146e+04 1.021322196360098826e-03
1.784020000000000073e+04 1.025720124321981026e-03
1.784350000000000000e+04 1.030331372410606475e-03
1.784679999999999927e+04 1.036876039952519318e-03
1.785009999999999854e+04 1.044296039627881601e-03
1.785340000000000146e+04 1.051360990360943526e-03
1.785670000000000073e+04 1.064362390285962957e-03
1.786000000000000000e+04 1.075949333471847664e-03
1.786329999999999927e+04 1.091011368145561582e-03
1.786659999999999854e+04 1.092307845362016109e-03
1.786990000000000146e+04 1.095873096798235038e-03
1.787309999999999854e+04 1.107770246965554452e-03
1.787640000000000146e+04 1.115517360915028230e-03
1.787970000000000073e+04 1.129235635764803134e-03
1.788300000000000000e+04 1.136462439920962264e-03
1.788629999999999927e+04 1.141353431199749850e-03
1.788959999999999854e+04 1.145937246334574134e-03
1.789290000000000146e+04 1.156843900233210740e-03
1.789620000000000073e+04 1.156689159434320588e-03
1.789950000000000000e+04 1.166281801575511611e-03
1.790279999999999927e+04 1.178311166364744275e-03
1.790609999999999854e+04 1.184527358654286714e-03
1.790940000000000146e+04 1.191417502291680208e-03
1.791270000000000073e+04 1.192403495462943108e-03
1.791600000000000000e+04 1.194557061768758898e-03
1.791929999999999927e+04 1.200129716662164375e-03
1.792259999999999854e+04 1.204543011868243344e-03
1.792590000000000146e+04 1.205342861626261530e-03
1.792920000000000073e+04 1.208680535623858372e-03
1.793250000000000000e+04 1.217035340700352688e-03
1.793570000000000073e+04 1.229502091937713674e-03
1.793900000000000000e+04 1.234687589191055691e-03
1.794229999999999927e+04 1.238768692771795993e-03
1.794559999999999854e+04 1.248751256875726620e-03
1.794890000000000146e+04 1.254469387844240691e-03
1.795220000000000073e+04 1.258488305598518811e-03
1.795550000000000000e+04 1.262842364002899351e-03
1.795879999999999927e+04 1.266459587820411214e-03
1.796209999999999854e+04 1.273113382282203918e-03
1.796540000000000146e+04 1.274699318101261275e-03
1.796870000000000073e+04 1.281672497586364232e-03
1.797200000000000000e+04 1.284661394054609999e-03
1.797529999999999927e+04 1.284136903283207305e-03
1.797859999999999854e+04 1.286197625624606149e-03
1.798190000000000146e+04 1.296751104633409859e-03
1.798520000000000073e+04 1.300085226460878781e-03
1.798850000000000000e+04 1.301352623695350985e-03
1.799179999999999927e+04 1.306660677117536156e-03
1.799509999999999854e+04 1.316113575704070835e-03
1.799840000000000146e+04 1.327683427572034711e-03
1.800159999999999854e+04 1.325688166976817135e-03
1.800490000000000146e+04 1.334839976221798268e-03
1.800820000000000073e+04 1.338676379777219887e-03
1.801150000000000000e+04 1.349126253741639650e-03
1.801479999999999927e+04 1.349178805298872647e-03
1.801809999999999854e+04 1.357032688386848379e-03
1.802140000000000146e+04 1.359266644504071673e-03
1.802470000000000073e+04 1.358759233329893132e-03
1.802800000000000000e+04 1.365584805892079614e-03
1.803129999999999927e+04 1.367037622088955419e-03
1.803459999999999854e+04 1.379288137048499717e-03
1.803790000000000146e+04 1.379307056997869721e-03
1.804120000000000073e+04 1.385897021359483493e-03
1.804450000000000000e+04 1.391007159220458960e-03
1.804779999999999927e+04 1.398028077796250072e-03
1.805109999999999854e+04 1.401660788221866351e-03
1.805440000000000146e+04 1.409139220327960528e-03
1.805770000000000073e+04 1.410176382966346533e-03
1.806100000000000000e+04 1.419192275214728937e-03
1.806429999999999927e+04 1.429268995885096642e-03
1.806750000000000000e+04 1.430423508879827927e-03
1.807079999999999927e+04 1.430070337620124865e-03
1.807409999999999854e+04 1.422609226414154378e-03
1.807740000000000146e+04 1.428774999841808582e-03
1.808070000000000073e+04 1.439135063303789317e-03
1.808400000000000000e+04 1.449086096582800605e-03
1.808729999999999927e+04 1.461455502559170887e-03
1.809059999999999854e+04 1.472721670217785753e-03
1.809390000000000146e+04 1.473665279795502393e-03
1.809720000000000073e+04 1.473609152421557437e-03
1.810050000000000000e+04 1.457029132890893478e-03
1.810379999999999927e+04 1.452679986343309885e-03
1.810709999999999854e+04 1.448886556735047961e-03
1.811040000000000146e+04 1.436781413554576474e-03
1.811370000000000073e+04 1.433362315523712066e-03
1.811700000000000000e+04 1.428525427058641639e-03
1.812029999999999927e+04 1.433230756011418579e-03
1.812359999999999854e+04 1.435731091574112646e-03
1.812690000000000146e+04 1.438079408099054860e-03
1.813009999999999854e+04 1.442580796975353932e-03
1.813340000000000146e+04 1.445646290193652829e-03
1.813670000000000073e+04 1.444899507543920226e-03
1.814000000000000000e+04 1.447965869923868026e-03
1.814329999999999927e+04 1.441949755801024292e-03
1.814659999999999854e+04 1.452481723600551047e-03
1.814990000000000146e+04 1.449959145313821536e-03
1.815320000000000073e+04 1.452422001951686730e-03
1.815650000000000000e+04 1.447583718189144990e-03
1.815979999999999927e+04 1.440039638782665598e-03
1.816309999999999854e+04 1.430579037233839024e-03
1.816640000000000146e+04 1.435403009863947792e-03
1.816970000000000073e+04 1.423680017565118498e-03
1.817300000000000000e+04 1.427840226513381718e-03
1.817629999999999927e+04 1.414276092530608511e-03
1.817959999999999854e+04 1.414639818866672907e-03
1.818290000000000146e+04 1.428580602564194111e-03
1.818620000000000073e+04 1.437305330265039108e-03
1.818950000000000000e+04 1.434004474029961342e-03
1.819279999999999927e+04 1.430006651194928435e-03
1.819600000000000000e+04 1.432190387075597988e-03
1.819929999999999927e+04 1.428452671346400324e-03
1.820259999999999854e+04 1.437758338364389160e-03
1.820590000000000146e+04 1.439281173578704732e-03
1.820920000000000073e+04 1.432971298567387941e-03
1.821250000000000000e+04 1.431065046156083107e-03
1.821579999999999927e+04 1.429565063071018506e-03
1.821909999999999854e+04 1.427149155566366382e-03
1.822240000000000146e+04 1.437856561252772716e-03
1.822570000000000073e+04 1.443923888030204227e-03
1.822900000000000000e+04 1.459146880381707997e-03
1.823229999999999927e+04 1.484453335022986077e-03
1.823559999999999854e+04 1.500332574506230837e-03
1.823890000000000146e+04 1.507635849909307870e-03
1.824220000000000073e+04 1.537389367632733617e-03
1.824550000000000000e+04 1.565707972154046666e-03
1.824879999999999927e+04 1.588790245311345970e-03
1.825209999999999854e+04 1.588820224453974406e-03
1.825540000000000146e+04 1.602364470866295609e-03
1.825859999999999854e+04 1.624620968166143407e-03
1.826190000000000146e+04 1.646575964410270125e-03
1.826520000000000073e+04 1.673896025292132125e-03
1.826850000000000000e+04 1.709360068486786600e-03
1.827179999999999927e+04 1.743476472230295546e-03
1.827509999999999854e+04 1.775537137718484395e-03
1.827840000000000146e+04 1.813801509900849276e-03
1.828170000000000073e+04 1.861262271255058809e-03
1.828500000000000000e+04 1.881597687819810917e-03
1.828829999999999927e+04 1.909939165130875591e-03
1.829159999999999854e+04 1.939097265713407309e-03
1.829490000000000146e+04 1.970276397008480316e-03
1.829820000000000073e+04 2.001847959245451475e-03
1.830150000000000000e+04 2.040814808737479499e-03
1.830479999999999927e+04 2.083344549796029444e-03
1.830809999999999854e+04 2.121540391642662195e-03
1.831140000000000146e+04 2.136444820054848176e-03
1.831470000000000073e+04 2.170764917762716024e-03
1.831800000000000000e+04 2.192945892841079245e-03
1.832129999999999927e+04 2.238999066965694472e-03
1.832450000000000000e+04 2.270568512907820101e-03
1.832779999999999927e+04 2.298676574338803010e-03
1.833109999999999854e+04 2.342087022264869277e-03
1.833440000000000146e+04 2.387707137762177731e-03
1.833770000000000073e+04 2.422276220652881500e-03
1.834100000000000000e+04 2.474029111169582639e-03
1.834429999999999927e+04 2.499862432513789371e-03
1.834759999999999854e+04 2.525400623831352154e-03
1.835090000000000146e+04 2.567144089696424703e-03
1.835420000000000073e+04 2.617819646515386761e-03
1.835750000000000000e+04 2.660342138506494470e-03
1.836079999999999927e+04 2.701647049740139687e-03
1.836409999999999854e+04 2.733503130103969673e-03
1.836740000000000146e+04 2.751200657432649205e-03
1.837070000000000073e+04 2.792471107125150259e-03
1.837400000000000000e+04 2.836600733206203970e-03
1.837729999999999927e+04 2.882035257167118569e-03
1.838059999999999854e+04 2.930752883718719306e-03
1.838390000000000146e+04 2.986557123981356358e-03
1.838709999999999854e+04 3.017851604353787281e-03
1.839040000000000146e+04 3.062997449532763039e-03
1.839370000000000073e+04 3.071491086666272227e-03
1.839700000000000000e+04 3.095742945998353288e-03
1.840029999999999927e+04 3.126382332727683979e-03
1.840359999999999854e+04 3.182848140189567260e-03
1.840690000000000146e+04 3.203442302449125128e-03
1.841020000000000073e+04 3.227419783167367363e-03
1.841350000000000000e+04 3.249853652265368483e-03
1.841679999999999927e+04 3.295791812943303992e-03
1.842009999999999854e+04 3.327032228588465597e-03
1.842340000000000146e+04 3.370405006741324875e-03
1.842670000000000073e+04 3.411164806703364215e-03
1.843000000000000000e+04 3.455406188810774149e-03
1.843329999999999927e+04 3.480103687246572600e-03
1.843659999999999854e+04 3.525954111090918996e-03
1.843990000000000146e+04 3.564567646922066953e-03
1.844320000000000073e+04 3.604226544164051797e-03
1.844650000000000000e+04 3.632033212265652327e-03
1.844979999999999927e+04 3.670899444384644137e-03
1.845300000000000000e+04 3.717000669091464777e-03
1.845629999999999927e+04 3.752003486953140853e-03
1.845959999999999854e+04 3.755259776070399725e-03
1.846290000000000146e+04 3.792585924184712926e-03
1.846620000000000073e+04 3.776410482957032883e-03
1.846950000000000000e+04 3.779383946952195785e-03
1.847279999999999927e+04 3.805596741760855928e-03
1.847609999999999854e+04 3.817959061044617387e-03
1.847940000000000146e+04 3.821327857022333539e-03
1.848270000000000073e+04 3.824262348396023550e-03
1.848600000000000000e+04 3.810232825763740575e-03
1.848929999999999927e+04 3.812869495844589326e-03
1.849259999999999854e+04 3.827647152492538989e-03
1.849590000000000146e+04 3.823618838556107780e-03
1.849920000000000073e+04 3.840926270829300975e-03
1.850250000000000000e+04 3.867022698242724398e-03
1.850579999999999927e+04 3.905726629687598928e-03
1.850909999999999854e+04 3.959722826058852986e-03
1.851240000000000146e+04 3.961235574575249808e-03
1.851570000000000073e+04 3.946239383370007438e-03
1.851890000000000146e+04 3.943116089916186458e-03
1.852220000000000073e+04 3.959347689809694822e-03
1.852550000000000000e+04 3.992722649090860686e-03
1.852879999999999927e+04 4.036574529748975827e-03
1.853209999999999854e+04 4.077687798138021798e-03
1.853540000000000146e+04 4.114364759484364850e-03
1.853870000000000073e+04 4.169621761212747441e-03
1.854200000000000000e+04 4.218061291267967590e-03
1.854529999999999927e+04 4.273823214297722307e-03
1.854859999999999854e+04 4.287770894875564918e-03
1.855190000000000146e+04 4.341136389142956353e-03
1.855520000000000073e+04 4.394506528374244811e-03
1.855850000000000000e+04 4.466551487093226892e-03
1.856179999999999927e+04 4.527811364401014213e-03
1.856509999999999854e+04 4.576009981122494685e-03
1.856840000000000146e+04 4.635554037888254229e-03
1.857170000000000073e+04 4.666309261749506179e-03
1.857500000000000000e+04 4.701653084060766243e-03
1.857829999999999927e+04 4.769720163468096560e-03
1.858150000000000000e+04 4.811722899311677258e-03
1.858479999999999927e+04 4.846430960243959529e-03
1.858809999999999854e+04 4.878348234689120801e-03
1.859140000000000146e+04 4.922492141376989642e-03
1.859470000000000073e+04 4.968235280111245496e-03
1.859800000000000000e+04 5.022603465119739215e-03
1.860129999999999927e+04 5.040915946434534022e-03
1.860459999999999854e+04 5.102854842110736595e-03
1.860790000000000146e+04 5.145841323438875466e-03
1.861120000000000073e+04 5.222526092079390024e-03
1.861450000000000000e+04 5.338541862447006639e-03
1.861779999999999927e+04 5.388835247039347118e-03
1.862109999999999854e+04 5.434214866416080952e-03
1.862440000000000146e+04 5.512283035173007502e-03
1.862770000000000073e+04 5.574034066511450274e-03
1.863100000000000000e+04 5.699928474473954856e-03
1.863429999999999927e+04 5.792568754241723440e-03
1.863759999999999854e+04 5.863209085856528786e-03
1.864090000000000146e+04 5.965323089798058552e-03
1.864420000000000073e+04 6.149826089206993952e-03
1.864740000000000146e+04 6.270764378845857315e-03
1.865070000000000073e+04 6.391901109360617096e-03
1.865400000000000000e+04 6.536471037615296589e-03
1.865729999999999927e+04 6.669029081022101284e-03
1.866059999999999854e+04 6.801452232618746679e-03
1.866390000000000146e+04 6.924380858182703664e-03
1.866720000000000073e+04 7.030825171097778402e-03
1.867050000000000000e+04 7.113889143794007060e-03
1.867379999999999927e+04 7.212286248928185400e-03
1.867709999999999854e+04 7.357214777971321854e-03
1.868040000000000146e+04 7.541091132724694716e-03
1.868370000000000073e+04 7.795818900829087038e-03
1.868700000000000000e+04 8.049705422106877978e-03
1.869029999999999927e+04 8.242011627588301248e-03
1.869359999999999854e+04 8.531456965923481586e-03
1.869690000000000146e+04 8.788754799614084331e-03
1.870020000000000073e+04 8.879265052370167999e-03
1.870350000000000000e+04 8.949259891655207341e-03
1.870679999999999927e+04 9.122417860137772491e-03
1.871000000000000000e+04 9.415530427422717091e-03
1.871329999999999927e+04 9.613896123693774221e-03
1.871659999999999854e+04 9.739063558475461249e-03
1.871990000000000146e+04 9.877938616694201951e-03
1.872320000000000073e+04 9.999987243998297373e-03
1.872650000000000000e+04 1.016090354371320358e-02
1.872979999999999927e+04 1.027113016815285954e-02
1.873309999999999854e+04 1.040289104105363016e-02
1.873640000000000146e+04 1.054857405307737563e-02
1.873970000000000073e+04 1.072805432558393383e-02
1.874300000000000000e+04 1.078192784619040438e-02
1.874629999999999927e+04 1.092065680692852134e-02
1.874959999999999854e+04 1.099607292458173839e-02
1.875290000000000146e+04 1.107024763997965788e-02
1.875620000000000073e+04 1.115306773374368995e-02
1.875950000000000000e+04 1.130282788707702261e-02
1.876279999999999927e+04 1.143978729643355813e-02
1.876609999999999854e+04 1.157424520211044333e-02
1.876940000000000146e+04 1.164985008693173764e-02
1.877270000000000073e+04 1.179471331628311088e-02
1.877590000000000146e+04 1.197307336233633702e-02
1.877920000000000073e+04 1.201810030828134000e-02
1.878250000000000000e+04 1.219553308204424438e-02
1.878579999999999927e+04 1.238469318504255116e-02
1.878909999999999854e+04 1.261191546996493981e-02
1.879240000000000146e+04 1.284341358603816388e-02
1.879570000000000073e+04 1.308004901940765241e-02
1.879900000000000000e+04 1.334193522117844630e-02
1.880229999999999927e+04 1.362538593976671437e-02
1.880559999999999854e+04 1.390655438236782122e-02
1.880890000000000146e+04 1.411340292038958458e-02
1.881220000000000073e+04 1.437358020079326608e-02
1.881550000000000000e+04 1.466360961051283059e-02
1.881879999999999927e+04 1.493603260904748445e-02
1.882209999999999854e+04 1.519852539333713462e-02
1.882540000000000146e+04 1.548232808646815735e-02
1.882870000000000073e+04 1.577458011482508679e-02
1.883200000000000000e+04 1.605254164573647474e-02
1.883529999999999927e+04 1.636089557497219862e-02
1.883859999999999854e+04 1.666509062726961518e-02
1.884179999999999927e+04 1.693918634687190464e-02
1.884509999999999854e+04 1.721912673631737292e-02
1.884840000000000146e+04 1.741908222796580835e-02
1.885170000000000073e+04 1.761070680881101844e-02
1.885500000000000000e+04 1.786768231603236279e-02
1.885829999999999927e+04 1.801451400081363965e-02
1.886159999999999854e+04 1.817445696944438097e-02
1.886490000000000146e+04 1.852387434896799953e-02
1.886820000000000073e+04 1.889418022815888762e-02
1.887150000000000000e+04 1.916128891994924033e-02
1.887479999999999927e+04 1.929822198461628863e-02
1.887809999999999854e+04 1.956335846991805183e-02
1.888140000000000146e+04 1.989515739377898870e-02
1.888470000000000073e+04 2.021011832634737534e-02
1.888800000000000000e+04 2.051758456424009058e-02
1.889129999999999927e+04 2.079044718022687518e-02
1.889459999999999854e+04 2.113359666500334508e-02
1.889790000000000146e+04 2.145147986139430210e-02
1.890120000000000073e+04 2.178073842166931839e-02
1.890440000000000146e+04 2.207273615460178876e-02
1.890770000000000073e+04 2.247892545159426228e-02
1.891100000000000000e+04 2.283041782329163147e-02
1.891429999999999927e+04 2.324559283217716987e-02
1.891759999999999854e+04 2.364448765169293448e-02
1.892090000000000146e+04 2.405442278924510915e-02
1.892420000000000073e+04 2.441541344690116230e-02
1.892750000000000000e+04 2.476976998665247898e-02
1.893079999999999927e+04 2.516978885212469569e-02
1.893409999999999854e+04 2.555792157725910937e-02
1.893740000000000146e+04 2.591873593210634527e-02
1.894070000000000073e+04 2.620296809956824610e-02
1.894400000000000000e+04 2.657252473856921982e-02
1.894729999999999927e+04 2.686171367804919899e-02
1.895059999999999854e+04 2.715908235232279005e-02
1.895390000000000146e+04 2.745617856053052946e-02
1.895720000000000073e+04 2.770169748973944773e-02
1.896050000000000000e+04 2.797139996911333568e-02
1.896379999999999927e+04 2.821933842032619058e-02
1.896709999999999854e+04 2.844364325351426276e-02
1.897029999999999927e+04 2.861780140021470686e-02
1.897359999999999854e+04 2.880406019220348168e-02
1.897690000000000146e+04 2.903507163868327898e-02
1.898020000000000073e+04 2.922161271795900225e-02
1.898350000000000000e+04 2.940697937234816248e-02
1.898679999999999927e+04 2.961277791476433011e-02
1.899009999999999854e+04 2.978679723242905544e-02
1.899340000000000146e+04 2.995440436994609157e-02
1.899670000000000073e+04 3.011381311944847511e-02
1.900000000000000000e+04 3.028204759031109458e-02
1.900329999999999927e+04 3.042724155628107746e-02
1.900659999999999854e+04 3.059547677853025754e-02
1.900990000000000146e+04 3.070024638080754917e-02
1.901320000000000073e+04 3.079863861856466101e-02
1.901650000000000000e+04 3.088888338570973044e-02
1.901979999999999927e+04 3.099109302064613491e-02
1.902309999999999854e+04 3.110234786545042554e-02
1.902640000000000146e+04 3.124409868357925710e-02
1.902970000000000073e+04 3.132311389178851074e-02
1.903290000000000146e+04 3.140270748089134950e-02
1.903620000000000073e+04 3.145458459949216495e-02
1.903950000000000000e+04 3.149816055143352805e-02
1.904279999999999927e+04 3.155094892763588704e-02
1.904609999999999854e+04 3.157945994803629947e-02
1.904940000000000146e+04 3.159879784807941711e-02
1.905270000000000073e+04 3.166091660797241969e-02
1.905600000000000000e+04 3.171020814234285640e-02
1.905929999999999927e+04 3.175827910890365036e-02
1.906259999999999854e+04 3.177125478588310042e-02
1.906590000000000146e+04 3.178176836229317653e-02
1.906920000000000073e+04 3.179417309804144498e-02
1.907250000000000000e+04 3.174981742656229899e-02
1.907579999999999927e+04 3.171057842913610481e-02
1.907909999999999854e+04 3.167481693940756016e-02
1.908240000000000146e+04 3.166133894119318309e-02
1.908570000000000073e+04 3.160625180941992879e-02
1.908900000000000000e+04 3.154466989002945726e-02
1.909229999999999927e+04 3.145729387102098873e-02
1.909559999999999854e+04 3.136745155837108306e-02
1.909879999999999927e+04 3.131899854046171078e-02
1.910209999999999854e+04 3.122025590236768289e-02
1.910540000000000146e+04 3.115149555357801803e-02
1.910870000000000073e+04 3.108023226276203366e-02
1.911200000000000000e+04 3.101494470324859393e-02
1.911529999999999927e+04 3.093819209315564964e-02
1.911859999999999854e+04 3.076864518465675935e-02
1.912190000000000146e+04 3.063140182456506808e-02
1.912520000000000073e+04 3.043904473986750250e-02
1.912850000000000000e+04 3.026089448238512489e-02
1.913179999999999927e+04 3.012222148638433669e-02
1.913509999999999854e+04 2.998912005969431999e-02
1.913840000000000146e+04 2.983295109534996048e-02
1.914170000000000073e+04 2.963222060801665864e-02
1.914500000000000000e+04 2.944312715680112019e-02
1.914829999999999927e+04 2.922786253483650523e-02
1.915159999999999854e+04 2.901881394858812566e-02
1.915490000000000146e+04 2.883454059034519512e-02
1.915820000000000073e+04 2.864697547864777580e-02
1.916140000000000146e+04 2.846448168375354665e-02
1.916470000000000073e+04 2.824545995403146548e-02
1.916800000000000000e+04 2.802340870259686575e-02
1.917129999999999927e+04 2.777571334980754453e-02
1.917459999999999854e+04 2.754563601528094499e-02
1.917790000000000146e+04 2.733603744476738318e-02
1.918120000000000073e+04 2.713598435725488381e-02
1.918450000000000000e+04 2.688489019801855798e-02
1.918779999999999927e+04 2.663463858850157254e-02
1.919109999999999854e+04 2.637538407132388601e-02
1.919440000000000146e+04 2.612780474723325544e-02
1.919770000000000073e+04 2.585093911499410438e-02
1.920100000000000000e+04 2.560599610155020120e-02
1.920429999999999927e+04 2.536238664877879523e-02
1.920759999999999854e+04 2.510268503602197665e-02
1.921090000000000146e+04 2.485305229303249458e-02
1.921420000000000073e+04 2.458380290479372093e-02
1.921750000000000000e+04 2.429106709488556420e-02
1.922079999999999927e+04 2.401762964881817841e-02
1.922409999999999854e+04 2.373871863232289783e-02
1.922729999999999927e+04 2.344829225690598512e-02
1.923059999999999854e+04 2.316858447979992797e-02
1.923390000000000146e+04 2.287111836578705967e-02
1.923720000000000073e+04 2.260422959846140195e-02
1.924050000000000000e+04 2.232123421262829227e-02
1.924379999999999927e+04 2.203570279733717621e-02
1.924709999999999854e+04 2.174241731511479536e-02
1.925040000000000146e+04 2.143741444001888083e-02
1.925370000000000073e+04 2.111773454465472322e-02
1.925700000000000000e+04 2.085072349853295606e-02
1.926029999999999927e+04 2.055570411714984988e-02
1.926359999999999854e+04 2.023817374164917429e-02
1.926690000000000146e+04 1.994928834724299035e-02
1.927020000000000073e+04 1.963496887201884866e-02
1.927350000000000000e+04 1.934593396754841210e-02
1.927679999999999927e+04 1.903960703058425047e-02
1.928009999999999854e+04 1.870875961358645090e-02
1.928340000000000146e+04 1.842408757470431757e-02
1.928670000000000073e+04 1.812996347213829615e-02
1.929000000000000000e+04 1.784975603457959054e-02
1.929320000000000073e+04 1.754948189135323300e-02
1.929650000000000000e+04 1.723773454534482941e-02
1.929979999999999927e+04 1.692947497318418593e-02
1.930309999999999854e+04 1.664091703025457475e-02
1.930640000000000146e+04 1.635605685006471383e-02
1.930970000000000073e+04 1.607485528507474060e-02
1.931300000000000000e+04 1.581451830902974934e-02
1.931629999999999927e+04 1.553305506229978560e-02
1.931959999999999854e+04 1.523396132236506939e-02
1.932290000000000146e+04 1.491691161349977153e-02
1.932620000000000073e+04 1.462722965098482535e-02
1.932950000000000000e+04 1.431524853791229721e-02
1.933279999999999927e+04 1.402924581638740828e-02
1.933609999999999854e+04 1.376971719458653688e-02
1.933940000000000146e+04 1.350764154363336307e-02
1.934270000000000073e+04 1.323134729359978605e-02
1.934600000000000000e+04 1.293770230368939018e-02
1.934929999999999927e+04 1.265351736434355834e-02
1.935259999999999854e+04 1.236306205568818775e-02
1.935579999999999927e+04 1.207713614031727389e-02
1.935909999999999854e+04 1.179382306532711713e-02
1.936240000000000146e+04 1.152288315656782927e-02
1.936570000000000073e+04 1.124567824787041717e-02
1.936900000000000000e+04 1.098335041143967163e-02
1.937229999999999927e+04 1.071418172696526373e-02
1.937559999999999854e+04 1.044059610052438906e-02
1.937890000000000146e+04 1.019018951582773176e-02
1.938220000000000073e+04 9.930921149340216081e-03
1.938550000000000000e+04 9.652750933450991722e-03
1.938879999999999927e+04 9.374443054429052943e-03
1.939209999999999854e+04 9.114562817722731206e-03
1.939540000000000146e+04 8.862594375712136430e-03
1.939870000000000073e+04 8.615887517039715754e-03
1.940200000000000000e+04 8.383453440164830711e-03
1.940529999999999927e+04 8.139451561862314291e-03
1.940859999999999854e+04 7.903770305069984098e-03
1.941190000000000146e+04 7.656802435987455219e-03
1.941520000000000073e+04 7.435601169083160683e-03
1.941850000000000000e+04 7.208097541546816187e-03
1.942170000000000073e+04 6.955864342678426404e-03
1.942500000000000000e+04 6.706920913021316433e-03
1.942829999999999927e+04 6.469746381695536466e-03
1.943159999999999854e+04 6.222829805301559845e-03
1.943490000000000146e+04 5.983630353093487807e-03
1.943820000000000073e+04 5.734560841138395572e-03
1.944150000000000000e+04 5.497574968047571654e-03
1.944479999999999927e+04 5.286488063571309452e-03
1.944809999999999854e+04 5.075002438302457161e-03
1.945140000000000146e+04 4.858757474663384993e-03
1.945470000000000073e+04 4.646281536072963299e-03
1.945800000000000000e+04 4.440827520374418524e-03
1.946129999999999927e+04 4.220060786758287295e-03
1.946459999999999854e+04 4.017356271152764009e-03
1.946790000000000146e+04 3.791011620435911361e-03
1.947120000000000073e+04 3.574035765908041996e-03
1.947450000000000000e+04 3.365808462381659951e-03
1.947779999999999927e+04 3.141270691042287021e-03
1.948109999999999854e+04 2.926617195864190599e-03
1.948429999999999927e+04 2.724035844497878830e-03
1.948759999999999854e+04 2.524888390631821466e-03
1.949090000000000146e+04 2.324121766401357047e-03
1.949420000000000073e+04 2.138590531001679368e-03
1.949750000000000000e+04 1.939906094997146139e-03
1.950079999999999927e+04 1.727017995179865560e-03
1.950409999999999854e+04 1.542776485312639294e-03
1.950740000000000146e+04 1.359128611839240976e-03
1.951070000000000073e+04 1.173575415577614691e-03
1.951400000000000000e+04 1.019565591580269851e-03
1.951729999999999927e+04 8.656239069502164691e-04
1.952059999999999854e+04 6.900339828943061454e-04
1.952390000000000146e+04 5.238982789559190915e-04
1.952720000000000073e+04 3.495899165608735070e-04
1.953050000000000000e+04 1.850226631138794447e-04
1.953379999999999927e+04 2.132116438315033921e-05
1.953709999999999854e+04 -1.582799869745257825e-04
1.954040000000000146e+04 -3.021659871643770615e-04
1.954370000000000073e+04 -4.508712653049799573e-04
1.954700000000000000e+04 -5.970219886379618491e-04
1.955020000000000073e+04 -7.543935126042563633e-04
1.955350000000000000e+04 -8.854406489617595811e-04
1.955679999999999927e+04 -1.019048886432689883e-03
1.956009999999999854e+04 -1.155622862830982039e-03
1.956340000000000146e+04 -1.282021946921075347e-03
1.956670000000000073e+04 -1.425836586401417212e-03
1.957000000000000000e+04 -1.544011051998980290e-03
1.957329999999999927e+04 -1.665002140747786101e-03
1.957659999999999854e+04 -1.783405857057781575e-03
1.957990000000000146e+04 -1.889704156587502810e-03
1.958320000000000073e+04 -2.011354557692497137e-03
1.958650000000000000e+04 -2.128680877994398955e-03
1.958979999999999927e+04 -2.229117393159720135e-03
1.959309999999999854e+04 -2.332790073496046872e-03
1.959640000000000146e+04 -2.417318224165569684e-03
1.959970000000000073e+04 -2.507590988407190809e-03
1.960300000000000000e+04 -2.611896940947740567e-03
1.960629999999999927e+04 -2.753821232435357900e-03
1.960959999999999854e+04 -2.879650524504838958e-03
1.961290000000000146e+04 -3.012729026392673651e-03
1.961609999999999854e+04 -3.136385005634357778e-03
1.961940000000000146e+04 -3.223235577617138657e-03
1.962270000000000073e+04 -3.338767520252361887e-03
1.962600000000000000e+04 -3.455137659610674726e-03
1.962929999999999927e+04 -3.557315615033429263e-03
1.963259999999999854e+04 -3.630798960589710824e-03
1.963590000000000146e+04 -3.679033983823274973e-03
1.963920000000000073e+04 -3.789035926100953796e-03
1.964250000000000000e+04 -3.865899735390602911e-03
1.964579999999999927e+04 -3.962365952942674234e-03
1.964909999999999854e+04 -4.085748127868590006e-03
1.965240000000000146e+04 -4.170821080426525586e-03
1.965570000000000073e+04 -4.267267797026587893e-03
1.965900000000000000e+04 -4.310626957506211165e-03
1.966229999999999927e+04 -4.333479505162543197e-03
1.966559999999999854e+04 -4.357710356952855177e-03
1.966890000000000146e+04 -4.423125397353165969e-03
1.967220000000000073e+04 -4.515766484606933626e-03
1.967550000000000000e+04 -4.566740407605439540e-03
1.967870000000000073e+04 -4.670793948788300870e-03
1.968200000000000000e+04 -4.733936531110417151e-03
1.968529999999999927e+04 -4.790064219826172150e-03
1.968859999999999854e+04 -4.849355943678290530e-03
1.969190000000000146e+04 -4.855497976240337119e-03
1.969520000000000073e+04 -4.889332745894095326e-03
1.969850000000000000e+04 -4.925541484220401917e-03
1.970179999999999927e+04 -4.943968011153396756e-03
1.970509999999999854e+04 -5.058003546442824301e-03
1.970840000000000146e+04 -5.174120370171429902e-03
1.971170000000000073e+04 -5.245441852417613918e-03
1.971500000000000000e+04 -5.265131409067752045e-03
1.971829999999999927e+04 -5.342649956287148956e-03
1.972159999999999854e+04 -5.359386720278237065e-03
1.972490000000000146e+04 -5.379409100539060511e-03
1.972820000000000073e+04 -5.459574971595967767e-03
1.973150000000000000e+04 -5.546926227119760265e-03
1.973479999999999927e+04 -5.635486673821164111e-03
1.973809999999999854e+04 -5.721238606888827405e-03
1.974140000000000146e+04 -5.802698228934863485e-03
1.974459999999999854e+04 -5.909547965467719897e-03
1.974790000000000146e+04 -5.935653074339214408e-03
1.975120000000000073e+04 -5.952356538141818226e-03
1.975450000000000000e+04 -5.987472057427951910e-03
1.975779999999999927e+04 -6.012848174089788049e-03
1.976109999999999854e+04 -6.099895380558450347e-03
1.976440000000000146e+04 -6.185927258875202443e-03
1.976770000000000073e+04 -6.269604005150991415e-03
1.977100000000000000e+04 -6.312592865821472360e-03
1.977429999999999927e+04 -6.312704627397560699e-03
1.977759999999999854e+04 -6.349898536432907296e-03
1.978090000000000146e+04 -6.372695069610951821e-03
1.978420000000000073e+04 -6.445415182823075601e-03
1.978750000000000000e+04 -6.472411299403882726e-03
1.979079999999999927e+04 -6.530798334634296820e-03
1.979409999999999854e+04 -6.544557663345339921e-03
1.979740000000000146e+04 -6.580597070724430314e-03
1.980070000000000073e+04 -6.627496445415754708e-03
1.980400000000000000e+04 -6.622484129856963386e-03
1.980720000000000073e+04 -6.649876439378734662e-03
1.981050000000000000e+04 -6.645121924758789871e-03
1.981379999999999927e+04 -6.598229170681943999e-03
1.981709999999999854e+04 -6.635286828599483953e-03
1.982040000000000146e+04 -6.628825887437576198e-03
1.982370000000000073e+04 -6.638633914608596878e-03
1.982700000000000000e+04 -6.669732828054666766e-03
1.983029999999999927e+04 -6.722708588998814114e-03
1.983359999999999854e+04 -6.739917894206809076e-03
1.983690000000000146e+04 -6.744848758038590568e-03
1.984020000000000073e+04 -6.759531786926085105e-03
1.984350000000000000e+04 -6.780144232450022873e-03
1.984679999999999927e+04 -6.784883242192090401e-03
1.985009999999999854e+04 -6.821456772439994827e-03
1.985340000000000146e+04 -6.854488437544811741e-03
1.985670000000000073e+04 -6.932698335066869375e-03
1.986000000000000000e+04 -6.986876278210676222e-03
1.986329999999999927e+04 -7.063854362969917630e-03
1.986659999999999854e+04 -7.057885325517894611e-03
1.986990000000000146e+04 -7.003507359894172585e-03
1.987309999999999854e+04 -6.950947739213116788e-03
1.987640000000000146e+04 -6.964879590328017581e-03
1.987970000000000073e+04 -7.017983268025439723e-03
1.988300000000000000e+04 -7.012953329414321930e-03
1.988629999999999927e+04 -7.067342293495784862e-03
1.988959999999999854e+04 -7.150478863117923529e-03
1.989290000000000146e+04 -7.130230067991770622e-03
1.989620000000000073e+04 -7.086808157450396467e-03
1.989950000000000000e+04 -7.041832662056969616e-03
1.990279999999999927e+04 -7.023098533807472371e-03
1.990609999999999854e+04 -7.016496591199944573e-03
1.990940000000000146e+04 -6.967651427482905897e-03
1.991270000000000073e+04 -6.985414522763693131e-03
1.991600000000000000e+04 -6.992399042364236088e-03
1.991929999999999927e+04 -7.016954899649677398e-03
1.992259999999999854e+04 -7.016215059293628292e-03
1.992590000000000146e+04 -6.992440748078675335e-03
