1.716800000000000000e+04 3.782291167816730364e-04
1.717129999999999927e+04 3.773514686370681701e-04
1.717459999999999854e+04 3.661302588249936026e-04
1.717790000000000146e+04 3.658389275577162390e-04
1.718120000000000073e+04 3.708715781623363596e-04
1.718450000000000000e+04 3.756412162723425543e-04
1.718779999999999927e+04 3.779201488623945386e-04
1.719109999999999854e+04 3.807155558633718820e-04
1.719440000000000146e+04 3.737927775800757016e-04
1.719770000000000073e+04 3.813652239063663671e-04
1.720100000000000000e+04 3.979283585547660398e-04
1.720429999999999927e+04 4.021034124596826282e-04
1.720759999999999854e+04 4.162209809000759768e-04
1.721090000000000146e+04 4.128236773663316868e-04
1.721420000000000073e+04 4.221627980478516126e-04
1.721750000000000000e+04 4.172229237800393589e-04
1.722079999999999927e+04 4.298777164711265722e-04
1.722409999999999854e+04 4.418264723669463202e-04
1.722729999999999927e+04 4.407684479832258383e-04
1.723059999999999854e+04 4.412786654727747309e-04
1.723390000000000146e+04 4.452135963734909769e-04
1.723720000000000073e+04 4.388285180309953182e-04
1.724050000000000000e+04 4.361850114809902703e-04
1.724379999999999927e+04 4.305370415309556914e-04
1.724709999999999854e+04 4.311086011908003010e-04
1.725040000000000146e+04 4.178474064326444292e-04
1.725370000000000073e+04 4.257227255450446316e-04
1.725700000000000000e+04 4.281224786433330490e-04
1.726029999999999927e+04 4.327976265099223478e-04
1.726359999999999854e+04 4.452282098638965383e-04
1.726690000000000146e+04 4.562177319221392426e-04
1.727020000000000073e+04 4.574833188563368525e-04
1.727350000000000000e+04 4.633479866753404102e-04
1.727679999999999927e+04 4.610306924986628196e-04
1.728009999999999854e+04 4.686001209811533241e-04
1.728340000000000146e+04 4.829714261245320983e-04
1.728670000000000073e+04 4.939175101484412529e-04
1.729000000000000000e+04 5.050286663525159481e-04
1.729320000000000073e+04 5.140445500990818055e-04
1.729650000000000000e+04 5.176285647134765133e-04
1.729979999999999927e+04 5.217560095990310528e-04
1.730309999999999854e+04 5.189325675667485344e-04
1.730640000000000146e+04 5.277653292060772473e-04
1.730970000000000073e+04 5.314121138021874954e-04
1.731300000000000000e+04 5.265848181148602251e-04
1.731629999999999927e+04 5.267414367498211543e-04
1.731959999999999854e+04 5.266061028396884719e-04
1.732290000000000146e+04 5.308704470269597379e-04
1.732620000000000073e+04 5.233855072133411154e-04
1.732950000000000000e+04 5.318121691841468318e-04
1.733279999999999927e+04 5.319224351047455212e-04
1.733609999999999854e+04 5.364833008859297035e-04
1.733940000000000146e+04 5.486926880097127163e-04
1.734270000000000073e+04 5.607774188864241786e-04
1.734600000000000000e+04 5.652966687078230185e-04
1.734929999999999927e+04 5.695513341627299938e-04
1.735259999999999854e+04 5.812813137163316737e-04
1.735579999999999927e+04 5.920936516988992973e-04
1.735909999999999854e+04 5.978460762347911255e-04
1.736240000000000146e+04 6.076465639326661785e-04
1.736570000000000073e+04 6.085649345922176587e-04
1.736900000000000000e+04 6.180625480627235198e-04
1.737229999999999927e+04 6.161409999616659266e-04
1.737559999999999854e+04 6.195694061791708540e-04
1.737890000000000146e+04 6.291388142936281923e-04
1.738220000000000073e+04 6.368448116904059861e-04
1.738550000000000000e+04 6.384206360928703283e-04
1.738879999999999927e+04 6.367896055109494502e-04
1.739209999999999854e+04 6.436020038572555068e-04
1.739540000000000146e+04 6.564464950209451160e-04
1.739870000000000073e+04 6.560564569978651365e-04
1.740200000000000000e+04 6.614541794816653289e-04
1.740529999999999927e+04 6.673419602232163756e-04
1.740859999999999854e+04 6.783118094921230905e-04
1.741190000000000146e+04 6.834150681252224111e-04
1.741520000000000073e+04 6.926333229735626151e-04
1.741850000000000000e+04 6.894186357787290527e-04
1.742170000000000073e+04 7.027850893785197095e-04
1.742500000000000000e+04 7.140310599746210350e-04
1.742829999999999927e+04 7.139179003407945421e-04
1.743159999999999854e+04 7.090912263442015378e-04
1.743490000000000146e+04 7.138150800500167679e-04
1.743820000000000073e+04 7.227620336098376265e-04
1.744150000000000000e+04 7.317497030809005367e-04
1.744479999999999927e+04 7.283782378488918522e-04
1.744809999999999854e+04 7.302412641085270035e-04
1.745140000000000146e+04 7.356963951067455910e-04
1.745470000000000073e+04 7.364498983282234635e-04
1.745800000000000000e+04 7.392980734358379179e-04
1.746129999999999927e+04 7.411231127973002533e-04
1.746459999999999854e+04 7.443852767664574854e-04
1.746790000000000146e+04 7.448256305481136801e-04
1.747120000000000073e+04 7.499128005452199977e-04
1.747450000000000000e+04 7.538883014854513799e-04
1.747779999999999927e+04 7.575694106422439875e-04
1.748109999999999854e+04 7.595567898446199282e-04
1.748429999999999927e+04 7.610825897298473686e-04
1.748759999999999854e+04 7.644681120921986142e-04
1.749090000000000146e+04 7.712272740595452203e-04
1.749420000000000073e+04 7.802776630777162256e-04
1.749750000000000000e+04 7.845468749778690279e-04
1.750079999999999927e+04 7.835038988869381460e-04
1.750409999999999854e+04 7.807665872279634248e-04
1.750740000000000146e+04 7.855112755428236056e-04
1.751070000000000073e+04 7.869081511144456181e-04
1.751400000000000000e+04 7.862448483005828439e-04
1.751729999999999927e+04 7.826749652589701060e-04
1.752059999999999854e+04 7.802777432849123621e-04
1.752390000000000146e+04 7.724073917720192511e-04
1.752720000000000073e+04 7.622064860744334975e-04
1.753050000000000000e+04 7.673577526129721389e-04
1.753379999999999927e+04 7.628352927526253205e-04
1.753709999999999854e+04 7.640206847993262062e-04
1.754040000000000146e+04 7.663826990736864395e-04
1.754370000000000073e+04 7.657963830997707765e-04
1.754700000000000000e+04 7.675182750575821992e-04
1.755020000000000073e+04 7.705708591909934610e-04
1.755350000000000000e+04 7.790806096596783470e-04
1.755679999999999927e+04 7.802455760348069253e-04
1.756009999999999854e+04 7.792300754964012364e-04
1.756340000000000146e+04 7.850179510204605658e-04
1.756670000000000073e+04 7.861711729091387267e-04
1.757000000000000000e+04 7.901809378345916969e-04
1.757329999999999927e+04 7.874277500358736271e-04
1.757659999999999854e+04 7.890502528903245829e-04
1.757990000000000146e+04 7.916430432093876429e-04
1.758320000000000073e+04 7.937114629103366945e-04
1.758650000000000000e+04 7.952570995003998416e-04
1.758979999999999927e+04 7.926165538671118985e-04
1.759309999999999854e+04 8.017786357537969987e-04
1.759640000000000146e+04 8.088678155734838624e-04
1.759970000000000073e+04 8.112639235888509078e-04
1.760300000000000000e+04 8.118524567654219863e-04
1.760629999999999927e+04 8.039834266722827678e-04
1.760959999999999854e+04 8.011952588326670937e-04
1.761290000000000146e+04 8.027937788797372869e-04
1.761609999999999854e+04 7.944547800275181563e-04
1.761940000000000146e+04 7.963488174544579648e-04
1.762270000000000073e+04 7.955976858271624147e-04
1.762600000000000000e+04 7.972676420000818351e-04
1.762929999999999927e+04 7.962866482470206233e-04
1.763259999999999854e+04 8.042667222059036829e-04
1.763590000000000146e+04 8.073594995766862322e-04
1.763920000000000073e+04 8.125226847046198089e-04
1.764250000000000000e+04 8.161752824246211631e-04
1.764579999999999927e+04 8.178977561748509723e-04
1.764909999999999854e+04 8.192051845650073078e-04
1.765240000000000146e+04 8.306641202797579969e-04
1.765570000000000073e+04 8.302256297374725367e-04
1.765900000000000000e+04 8.308889414693535445e-04
1.766229999999999927e+04 8.307055684976644670e-04
1.766559999999999854e+04 8.344029199809587481e-04
1.766890000000000146e+04 8.371093845189418042e-04
1.767220000000000073e+04 8.349207450712957390e-04
1.767550000000000000e+04 8.371290216246105639e-04
1.767870000000000073e+04 8.448509393926569412e-04
1.768200000000000000e+04 8.543317354934953749e-04
1.768529999999999927e+04 8.570661768364834683e-04
1.768859999999999854e+04 8.632904096831195244e-04
1.769190000000000146e+04 8.705579942136434804e-04
1.769520000000000073e+04 8.687251601819617579e-04
1.769850000000000000e+04 8.721832834253574101e-04
1.770179999999999927e+04 8.747196838909227726e-04
1.770509999999999854e+04 8.817706712353226778e-04
1.770840000000000146e+04 8.881146586420844095e-04
1.771170000000000073e+04 8.939716319536884044e-04
1.771500000000000000e+04 8.855203836392135965e-04
1.771829999999999927e+04 8.783939007460612796e-04
1.772159999999999854e+04 8.801935745079426639e-04
1.772490000000000146e+04 8.828952491580008407e-04
1.772820000000000073e+04 8.845849095987388857e-04
1.773150000000000000e+04 8.910866787851678570e-04
1.773479999999999927e+04 8.911900398476248035e-04
1.773809999999999854e+04 8.973551697701336776e-04
1.774140000000000146e+04 9.016508904061059856e-04
1.774459999999999854e+04 9.026904233631799545e-04
1.774790000000000146e+04 9.113069392936197369e-04
1.775120000000000073e+04 9.126424426504657281e-04
1.775450000000000000e+04 9.196221118994823409e-04
1.775779999999999927e+04 9.195951855794227536e-04
1.776109999999999854e+04 9.186707289808235255e-04
1.776440000000000146e+04 9.268568157136549248e-04
1.776770000000000073e+04 9.313251743190882354e-04
1.777100000000000000e+04 9.388278748591136896e-04
1.777429999999999927e+04 9.472462293961620089e-04
1.777759999999999854e+04 9.505615480899022888e-04
1.778090000000000146e+04 9.556127884598318188e-04
1.778420000000000073e+04 9.562852857943027977e-04
1.778750000000000000e+04 9.680370857011392615e-04
1.779079999999999927e+04 9.783349241087382908e-04
1.779409999999999854e+04 9.802330503534365403e-04
1.779740000000000146e+04 9.860868483346906400e-04
1.780070000000000073e+04 9.856011024853500793e-04
1.780400000000000000e+04 9.854945235838114600e-04
1.780720000000000073e+04 9.921257331765426495e-04
1.781050000000000000e+04 1.000467278313322151e-03
1.781379999999999927e+04 1.015387354294516875e-03
1.781709999999999854e+04 1.015412607289338000e-03
1.782040000000000146e+04 1.022835470353124221e-03
1.782370000000000073e+04 1.027531727046465063e-03
1.782700000000000000e+04 1.039660922456760693e-03
1.783029999999999927e+04 1.044184865257827060e-03
1.783359999999999854e+04 1.051991708685151745e-03
1.783690000000000146e+04 1.060230990795119023e-03
1.784020000000000073e+04 1.066338628779273014e-03
1.784350000000000000e+04 1.067033648835349598e-03
1.784679999999999927e+04 1.065860322212032517e-03
1.785009999999999854e+04 1.068676525986518187e-03
1.785340000000000146e+04 1.072345385321182452e-03
1.785670000000000073e+04 1.079200352402874237e-03
1.786000000000000000e+04 1.084636581965507402e-03
1.786329999999999927e+04 1.089238759103653168e-03
1.786659999999999854e+04 1.093855606674958882e-03
1.786990000000000146e+04 1.097063100580041809e-03
1.787309999999999854e+04 1.096880007386355363e-03
1.787640000000000146e+04 1.096979067187703631e-03
1.787970000000000073e+04 1.105960416694769851e-03
1.788300000000000000e+04 1.114487957587867667e-03
1.788629999999999927e+04 1.117990233815127979e-03
1.788959999999999854e+04 1.119371634739751726e-03
1.789290000000000146e+04 1.122102399779159685e-03
1.789620000000000073e+04 1.125746706487603613e-03
1.789950000000000000e+04 1.123308232836607579e-03
1.790279999999999927e+04 1.128691644719540801e-03
1.790609999999999854e+04 1.130172527825998004e-03
1.790940000000000146e+04 1.132407695109766826e-03
1.791270000000000073e+04 1.129931188577265816e-03
1.791600000000000000e+04 1.131142825907699998e-03
1.791929999999999927e+04 1.127343171834744185e-03
1.792259999999999854e+04 1.129036168872452192e-03
1.792590000000000146e+04 1.137265054202708445e-03
1.792920000000000073e+04 1.139401048639839724e-03
1.793250000000000000e+04 1.142883978221408527e-03
1.793570000000000073e+04 1.151939707731868814e-03
1.793900000000000000e+04 1.157005897177333089e-03
1.794229999999999927e+04 1.160984396550258880e-03
1.794559999999999854e+04 1.173117167481829400e-03
1.794890000000000146e+04 1.183212231600891786e-03
1.795220000000000073e+04 1.184880470317781383e-03
1.795550000000000000e+04 1.183737801002968408e-03
1.795879999999999927e+04 1.196091095622792925e-03
1.796209999999999854e+04 1.193557911406389633e-03
1.796540000000000146e+04 1.199176601963418279e-03
1.796870000000000073e+04 1.201257255822511675e-03
1.797200000000000000e+04 1.205419531617898899e-03
1.797529999999999927e+04 1.210267897922511198e-03
1.797859999999999854e+04 1.213223014370636010e-03
1.798190000000000146e+04 1.219220997330784607e-03
1.798520000000000073e+04 1.226103182740249887e-03
1.798850000000000000e+04 1.231962911611352235e-03
1.799179999999999927e+04 1.229274899184724761e-03
1.799509999999999854e+04 1.236453954787988026e-03
1.799840000000000146e+04 1.242440009776292660e-03
1.800159999999999854e+04 1.241981582028236228e-03
1.800490000000000146e+04 1.250111672630953904e-03
1.800820000000000073e+04 1.259609576474706371e-03
1.801150000000000000e+04 1.268756469256467241e-03
1.801479999999999927e+04 1.270061383362012554e-03
1.801809999999999854e+04 1.279926942070543127e-03
1.802140000000000146e+04 1.280211497871340575e-03
1.802470000000000073e+04 1.283107493428211612e-03
1.802800000000000000e+04 1.282585213655058638e-03
1.803129999999999927e+04 1.292258863373580650e-03
1.803459999999999854e+04 1.291988010232286580e-03
1.803790000000000146e+04 1.297947157928702267e-03
1.804120000000000073e+04 1.309677698901680646e-03
1.804450000000000000e+04 1.313938781460822439e-03
1.804779999999999927e+04 1.317786346580531245e-03
1.805109999999999854e+04 1.324632435795944103e-03
1.805440000000000146e+04 1.329859525265906367e-03
1.805770000000000073e+04 1.333461544735162771e-03
1.806100000000000000e+04 1.335342203785637883e-03
1.806429999999999927e+04 1.352049141641420947e-03
1.806750000000000000e+04 1.358864586901941535e-03
1.807079999999999927e+04 1.367212588116450966e-03
1.807409999999999854e+04 1.369531744559190131e-03
1.807740000000000146e+04 1.373374289021457497e-03
1.808070000000000073e+04 1.375404784173681061e-03
1.808400000000000000e+04 1.387472660924413993e-03
1.808729999999999927e+04 1.401484146905809932e-03
1.809059999999999854e+04 1.407874755777757366e-03
1.809390000000000146e+04 1.401068960706201546e-03
1.809720000000000073e+04 1.400979809387958245e-03
1.810050000000000000e+04 1.398908291351852722e-03
1.810379999999999927e+04 1.396404113798725829e-03
1.810709999999999854e+04 1.399489674952429088e-03
1.811040000000000146e+04 1.390638761036771393e-03
1.811370000000000073e+04 1.397131699372259565e-03
1.811700000000000000e+04 1.395748711754942351e-03
1.812029999999999927e+04 1.396110093160689769e-03
1.812359999999999854e+04 1.394359576153754877e-03
1.812690000000000146e+04 1.402299271687178911e-03
1.813009999999999854e+04 1.405418553400585198e-03
1.813340000000000146e+04 1.407673808708651822e-03
1.813670000000000073e+04 1.410235065919537324e-03
1.814000000000000000e+04 1.412013489731059248e-03
1.814329999999999927e+04 1.408478590916345486e-03
1.814659999999999854e+04 1.410311615789810232e-03
1.814990000000000146e+04 1.414389467797403949e-03
1.815320000000000073e+04 1.406887073655966203e-03
1.815650000000000000e+04 1.407580506123439889e-03
1.815979999999999927e+04 1.407573997594758174e-03
1.816309999999999854e+04 1.408285936121895067e-03
1.816640000000000146e+04 1.415175119715876171e-03
1.816970000000000073e+04 1.408835592224409912e-03
1.817300000000000000e+04 1.403873121697132983e-03
1.817629999999999927e+04 1.400227930500052859e-03
1.817959999999999854e+04 1.404404941241097155e-03
1.818290000000000146e+04 1.407756374555616148e-03
1.818620000000000073e+04 1.416514407434455109e-03
1.818950000000000000e+04 1.421915937725504609e-03
1.819279999999999927e+04 1.433706714445657886e-03
1.819600000000000000e+04 1.436060984263285312e-03
1.819929999999999927e+04 1.453791062120516481e-03
1.820259999999999854e+04 1.460075644740830734e-03
1.820590000000000146e+04 1.461114403576259336e-03
1.820920000000000073e+04 1.475805227401244925e-03
1.821250000000000000e+04 1.481936413569215003e-03
1.821579999999999927e+04 1.489068835424589609e-03
1.821909999999999854e+04 1.497658427265076203e-03
1.822240000000000146e+04 1.510965093365210059e-03
1.822570000000000073e+04 1.516397602864658425e-03
1.822900000000000000e+04 1.527150801498324863e-03
1.823229999999999927e+04 1.536840317488704635e-03
1.823559999999999854e+04 1.548012861858337171e-03
1.823890000000000146e+04 1.561041300777504890e-03
1.824220000000000073e+04 1.580342514747850235e-03
1.824550000000000000e+04 1.607818459223805041e-03
1.824879999999999927e+04 1.625774309513330516e-03
1.825209999999999854e+04 1.623917359745094720e-03
1.825540000000000146e+04 1.635121956273626054e-03
1.825859999999999854e+04 1.664480914412906588e-03
1.826190000000000146e+04 1.687323823120918118e-03
1.826520000000000073e+04 1.699810394979881867e-03
1.826850000000000000e+04 1.712827302124966420e-03
1.827179999999999927e+04 1.733103531265944158e-03
1.827509999999999854e+04 1.775824679526225719e-03
1.827840000000000146e+04 1.788965713920373339e-03
1.828170000000000073e+04 1.809261295026931646e-03
1.828500000000000000e+04 1.825882119155364854e-03
1.828829999999999927e+04 1.850020190974194321e-03
1.829159999999999854e+04 1.864778176284096574e-03
1.829490000000000146e+04 1.884148240382246863e-03
1.829820000000000073e+04 1.919123784856424653e-03
1.830150000000000000e+04 1.943419677100623666e-03
1.830479999999999927e+04 1.974330472636291484e-03
1.830809999999999854e+04 2.008716902827535188e-03
1.831140000000000146e+04 2.038471541460280725e-03
1.831470000000000073e+04 2.058959352544722978e-03
1.831800000000000000e+04 2.090794224822669148e-03
1.832129999999999927e+04 2.137869598206206499e-03
1.832450000000000000e+04 2.172745847453593643e-03
1.832779999999999927e+04 2.198624732683133933e-03
1.833109999999999854e+04 2.237305648475208623e-03
1.833440000000000146e+04 2.278236773041179570e-03
1.833770000000000073e+04 2.320034051036190363e-03
1.834100000000000000e+04 2.367953296990817687e-03
1.834429999999999927e+04 2.390411446397654356e-03
1.834759999999999854e+04 2.421877273303620851e-03
1.835090000000000146e+04 2.463649521115445114e-03
1.835420000000000073e+04 2.503859144862254776e-03
1.835750000000000000e+04 2.541807774419835211e-03
1.836079999999999927e+04 2.574777258835856709e-03
1.836409999999999854e+04 2.588171913593747316e-03
1.836740000000000146e+04 2.612204029120291163e-03
1.837070000000000073e+04 2.658875315197181503e-03
1.837400000000000000e+04 2.688750521048879558e-03
1.837729999999999927e+04 2.729793290613880506e-03
1.838059999999999854e+04 2.766364446062024446e-03
1.838390000000000146e+04 2.809376726630143355e-03
1.838709999999999854e+04 2.839842229310861072e-03
1.839040000000000146e+04 2.880922910837969888e-03
1.839370000000000073e+04 2.902322339440095537e-03
1.839700000000000000e+04 2.938485025796887858e-03
1.840029999999999927e+04 2.966355436489043207e-03
1.840359999999999854e+04 3.011707964010575111e-03
1.840690000000000146e+04 3.047265215519350152e-03
1.841020000000000073e+04 3.073725381290723629e-03
1.841350000000000000e+04 3.103420964136367061e-03
1.841679999999999927e+04 3.149232407493312604e-03
1.842009999999999854e+04 3.191588449050570143e-03
1.842340000000000146e+04 3.238286321068135128e-03
1.842670000000000073e+04 3.277984249278763276e-03
1.843000000000000000e+04 3.328446909447681321e-03
1.843329999999999927e+04 3.371037457988153817e-03
1.843659999999999854e+04 3.416492786923419796e-03
1.843990000000000146e+04 3.446360890903108539e-03
1.844320000000000073e+04 3.494398682882623400e-03
1.844650000000000000e+04 3.541558155602395324e-03
1.844979999999999927e+04 3.589691655196648127e-03
1.845300000000000000e+04 3.627576445714009515e-03
1.845629999999999927e+04 3.676032630405348233e-03
1.845959999999999854e+04 3.700437580801740033e-03
1.846290000000000146e+04 3.742413528107267542e-03
1.846620000000000073e+04 3.736984198168413589e-03
1.846950000000000000e+04 3.758597065775586606e-03
1.847279999999999927e+04 3.788669795658731760e-03
1.847609999999999854e+04 3.798170577530262781e-03
1.847940000000000146e+04 3.808793809166394900e-03
1.848270000000000073e+04 3.814687307223205408e-03
1.848600000000000000e+04 3.803727098267729693e-03
1.848929999999999927e+04 3.806212035838628729e-03
1.849259999999999854e+04 3.813392321482198585e-03
1.849590000000000146e+04 3.805814710078918653e-03
1.849920000000000073e+04 3.822477217162853578e-03
1.850250000000000000e+04 3.841235047412374509e-03
1.850579999999999927e+04 3.874483249284520290e-03
1.850909999999999854e+04 3.924922391713966778e-03
1.851240000000000146e+04 3.928835849933121592e-03
1.851570000000000073e+04 3.922094148194602524e-03
1.851890000000000146e+04 3.921063744338196787e-03
1.852220000000000073e+04 3.936932838208481548e-03
1.852550000000000000e+04 3.964571174805720313e-03
1.852879999999999927e+04 4.009595757182474185e-03
1.853209999999999854e+04 4.050008821694326203e-03
1.853540000000000146e+04 4.079960745040614803e-03
1.853870000000000073e+04 4.134287706042475731e-03
1.854200000000000000e+04 4.178851774650493844e-03
1.854529999999999927e+04 4.234896490089271395e-03
1.854859999999999854e+04 4.249494270521719970e-03
1.855190000000000146e+04 4.297181258888386167e-03
1.855520000000000073e+04 4.353317963799483575e-03
1.855850000000000000e+04 4.410812981892327928e-03
1.856179999999999927e+04 4.482478442056749522e-03
1.856509999999999854e+04 4.530063144335873086e-03
1.856840000000000146e+04 4.589591802429126254e-03
1.857170000000000073e+04 4.625315534740814631e-03
1.857500000000000000e+04 4.670097104609956772e-03
1.857829999999999927e+04 4.735825344231428015e-03
1.858150000000000000e+04 4.773873335461305094e-03
1.858479999999999927e+04 4.803991250796164729e-03
1.858809999999999854e+04 4.840744238742737508e-03
1.859140000000000146e+04 4.904021688717949586e-03
1.859470000000000073e+04 4.948972747293841658e-03
1.859800000000000000e+04 5.002531933248378047e-03
1.860129999999999927e+04 5.039349017566029619e-03
1.860459999999999854e+04 5.095018396542038558e-03
1.860790000000000146e+04 5.141474274960170128e-03
1.861120000000000073e+04 5.218079742802920334e-03
1.861450000000000000e+04 5.315558280088667278e-03
1.861779999999999927e+04 5.376537857965271554e-03
1.862109999999999854e+04 5.432109879048474706e-03
1.862440000000000146e+04 5.511733620208511715e-03
1.862770000000000073e+04 5.562936593714142182e-03
1.863100000000000000e+04 5.686195659387577317e-03
1.863429999999999927e+04 5.766943986662526056e-03
1.863759999999999854e+04 5.846520735217894393e-03
1.864090000000000146e+04 5.938332333500324738e-03
1.864420000000000073e+04 6.103623962885995624e-03
1.864740000000000146e+04 6.227469437700351024e-03
1.865070000000000073e+04 6.353211348128393401e-03
1.865400000000000000e+04 6.513638176558643120e-03
1.865729999999999927e+04 6.666473898031461710e-03
1.866059999999999854e+04 6.824336940998364590e-03
1.866390000000000146e+04 6.934861811789459936e-03
1.866720000000000073e+04 7.042297226108675499e-03
1.867050000000000000e+04 7.133718889581638217e-03
1.867379999999999927e+04 7.247502637633001371e-03
1.867709999999999854e+04 7.391847171781523035e-03
1.868040000000000146e+04 7.574642872479247190e-03
1.868370000000000073e+04 7.798373777163899144e-03
1.868700000000000000e+04 8.034315465516323612e-03
1.869029999999999927e+04 8.267114423852918795e-03
1.869359999999999854e+04 8.537366997235269414e-03
1.869690000000000146e+04 8.813513555229083446e-03
1.870020000000000073e+04 8.937562161768134936e-03
1.870350000000000000e+04 9.034726662683690776e-03
1.870679999999999927e+04 9.263813484379294569e-03
1.871000000000000000e+04 9.547521284505996672e-03
1.871329999999999927e+04 9.788306510536862876e-03
1.871659999999999854e+04 9.951793483386407735e-03
1.871990000000000146e+04 1.013199495914072351e-02
1.872320000000000073e+04 1.030910657526633648e-02
1.872650000000000000e+04 1.050167391351588923e-02
1.872979999999999927e+04 1.065541339149721559e-02
1.873309999999999854e+04 1.082191564088140663e-02
1.873640000000000146e+04 1.100627390972492431e-02
1.873970000000000073e+04 1.121698028592656160e-02
1.874300000000000000e+04 1.128023757739938897e-02
1.874629999999999927e+04 1.147997482080766705e-02
1.874959999999999854e+04 1.156168981342239541e-02
1.875290000000000146e+04 1.162911875447918478e-02
1.875620000000000073e+04 1.168809952764787372e-02
1.875950000000000000e+04 1.183138511889974057e-02
1.876279999999999927e+04 1.196677242280498078e-02
1.876609999999999854e+04 1.209156756351043548e-02
1.876940000000000146e+04 1.217956503857058753e-02
1.877270000000000073e+04 1.232029262972000536e-02
1.877590000000000146e+04 1.250646171629327466e-02
1.877920000000000073e+04 1.256622644170884290e-02
1.878250000000000000e+04 1.272377789836660542e-02
1.878579999999999927e+04 1.289200285693373020e-02
1.878909999999999854e+04 1.310599632538336778e-02
1.879240000000000146e+04 1.334051348292950023e-02
1.879570000000000073e+04 1.358645286382512835e-02
1.879900000000000000e+04 1.385751325409779328e-02
1.880229999999999927e+04 1.414579778925466325e-02
1.880559999999999854e+04 1.444535001273098383e-02
1.880890000000000146e+04 1.467984991196164511e-02
1.881220000000000073e+04 1.495910407741425467e-02
1.881550000000000000e+04 1.525256344904665426e-02
1.881879999999999927e+04 1.551474330651288029e-02
1.882209999999999854e+04 1.578798867374540948e-02
1.882540000000000146e+04 1.606873074129411619e-02
1.882870000000000073e+04 1.638837906904842129e-02
1.883200000000000000e+04 1.669446393399889872e-02
1.883529999999999927e+04 1.700966974080905109e-02
1.883859999999999854e+04 1.731690871833964709e-02
1.884179999999999927e+04 1.761565851567851310e-02
1.884509999999999854e+04 1.790081439678356187e-02
1.884840000000000146e+04 1.815187011034125400e-02
1.885170000000000073e+04 1.837773827639891180e-02
1.885500000000000000e+04 1.859620666399115774e-02
1.885829999999999927e+04 1.878739148134501297e-02
1.886159999999999854e+04 1.895615068959130914e-02
1.886490000000000146e+04 1.929577996650052446e-02
1.886820000000000073e+04 1.964969496198940013e-02
1.887150000000000000e+04 1.989398510980878651e-02
1.887479999999999927e+04 2.004961067520194193e-02
1.887809999999999854e+04 2.029309073024257101e-02
1.888140000000000146e+04 2.060822632182276321e-02
1.888470000000000073e+04 2.088794373129211276e-02
1.888800000000000000e+04 2.117598008054070655e-02
1.889129999999999927e+04 2.142785909114638607e-02
1.889459999999999854e+04 2.176455682577000533e-02
1.889790000000000146e+04 2.208191377576238998e-02
1.890120000000000073e+04 2.238955513860227051e-02
1.890440000000000146e+04 2.266289390751217644e-02
1.890770000000000073e+04 2.309416234411397484e-02
1.891100000000000000e+04 2.340524460001301710e-02
1.891429999999999927e+04 2.383224202893727967e-02
1.891759999999999854e+04 2.426155070491026883e-02
1.892090000000000146e+04 2.469893835036816171e-02
1.892420000000000073e+04 2.509682747731613664e-02
1.892750000000000000e+04 2.547719439184912768e-02
1.893079999999999927e+04 2.588876466547453820e-02
1.893409999999999854e+04 2.630037821071599946e-02
1.893740000000000146e+04 2.667467585057599344e-02
1.894070000000000073e+04 2.697871649451463738e-02
1.894400000000000000e+04 2.737634301547378635e-02
1.894729999999999927e+04 2.772680886965445124e-02
1.895059999999999854e+04 2.806536735317795989e-02
1.895390000000000146e+04 2.839233773669602029e-02
1.895720000000000073e+04 2.866585293143910154e-02
1.896050000000000000e+04 2.894953280696949474e-02
1.896379999999999927e+04 2.921476151152389150e-02
1.896709999999999854e+04 2.943957992518436706e-02
1.897029999999999927e+04 2.963274893327668205e-02
1.897359999999999854e+04 2.983904065851957638e-02
1.897690000000000146e+04 3.007515601221239301e-02
1.898020000000000073e+04 3.026963248214157090e-02
1.898350000000000000e+04 3.048117087101703121e-02
1.898679999999999927e+04 3.069019934242116221e-02
1.899009999999999854e+04 3.088726564562001980e-02
1.899340000000000146e+04 3.107628139867119749e-02
1.899670000000000073e+04 3.124015880731209269e-02
1.900000000000000000e+04 3.142234039715760541e-02
1.900329999999999927e+04 3.157747243103242035e-02
1.900659999999999854e+04 3.175891691495095343e-02
1.900990000000000146e+04 3.188593159714805947e-02
1.901320000000000073e+04 3.199533676158913126e-02
1.901650000000000000e+04 3.210246140612060123e-02
1.901979999999999927e+04 3.223784132831825772e-02
1.902309999999999854e+04 3.236739287076365740e-02
1.902640000000000146e+04 3.251665979446179133e-02
1.902970000000000073e+04 3.258701679385565819e-02
1.903290000000000146e+04 3.267318626233501472e-02
1.903620000000000073e+04 3.273358973258717192e-02
1.903950000000000000e+04 3.279898526842370959e-02
1.904279999999999927e+04 3.287354710005162967e-02
1.904609999999999854e+04 3.291119465401342453e-02
1.904940000000000146e+04 3.298010208813303978e-02
1.905270000000000073e+04 3.305140229142315700e-02
1.905600000000000000e+04 3.310330869426200695e-02
1.905929999999999927e+04 3.314323880058582528e-02
1.906259999999999854e+04 3.315727049470495319e-02
1.906590000000000146e+04 3.317900413064622800e-02
1.906920000000000073e+04 3.318553166796514575e-02
1.907250000000000000e+04 3.314345565292498713e-02
1.907579999999999927e+04 3.312084988078416170e-02
1.907909999999999854e+04 3.309733771893226539e-02
1.908240000000000146e+04 3.308638172731178523e-02
1.908570000000000073e+04 3.304110874293771788e-02
1.908900000000000000e+04 3.297558133193032037e-02
1.909229999999999927e+04 3.290812024903286281e-02
1.909559999999999854e+04 3.285648053090992060e-02
1.909879999999999927e+04 3.281416117472254340e-02
1.910209999999999854e+04 3.273322239806763373e-02
1.910540000000000146e+04 3.267418683432040533e-02
1.910870000000000073e+04 3.261059309030826803e-02
1.911200000000000000e+04 3.252627111301854140e-02
1.911529999999999927e+04 3.244732122909629868e-02
1.911859999999999854e+04 3.227757184528284168e-02
1.912190000000000146e+04 3.215173395670574419e-02
1.912520000000000073e+04 3.198113256876536359e-02
1.912850000000000000e+04 3.179563260523661505e-02
1.913179999999999927e+04 3.165694945801528909e-02
1.913509999999999854e+04 3.152418742014172909e-02
1.913840000000000146e+04 3.135169536385143396e-02
1.914170000000000073e+04 3.114704836845006222e-02
1.914500000000000000e+04 3.097385825830408987e-02
1.914829999999999927e+04 3.075571598127574413e-02
1.915159999999999854e+04 3.056046950443440033e-02
1.915490000000000146e+04 3.035645926277029741e-02
1.915820000000000073e+04 3.014460550396478450e-02
1.916140000000000146e+04 2.996125438226461893e-02
1.916470000000000073e+04 2.974192010092678237e-02
1.916800000000000000e+04 2.953005614349755656e-02
1.917129999999999927e+04 2.927769376839074386e-02
1.917459999999999854e+04 2.905131812292843438e-02
1.917790000000000146e+04 2.883222257015380027e-02
1.918120000000000073e+04 2.861473727718640350e-02
1.918450000000000000e+04 2.836703697369111904e-02
1.918779999999999927e+04 2.810215068729144533e-02
1.919109999999999854e+04 2.784209592403066869e-02
1.919440000000000146e+04 2.761617101550021061e-02
1.919770000000000073e+04 2.735894871542238205e-02
1.920100000000000000e+04 2.710880838478280791e-02
1.920429999999999927e+04 2.686001355176467417e-02
1.920759999999999854e+04 2.658845946006035965e-02
1.921090000000000146e+04 2.633199495916764207e-02
1.921420000000000073e+04 2.605017403831344502e-02
1.921750000000000000e+04 2.575570780303154325e-02
1.922079999999999927e+04 2.547497007249097806e-02
1.922409999999999854e+04 2.518674500119407952e-02
1.922729999999999927e+04 2.488195484946927050e-02
1.923059999999999854e+04 2.458167936122981206e-02
1.923390000000000146e+04 2.430689982784063272e-02
1.923720000000000073e+04 2.403763072240256912e-02
1.924050000000000000e+04 2.373706648972855396e-02
1.924379999999999927e+04 2.344051525076728398e-02
1.924709999999999854e+04 2.313922998932020289e-02
1.925040000000000146e+04 2.283200247537088209e-02
1.925370000000000073e+04 2.250495609825875140e-02
1.925700000000000000e+04 2.221867725929521295e-02
1.926029999999999927e+04 2.188943055063698184e-02
1.926359999999999854e+04 2.155478293183501343e-02
1.926690000000000146e+04 2.125468512114552302e-02
1.927020000000000073e+04 2.092151704193703776e-02
1.927350000000000000e+04 2.060647570843961510e-02
1.927679999999999927e+04 2.029317151983643999e-02
1.928009999999999854e+04 1.995761891512177338e-02
1.928340000000000146e+04 1.966668430287122488e-02
1.928670000000000073e+04 1.935132529625770148e-02
1.929000000000000000e+04 1.903622069921587223e-02
1.929320000000000073e+04 1.874142177729138173e-02
1.929650000000000000e+04 1.842157259270939956e-02
1.929979999999999927e+04 1.811433075325839109e-02
1.930309999999999854e+04 1.782302385352898394e-02
1.930640000000000146e+04 1.752414997036114488e-02
1.930970000000000073e+04 1.723210933259955099e-02
1.931300000000000000e+04 1.694441185138520142e-02
1.931629999999999927e+04 1.662243645536308836e-02
1.931959999999999854e+04 1.631609546566620619e-02
1.932290000000000146e+04 1.599437660482384491e-02
1.932620000000000073e+04 1.568071404640894104e-02
1.932950000000000000e+04 1.536106260819931207e-02
1.933279999999999927e+04 1.504814935325422820e-02
1.933609999999999854e+04 1.476791201352476747e-02
1.933940000000000146e+04 1.447734025929137483e-02
1.934270000000000073e+04 1.419064472228762606e-02
1.934600000000000000e+04 1.389262494561382261e-02
1.934929999999999927e+04 1.359607655910635531e-02
1.935259999999999854e+04 1.330135200081651418e-02
1.935579999999999927e+04 1.300050891588721939e-02
1.935909999999999854e+04 1.269063819043393486e-02
1.936240000000000146e+04 1.239539902847570582e-02
1.936570000000000073e+04 1.210685087354894558e-02
1.936900000000000000e+04 1.183148373939547568e-02
1.937229999999999927e+04 1.154676436369283382e-02
1.937559999999999854e+04 1.126505976735352015e-02
1.937890000000000146e+04 1.098290665774240109e-02
1.938220000000000073e+04 1.070433595526596934e-02
1.938550000000000000e+04 1.042642102517964825e-02
1.938879999999999927e+04 1.013755145421061862e-02
1.939209999999999854e+04 9.875895688158494584e-03
1.939540000000000146e+04 9.609892301564913752e-03
1.939870000000000073e+04 9.330127548149661637e-03
1.940200000000000000e+04 9.065271813640174078e-03
1.940529999999999927e+04 8.823732749597811703e-03
1.940859999999999854e+04 8.574602007473152918e-03
1.941190000000000146e+04 8.314281359500970414e-03
1.941520000000000073e+04 8.070173660768871840e-03
1.941850000000000000e+04 7.830342905127440564e-03
1.942170000000000073e+04 7.564347440718269949e-03
1.942500000000000000e+04 7.310180052874663305e-03
1.942829999999999927e+04 7.069760805230864212e-03
1.943159999999999854e+04 6.826241009687716160e-03
1.943490000000000146e+04 6.578943775192359379e-03
1.943820000000000073e+04 6.329761212621260597e-03
1.944150000000000000e+04 6.080949228835397236e-03
1.944479999999999927e+04 5.854561519079774269e-03
1.944809999999999854e+04 5.624601890804047620e-03
1.945140000000000146e+04 5.407634109266594609e-03
1.945470000000000073e+04 5.195195305646048076e-03
1.945800000000000000e+04 4.971708565607811485e-03
1.946129999999999927e+04 4.741852573219433251e-03
1.946459999999999854e+04 4.514085826433249238e-03
1.946790000000000146e+04 4.283924336481547204e-03
1.947120000000000073e+04 4.057024366579669618e-03
1.947450000000000000e+04 3.830584932261849040e-03
1.947779999999999927e+04 3.622421237397616123e-03
1.948109999999999854e+04 3.416127318629826222e-03
1.948429999999999927e+04 3.208432428908687423e-03
1.948759999999999854e+04 3.018566349404571986e-03
1.949090000000000146e+04 2.827283046407078147e-03
1.949420000000000073e+04 2.629733153969355045e-03
1.949750000000000000e+04 2.435253683640016195e-03
1.950079999999999927e+04 2.226061810958048642e-03
1.950409999999999854e+04 2.033156417806066159e-03
1.950740000000000146e+04 1.834500491990753018e-03
1.951070000000000073e+04 1.640252769326122802e-03
1.951400000000000000e+04 1.453536433656345489e-03
1.951729999999999927e+04 1.263082778870406328e-03
1.952059999999999854e+04 1.058413996891466747e-03
1.952390000000000146e+04 8.743507355578422581e-04
1.952720000000000073e+04 7.041080783949043393e-04
1.953050000000000000e+04 5.248048056738531791e-04
1.953379999999999927e+04 3.496155515453961121e-04
1.953709999999999854e+04 1.771793220491696863e-04
1.954040000000000146e+04 2.049460586784161494e-05
1.954370000000000073e+04 -1.388734282736318599e-04
1.954700000000000000e+04 -2.896327886159186693e-04
1.955020000000000073e+04 -4.565986004119783901e-04
1.955350000000000000e+04 -5.898070315522982356e-04
1.955679999999999927e+04 -7.336954001489233565e-04
1.956009999999999854e+04 -8.647866797545890804e-04
1.956340000000000146e+04 -1.013432771606016369e-03
1.956670000000000073e+04 -1.153179125210294659e-03
1.957000000000000000e+04 -1.290602259130139724e-03
1.957329999999999927e+04 -1.438505626254280934e-03
1.957659999999999854e+04 -1.566567544522232255e-03
1.957990000000000146e+04 -1.697914384085777960e-03
1.958320000000000073e+04 -1.843598030696407116e-03
1.958650000000000000e+04 -1.988683344980033893e-03
1.958979999999999927e+04 -2.100517034781482044e-03
1.959309999999999854e+04 -2.220845864469494623e-03
1.959640000000000146e+04 -2.340701870284501735e-03
1.959970000000000073e+04 -2.442422074029912491e-03
1.960300000000000000e+04 -2.554490699037186181e-03
1.960629999999999927e+04 -2.678886819051407974e-03
1.960959999999999854e+04 -2.799328150282551393e-03
1.961290000000000146e+04 -2.921881844349395827e-03
1.961609999999999854e+04 -3.040580288432209299e-03
1.961940000000000146e+04 -3.131361904222115192e-03
1.962270000000000073e+04 -3.248534153382721425e-03
1.962600000000000000e+04 -3.352233597330955134e-03
1.962929999999999927e+04 -3.455399306287692748e-03
1.963259999999999854e+04 -3.526504318658865537e-03
1.963590000000000146e+04 -3.583454396063260119e-03
1.963920000000000073e+04 -3.716813040259748895e-03
1.964250000000000000e+04 -3.790011434789701886e-03
1.964579999999999927e+04 -3.905692963964922746e-03
1.964909999999999854e+04 -4.027241077519606166e-03
1.965240000000000146e+04 -4.165086624368937764e-03
1.965570000000000073e+04 -4.281750634438521649e-03
1.965900000000000000e+04 -4.356992698693915728e-03
1.966229999999999927e+04 -4.411418554356072615e-03
1.966559999999999854e+04 -4.472161103208508251e-03
1.966890000000000146e+04 -4.563349455059219871e-03
1.967220000000000073e+04 -4.664298792182335236e-03
1.967550000000000000e+04 -4.752157279877833491e-03
1.967870000000000073e+04 -4.849571138336740937e-03
1.968200000000000000e+04 -4.890338902625275021e-03
1.968529999999999927e+04 -4.926596104971844685e-03
1.968859999999999854e+04 -4.957443034237181412e-03
1.969190000000000146e+04 -4.996621544917556092e-03
1.969520000000000073e+04 -5.062590284195659686e-03
1.969850000000000000e+04 -5.117734548893267295e-03
1.970179999999999927e+04 -5.151521133110549544e-03
1.970509999999999854e+04 -5.248604980958108610e-03
1.970840000000000146e+04 -5.344010774766812071e-03
1.971170000000000073e+04 -5.450170895654562510e-03
1.971500000000000000e+04 -5.504764641393006079e-03
1.971829999999999927e+04 -5.601938495172205205e-03
1.972159999999999854e+04 -5.622116653797750233e-03
1.972490000000000146e+04 -5.656094239623067448e-03
1.972820000000000073e+04 -5.732544461175954204e-03
1.973150000000000000e+04 -5.824439772019838514e-03
1.973479999999999927e+04 -5.892744609559252139e-03
1.973809999999999854e+04 -5.962989234942486609e-03
1.974140000000000146e+04 -6.041346253990584163e-03
1.974459999999999854e+04 -6.131234474532157655e-03
1.974790000000000146e+04 -6.161551174879012667e-03
1.975120000000000073e+04 -6.161429276921114896e-03
1.975450000000000000e+04 -6.191352560629309262e-03
1.975779999999999927e+04 -6.218357624354006741e-03
1.976109999999999854e+04 -6.272502524475678277e-03
1.976440000000000146e+04 -6.328182484433063013e-03
1.976770000000000073e+04 -6.403614350810764300e-03
1.977100000000000000e+04 -6.470312705697379638e-03
1.977429999999999927e+04 -6.514955506800046599e-03
1.977759999999999854e+04 -6.568863116778270519e-03
1.978090000000000146e+04 -6.630824844590174280e-03
1.978420000000000073e+04 -6.720911296147769054e-03
1.978750000000000000e+04 -6.739820675902449994e-03
1.979079999999999927e+04 -6.816853095892406317e-03
1.979409999999999854e+04 -6.833037812758938415e-03
1.979740000000000146e+04 -6.857722461248378157e-03
1.980070000000000073e+04 -6.931780187835057637e-03
1.980400000000000000e+04 -6.938172151091154607e-03
1.980720000000000073e+04 -6.979836371623767896e-03
1.981050000000000000e+04 -6.973578327887975693e-03
1.981379999999999927e+04 -6.955395573205618021e-03
1.981709999999999854e+04 -6.978959687030527811e-03
1.982040000000000146e+04 -6.958755428127703924e-03
1.982370000000000073e+04 -6.964715503073481105e-03
1.982700000000000000e+04 -7.002210027816154793e-03
1.983029999999999927e+04 -7.020660914248565490e-03
1.983359999999999854e+04 -7.005261789683813606e-03
1.983690000000000146e+04 -6.994261482836230948e-03
1.984020000000000073e+04 -6.965699242076540780e-03
1.984350000000000000e+04 -6.976317429007318494e-03
1.984679999999999927e+04 -6.981679429113246856e-03
1.985009999999999854e+04 -7.006518416444965959e-03
1.985340000000000146e+04 -7.046255545666493293e-03
1.985670000000000073e+04 -7.110712313262276298e-03
1.986000000000000000e+04 -7.126797435684287078e-03
1.986329999999999927e+04 -7.170821279922510484e-03
1.986659999999999854e+04 -7.182881823761669456e-03
1.986990000000000146e+04 -7.165342123222899658e-03
1.987309999999999854e+04 -7.121736320065632023e-03
1.987640000000000146e+04 -7.092321845170437497e-03
1.987970000000000073e+04 -7.121624885150106866e-03
1.988300000000000000e+04 -7.080919988133715232e-03
1.988629999999999927e+04 -7.155829428598408336e-03
1.988959999999999854e+04 -7.233389191180072432e-03
1.989290000000000146e+04 -7.221679715382377414e-03
1.989620000000000073e+04 -7.169964614399579848e-03
1.989950000000000000e+04 -7.143519509274626027e-03
1.990279999999999927e+04 -7.112273996260041163e-03
1.990609999999999854e+04 -7.100465000381993297e-03
1.990940000000000146e+04 -7.053802696044208023e-03
1.991270000000000073e+04 -7.067746192376310813e-03
1.991600000000000000e+04 -7.077289884292839103e-03
1.991929999999999927e+04 -7.090648084476645907e-03
1.992259999999999854e+04 -7.088365653182815244e-03
1.992590000000000146e+04 -7.071806354728356857e-03
