1.716800000000000000e+04 4.887193902749747531e-04
1.717129999999999927e+04 4.868087109365158531e-04
1.717459999999999854e+04 4.804413090493215243e-04
1.717790000000000146e+04 4.752072761206542874e-04
1.718120000000000073e+04 4.584152400399331287e-04
1.718450000000000000e+04 4.557666545787742948e-04
1.718779999999999927e+04 4.503424323170323847e-04
1.719109999999999854e+04 4.457801304229328204e-04
1.719440000000000146e+04 4.423059429287499881e-04
1.719770000000000073e+04 4.648092975332590994e-04
1.720100000000000000e+04 4.677575166575294904e-04
1.720429999999999927e+04 4.772324793037976205e-04
1.720759999999999854e+04 4.854796900115576890e-04
1.721090000000000146e+04 4.930090455744412297e-04
1.721420000000000073e+04 4.925388758489316222e-04
1.721750000000000000e+04 4.920901542792304904e-04
1.722079999999999927e+04 4.840261378083176311e-04
1.722409999999999854e+04 4.874793374966053419e-04
1.722729999999999927e+04 5.018656195951394028e-04
1.723059999999999854e+04 5.064207643695249703e-04
1.723390000000000146e+04 4.864198234068860022e-04
1.723720000000000073e+04 4.870133311549573588e-04
1.724050000000000000e+04 4.816980802802373952e-04
1.724379999999999927e+04 4.727895578821925257e-04
1.724709999999999854e+04 4.694836907236884008e-04
1.725040000000000146e+04 4.694035852189962200e-04
1.725370000000000073e+04 4.729964516816941044e-04
1.725700000000000000e+04 4.782318721889015282e-04
1.726029999999999927e+04 4.709729585102647061e-04
1.726359999999999854e+04 4.790774109862128973e-04
1.726690000000000146e+04 4.900246851608998410e-04
1.727020000000000073e+04 4.956611786211697181e-04
1.727350000000000000e+04 5.091814117805486132e-04
1.727679999999999927e+04 5.258402543586444648e-04
1.728009999999999854e+04 5.326812918418295838e-04
1.728340000000000146e+04 5.388443007457844160e-04
1.728670000000000073e+04 5.439914208742309366e-04
1.729000000000000000e+04 5.510436601267493543e-04
1.729320000000000073e+04 5.547554601550122762e-04
1.729650000000000000e+04 5.629819994581977856e-04
1.729979999999999927e+04 5.705429855925657316e-04
1.730309999999999854e+04 5.749830153184670289e-04
1.730640000000000146e+04 5.792364646716001431e-04
1.730970000000000073e+04 5.836391612589022278e-04
1.731300000000000000e+04 5.837965095444233978e-04
1.731629999999999927e+04 5.916118742234965705e-04
1.731959999999999854e+04 5.855381838607758103e-04
1.732290000000000146e+04 5.851129585888113467e-04
1.732620000000000073e+04 5.819895368161402465e-04
1.732950000000000000e+04 5.816926834694206806e-04
1.733279999999999927e+04 5.956443987812642948e-04
1.733609999999999854e+04 6.008712267619684697e-04
1.733940000000000146e+04 6.069815768293192627e-04
1.734270000000000073e+04 6.139030248736064913e-04
1.734600000000000000e+04 6.149508291506153128e-04
1.734929999999999927e+04 6.251760876631265061e-04
1.735259999999999854e+04 6.284686133616648176e-04
1.735579999999999927e+04 6.342625616464947404e-04
1.735909999999999854e+04 6.376116081956928689e-04
1.736240000000000146e+04 6.425373017012164095e-04
1.736570000000000073e+04 6.413478000201882365e-04
1.736900000000000000e+04 6.444586069946405199e-04
1.737229999999999927e+04 6.421189806054448338e-04
1.737559999999999854e+04 6.490752195161495494e-04
1.737890000000000146e+04 6.550845017659237372e-04
1.738220000000000073e+04 6.661856242263500998e-04
1.738550000000000000e+04 6.759173609179285188e-04
1.738879999999999927e+04 6.757971112713771029e-04
1.739209999999999854e+04 6.799119419912704170e-04
1.739540000000000146e+04 6.818664579566060613e-04
1.739870000000000073e+04 6.907343457247455210e-04
1.740200000000000000e+04 6.925874988117100778e-04
1.740529999999999927e+04 6.921956116577865359e-04
1.740859999999999854e+04 6.942261937493077661e-04
1.741190000000000146e+04 6.947129699560615403e-04
1.741520000000000073e+04 6.928201106819458378e-04
1.741850000000000000e+04 6.958799212923887827e-04
1.742170000000000073e+04 6.994948206917199268e-04
1.742500000000000000e+04 7.111716885630907934e-04
1.742829999999999927e+04 7.163565650342564950e-04
1.743159999999999854e+04 7.132246183744058669e-04
1.743490000000000146e+04 7.179295442569557642e-04
1.743820000000000073e+04 7.144755670923664528e-04
1.744150000000000000e+04 7.121649967960236999e-04
1.744479999999999927e+04 7.160129779922321490e-04
1.744809999999999854e+04 7.135793591974363276e-04
1.745140000000000146e+04 7.141806494722200598e-04
1.745470000000000073e+04 7.119164377625455519e-04
1.745800000000000000e+04 7.107522877026039698e-04
1.746129999999999927e+04 7.098458379967766433e-04
1.746459999999999854e+04 7.103474318978679003e-04
1.746790000000000146e+04 7.140866810834165055e-04
1.747120000000000073e+04 7.217362963801888945e-04
1.747450000000000000e+04 7.267563362102933897e-04
1.747779999999999927e+04 7.319492734587470422e-04
1.748109999999999854e+04 7.378354307751804455e-04
1.748429999999999927e+04 7.435904169900583961e-04
1.748759999999999854e+04 7.483269804209200177e-04
1.749090000000000146e+04 7.597720951765785623e-04
1.749420000000000073e+04 7.618978138401453267e-04
1.749750000000000000e+04 7.621419028368032903e-04
1.750079999999999927e+04 7.667652497223017378e-04
1.750409999999999854e+04 7.665206328606591953e-04
1.750740000000000146e+04 7.730558073769209929e-04
1.751070000000000073e+04 7.733658802973895951e-04
1.751400000000000000e+04 7.756300272761523914e-04
1.751729999999999927e+04 7.702705050308706215e-04
1.752059999999999854e+04 7.595918528870651163e-04
1.752390000000000146e+04 7.672520728012480543e-04
1.752720000000000073e+04 7.664885263014520290e-04
1.753050000000000000e+04 7.729818949341923495e-04
1.753379999999999927e+04 7.753451753650446266e-04
1.753709999999999854e+04 7.799279712877067597e-04
1.754040000000000146e+04 7.813874132196692345e-04
1.754370000000000073e+04 7.847105391887856203e-04
1.754700000000000000e+04 7.740022199378645586e-04
1.755020000000000073e+04 7.753923176325068500e-04
1.755350000000000000e+04 7.761995011358344219e-04
1.755679999999999927e+04 7.762008499981009864e-04
1.756009999999999854e+04 7.785045028903272123e-04
1.756340000000000146e+04 7.708188435662198523e-04
1.756670000000000073e+04 7.711309898103489973e-04
1.757000000000000000e+04 7.771515204868564277e-04
1.757329999999999927e+04 7.837386397930315657e-04
1.757659999999999854e+04 7.863989015461055661e-04
1.757990000000000146e+04 8.033223130378174329e-04
1.758320000000000073e+04 8.138434599847779900e-04
1.758650000000000000e+04 8.202202926078152332e-04
1.758979999999999927e+04 8.202503066967206614e-04
1.759309999999999854e+04 8.233154173400993557e-04
1.759640000000000146e+04 8.303401405243868811e-04
1.759970000000000073e+04 8.327886332813086824e-04
1.760300000000000000e+04 8.340653457527967725e-04
1.760629999999999927e+04 8.344560576449995808e-04
1.760959999999999854e+04 8.412492891461483989e-04
1.761290000000000146e+04 8.440899968581826044e-04
1.761609999999999854e+04 8.565836013293614756e-04
1.761940000000000146e+04 8.649405147158511272e-04
1.762270000000000073e+04 8.677593345566479667e-04
1.762600000000000000e+04 8.819460459893160766e-04
1.762929999999999927e+04 8.894150209090086363e-04
1.763259999999999854e+04 8.871133031219255926e-04
1.763590000000000146e+04 8.829661535794923336e-04
1.763920000000000073e+04 8.856472704232921976e-04
1.764250000000000000e+04 8.784495360972113332e-04
1.764579999999999927e+04 8.760445668523954028e-04
1.764909999999999854e+04 8.778067634820366704e-04
1.765240000000000146e+04 8.820856079233373300e-04
1.765570000000000073e+04 8.790803654918576647e-04
1.765900000000000000e+04 8.794520762848059142e-04
1.766229999999999927e+04 8.773236941786842101e-04
1.766559999999999854e+04 8.742556294393466704e-04
1.766890000000000146e+04 8.756857479014143724e-04
1.767220000000000073e+04 8.749033626617088322e-04
1.767550000000000000e+04 8.735887900729180167e-04
1.767870000000000073e+04 8.678211509355156705e-04
1.768200000000000000e+04 8.714350151480953913e-04
1.768529999999999927e+04 8.835044349647108589e-04
1.768859999999999854e+04 8.852034352604301170e-04
1.769190000000000146e+04 8.890066157314733142e-04
1.769520000000000073e+04 8.885215009611777863e-04
1.769850000000000000e+04 8.888895514786710177e-04
1.770179999999999927e+04 8.846657148098300075e-04
1.770509999999999854e+04 8.834371144407193168e-04
1.770840000000000146e+04 8.800869816088985245e-04
1.771170000000000073e+04 8.901717504055082792e-04
1.771500000000000000e+04 8.837000763677205911e-04
1.771829999999999927e+04 8.879436666254788635e-04
1.772159999999999854e+04 8.964376677611660604e-04
1.772490000000000146e+04 9.014831536813035923e-04
1.772820000000000073e+04 9.068535966330728074e-04
1.773150000000000000e+04 9.151159368265281190e-04
1.773479999999999927e+04 9.143053484017126670e-04
1.773809999999999854e+04 9.141591908220544471e-04
1.774140000000000146e+04 9.206055591494955977e-04
1.774459999999999854e+04 9.175683093785623815e-04
1.774790000000000146e+04 9.167752878590609052e-04
1.775120000000000073e+04 9.247227480687819417e-04
1.775450000000000000e+04 9.290911562514979046e-04
1.775779999999999927e+04 9.354533612999279537e-04
1.776109999999999854e+04 9.380959033728817177e-04
1.776440000000000146e+04 9.430328462483466862e-04
1.776770000000000073e+04 9.498249760313124583e-04
1.777100000000000000e+04 9.545335346848197794e-04
1.777429999999999927e+04 9.567022254850180568e-04
1.777759999999999854e+04 9.587268118564269432e-04
1.778090000000000146e+04 9.549826457260171975e-04
1.778420000000000073e+04 9.641105506727565364e-04
1.778750000000000000e+04 9.752016602206052672e-04
1.779079999999999927e+04 9.728434576402170998e-04
1.779409999999999854e+04 9.785627828475932689e-04
1.779740000000000146e+04 9.918903219805928415e-04
1.780070000000000073e+04 1.003730106348445445e-03
1.780400000000000000e+04 1.006215043084700278e-03
1.780720000000000073e+04 1.015784553160923144e-03
1.781050000000000000e+04 1.019210372493693220e-03
1.781379999999999927e+04 1.027765014045839507e-03
1.781709999999999854e+04 1.031868921565558695e-03
1.782040000000000146e+04 1.043171092609606471e-03
1.782370000000000073e+04 1.050755295305052552e-03
1.782700000000000000e+04 1.060698037924011697e-03
1.783029999999999927e+04 1.068351737711023064e-03
1.783359999999999854e+04 1.075282203328825886e-03
1.783690000000000146e+04 1.081504517427799234e-03
1.784020000000000073e+04 1.088507213419844790e-03
1.784350000000000000e+04 1.104238965026081622e-03
1.784679999999999927e+04 1.112076093379039130e-03
1.785009999999999854e+04 1.116519769300042134e-03
1.785340000000000146e+04 1.117532453948218065e-03
1.785670000000000073e+04 1.125245807431803470e-03
1.786000000000000000e+04 1.133787213796559048e-03
1.786329999999999927e+04 1.137440547285956984e-03
1.786659999999999854e+04 1.147532632913823283e-03
1.786990000000000146e+04 1.164626447277815032e-03
1.787309999999999854e+04 1.176350205497909539e-03
1.787640000000000146e+04 1.176556660923343874e-03
1.787970000000000073e+04 1.189103738382752675e-03
1.788300000000000000e+04 1.195797863426162344e-03
1.788629999999999927e+04 1.199903971747326480e-03
1.788959999999999854e+04 1.208619781632932827e-03
1.789290000000000146e+04 1.222034334656326186e-03
1.789620000000000073e+04 1.225335704405259738e-03
1.789950000000000000e+04 1.235158560387735220e-03
1.790279999999999927e+04 1.246285715700004224e-03
1.790609999999999854e+04 1.249442466410419532e-03
1.790940000000000146e+04 1.256728103670162007e-03
1.791270000000000073e+04 1.259499030604552174e-03
1.791600000000000000e+04 1.260805165082506301e-03
1.791929999999999927e+04 1.262515047504667596e-03
1.792259999999999854e+04 1.263849953587374694e-03
1.792590000000000146e+04 1.271263115141687324e-03
1.792920000000000073e+04 1.277271858275938563e-03
1.793250000000000000e+04 1.282435812515904340e-03
1.793570000000000073e+04 1.292467643660205265e-03
1.793900000000000000e+04 1.303186092767910772e-03
1.794229999999999927e+04 1.313881788103800352e-03
1.794559999999999854e+04 1.317710313415898634e-03
1.794890000000000146e+04 1.320886159215122055e-03
1.795220000000000073e+04 1.322744592532898228e-03
1.795550000000000000e+04 1.330097969223210724e-03
1.795879999999999927e+04 1.335837028251249739e-03
1.796209999999999854e+04 1.341864392217148420e-03
1.796540000000000146e+04 1.352958708998609197e-03
1.796870000000000073e+04 1.357449435803235452e-03
1.797200000000000000e+04 1.360128697836557581e-03
1.797529999999999927e+04 1.367997866742091213e-03
1.797859999999999854e+04 1.371133361056400997e-03
1.798190000000000146e+04 1.376950142880086717e-03
1.798520000000000073e+04 1.377486991651083112e-03
1.798850000000000000e+04 1.378632325016872001e-03
1.799179999999999927e+04 1.390715865231461398e-03
1.799509999999999854e+04 1.411045979874574370e-03
1.799840000000000146e+04 1.427782973951847610e-03
1.800159999999999854e+04 1.436794687752121014e-03
1.800490000000000146e+04 1.441304271401822046e-03
1.800820000000000073e+04 1.438688805514350133e-03
1.801150000000000000e+04 1.445613899543969584e-03
1.801479999999999927e+04 1.447344327549864116e-03
1.801809999999999854e+04 1.456172087720393167e-03
1.802140000000000146e+04 1.465089022836450544e-03
1.802470000000000073e+04 1.470262760532737439e-03
1.802800000000000000e+04 1.483948609391023445e-03
1.803129999999999927e+04 1.485969226919646663e-03
1.803459999999999854e+04 1.484512624677713100e-03
1.803790000000000146e+04 1.490099540621617072e-03
1.804120000000000073e+04 1.500653788557763154e-03
1.804450000000000000e+04 1.505301386435363431e-03
1.804779999999999927e+04 1.502933888895992753e-03
1.805109999999999854e+04 1.504047817943848613e-03
1.805440000000000146e+04 1.506215268458696013e-03
1.805770000000000073e+04 1.509037301451969038e-03
1.806100000000000000e+04 1.518107701603184714e-03
1.806429999999999927e+04 1.528799538077978614e-03
1.806750000000000000e+04 1.538219539666769997e-03
1.807079999999999927e+04 1.535446814771750925e-03
1.807409999999999854e+04 1.533923627625209153e-03
1.807740000000000146e+04 1.531710658863811095e-03
1.808070000000000073e+04 1.536701252852829078e-03
1.808400000000000000e+04 1.541484887756779196e-03
1.808729999999999927e+04 1.543004546586497364e-03
1.809059999999999854e+04 1.543202566872505996e-03
1.809390000000000146e+04 1.532654012162310703e-03
1.809720000000000073e+04 1.530635052279624014e-03
1.810050000000000000e+04 1.530709042297461213e-03
1.810379999999999927e+04 1.527872679883384615e-03
1.810709999999999854e+04 1.525662832626403266e-03
1.811040000000000146e+04 1.515604944822521259e-03
1.811370000000000073e+04 1.513647186369692157e-03
1.811700000000000000e+04 1.514709880684735142e-03
1.812029999999999927e+04 1.514830717440434748e-03
1.812359999999999854e+04 1.516935698281625519e-03
1.812690000000000146e+04 1.523282899896965257e-03
1.813009999999999854e+04 1.520502415082364929e-03
1.813340000000000146e+04 1.531205932448497647e-03
1.813670000000000073e+04 1.528181116141039044e-03
1.814000000000000000e+04 1.520191779246256010e-03
1.814329999999999927e+04 1.522919979172583909e-03
1.814659999999999854e+04 1.526135383366978649e-03
1.814990000000000146e+04 1.524697742929447984e-03
1.815320000000000073e+04 1.527590023751454690e-03
1.815650000000000000e+04 1.525479784010370021e-03
1.815979999999999927e+04 1.507040219761252454e-03
1.816309999999999854e+04 1.495588362655604284e-03
1.816640000000000146e+04 1.492658809257274262e-03
1.816970000000000073e+04 1.492837676983642652e-03
1.817300000000000000e+04 1.494206117947703997e-03
1.817629999999999927e+04 1.482695598431660582e-03
1.817959999999999854e+04 1.474662910164184970e-03
1.818290000000000146e+04 1.482626877129251085e-03
1.818620000000000073e+04 1.470305390095209049e-03
1.818950000000000000e+04 1.465698367873628566e-03
1.819279999999999927e+04 1.454959523321048415e-03
1.819600000000000000e+04 1.454475514326862345e-03
1.819929999999999927e+04 1.446968249419461295e-03
1.820259999999999854e+04 1.448688162200668320e-03
1.820590000000000146e+04 1.444513053339799074e-03
1.820920000000000073e+04 1.436734045042247117e-03
1.821250000000000000e+04 1.438688165463193527e-03
1.821579999999999927e+04 1.442418399925465573e-03
1.821909999999999854e+04 1.437302253139402779e-03
1.822240000000000146e+04 1.433698535566135454e-03
1.822570000000000073e+04 1.428911319356819792e-03
1.822900000000000000e+04 1.438033794091783234e-03
1.823229999999999927e+04 1.439968336604195492e-03
1.823559999999999854e+04 1.447322783128216807e-03
1.823890000000000146e+04 1.444542253286565164e-03
1.824220000000000073e+04 1.456024908414850928e-03
1.824550000000000000e+04 1.480427459953337875e-03
1.824879999999999927e+04 1.497493246615199747e-03
1.825209999999999854e+04 1.502107080267702345e-03
1.825540000000000146e+04 1.514096754330218880e-03
1.825859999999999854e+04 1.538285274910033886e-03
1.826190000000000146e+04 1.557776510734793082e-03
1.826520000000000073e+04 1.573329529667000411e-03
1.826850000000000000e+04 1.582554685043723909e-03
1.827179999999999927e+04 1.604783306958116511e-03
1.827509999999999854e+04 1.647965117453441437e-03
1.827840000000000146e+04 1.676155002605481505e-03
1.828170000000000073e+04 1.703075811403540786e-03
1.828500000000000000e+04 1.723725690700626855e-03
1.828829999999999927e+04 1.746551924832034789e-03
1.829159999999999854e+04 1.755967762195093703e-03
1.829490000000000146e+04 1.775421592649137782e-03
1.829820000000000073e+04 1.794208861965491866e-03
1.830150000000000000e+04 1.831234075422533830e-03
1.830479999999999927e+04 1.872782709894655565e-03
1.830809999999999854e+04 1.893324449047926062e-03
1.831140000000000146e+04 1.907385647736351041e-03
1.831470000000000073e+04 1.941417104939102082e-03
1.831800000000000000e+04 1.956999602799940671e-03
1.832129999999999927e+04 1.988006621876358630e-03
1.832450000000000000e+04 2.015568251497198635e-03
1.832779999999999927e+04 2.033871888795561050e-03
1.833109999999999854e+04 2.075913493945222375e-03
1.833440000000000146e+04 2.104180538241801589e-03
1.833770000000000073e+04 2.130136471778443057e-03
1.834100000000000000e+04 2.175877218503938573e-03
1.834429999999999927e+04 2.195744507323670828e-03
1.834759999999999854e+04 2.227732274613071495e-03
1.835090000000000146e+04 2.283445162247229373e-03
1.835420000000000073e+04 2.332156436225547597e-03
1.835750000000000000e+04 2.383836827858745819e-03
1.836079999999999927e+04 2.442433084369357785e-03
1.836409999999999854e+04 2.490009645584895497e-03
1.836740000000000146e+04 2.522371563217574390e-03
1.837070000000000073e+04 2.569781308223019305e-03
1.837400000000000000e+04 2.634524385418819323e-03
1.837729999999999927e+04 2.677430409103194204e-03
1.838059999999999854e+04 2.708512181906151759e-03
1.838390000000000146e+04 2.761868648635555645e-03
1.838709999999999854e+04 2.812860330912542086e-03
1.839040000000000146e+04 2.866195867067250665e-03
1.839370000000000073e+04 2.898014687430210384e-03
1.839700000000000000e+04 2.941440910478626547e-03
1.840029999999999927e+04 2.998870028144512163e-03
1.840359999999999854e+04 3.068357870848557184e-03
1.840690000000000146e+04 3.122983556955927741e-03
1.841020000000000073e+04 3.146751202367939395e-03
1.841350000000000000e+04 3.189152266328958239e-03
1.841679999999999927e+04 3.240121338088733111e-03
1.842009999999999854e+04 3.265893480526062265e-03
1.842340000000000146e+04 3.303218664177923723e-03
1.842670000000000073e+04 3.346597307703676107e-03
1.843000000000000000e+04 3.388891023417769672e-03
1.843329999999999927e+04 3.434128384445021658e-03
1.843659999999999854e+04 3.487558620661162633e-03
1.843990000000000146e+04 3.523922615448951429e-03
1.844320000000000073e+04 3.572142791202730008e-03
1.844650000000000000e+04 3.613455909486834160e-03
1.844979999999999927e+04 3.670112831718776863e-03
1.845300000000000000e+04 3.704097905560844138e-03
1.845629999999999927e+04 3.741007149269244287e-03
1.845959999999999854e+04 3.751660494533967140e-03
1.846290000000000146e+04 3.791142815083291609e-03
1.846620000000000073e+04 3.788558259708405852e-03
1.846950000000000000e+04 3.795996589764624989e-03
1.847279999999999927e+04 3.824922230212371432e-03
1.847609999999999854e+04 3.837531812386693435e-03
1.847940000000000146e+04 3.838542845900550036e-03
1.848270000000000073e+04 3.854440378734615494e-03
1.848600000000000000e+04 3.861930451248595311e-03
1.848929999999999927e+04 3.878435154524516836e-03
1.849259999999999854e+04 3.908993903379559889e-03
1.849590000000000146e+04 3.914310668316854820e-03
1.849920000000000073e+04 3.955245991250627181e-03
1.850250000000000000e+04 4.006238915943195929e-03
1.850579999999999927e+04 4.050903165534585834e-03
1.850909999999999854e+04 4.128943612318455858e-03
1.851240000000000146e+04 4.139605061315943836e-03
1.851570000000000073e+04 4.136284610493676933e-03
1.851890000000000146e+04 4.156596953655358057e-03
1.852220000000000073e+04 4.186895997540272980e-03
1.852550000000000000e+04 4.220564840778905265e-03
1.852879999999999927e+04 4.274755004156103287e-03
1.853209999999999854e+04 4.325372085951602677e-03
1.853540000000000146e+04 4.373292221802277044e-03
1.853870000000000073e+04 4.404327148075730912e-03
1.854200000000000000e+04 4.466583122188007640e-03
1.854529999999999927e+04 4.534625099615905396e-03
1.854859999999999854e+04 4.576104777034797726e-03
1.855190000000000146e+04 4.634619496266414659e-03
1.855520000000000073e+04 4.688747420381742491e-03
1.855850000000000000e+04 4.756382849903350793e-03
1.856179999999999927e+04 4.815296374878816517e-03
1.856509999999999854e+04 4.863553721059386305e-03
1.856840000000000146e+04 4.916443036671643528e-03
1.857170000000000073e+04 4.939357920238963279e-03
1.857500000000000000e+04 5.008169829524869616e-03
1.857829999999999927e+04 5.093455390105226105e-03
1.858150000000000000e+04 5.153772209610562455e-03
1.858479999999999927e+04 5.234197857904486495e-03
1.858809999999999854e+04 5.273553158326551790e-03
1.859140000000000146e+04 5.322075241322790640e-03
1.859470000000000073e+04 5.405488781915127224e-03
1.859800000000000000e+04 5.466123050264943932e-03
1.860129999999999927e+04 5.506129357876758841e-03
1.860459999999999854e+04 5.594021544487337398e-03
1.860790000000000146e+04 5.660497816522684113e-03
1.861120000000000073e+04 5.772807999526010161e-03
1.861450000000000000e+04 5.888695670478555702e-03
1.861779999999999927e+04 5.977475070922125266e-03
1.862109999999999854e+04 6.055764597300845008e-03
1.862440000000000146e+04 6.172211352870668813e-03
1.862770000000000073e+04 6.271057353242316494e-03
1.863100000000000000e+04 6.433283475256808444e-03
1.863429999999999927e+04 6.544720012414529872e-03
1.863759999999999854e+04 6.637761566256932672e-03
1.864090000000000146e+04 6.788539844658532038e-03
1.864420000000000073e+04 6.998339197418060320e-03
1.864740000000000146e+04 7.153836897835264691e-03
1.865070000000000073e+04 7.275242933718387671e-03
1.865400000000000000e+04 7.414745496372283917e-03
1.865729999999999927e+04 7.536648747763226297e-03
1.866059999999999854e+04 7.658813296280055603e-03
1.866390000000000146e+04 7.801920002929314292e-03
1.866720000000000073e+04 7.909510654417613654e-03
1.867050000000000000e+04 8.018110056501031452e-03
1.867379999999999927e+04 8.121747469624419555e-03
1.867709999999999854e+04 8.303733692370467157e-03
1.868040000000000146e+04 8.514127971946550827e-03
1.868370000000000073e+04 8.773826931717505426e-03
1.868700000000000000e+04 9.025929388684029650e-03
1.869029999999999927e+04 9.212563030155426769e-03
1.869359999999999854e+04 9.484877534012031708e-03
1.869690000000000146e+04 9.718638802137781474e-03
1.870020000000000073e+04 9.795988272681353456e-03
1.870350000000000000e+04 9.883184042381712442e-03
1.870679999999999927e+04 1.005909637650676328e-02
1.871000000000000000e+04 1.037298293931969949e-02
1.871329999999999927e+04 1.054384951821337249e-02
1.871659999999999854e+04 1.065878246625337304e-02
1.871990000000000146e+04 1.080900466154535201e-02
1.872320000000000073e+04 1.092824912226728409e-02
1.872650000000000000e+04 1.109148091038376915e-02
1.872979999999999927e+04 1.119023026394127228e-02
1.873309999999999854e+04 1.131653265775392318e-02
1.873640000000000146e+04 1.146738325901748741e-02
1.873970000000000073e+04 1.162486187097592528e-02
1.874300000000000000e+04 1.165936940561421685e-02
1.874629999999999927e+04 1.179228737527044692e-02
1.874959999999999854e+04 1.183571547359240847e-02
1.875290000000000146e+04 1.192778699480867219e-02
1.875620000000000073e+04 1.202232477474792297e-02
1.875950000000000000e+04 1.215262519243006691e-02
1.876279999999999927e+04 1.229214149699177014e-02
1.876609999999999854e+04 1.241984637838520686e-02
1.876940000000000146e+04 1.248030862819871425e-02
1.877270000000000073e+04 1.261942006016674063e-02
1.877590000000000146e+04 1.278492403777499280e-02
1.877920000000000073e+04 1.283227286451820576e-02
1.878250000000000000e+04 1.299090970396436263e-02
1.878579999999999927e+04 1.317780005259716440e-02
1.878909999999999854e+04 1.338554153936948564e-02
1.879240000000000146e+04 1.360242359493898760e-02
1.879570000000000073e+04 1.381684368041784239e-02
1.879900000000000000e+04 1.408653228564068181e-02
1.880229999999999927e+04 1.438241257101498076e-02
1.880559999999999854e+04 1.464696073672368606e-02
1.880890000000000146e+04 1.484793648618615639e-02
1.881220000000000073e+04 1.509409821968010247e-02
1.881550000000000000e+04 1.539605899907485129e-02
1.881879999999999927e+04 1.569061385638070502e-02
1.882209999999999854e+04 1.598840350712368505e-02
1.882540000000000146e+04 1.630160496102179765e-02
1.882870000000000073e+04 1.658321711798170506e-02
1.883200000000000000e+04 1.686767366089681267e-02
1.883529999999999927e+04 1.716524649511526335e-02
1.883859999999999854e+04 1.746891464200610311e-02
1.884179999999999927e+04 1.772892154814176280e-02
1.884509999999999854e+04 1.799513733517574612e-02
1.884840000000000146e+04 1.819316083951354190e-02
1.885170000000000073e+04 1.839074578093195453e-02
1.885500000000000000e+04 1.864888831606214062e-02
1.885829999999999927e+04 1.882078098809575675e-02
1.886159999999999854e+04 1.901746242703138481e-02
1.886490000000000146e+04 1.939165359892720819e-02
1.886820000000000073e+04 1.978324370689088160e-02
1.887150000000000000e+04 2.006928000783986601e-02
1.887479999999999927e+04 2.020321510946219284e-02
1.887809999999999854e+04 2.049280361121877739e-02
1.888140000000000146e+04 2.084807055555788075e-02
1.888470000000000073e+04 2.116586020137992130e-02
1.888800000000000000e+04 2.148660856633528501e-02
1.889129999999999927e+04 2.178066346279857596e-02
1.889459999999999854e+04 2.214983488813169685e-02
1.889790000000000146e+04 2.249999021475821911e-02
1.890120000000000073e+04 2.284078264068282668e-02
1.890440000000000146e+04 2.315008335715584148e-02
1.890770000000000073e+04 2.358606338558221979e-02
1.891100000000000000e+04 2.395278221326910262e-02
1.891429999999999927e+04 2.438988978571199687e-02
1.891759999999999854e+04 2.480125129819678309e-02
1.892090000000000146e+04 2.522296670364028090e-02
1.892420000000000073e+04 2.560353867977660514e-02
1.892750000000000000e+04 2.596308406356438031e-02
1.893079999999999927e+04 2.636455741981959949e-02
1.893409999999999854e+04 2.676102060348395026e-02
1.893740000000000146e+04 2.712154872184113774e-02
1.894070000000000073e+04 2.741326028013499685e-02
1.894400000000000000e+04 2.779327800988987823e-02
1.894729999999999927e+04 2.811418566561894525e-02
1.895059999999999854e+04 2.841885571092226878e-02
1.895390000000000146e+04 2.873495531885567056e-02
1.895720000000000073e+04 2.898746025947005617e-02
1.896050000000000000e+04 2.926523481578019101e-02
1.896379999999999927e+04 2.952047306780030897e-02
1.896709999999999854e+04 2.974554762153278423e-02
1.897029999999999927e+04 2.992856231720455659e-02
1.897359999999999854e+04 3.011808449651641809e-02
1.897690000000000146e+04 3.035429817371019037e-02
1.898020000000000073e+04 3.053755749187363894e-02
1.898350000000000000e+04 3.073014247120685327e-02
1.898679999999999927e+04 3.093471703459544156e-02
1.899009999999999854e+04 3.112073141623056260e-02
1.899340000000000146e+04 3.129951056581534163e-02
1.899670000000000073e+04 3.145411271207668169e-02
1.900000000000000000e+04 3.163245441142344128e-02
1.900329999999999927e+04 3.178456098957460618e-02
1.900659999999999854e+04 3.195122710127872717e-02
1.900990000000000146e+04 3.206263948563897737e-02
1.901320000000000073e+04 3.216432240883237287e-02
1.901650000000000000e+04 3.226138266239817615e-02
1.901979999999999927e+04 3.238316839841091921e-02
1.902309999999999854e+04 3.250514106803580744e-02
1.902640000000000146e+04 3.264701921787663969e-02
1.902970000000000073e+04 3.271569289827736676e-02
1.903290000000000146e+04 3.278130859683466708e-02
1.903620000000000073e+04 3.283872311886992107e-02
1.903950000000000000e+04 3.289429991937890818e-02
1.904279999999999927e+04 3.296712994352637288e-02
1.904609999999999854e+04 3.299004466783692080e-02
1.904940000000000146e+04 3.303356730169686173e-02
1.905270000000000073e+04 3.309840965728659545e-02
1.905600000000000000e+04 3.313940075514137940e-02
1.905929999999999927e+04 3.318047690934744498e-02
1.906259999999999854e+04 3.318267074657657578e-02
1.906590000000000146e+04 3.320509680130728780e-02
1.906920000000000073e+04 3.320844807759154582e-02
1.907250000000000000e+04 3.315976667149396484e-02
1.907579999999999927e+04 3.312304083106577118e-02
1.907909999999999854e+04 3.308442343447624834e-02
1.908240000000000146e+04 3.307183366319999679e-02
1.908570000000000073e+04 3.301517533953642752e-02
1.908900000000000000e+04 3.294771179346856621e-02
1.909229999999999927e+04 3.288247348966852335e-02
1.909559999999999854e+04 3.281055640840350313e-02
1.909879999999999927e+04 3.276727537214180891e-02
1.910209999999999854e+04 3.266583155992533460e-02
1.910540000000000146e+04 3.259781414795850929e-02
1.910870000000000073e+04 3.252576476451145282e-02
1.911200000000000000e+04 3.244234575670953968e-02
1.911529999999999927e+04 3.235859048915618735e-02
1.911859999999999854e+04 3.217763510698187779e-02
1.912190000000000146e+04 3.204194552137953900e-02
1.912520000000000073e+04 3.185462509209069371e-02
1.912850000000000000e+04 3.166560942927969247e-02
1.913179999999999927e+04 3.152135454982780971e-02
1.913509999999999854e+04 3.138380177288444678e-02
1.913840000000000146e+04 3.122282149850525226e-02
1.914170000000000073e+04 3.101472459663521045e-02
1.914500000000000000e+04 3.083147411090026921e-02
1.914829999999999927e+04 3.061474596036086251e-02
1.915159999999999854e+04 3.040680275378901051e-02
1.915490000000000146e+04 3.019645530995292843e-02
1.915820000000000073e+04 2.997898455975000001e-02
1.916140000000000146e+04 2.979995647337443584e-02
1.916470000000000073e+04 2.957347540861093860e-02
1.916800000000000000e+04 2.935064849932161879e-02
1.917129999999999927e+04 2.909747658671061818e-02
1.917459999999999854e+04 2.886324447908021271e-02
1.917790000000000146e+04 2.864505687036421333e-02
1.918120000000000073e+04 2.843204875161484124e-02
1.918450000000000000e+04 2.816576866992426265e-02
1.918779999999999927e+04 2.789909689111461089e-02
1.919109999999999854e+04 2.763059122983171911e-02
1.919440000000000146e+04 2.737500697968563157e-02
1.919770000000000073e+04 2.710502461167347069e-02
1.920100000000000000e+04 2.684195570623069266e-02
1.920429999999999927e+04 2.658704884682008829e-02
1.920759999999999854e+04 2.630780769611057446e-02
1.921090000000000146e+04 2.605020736940797527e-02
1.921420000000000073e+04 2.576235873088622216e-02
1.921750000000000000e+04 2.546546763162010549e-02
1.922079999999999927e+04 2.518503665599200123e-02
1.922409999999999854e+04 2.490350272547568397e-02
1.922729999999999927e+04 2.460795634887124814e-02
1.923059999999999854e+04 2.430324410897993434e-02
1.923390000000000146e+04 2.401309276594050177e-02
1.923720000000000073e+04 2.372964779239149918e-02
1.924050000000000000e+04 2.342604789003205346e-02
1.924379999999999927e+04 2.313052224804633406e-02
1.924709999999999854e+04 2.281709254127481726e-02
1.925040000000000146e+04 2.249828933109047913e-02
1.925370000000000073e+04 2.216042865068370421e-02
1.925700000000000000e+04 2.187394190522549270e-02
1.926029999999999927e+04 2.155090984558438033e-02
1.926359999999999854e+04 2.121843077362594795e-02
1.926690000000000146e+04 2.091979729615729353e-02
1.927020000000000073e+04 2.058894957709078016e-02
1.927350000000000000e+04 2.028131535304268998e-02
1.927679999999999927e+04 1.995862963632503637e-02
1.928009999999999854e+04 1.962870987123035635e-02
1.928340000000000146e+04 1.933616450838740453e-02
1.928670000000000073e+04 1.902105846189242055e-02
1.929000000000000000e+04 1.870993471218002427e-02
1.929320000000000073e+04 1.840456358201960838e-02
1.929650000000000000e+04 1.807438119927956902e-02
1.929979999999999927e+04 1.775906547384002027e-02
1.930309999999999854e+04 1.746244801764099130e-02
1.930640000000000146e+04 1.717102626933131662e-02
1.930970000000000073e+04 1.687878930387412546e-02
1.931300000000000000e+04 1.659853531875664021e-02
1.931629999999999927e+04 1.628775936508991204e-02
1.931959999999999854e+04 1.598187410086840746e-02
1.932290000000000146e+04 1.566177451555168451e-02
1.932620000000000073e+04 1.535140554429605293e-02
1.932950000000000000e+04 1.503705727639186029e-02
1.933279999999999927e+04 1.472892782360098358e-02
1.933609999999999854e+04 1.445403519175221703e-02
1.933940000000000146e+04 1.417116456688497471e-02
1.934270000000000073e+04 1.388092496612668494e-02
1.934600000000000000e+04 1.357338515316658563e-02
1.934929999999999927e+04 1.327739139357532981e-02
1.935259999999999854e+04 1.297579692259186700e-02
1.935579999999999927e+04 1.267762655852366568e-02
1.935909999999999854e+04 1.239692169168180209e-02
1.936240000000000146e+04 1.210984191382660780e-02
1.936570000000000073e+04 1.182476266466020789e-02
1.936900000000000000e+04 1.153995576231343738e-02
1.937229999999999927e+04 1.126451045577342089e-02
1.937559999999999854e+04 1.098010154501936203e-02
1.937890000000000146e+04 1.071110846951010137e-02
1.938220000000000073e+04 1.044592275801997129e-02
1.938550000000000000e+04 1.016998271026160923e-02
1.938879999999999927e+04 9.876921231347774582e-03
1.939209999999999854e+04 9.604303826595541813e-03
1.939540000000000146e+04 9.344911089098422233e-03
1.939870000000000073e+04 9.071368494076052433e-03
1.940200000000000000e+04 8.819524956208361216e-03
1.940529999999999927e+04 8.573031051874607095e-03
1.940859999999999854e+04 8.331629468982682668e-03
1.941190000000000146e+04 8.082390926552711352e-03
1.941520000000000073e+04 7.849628571072003042e-03
1.941850000000000000e+04 7.613952232380811862e-03
1.942170000000000073e+04 7.351053219291324436e-03
1.942500000000000000e+04 7.097885643081599215e-03
1.942829999999999927e+04 6.862607515837849601e-03
1.943159999999999854e+04 6.618575406316435164e-03
1.943490000000000146e+04 6.374899895090647278e-03
1.943820000000000073e+04 6.116885775599878450e-03
1.944150000000000000e+04 5.871990622799885991e-03
1.944479999999999927e+04 5.644177425001741487e-03
1.944809999999999854e+04 5.414948572989996753e-03
1.945140000000000146e+04 5.204825847358138247e-03
1.945470000000000073e+04 4.994682081338805771e-03
1.945800000000000000e+04 4.771764505156702446e-03
1.946129999999999927e+04 4.534495708519712884e-03
1.946459999999999854e+04 4.310013990902698128e-03
1.946790000000000146e+04 4.078842291582329520e-03
1.947120000000000073e+04 3.851436080183163677e-03
1.947450000000000000e+04 3.625976596926143436e-03
1.947779999999999927e+04 3.404262710152283680e-03
1.948109999999999854e+04 3.186862557054134532e-03
1.948429999999999927e+04 2.979482765329766452e-03
1.948759999999999854e+04 2.778600188860907375e-03
1.949090000000000146e+04 2.580180305551923667e-03
1.949420000000000073e+04 2.378226451122201872e-03
1.949750000000000000e+04 2.187612292882438157e-03
1.950079999999999927e+04 1.975500645334795410e-03
1.950409999999999854e+04 1.783828590438817085e-03
1.950740000000000146e+04 1.597457281627674783e-03
1.951070000000000073e+04 1.410917818463795033e-03
1.951400000000000000e+04 1.243862262561059792e-03
1.951729999999999927e+04 1.075605015998945318e-03
1.952059999999999854e+04 8.743917634512690792e-04
1.952390000000000146e+04 6.885788484546135528e-04
1.952720000000000073e+04 5.246058576166628355e-04
1.953050000000000000e+04 3.529285266123475531e-04
1.953379999999999927e+04 1.790121190967428164e-04
1.953709999999999854e+04 -1.896397944869247360e-06
1.954040000000000146e+04 -1.500202569270548845e-04
1.954370000000000073e+04 -3.065686616484155909e-04
1.954700000000000000e+04 -4.604810923236375025e-04
1.955020000000000073e+04 -6.427383177782667115e-04
1.955350000000000000e+04 -7.757301293556927982e-04
1.955679999999999927e+04 -9.065615984403974526e-04
1.956009999999999854e+04 -1.040789791839891046e-03
1.956340000000000146e+04 -1.173349514482244747e-03
1.956670000000000073e+04 -1.303050747280620454e-03
1.957000000000000000e+04 -1.421315777670178939e-03
1.957329999999999927e+04 -1.565644880362347191e-03
1.957659999999999854e+04 -1.679911918717088160e-03
1.957990000000000146e+04 -1.791332266627279146e-03
1.958320000000000073e+04 -1.925274257065594762e-03
1.958650000000000000e+04 -2.066908000662352664e-03
1.958979999999999927e+04 -2.163453723822171548e-03
1.959309999999999854e+04 -2.281754373181474858e-03
1.959640000000000146e+04 -2.379679678531471457e-03
1.959970000000000073e+04 -2.483775104637379189e-03
1.960300000000000000e+04 -2.593637215625777849e-03
1.960629999999999927e+04 -2.716695854484365083e-03
1.960959999999999854e+04 -2.837721111804622932e-03
1.961290000000000146e+04 -2.959372029566794370e-03
1.961609999999999854e+04 -3.077371783638867958e-03
1.961940000000000146e+04 -3.173336673437472145e-03
1.962270000000000073e+04 -3.271229437777785441e-03
1.962600000000000000e+04 -3.365771792699340237e-03
1.962929999999999927e+04 -3.456614582026087696e-03
1.963259999999999854e+04 -3.526021182370986211e-03
1.963590000000000146e+04 -3.579491338329145698e-03
1.963920000000000073e+04 -3.703815862633862838e-03
1.964250000000000000e+04 -3.776363959567453302e-03
1.964579999999999927e+04 -3.886493756304657335e-03
1.964909999999999854e+04 -4.007096909755560737e-03
1.965240000000000146e+04 -4.116734928564331694e-03
1.965570000000000073e+04 -4.230121189705607875e-03
1.965900000000000000e+04 -4.299281597736815189e-03
1.966229999999999927e+04 -4.348691093954826573e-03
1.966559999999999854e+04 -4.411188940460430800e-03
1.966890000000000146e+04 -4.496172061405058658e-03
1.967220000000000073e+04 -4.605928503569292620e-03
1.967550000000000000e+04 -4.680632154864739630e-03
1.967870000000000073e+04 -4.785929216161765969e-03
1.968200000000000000e+04 -4.835867572696913100e-03
1.968529999999999927e+04 -4.864266765354612054e-03
1.968859999999999854e+04 -4.893423839763105451e-03
1.969190000000000146e+04 -4.933219732298476171e-03
1.969520000000000073e+04 -4.991436635285140602e-03
1.969850000000000000e+04 -5.019384979800088284e-03
1.970179999999999927e+04 -5.047080056198269792e-03
1.970509999999999854e+04 -5.148005691319747744e-03
1.970840000000000146e+04 -5.254481463826669863e-03
1.971170000000000073e+04 -5.351222648225872382e-03
1.971500000000000000e+04 -5.384146651825775023e-03
1.971829999999999927e+04 -5.484344669711561752e-03
1.972159999999999854e+04 -5.506197623221197740e-03
1.972490000000000146e+04 -5.543820840788632812e-03
1.972820000000000073e+04 -5.620667226073977445e-03
1.973150000000000000e+04 -5.716107654538927184e-03
1.973479999999999927e+04 -5.796694928724806933e-03
1.973809999999999854e+04 -5.866714959373484604e-03
1.974140000000000146e+04 -5.953163453388983506e-03
1.974459999999999854e+04 -6.053305793930831812e-03
1.974790000000000146e+04 -6.088524991493470331e-03
1.975120000000000073e+04 -6.099628162595572591e-03
1.975450000000000000e+04 -6.142743440063716358e-03
1.975779999999999927e+04 -6.168927536821387954e-03
1.976109999999999854e+04 -6.244174861934867135e-03
1.976440000000000146e+04 -6.303834363806290128e-03
1.976770000000000073e+04 -6.379440186115687209e-03
1.977100000000000000e+04 -6.435070926289949457e-03
1.977429999999999927e+04 -6.462715572842899804e-03
1.977759999999999854e+04 -6.509997369307767533e-03
1.978090000000000146e+04 -6.569645618297443451e-03
1.978420000000000073e+04 -6.643012684908401050e-03
1.978750000000000000e+04 -6.670952571649327659e-03
1.979079999999999927e+04 -6.737565898852656415e-03
1.979409999999999854e+04 -6.763815067991908389e-03
1.979740000000000146e+04 -6.791579368012172664e-03
1.980070000000000073e+04 -6.877620399526403368e-03
1.980400000000000000e+04 -6.898404481426295004e-03
1.980720000000000073e+04 -6.933071252310176076e-03
1.981050000000000000e+04 -6.917104701707288070e-03
1.981379999999999927e+04 -6.891235580637144163e-03
1.981709999999999854e+04 -6.926651605950426803e-03
1.982040000000000146e+04 -6.898663906433801472e-03
1.982370000000000073e+04 -6.902309219117282180e-03
1.982700000000000000e+04 -6.943696473496688108e-03
1.983029999999999927e+04 -6.958709552433941896e-03
1.983359999999999854e+04 -6.946473046208080648e-03
1.983690000000000146e+04 -6.934498050428476376e-03
1.984020000000000073e+04 -6.922666028360698401e-03
1.984350000000000000e+04 -6.926725611260549018e-03
1.984679999999999927e+04 -6.949050938273671450e-03
1.985009999999999854e+04 -6.970874038830256018e-03
1.985340000000000146e+04 -7.012548205794911019e-03
1.985670000000000073e+04 -7.071402832912571448e-03
1.986000000000000000e+04 -7.086913981392873457e-03
1.986329999999999927e+04 -7.139889709617695292e-03
1.986659999999999854e+04 -7.176466962191936638e-03
1.986990000000000146e+04 -7.171549327176987045e-03
1.987309999999999854e+04 -7.131635969295845728e-03
1.987640000000000146e+04 -7.105825926830504347e-03
1.987970000000000073e+04 -7.141978318798873800e-03
1.988300000000000000e+04 -7.101271435551229777e-03
1.988629999999999927e+04 -7.184278756846823599e-03
1.988959999999999854e+04 -7.256904454830368466e-03
1.989290000000000146e+04 -7.259625278245030768e-03
1.989620000000000073e+04 -7.218450722808955437e-03
1.989950000000000000e+04 -7.195743854710941016e-03
1.990279999999999927e+04 -7.171971220593434219e-03
1.990609999999999854e+04 -7.157453946821299567e-03
1.990940000000000146e+04 -7.122305719846207597e-03
1.991270000000000073e+04 -7.134044223755456847e-03
1.991600000000000000e+04 -7.140479885297198320e-03
1.991929999999999927e+04 -7.153197093862191484e-03
1.992259999999999854e+04 -7.163325785911757448e-03
1.992590000000000146e+04 -7.148065852453499604e-03
