1.716800000000000000e+04 4.405780323383918476e-04
1.717129999999999927e+04 4.399072932785451275e-04
1.717459999999999854e+04 4.148840645449354439e-04
1.717790000000000146e+04 4.085007318590403932e-04
1.718120000000000073e+04 4.143841150259864117e-04
1.718450000000000000e+04 4.070403233484757135e-04
1.718779999999999927e+04 4.203061137016060296e-04
1.719109999999999854e+04 4.359284830235025747e-04
1.719440000000000146e+04 4.279549389344703509e-04
1.719770000000000073e+04 4.226675134569970777e-04
1.720100000000000000e+04 4.318011031426647055e-04
1.720429999999999927e+04 4.405024996582178548e-04
1.720759999999999854e+04 4.406467863117044374e-04
1.721090000000000146e+04 4.462568821917600368e-04
1.721420000000000073e+04 4.546182764580434187e-04
1.721750000000000000e+04 4.479686562045079724e-04
1.722079999999999927e+04 4.510012815919291641e-04
1.722409999999999854e+04 4.455944758789197693e-04
1.722729999999999927e+04 4.624532855373760095e-04
1.723059999999999854e+04 4.768019412464156114e-04
1.723390000000000146e+04 4.711680077243871555e-04
1.723720000000000073e+04 4.762672290131534378e-04
1.724050000000000000e+04 4.801775889228881381e-04
1.724379999999999927e+04 4.757126750432357073e-04
1.724709999999999854e+04 4.759145161716697757e-04
1.725040000000000146e+04 4.841472736473718909e-04
1.725370000000000073e+04 4.750762660069731791e-04
1.725700000000000000e+04 4.761814406715839674e-04
1.726029999999999927e+04 4.782516492016495907e-04
1.726359999999999854e+04 4.859645867381613910e-04
1.726690000000000146e+04 4.945707008006854435e-04
1.727020000000000073e+04 4.878230736774270284e-04
1.727350000000000000e+04 4.948493872769431584e-04
1.727679999999999927e+04 5.130031512261265048e-04
1.728009999999999854e+04 5.179761887197111524e-04
1.728340000000000146e+04 5.214360708781478736e-04
1.728670000000000073e+04 5.283331510308018767e-04
1.729000000000000000e+04 5.437395483953517050e-04
1.729320000000000073e+04 5.514964352668501844e-04
1.729650000000000000e+04 5.513535972243954579e-04
1.729979999999999927e+04 5.616747270099778973e-04
1.730309999999999854e+04 5.691962244392509331e-04
1.730640000000000146e+04 5.697429785336189691e-04
1.730970000000000073e+04 5.752345039128888352e-04
1.731300000000000000e+04 5.794453399268587350e-04
1.731629999999999927e+04 5.898905485975265966e-04
1.731959999999999854e+04 5.828329821786507265e-04
1.732290000000000146e+04 5.863539711485440302e-04
1.732620000000000073e+04 5.852967721554978679e-04
1.732950000000000000e+04 5.887180283436132741e-04
1.733279999999999927e+04 5.883468951198663659e-04
1.733609999999999854e+04 5.949135778628214782e-04
1.733940000000000146e+04 6.073121637236216170e-04
1.734270000000000073e+04 6.073329792013336566e-04
1.734600000000000000e+04 6.074262595305008174e-04
1.734929999999999927e+04 6.140409382622163438e-04
1.735259999999999854e+04 6.156798283147516936e-04
1.735579999999999927e+04 6.119157292923644393e-04
1.735909999999999854e+04 6.125653251493777193e-04
1.736240000000000146e+04 6.144268254279748338e-04
1.736570000000000073e+04 6.184865876538140793e-04
1.736900000000000000e+04 6.200467637510562874e-04
1.737229999999999927e+04 6.228400384642306543e-04
1.737559999999999854e+04 6.255724988091818052e-04
1.737890000000000146e+04 6.252058811984016707e-04
1.738220000000000073e+04 6.286788419702662133e-04
1.738550000000000000e+04 6.307189526126661056e-04
1.738879999999999927e+04 6.237185937384285336e-04
1.739209999999999854e+04 6.184879785999754980e-04
1.739540000000000146e+04 6.163537149835682672e-04
1.739870000000000073e+04 6.224896667256584566e-04
1.740200000000000000e+04 6.247919015944965182e-04
1.740529999999999927e+04 6.276554907421288661e-04
1.740859999999999854e+04 6.234267881523895480e-04
1.741190000000000146e+04 6.205273457620346213e-04
1.741520000000000073e+04 6.152099861867733280e-04
1.741850000000000000e+04 6.191107339292610881e-04
1.742170000000000073e+04 6.215744852062758284e-04
1.742500000000000000e+04 6.265149666950982094e-04
1.742829999999999927e+04 6.293888537107594598e-04
1.743159999999999854e+04 6.246799724466206788e-04
1.743490000000000146e+04 6.243921223354548982e-04
1.743820000000000073e+04 6.257754557661060263e-04
1.744150000000000000e+04 6.168640723957904883e-04
1.744479999999999927e+04 6.195616525856973127e-04
1.744809999999999854e+04 6.214108112828174843e-04
1.745140000000000146e+04 6.317818373551924421e-04
1.745470000000000073e+04 6.307274417644564849e-04
1.745800000000000000e+04 6.277614550129060516e-04
1.746129999999999927e+04 6.250484032027883328e-04
1.746459999999999854e+04 6.269396852009818596e-04
1.746790000000000146e+04 6.219053402970881050e-04
1.747120000000000073e+04 6.181475524427898537e-04
1.747450000000000000e+04 6.165657667280164886e-04
1.747779999999999927e+04 6.155945589278152873e-04
1.748109999999999854e+04 6.173861905758960345e-04
1.748429999999999927e+04 6.208923959888318442e-04
1.748759999999999854e+04 6.191099074872769047e-04
1.749090000000000146e+04 6.272624357405434323e-04
1.749420000000000073e+04 6.275807551755789495e-04
1.749750000000000000e+04 6.349331438013533805e-04
1.750079999999999927e+04 6.415598992421341941e-04
1.750409999999999854e+04 6.451886793335731085e-04
1.750740000000000146e+04 6.497563256607858046e-04
1.751070000000000073e+04 6.516442040009801139e-04
1.751400000000000000e+04 6.604499730333830525e-04
1.751729999999999927e+04 6.526031228167487137e-04
1.752059999999999854e+04 6.503767039311830192e-04
1.752390000000000146e+04 6.494220086273699540e-04
1.752720000000000073e+04 6.492842838245212580e-04
1.753050000000000000e+04 6.449847677726998308e-04
1.753379999999999927e+04 6.426668942104644261e-04
1.753709999999999854e+04 6.398473173711295139e-04
1.754040000000000146e+04 6.423610643637928715e-04
1.754370000000000073e+04 6.473882872584464567e-04
1.754700000000000000e+04 6.414884860386365923e-04
1.755020000000000073e+04 6.376195089711287744e-04
1.755350000000000000e+04 6.434103836095687737e-04
1.755679999999999927e+04 6.489015837751887930e-04
1.756009999999999854e+04 6.490750208690147837e-04
1.756340000000000146e+04 6.397124201132623920e-04
1.756670000000000073e+04 6.443630484745397138e-04
1.757000000000000000e+04 6.467620245095260807e-04
1.757329999999999927e+04 6.508704911047931245e-04
1.757659999999999854e+04 6.594696415598113367e-04
1.757990000000000146e+04 6.687868359968616788e-04
1.758320000000000073e+04 6.739300360216265388e-04
1.758650000000000000e+04 6.784021479460331785e-04
1.758979999999999927e+04 6.823808212347875395e-04
1.759309999999999854e+04 6.870025876034446680e-04
1.759640000000000146e+04 6.913995841634399363e-04
1.759970000000000073e+04 7.010130571060311719e-04
1.760300000000000000e+04 6.977588557910956862e-04
1.760629999999999927e+04 7.042330610888398968e-04
1.760959999999999854e+04 7.038926269529350048e-04
1.761290000000000146e+04 7.095128551308926704e-04
1.761609999999999854e+04 7.090728709470220121e-04
1.761940000000000146e+04 7.089212787403882448e-04
1.762270000000000073e+04 7.136279673736557793e-04
1.762600000000000000e+04 7.272003048940582463e-04
1.762929999999999927e+04 7.304308611483846005e-04
1.763259999999999854e+04 7.397124621829338602e-04
1.763590000000000146e+04 7.470852675027688308e-04
1.763920000000000073e+04 7.496789241701019239e-04
1.764250000000000000e+04 7.473532154336169891e-04
1.764579999999999927e+04 7.547661561695776259e-04
1.764909999999999854e+04 7.560194819517927376e-04
1.765240000000000146e+04 7.691396574939798978e-04
1.765570000000000073e+04 7.695668919458208699e-04
1.765900000000000000e+04 7.749161430110197528e-04
1.766229999999999927e+04 7.776910479722636991e-04
1.766559999999999854e+04 7.786504155250640984e-04
1.766890000000000146e+04 7.824748399380702848e-04
1.767220000000000073e+04 7.933087229769235013e-04
1.767550000000000000e+04 7.913545015235453218e-04
1.767870000000000073e+04 7.876614052227215272e-04
1.768200000000000000e+04 7.997634086760867797e-04
1.768529999999999927e+04 8.040471700717647307e-04
1.768859999999999854e+04 8.058350351140129058e-04
1.769190000000000146e+04 8.073357249967548586e-04
1.769520000000000073e+04 8.141721807276664988e-04
1.769850000000000000e+04 8.179177436886291615e-04
1.770179999999999927e+04 8.206771444350401167e-04
1.770509999999999854e+04 8.249129641767179773e-04
1.770840000000000146e+04 8.286627466651821320e-04
1.771170000000000073e+04 8.387578287124453254e-04
1.771500000000000000e+04 8.462174057645942531e-04
1.771829999999999927e+04 8.545380608280981564e-04
1.772159999999999854e+04 8.631195664000767707e-04
1.772490000000000146e+04 8.745574996784725172e-04
1.772820000000000073e+04 8.863129420593143402e-04
1.773150000000000000e+04 8.932617618104202054e-04
1.773479999999999927e+04 8.927214565603593631e-04
1.773809999999999854e+04 8.972845492898640649e-04
1.774140000000000146e+04 9.016828595950073747e-04
1.774459999999999854e+04 9.059645936667365266e-04
1.774790000000000146e+04 9.142571307279393497e-04
1.775120000000000073e+04 9.258546754845571125e-04
1.775450000000000000e+04 9.317049662981652857e-04
1.775779999999999927e+04 9.373666271405016633e-04
1.776109999999999854e+04 9.502153273015704173e-04
1.776440000000000146e+04 9.601990594850819127e-04
1.776770000000000073e+04 9.761478985876656652e-04
1.777100000000000000e+04 9.843176715956726986e-04
1.777429999999999927e+04 9.935297325526324264e-04
1.777759999999999854e+04 9.917528304863236326e-04
1.778090000000000146e+04 9.985258033275801279e-04
1.778420000000000073e+04 1.011516186339098296e-03
1.778750000000000000e+04 1.019672517782994762e-03
1.779079999999999927e+04 1.026311106386963061e-03
1.779409999999999854e+04 1.034041169686414526e-03
1.779740000000000146e+04 1.045075319276959815e-03
1.780070000000000073e+04 1.058830340011058342e-03
1.780400000000000000e+04 1.065358067892998055e-03
1.780720000000000073e+04 1.075666990270261053e-03
1.781050000000000000e+04 1.082144926777459408e-03
1.781379999999999927e+04 1.094001650028884930e-03
1.781709999999999854e+04 1.098261265508674624e-03
1.782040000000000146e+04 1.108633880473718601e-03
1.782370000000000073e+04 1.113547693744444591e-03
1.782700000000000000e+04 1.122573468528804703e-03
1.783029999999999927e+04 1.129878716751310606e-03
1.783359999999999854e+04 1.133540119740370986e-03
1.783690000000000146e+04 1.136779248133301104e-03
1.784020000000000073e+04 1.144232006445333651e-03
1.784350000000000000e+04 1.158561243586365497e-03
1.784679999999999927e+04 1.169217516547568130e-03
1.785009999999999854e+04 1.180690170609725431e-03
1.785340000000000146e+04 1.192841193479964946e-03
1.785670000000000073e+04 1.202823265465966483e-03
1.786000000000000000e+04 1.210361278540542703e-03
1.786329999999999927e+04 1.219390622705246409e-03
1.786659999999999854e+04 1.233721950579553129e-03
1.786990000000000146e+04 1.243289421389614461e-03
1.787309999999999854e+04 1.249454916049519979e-03
1.787640000000000146e+04 1.252811183428122893e-03
1.787970000000000073e+04 1.265110053061109388e-03
1.788300000000000000e+04 1.271780999168162186e-03
1.788629999999999927e+04 1.279726845196246235e-03
1.788959999999999854e+04 1.285826777516812982e-03
1.789290000000000146e+04 1.290952879011014309e-03
1.789620000000000073e+04 1.294874442679248838e-03
1.789950000000000000e+04 1.305846503983218486e-03
1.790279999999999927e+04 1.312028674568515218e-03
1.790609999999999854e+04 1.317506143942136394e-03
1.790940000000000146e+04 1.326114979661683789e-03
1.791270000000000073e+04 1.330353949302772506e-03
1.791600000000000000e+04 1.331393493636048864e-03
1.791929999999999927e+04 1.332069951727259463e-03
1.792259999999999854e+04 1.340607505882889785e-03
1.792590000000000146e+04 1.346584440667261207e-03
1.792920000000000073e+04 1.349550319176181503e-03
1.793250000000000000e+04 1.348506122713138446e-03
1.793570000000000073e+04 1.361896880145512271e-03
1.793900000000000000e+04 1.372849462012636253e-03
1.794229999999999927e+04 1.383893113438984307e-03
1.794559999999999854e+04 1.388237952348171959e-03
1.794890000000000146e+04 1.393506814233062569e-03
1.795220000000000073e+04 1.395371935524749316e-03
1.795550000000000000e+04 1.396150063708156020e-03
1.795879999999999927e+04 1.406637948221436561e-03
1.796209999999999854e+04 1.413273101461694561e-03
1.796540000000000146e+04 1.420182036710884851e-03
1.796870000000000073e+04 1.431367755379620629e-03
1.797200000000000000e+04 1.443814318965842749e-03
1.797529999999999927e+04 1.448661596622249394e-03
1.797859999999999854e+04 1.456762577318661527e-03
1.798190000000000146e+04 1.464156211645304241e-03
1.798520000000000073e+04 1.466270312059706838e-03
1.798850000000000000e+04 1.472729343299801008e-03
1.799179999999999927e+04 1.479995154018696026e-03
1.799509999999999854e+04 1.494185426127179420e-03
1.799840000000000146e+04 1.498342281141397652e-03
1.800159999999999854e+04 1.495721842263483771e-03
1.800490000000000146e+04 1.503872783368950935e-03
1.800820000000000073e+04 1.507290286953351594e-03
1.801150000000000000e+04 1.511593851319778005e-03
1.801479999999999927e+04 1.512687781102538742e-03
1.801809999999999854e+04 1.509897723046187655e-03
1.802140000000000146e+04 1.511442168421862171e-03
1.802470000000000073e+04 1.517465908060444723e-03
1.802800000000000000e+04 1.527682816402425522e-03
1.803129999999999927e+04 1.524495789203465443e-03
1.803459999999999854e+04 1.521784177076436831e-03
1.803790000000000146e+04 1.524517386475655488e-03
1.804120000000000073e+04 1.525739408015617301e-03
1.804450000000000000e+04 1.523772886722188575e-03
1.804779999999999927e+04 1.534207578530054914e-03
1.805109999999999854e+04 1.535185177393362695e-03
1.805440000000000146e+04 1.540696116937008290e-03
1.805770000000000073e+04 1.543301545389480067e-03
1.806100000000000000e+04 1.548404606706712400e-03
1.806429999999999927e+04 1.552498440279503423e-03
1.806750000000000000e+04 1.555366674351985577e-03
1.807079999999999927e+04 1.546128867412360818e-03
1.807409999999999854e+04 1.536841356564715849e-03
1.807740000000000146e+04 1.528904308995311743e-03
1.808070000000000073e+04 1.533171033279634964e-03
1.808400000000000000e+04 1.534684236175410743e-03
1.808729999999999927e+04 1.536906007700837573e-03
1.809059999999999854e+04 1.529427080175848252e-03
1.809390000000000146e+04 1.519055154370608585e-03
1.809720000000000073e+04 1.510728528806480186e-03
1.810050000000000000e+04 1.504944103841443503e-03
1.810379999999999927e+04 1.490193222908219126e-03
1.810709999999999854e+04 1.481427786219955463e-03
1.811040000000000146e+04 1.468545625741115961e-03
1.811370000000000073e+04 1.469750575890494933e-03
1.811700000000000000e+04 1.462397811256309355e-03
1.812029999999999927e+04 1.464251183022864840e-03
1.812359999999999854e+04 1.456157426905451552e-03
1.812690000000000146e+04 1.445265366874067632e-03
1.813009999999999854e+04 1.437223279540677775e-03
1.813340000000000146e+04 1.439779052246985139e-03
1.813670000000000073e+04 1.428602298882038213e-03
1.814000000000000000e+04 1.433246927398087144e-03
1.814329999999999927e+04 1.424365863965909368e-03
1.814659999999999854e+04 1.416520958556166622e-03
1.814990000000000146e+04 1.412074104594523939e-03
1.815320000000000073e+04 1.409211309362353500e-03
1.815650000000000000e+04 1.396391583929172458e-03
1.815979999999999927e+04 1.385710573916058841e-03
1.816309999999999854e+04 1.385948750238971770e-03
1.816640000000000146e+04 1.384163705134446379e-03
1.816970000000000073e+04 1.379074843717008683e-03
1.817300000000000000e+04 1.371159413176989200e-03
1.817629999999999927e+04 1.363835402558945037e-03
1.817959999999999854e+04 1.358440772240468008e-03
1.818290000000000146e+04 1.391151442610211262e-03
1.818620000000000073e+04 1.412259864476115819e-03
1.818950000000000000e+04 1.413654911615788582e-03
1.819279999999999927e+04 1.420107065849329341e-03
1.819600000000000000e+04 1.429611135481931132e-03
1.819929999999999927e+04 1.446165235214680756e-03
1.820259999999999854e+04 1.443871196530449033e-03
1.820590000000000146e+04 1.444498492516089550e-03
1.820920000000000073e+04 1.442236244459574714e-03
1.821250000000000000e+04 1.428458768378639866e-03
1.821579999999999927e+04 1.423260510185098355e-03
1.821909999999999854e+04 1.422268537737961117e-03
1.822240000000000146e+04 1.439758570196163906e-03
1.822570000000000073e+04 1.456126269483022347e-03
1.822900000000000000e+04 1.482351767092289887e-03
1.823229999999999927e+04 1.515243731309609326e-03
1.823559999999999854e+04 1.539386423275311729e-03
1.823890000000000146e+04 1.559784235889648350e-03
1.824220000000000073e+04 1.601494518068576718e-03
1.824550000000000000e+04 1.631858291368363167e-03
1.824879999999999927e+04 1.667091382972345345e-03
1.825209999999999854e+04 1.681746729526639424e-03
1.825540000000000146e+04 1.718461429708463811e-03
1.825859999999999854e+04 1.757103300410791605e-03
1.826190000000000146e+04 1.797584783587446739e-03
1.826520000000000073e+04 1.825073691098711868e-03
1.826850000000000000e+04 1.855120352610275213e-03
1.827179999999999927e+04 1.881130973842282594e-03
1.827509999999999854e+04 1.903649066626988311e-03
1.827840000000000146e+04 1.921677592037631483e-03
1.828170000000000073e+04 1.958415919751418498e-03
1.828500000000000000e+04 1.991216808247586560e-03
1.828829999999999927e+04 2.023458072684841333e-03
1.829159999999999854e+04 2.049664647278835218e-03
1.829490000000000146e+04 2.079945570838673350e-03
1.829820000000000073e+04 2.088787440273803461e-03
1.830150000000000000e+04 2.114196701546508864e-03
1.830479999999999927e+04 2.141537044486457268e-03
1.830809999999999854e+04 2.174605211927402738e-03
1.831140000000000146e+04 2.195346647253315978e-03
1.831470000000000073e+04 2.227004772817951436e-03
1.831800000000000000e+04 2.256139204270283301e-03
1.832129999999999927e+04 2.302965683549778111e-03
1.832450000000000000e+04 2.333765946942150792e-03
1.832779999999999927e+04 2.359877325118820129e-03
1.833109999999999854e+04 2.405343457918390597e-03
1.833440000000000146e+04 2.440922286302024940e-03
1.833770000000000073e+04 2.474816963061397899e-03
1.834100000000000000e+04 2.517906687474350327e-03
1.834429999999999927e+04 2.536438740329697520e-03
1.834759999999999854e+04 2.551132984716996104e-03
1.835090000000000146e+04 2.576806336795951433e-03
1.835420000000000073e+04 2.617654411646822606e-03
1.835750000000000000e+04 2.644731141232477094e-03
1.836079999999999927e+04 2.679406925472342053e-03
1.836409999999999854e+04 2.705392029573163836e-03
1.836740000000000146e+04 2.743481465819925906e-03
1.837070000000000073e+04 2.790516048919750459e-03
1.837400000000000000e+04 2.845299345782132013e-03
1.837729999999999927e+04 2.889609250532203071e-03
1.838059999999999854e+04 2.933409947903107672e-03
1.838390000000000146e+04 2.980784519112869221e-03
1.838709999999999854e+04 3.006613294506520727e-03
1.839040000000000146e+04 3.034626218006002910e-03
1.839370000000000073e+04 3.047240830184191028e-03
1.839700000000000000e+04 3.062278255573107691e-03
1.840029999999999927e+04 3.098685226036733929e-03
1.840359999999999854e+04 3.145095123061780479e-03
1.840690000000000146e+04 3.165417717043435275e-03
1.841020000000000073e+04 3.183883551895057198e-03
1.841350000000000000e+04 3.204417995717619670e-03
1.841679999999999927e+04 3.236327199571841038e-03
1.842009999999999854e+04 3.245746565368773373e-03
1.842340000000000146e+04 3.270433449460975923e-03
1.842670000000000073e+04 3.297738526770757368e-03
1.843000000000000000e+04 3.326818107280030395e-03
1.843329999999999927e+04 3.359969727974212138e-03
1.843659999999999854e+04 3.404069535712253656e-03
1.843990000000000146e+04 3.454322756189836564e-03
1.844320000000000073e+04 3.500254759559390597e-03
1.844650000000000000e+04 3.533963562995199714e-03
1.844979999999999927e+04 3.568533923291532239e-03
1.845300000000000000e+04 3.603038381784934210e-03
1.845629999999999927e+04 3.643305377181381942e-03
1.845959999999999854e+04 3.662218760366471679e-03
1.846290000000000146e+04 3.713364019714899666e-03
1.846620000000000073e+04 3.728913691125164843e-03
1.846950000000000000e+04 3.745319644085942125e-03
1.847279999999999927e+04 3.772542158509836156e-03
1.847609999999999854e+04 3.797418740551263428e-03
1.847940000000000146e+04 3.815465647257094799e-03
1.848270000000000073e+04 3.830275163889661130e-03
1.848600000000000000e+04 3.840789762227327098e-03
1.848929999999999927e+04 3.861188854241632933e-03
1.849259999999999854e+04 3.892609928082999774e-03
1.849590000000000146e+04 3.907780761072508421e-03
1.849920000000000073e+04 3.946167804558129745e-03
1.850250000000000000e+04 3.986764651574568885e-03
1.850579999999999927e+04 4.028250099564405044e-03
1.850909999999999854e+04 4.097462201174352850e-03
1.851240000000000146e+04 4.118228618401680377e-03
1.851570000000000073e+04 4.132899722973492479e-03
1.851890000000000146e+04 4.156223556899199187e-03
1.852220000000000073e+04 4.193078658972268502e-03
1.852550000000000000e+04 4.233629229552574903e-03
1.852879999999999927e+04 4.286804571250493918e-03
1.853209999999999854e+04 4.335284867756948775e-03
1.853540000000000146e+04 4.377026263146625157e-03
1.853870000000000073e+04 4.422416582082281007e-03
1.854200000000000000e+04 4.480921284140719323e-03
1.854529999999999927e+04 4.544079143108170626e-03
1.854859999999999854e+04 4.584786984745264915e-03
1.855190000000000146e+04 4.647157320869245954e-03
1.855520000000000073e+04 4.704708929848921972e-03
1.855850000000000000e+04 4.780844223347647907e-03
1.856179999999999927e+04 4.852367944938965408e-03
1.856509999999999854e+04 4.909537236425183526e-03
1.856840000000000146e+04 4.972145438413342819e-03
1.857170000000000073e+04 5.031259967435375464e-03
1.857500000000000000e+04 5.115123333224282434e-03
1.857829999999999927e+04 5.205358910629059345e-03
1.858150000000000000e+04 5.295545257426474695e-03
1.858479999999999927e+04 5.395305353400825510e-03
1.858809999999999854e+04 5.465968382663124146e-03
1.859140000000000146e+04 5.545120896594511913e-03
1.859470000000000073e+04 5.647338550553861192e-03
1.859800000000000000e+04 5.741336030222934060e-03
1.860129999999999927e+04 5.824647727662724851e-03
1.860459999999999854e+04 5.932435914404441714e-03
1.860790000000000146e+04 6.032127988787295073e-03
1.861120000000000073e+04 6.149206339739619193e-03
1.861450000000000000e+04 6.278163912098904884e-03
1.861779999999999927e+04 6.389869069895691076e-03
1.862109999999999854e+04 6.502758141324049661e-03
1.862440000000000146e+04 6.643281992214434759e-03
1.862770000000000073e+04 6.772315507954025302e-03
1.863100000000000000e+04 6.945159666824217599e-03
1.863429999999999927e+04 7.083577790043840000e-03
1.863759999999999854e+04 7.221253593408452111e-03
1.864090000000000146e+04 7.382260031449416719e-03
1.864420000000000073e+04 7.580288045140105326e-03
1.864740000000000146e+04 7.760921772802849977e-03
1.865070000000000073e+04 7.920695623678872602e-03
1.865400000000000000e+04 8.077871796455126166e-03
1.865729999999999927e+04 8.229227257471221843e-03
1.866059999999999854e+04 8.386515453870964018e-03
1.866390000000000146e+04 8.565859407852561072e-03
1.866720000000000073e+04 8.738458035030297402e-03
1.867050000000000000e+04 8.903008695203913983e-03
1.867379999999999927e+04 9.064152562297641408e-03
1.867709999999999854e+04 9.281193309352704993e-03
1.868040000000000146e+04 9.526360024517073477e-03
1.868370000000000073e+04 9.804174711078273222e-03
1.868700000000000000e+04 1.004281695643951221e-02
1.869029999999999927e+04 1.020200478651261781e-02
1.869359999999999854e+04 1.044307460600741103e-02
1.869690000000000146e+04 1.063720726974431638e-02
1.870020000000000073e+04 1.072947408583076016e-02
1.870350000000000000e+04 1.081871752769813372e-02
1.870679999999999927e+04 1.096153424274453995e-02
1.871000000000000000e+04 1.124376464869949153e-02
1.871329999999999927e+04 1.138946045793538288e-02
1.871659999999999854e+04 1.150200290352392310e-02
1.871990000000000146e+04 1.163588816252944524e-02
1.872320000000000073e+04 1.174175488328397556e-02
1.872650000000000000e+04 1.186579544821016879e-02
1.872979999999999927e+04 1.196682780257934432e-02
1.873309999999999854e+04 1.208173493872852916e-02
1.873640000000000146e+04 1.219220898005908375e-02
1.873970000000000073e+04 1.230974500236050456e-02
1.874300000000000000e+04 1.237621269691740328e-02
1.874629999999999927e+04 1.247504005745770674e-02
1.874959999999999854e+04 1.254249561276191138e-02
1.875290000000000146e+04 1.265015827748791795e-02
1.875620000000000073e+04 1.276634602720371110e-02
1.875950000000000000e+04 1.292904813714576898e-02
1.876279999999999927e+04 1.308432164271475240e-02
1.876609999999999854e+04 1.322841390322427972e-02
1.876940000000000146e+04 1.332695094219402826e-02
1.877270000000000073e+04 1.349645569363261757e-02
1.877590000000000146e+04 1.370906594399437170e-02
1.877920000000000073e+04 1.380783068442947153e-02
1.878250000000000000e+04 1.400068754724437606e-02
1.878579999999999927e+04 1.420561689875234415e-02
1.878909999999999854e+04 1.442563137563401127e-02
1.879240000000000146e+04 1.465870191570782695e-02
1.879570000000000073e+04 1.489298061748145843e-02
1.879900000000000000e+04 1.516175004294799920e-02
1.880229999999999927e+04 1.543652147547425191e-02
1.880559999999999854e+04 1.570858528089762174e-02
1.880890000000000146e+04 1.594101837776707234e-02
1.881220000000000073e+04 1.618199426171353789e-02
1.881550000000000000e+04 1.646443471177843829e-02
1.881879999999999927e+04 1.676360468310242324e-02
1.882209999999999854e+04 1.704357052510897808e-02
1.882540000000000146e+04 1.734683788385405975e-02
1.882870000000000073e+04 1.761843459767215014e-02
1.883200000000000000e+04 1.788814477521959850e-02
1.883529999999999927e+04 1.816353424919955190e-02
1.883859999999999854e+04 1.844960918286566928e-02
1.884179999999999927e+04 1.869348426476090397e-02
1.884509999999999854e+04 1.894887260901680776e-02
1.884840000000000146e+04 1.915788449933807092e-02
1.885170000000000073e+04 1.940339424546458011e-02
1.885500000000000000e+04 1.973485693057684329e-02
1.885829999999999927e+04 1.997129212985000735e-02
1.886159999999999854e+04 2.025353035558549730e-02
1.886490000000000146e+04 2.065313194881387635e-02
1.886820000000000073e+04 2.106910630017612418e-02
1.887150000000000000e+04 2.141742073137899854e-02
1.887479999999999927e+04 2.163525339214273507e-02
1.887809999999999854e+04 2.200207868761929961e-02
1.888140000000000146e+04 2.241121873741930628e-02
1.888470000000000073e+04 2.280991180161557122e-02
1.888800000000000000e+04 2.320264820814083029e-02
1.889129999999999927e+04 2.358613082973494424e-02
1.889459999999999854e+04 2.399661080354631090e-02
1.889790000000000146e+04 2.438626436120478608e-02
1.890120000000000073e+04 2.478968151726998123e-02
1.890440000000000146e+04 2.517538282915341569e-02
1.890770000000000073e+04 2.560501982013980646e-02
1.891100000000000000e+04 2.603445039200166441e-02
1.891429999999999927e+04 2.648219527720711841e-02
1.891759999999999854e+04 2.689753230592845795e-02
1.892090000000000146e+04 2.732080143512081657e-02
1.892420000000000073e+04 2.768795942305099858e-02
1.892750000000000000e+04 2.805940567278435160e-02
1.893079999999999927e+04 2.846711797262254512e-02
1.893409999999999854e+04 2.885885081671110686e-02
1.893740000000000146e+04 2.922688811397374659e-02
1.894070000000000073e+04 2.952880661524148742e-02
1.894400000000000000e+04 2.990258491587334186e-02
1.894729999999999927e+04 3.020385872881554273e-02
1.895059999999999854e+04 3.049926668765125595e-02
1.895390000000000146e+04 3.080592085571009012e-02
1.895720000000000073e+04 3.107353192672539927e-02
1.896050000000000000e+04 3.135340742846697004e-02
1.896379999999999927e+04 3.161949784105710926e-02
1.896709999999999854e+04 3.186719190029445314e-02
1.897029999999999927e+04 3.207308635713995021e-02
1.897359999999999854e+04 3.229466129013100484e-02
1.897690000000000146e+04 3.254759519166896403e-02
1.898020000000000073e+04 3.276661120762067170e-02
1.898350000000000000e+04 3.297310295576340311e-02
1.898679999999999927e+04 3.320136376844121801e-02
1.899009999999999854e+04 3.339175821773655850e-02
1.899340000000000146e+04 3.358200234612296331e-02
1.899670000000000073e+04 3.375558618074709499e-02
1.900000000000000000e+04 3.395441074268266274e-02
1.900329999999999927e+04 3.413681934897604825e-02
1.900659999999999854e+04 3.432398988948148766e-02
1.900990000000000146e+04 3.445129761368477539e-02
1.901320000000000073e+04 3.457280875343406168e-02
1.901650000000000000e+04 3.468583212911663383e-02
1.901979999999999927e+04 3.481221782359645439e-02
1.902309999999999854e+04 3.493871745979317683e-02
1.902640000000000146e+04 3.507343683402763118e-02
1.902970000000000073e+04 3.518265009440929569e-02
1.903290000000000146e+04 3.528156614117883977e-02
1.903620000000000073e+04 3.537380129655871841e-02
1.903950000000000000e+04 3.544158949516524465e-02
1.904279999999999927e+04 3.550619021621818222e-02
1.904609999999999854e+04 3.554557252829010361e-02
1.904940000000000146e+04 3.557540181085308562e-02
1.905270000000000073e+04 3.563401466398883471e-02
1.905600000000000000e+04 3.568153041546729548e-02
1.905929999999999927e+04 3.572433030121565517e-02
1.906259999999999854e+04 3.575084022621900781e-02
1.906590000000000146e+04 3.577405418573913198e-02
1.906920000000000073e+04 3.579880325520135714e-02
1.907250000000000000e+04 3.578536841582591332e-02
1.907579999999999927e+04 3.575497001830778981e-02
1.907909999999999854e+04 3.571454192632845387e-02
1.908240000000000146e+04 3.569797154969040626e-02
1.908570000000000073e+04 3.563901097077989966e-02
1.908900000000000000e+04 3.557197065400974356e-02
1.909229999999999927e+04 3.549255761382354157e-02
1.909559999999999854e+04 3.539580196474135382e-02
1.909879999999999927e+04 3.534571818897020573e-02
1.910209999999999854e+04 3.524423357742744595e-02
1.910540000000000146e+04 3.516173280248704319e-02
1.910870000000000073e+04 3.508948286571289543e-02
1.911200000000000000e+04 3.502264102244186800e-02
1.911529999999999927e+04 3.493934238420561000e-02
1.911859999999999854e+04 3.478169298392174563e-02
1.912190000000000146e+04 3.463995756882772697e-02
1.912520000000000073e+04 3.446423937647737773e-02
1.912850000000000000e+04 3.429443910336343188e-02
1.913179999999999927e+04 3.414073398337828108e-02
1.913509999999999854e+04 3.399583142764658894e-02
1.913840000000000146e+04 3.383692628824343934e-02
1.914170000000000073e+04 3.363186480094618874e-02
1.914500000000000000e+04 3.343012580566717684e-02
1.914829999999999927e+04 3.320898161890824263e-02
1.915159999999999854e+04 3.299258904201869680e-02
1.915490000000000146e+04 3.279197805751323663e-02
1.915820000000000073e+04 3.259853197387796442e-02
1.916140000000000146e+04 3.239768376039586090e-02
1.916470000000000073e+04 3.215809324355154569e-02
1.916800000000000000e+04 3.190709570243135257e-02
1.917129999999999927e+04 3.164505753017685802e-02
1.917459999999999854e+04 3.139286186133258966e-02
1.917790000000000146e+04 3.116495956513259599e-02
1.918120000000000073e+04 3.095085696120032648e-02
1.918450000000000000e+04 3.068329102515910886e-02
1.918779999999999927e+04 3.042890837882312322e-02
1.919109999999999854e+04 3.015646338240450530e-02
1.919440000000000146e+04 2.987807130279496529e-02
1.919770000000000073e+04 2.958289437078324632e-02
1.920100000000000000e+04 2.930571202067674616e-02
1.920429999999999927e+04 2.902789653176290202e-02
1.920759999999999854e+04 2.873197293081469414e-02
1.921090000000000146e+04 2.845392231187560822e-02
1.921420000000000073e+04 2.814954749619163685e-02
1.921750000000000000e+04 2.783103887916291500e-02
1.922079999999999927e+04 2.751856369504907668e-02
1.922409999999999854e+04 2.722150081337847138e-02
1.922729999999999927e+04 2.691184466388631472e-02
1.923059999999999854e+04 2.660676974984260701e-02
1.923390000000000146e+04 2.627572823427217624e-02
1.923720000000000073e+04 2.596728829341988024e-02
1.924050000000000000e+04 2.564970829440767208e-02
1.924379999999999927e+04 2.533811652096207984e-02
1.924709999999999854e+04 2.500763751421576295e-02
1.925040000000000146e+04 2.468704817571230198e-02
1.925370000000000073e+04 2.434722991933723282e-02
1.925700000000000000e+04 2.404445208588912308e-02
1.926029999999999927e+04 2.372605761806759889e-02
1.926359999999999854e+04 2.339216595705571888e-02
1.926690000000000146e+04 2.306603171299434138e-02
1.927020000000000073e+04 2.273266053023167976e-02
1.927350000000000000e+04 2.241352830914140198e-02
1.927679999999999927e+04 2.207811890526477361e-02
1.928009999999999854e+04 2.173270753069081115e-02
1.928340000000000146e+04 2.141384803344762236e-02
1.928670000000000073e+04 2.107590342748128301e-02
1.929000000000000000e+04 2.074473401298319170e-02
1.929320000000000073e+04 2.040196293038509454e-02
1.929650000000000000e+04 2.006316488433043665e-02
1.929979999999999927e+04 1.972091274411146705e-02
1.930309999999999854e+04 1.939178399512377776e-02
1.930640000000000146e+04 1.907456038105854665e-02
1.930970000000000073e+04 1.876071431778454299e-02
1.931300000000000000e+04 1.846214644273091662e-02
1.931629999999999927e+04 1.813881844742268670e-02
1.931959999999999854e+04 1.780878309607001470e-02
1.932290000000000146e+04 1.745457477608480801e-02
1.932620000000000073e+04 1.713090973551776794e-02
1.932950000000000000e+04 1.679019187125796106e-02
1.933279999999999927e+04 1.646710196563213463e-02
1.933609999999999854e+04 1.616665856324783768e-02
1.933940000000000146e+04 1.587712550692351940e-02
1.934270000000000073e+04 1.556666035040477590e-02
1.934600000000000000e+04 1.523313811912611546e-02
1.934929999999999927e+04 1.492112126463306619e-02
1.935259999999999854e+04 1.458752757883907680e-02
1.935579999999999927e+04 1.427445542490000767e-02
1.935909999999999854e+04 1.396729038613138234e-02
1.936240000000000146e+04 1.366021976327661848e-02
1.936570000000000073e+04 1.334928795742765240e-02
1.936900000000000000e+04 1.304478873531191539e-02
1.937229999999999927e+04 1.275980868667803136e-02
1.937559999999999854e+04 1.244848093967407775e-02
1.937890000000000146e+04 1.216044574590464597e-02
1.938220000000000073e+04 1.187202801769836336e-02
1.938550000000000000e+04 1.157646608247549051e-02
1.938879999999999927e+04 1.126101449892006993e-02
1.939209999999999854e+04 1.096269657191571191e-02
1.939540000000000146e+04 1.067264232942786821e-02
1.939870000000000073e+04 1.038401590343399072e-02
1.940200000000000000e+04 1.011191964039671529e-02
1.940529999999999927e+04 9.824756842154320699e-03
1.940859999999999854e+04 9.557774516769214010e-03
1.941190000000000146e+04 9.298161746740064848e-03
1.941520000000000073e+04 9.028933836152145190e-03
1.941850000000000000e+04 8.778540459603972543e-03
1.942170000000000073e+04 8.496769437161886054e-03
1.942500000000000000e+04 8.217941428593304384e-03
1.942829999999999927e+04 7.941375039886488726e-03
1.943159999999999854e+04 7.674539694546149080e-03
1.943490000000000146e+04 7.396959832476379323e-03
1.943820000000000073e+04 7.105621679899572739e-03
1.944150000000000000e+04 6.824392354949570909e-03
1.944479999999999927e+04 6.565489589225832930e-03
1.944809999999999854e+04 6.313086862254158570e-03
1.945140000000000146e+04 6.072035335574842152e-03
1.945470000000000073e+04 5.833917094494532954e-03
1.945800000000000000e+04 5.588098624603700035e-03
1.946129999999999927e+04 5.323606888783550921e-03
1.946459999999999854e+04 5.078753509577226856e-03
1.946790000000000146e+04 4.815983378991314269e-03
1.947120000000000073e+04 4.559816616273529126e-03
1.947450000000000000e+04 4.312315491598084881e-03
1.947779999999999927e+04 4.065943719993203760e-03
1.948109999999999854e+04 3.822618370643726064e-03
1.948429999999999927e+04 3.590396585855750670e-03
1.948759999999999854e+04 3.360588440575671722e-03
1.949090000000000146e+04 3.123546688091241585e-03
1.949420000000000073e+04 2.901695953332118685e-03
1.949750000000000000e+04 2.686563347262823850e-03
1.950079999999999927e+04 2.449747547242270111e-03
1.950409999999999854e+04 2.229855121381576436e-03
1.950740000000000146e+04 2.021376341227093532e-03
1.951070000000000073e+04 1.821187671238118626e-03
1.951400000000000000e+04 1.624661646264206763e-03
1.951729999999999927e+04 1.435344436483815744e-03
1.952059999999999854e+04 1.222980141392794422e-03
1.952390000000000146e+04 1.018470605113241034e-03
1.952720000000000073e+04 8.223493173087816771e-04
1.953050000000000000e+04 6.343952771354897414e-04
1.953379999999999927e+04 4.375860324889647057e-04
1.953709999999999854e+04 2.355145116730166552e-04
1.954040000000000146e+04 6.475201930900985510e-05
1.954370000000000073e+04 -1.132602246969605786e-04
1.954700000000000000e+04 -2.872572938400342452e-04
1.955020000000000073e+04 -4.961766811479668884e-04
1.955350000000000000e+04 -6.535644394797934104e-04
1.955679999999999927e+04 -8.191763697720237832e-04
1.956009999999999854e+04 -9.878370592955212741e-04
1.956340000000000146e+04 -1.146769787633658989e-03
1.956670000000000073e+04 -1.318459927358759569e-03
1.957000000000000000e+04 -1.464741948486668853e-03
1.957329999999999927e+04 -1.615018817765872779e-03
1.957659999999999854e+04 -1.774373016852588865e-03
1.957990000000000146e+04 -1.909053133778084712e-03
1.958320000000000073e+04 -2.063413245240413967e-03
1.958650000000000000e+04 -2.201485391764354017e-03
1.958979999999999927e+04 -2.332702837255239397e-03
1.959309999999999854e+04 -2.466189492096627911e-03
1.959640000000000146e+04 -2.579659373499308076e-03
1.959970000000000073e+04 -2.698759004965645743e-03
1.960300000000000000e+04 -2.831511192376011052e-03
1.960629999999999927e+04 -2.982460851481946295e-03
1.960959999999999854e+04 -3.121447653842774478e-03
1.961290000000000146e+04 -3.276435137463673975e-03
1.961609999999999854e+04 -3.417557112008509992e-03
1.961940000000000146e+04 -3.536444858065715836e-03
1.962270000000000073e+04 -3.662323071111289480e-03
1.962600000000000000e+04 -3.783096932963703370e-03
1.962929999999999927e+04 -3.887849105377085609e-03
1.963259999999999854e+04 -4.001086628046715381e-03
1.963590000000000146e+04 -4.090621124512266830e-03
1.963920000000000073e+04 -4.201708209534625073e-03
1.964250000000000000e+04 -4.310899499448500767e-03
1.964579999999999927e+04 -4.418157033683428256e-03
1.964909999999999854e+04 -4.556933684981692885e-03
1.965240000000000146e+04 -4.663504096515343200e-03
1.965570000000000073e+04 -4.774024439671541338e-03
1.965900000000000000e+04 -4.823995128856077910e-03
1.966229999999999927e+04 -4.865842912795131578e-03
1.966559999999999854e+04 -4.908595490604676648e-03
1.966890000000000146e+04 -4.987442329706512009e-03
1.967220000000000073e+04 -5.087783594148652389e-03
1.967550000000000000e+04 -5.157774588403185936e-03
1.967870000000000073e+04 -5.276564340871888088e-03
1.968200000000000000e+04 -5.357429844329114794e-03
1.968529999999999927e+04 -5.427216714083193949e-03
1.968859999999999854e+04 -5.498619142266753662e-03
1.969190000000000146e+04 -5.532468204293609394e-03
1.969520000000000073e+04 -5.585585777800784399e-03
1.969850000000000000e+04 -5.622823399982060377e-03
1.970179999999999927e+04 -5.672865910457017095e-03
1.970509999999999854e+04 -5.777985396437948680e-03
1.970840000000000146e+04 -5.897489654792180229e-03
1.971170000000000073e+04 -5.981555216912028648e-03
1.971500000000000000e+04 -5.996571567919115400e-03
1.971829999999999927e+04 -6.076663368690930593e-03
1.972159999999999854e+04 -6.097865002571009434e-03
1.972490000000000146e+04 -6.119597789696121053e-03
1.972820000000000073e+04 -6.198624215532456266e-03
1.973150000000000000e+04 -6.280170705810597317e-03
1.973479999999999927e+04 -6.363224517398233422e-03
1.973809999999999854e+04 -6.452789271206424947e-03
1.974140000000000146e+04 -6.537739132786773641e-03
1.974459999999999854e+04 -6.632443685864432975e-03
1.974790000000000146e+04 -6.662096859575605302e-03
1.975120000000000073e+04 -6.701217019608705916e-03
1.975450000000000000e+04 -6.753923235202654446e-03
1.975779999999999927e+04 -6.796555177914250304e-03
1.976109999999999854e+04 -6.895934119245176498e-03
1.976440000000000146e+04 -6.982894720448645960e-03
1.976770000000000073e+04 -7.054496343787705279e-03
1.977100000000000000e+04 -7.096313038456559912e-03
1.977429999999999927e+04 -7.105577362951496188e-03
1.977759999999999854e+04 -7.130698254038832055e-03
1.978090000000000146e+04 -7.174999601370760961e-03
1.978420000000000073e+04 -7.240819298178047259e-03
1.978750000000000000e+04 -7.272726696795945786e-03
1.979079999999999927e+04 -7.341215240029959344e-03
1.979409999999999854e+04 -7.364296422995558061e-03
1.979740000000000146e+04 -7.390605599904041118e-03
1.980070000000000073e+04 -7.419171201831202371e-03
1.980400000000000000e+04 -7.430946443613510415e-03
1.980720000000000073e+04 -7.463815162263185907e-03
1.981050000000000000e+04 -7.456892497650135197e-03
1.981379999999999927e+04 -7.422937838409868552e-03
1.981709999999999854e+04 -7.445642898727651907e-03
1.982040000000000146e+04 -7.446283429810626915e-03
1.982370000000000073e+04 -7.479037636358954258e-03
1.982700000000000000e+04 -7.521240568274149309e-03
1.983029999999999927e+04 -7.586077479253271715e-03
1.983359999999999854e+04 -7.605496592858714162e-03
1.983690000000000146e+04 -7.633896560587543657e-03
1.984020000000000073e+04 -7.650552074198789174e-03
1.984350000000000000e+04 -7.666267104453310631e-03
1.984679999999999927e+04 -7.667112620855690876e-03
1.985009999999999854e+04 -7.676462577274210421e-03
1.985340000000000146e+04 -7.710467597974947698e-03
1.985670000000000073e+04 -7.779059366789982562e-03
1.986000000000000000e+04 -7.835299768760385641e-03
1.986329999999999927e+04 -7.909968691108396066e-03
1.986659999999999854e+04 -7.913156769110557542e-03
1.986990000000000146e+04 -7.882965913230585361e-03
1.987309999999999854e+04 -7.841178158519502076e-03
1.987640000000000146e+04 -7.853236162944249657e-03
1.987970000000000073e+04 -7.900610121154807292e-03
1.988300000000000000e+04 -7.903675366788443998e-03
1.988629999999999927e+04 -7.956923687770067755e-03
1.988959999999999854e+04 -8.046533170573544683e-03
1.989290000000000146e+04 -8.023543125424017694e-03
1.989620000000000073e+04 -7.995639371408921545e-03
1.989950000000000000e+04 -7.969946743645119763e-03
1.990279999999999927e+04 -7.968287688079212644e-03
1.990609999999999854e+04 -7.967823065963988358e-03
1.990940000000000146e+04 -7.936749732389569018e-03
1.991270000000000073e+04 -7.946418018826355636e-03
1.991600000000000000e+04 -7.945804482164201682e-03
1.991929999999999927e+04 -7.945147499324085177e-03
1.992259999999999854e+04 -7.937029043370159853e-03
1.992590000000000146e+04 -7.912672881572904021e-03
