1.716800000000000000e+04 3.517252760856288030e-04
1.717129999999999927e+04 3.624788804195650600e-04
1.717459999999999854e+04 3.612696949238313154e-04
1.717790000000000146e+04 3.568361820838108892e-04
1.718120000000000073e+04 3.678090494759126534e-04
1.718450000000000000e+04 3.777940428022339607e-04
1.718779999999999927e+04 3.775490201087781678e-04
1.719109999999999854e+04 3.775929304608294777e-04
1.719440000000000146e+04 3.734933931844383191e-04
1.719770000000000073e+04 3.582840420263374345e-04
1.720100000000000000e+04 3.412987725585411446e-04
1.720429999999999927e+04 3.539174046135766722e-04
1.720759999999999854e+04 3.571800027979319357e-04
1.721090000000000146e+04 3.562797783288549074e-04
1.721420000000000073e+04 3.606980109243554497e-04
1.721750000000000000e+04 3.671384551382172426e-04
1.722079999999999927e+04 3.726112570556756962e-04
1.722409999999999854e+04 3.830753419973315782e-04
1.722729999999999927e+04 3.893284127557106156e-04
1.723059999999999854e+04 3.863949536452813147e-04
1.723390000000000146e+04 3.863511274231773711e-04
1.723720000000000073e+04 3.833923160932964803e-04
1.724050000000000000e+04 3.802420902812521288e-04
1.724379999999999927e+04 3.794219887600420072e-04
1.724709999999999854e+04 3.813978414911171379e-04
1.725040000000000146e+04 3.862776209689941357e-04
1.725370000000000073e+04 3.895201940901084846e-04
1.725700000000000000e+04 4.027502362104894325e-04
1.726029999999999927e+04 4.038541261975736444e-04
1.726359999999999854e+04 4.105133375034629396e-04
1.726690000000000146e+04 4.218804115517835033e-04
1.727020000000000073e+04 4.248600468425776629e-04
1.727350000000000000e+04 4.430315379628583226e-04
1.727679999999999927e+04 4.517145256694491914e-04
1.728009999999999854e+04 4.578577303681549975e-04
1.728340000000000146e+04 4.679115915358556714e-04
1.728670000000000073e+04 4.645685432049257032e-04
1.729000000000000000e+04 4.755687701199823769e-04
1.729320000000000073e+04 4.793814793254713193e-04
1.729650000000000000e+04 4.808623182197732638e-04
1.729979999999999927e+04 4.985637356261534607e-04
1.730309999999999854e+04 4.939368960672271954e-04
1.730640000000000146e+04 5.110659850190258724e-04
1.730970000000000073e+04 5.172773897248574351e-04
1.731300000000000000e+04 5.246189201112601026e-04
1.731629999999999927e+04 5.439656174194506220e-04
1.731959999999999854e+04 5.561378328824951277e-04
1.732290000000000146e+04 5.599122377201492043e-04
1.732620000000000073e+04 5.581485907245444314e-04
1.732950000000000000e+04 5.617087381209782482e-04
1.733279999999999927e+04 5.727105479202593318e-04
1.733609999999999854e+04 5.803789354921353545e-04
1.733940000000000146e+04 5.901068887653432944e-04
1.734270000000000073e+04 6.093140992477940254e-04
1.734600000000000000e+04 6.123626055534786474e-04
1.734929999999999927e+04 6.094867102410770092e-04
1.735259999999999854e+04 6.119703399493348333e-04
1.735579999999999927e+04 6.216354567665741560e-04
1.735909999999999854e+04 6.311233991568840134e-04
1.736240000000000146e+04 6.475153268197545104e-04
1.736570000000000073e+04 6.533613780143937479e-04
1.736900000000000000e+04 6.560516219203245359e-04
1.737229999999999927e+04 6.556022945787561658e-04
1.737559999999999854e+04 6.644277687653911760e-04
1.737890000000000146e+04 6.620241766531761258e-04
1.738220000000000073e+04 6.700268548742100479e-04
1.738550000000000000e+04 6.727471408785250066e-04
1.738879999999999927e+04 6.771919999595561864e-04
1.739209999999999854e+04 6.784052225026608075e-04
1.739540000000000146e+04 6.967039337912267569e-04
1.739870000000000073e+04 7.047183829756115212e-04
1.740200000000000000e+04 7.103200200609830015e-04
1.740529999999999927e+04 7.166020407903229365e-04
1.740859999999999854e+04 7.306444359180135116e-04
1.741190000000000146e+04 7.364456288471330717e-04
1.741520000000000073e+04 7.408679600201037571e-04
1.741850000000000000e+04 7.415224733293556292e-04
1.742170000000000073e+04 7.460033257259076917e-04
1.742500000000000000e+04 7.499945726201495688e-04
1.742829999999999927e+04 7.597960212368652134e-04
1.743159999999999854e+04 7.618409931038975765e-04
1.743490000000000146e+04 7.679798713460617241e-04
1.743820000000000073e+04 7.785761010353193330e-04
1.744150000000000000e+04 7.788344298991807654e-04
1.744479999999999927e+04 7.814262241576967402e-04
1.744809999999999854e+04 7.836486634789568495e-04
1.745140000000000146e+04 7.826394653974926919e-04
1.745470000000000073e+04 7.878208359572390351e-04
1.745800000000000000e+04 7.904563683203967876e-04
1.746129999999999927e+04 7.908705570290997617e-04
1.746459999999999854e+04 7.932407596499517358e-04
1.746790000000000146e+04 8.006943956152841454e-04
1.747120000000000073e+04 8.030913630058869861e-04
1.747450000000000000e+04 8.057901371318091852e-04
1.747779999999999927e+04 8.008663702995884228e-04
1.748109999999999854e+04 8.059188757133661654e-04
1.748429999999999927e+04 8.063270558439467831e-04
1.748759999999999854e+04 8.045988666615345401e-04
1.749090000000000146e+04 8.145041701650343729e-04
1.749420000000000073e+04 8.177737177928173090e-04
1.749750000000000000e+04 8.138900916391828434e-04
1.750079999999999927e+04 8.171830920820384722e-04
1.750409999999999854e+04 8.165288474628598289e-04
1.750740000000000146e+04 8.167441014728820704e-04
1.751070000000000073e+04 8.244839289318971025e-04
1.751400000000000000e+04 8.331977197151268361e-04
1.751729999999999927e+04 8.338364576573567988e-04
1.752059999999999854e+04 8.349566308647622106e-04
1.752390000000000146e+04 8.330952592560643757e-04
1.752720000000000073e+04 8.301463377724835162e-04
1.753050000000000000e+04 8.305949072926003532e-04
1.753379999999999927e+04 8.349147868760022594e-04
1.753709999999999854e+04 8.429076251212345603e-04
1.754040000000000146e+04 8.486903331907491143e-04
1.754370000000000073e+04 8.546155938116581320e-04
1.754700000000000000e+04 8.546367493290694776e-04
1.755020000000000073e+04 8.528031736280585048e-04
1.755350000000000000e+04 8.518903826991333465e-04
1.755679999999999927e+04 8.517525158415049273e-04
1.756009999999999854e+04 8.470234393800843160e-04
1.756340000000000146e+04 8.536699922860513292e-04
1.756670000000000073e+04 8.499444367399319180e-04
1.757000000000000000e+04 8.470257840139562436e-04
1.757329999999999927e+04 8.396874958895004550e-04
1.757659999999999854e+04 8.435392656041390807e-04
1.757990000000000146e+04 8.492428480767933059e-04
1.758320000000000073e+04 8.537263806024714867e-04
1.758650000000000000e+04 8.539473528028546133e-04
1.758979999999999927e+04 8.465568742471938886e-04
1.759309999999999854e+04 8.468248471174741852e-04
1.759640000000000146e+04 8.444188117232069796e-04
1.759970000000000073e+04 8.472511048111852671e-04
1.760300000000000000e+04 8.336647766134088009e-04
1.760629999999999927e+04 8.319899608878402082e-04
1.760959999999999854e+04 8.297278157150157632e-04
1.761290000000000146e+04 8.349366003055291256e-04
1.761609999999999854e+04 8.398151100067755481e-04
1.761940000000000146e+04 8.370536227528886826e-04
1.762270000000000073e+04 8.356912469386507938e-04
1.762600000000000000e+04 8.360257187127082771e-04
1.762929999999999927e+04 8.400195912172578848e-04
1.763259999999999854e+04 8.412174952828407881e-04
1.763590000000000146e+04 8.400608893999996158e-04
1.763920000000000073e+04 8.407173132725686334e-04
1.764250000000000000e+04 8.433445667449126050e-04
1.764579999999999927e+04 8.402713453178753877e-04
1.764909999999999854e+04 8.385929019012371621e-04
1.765240000000000146e+04 8.438896276180815397e-04
1.765570000000000073e+04 8.377753037010713657e-04
1.765900000000000000e+04 8.320226805412166658e-04
1.766229999999999927e+04 8.358352556534305502e-04
1.766559999999999854e+04 8.394840154627527563e-04
1.766890000000000146e+04 8.412074060585259536e-04
1.767220000000000073e+04 8.375567453756204263e-04
1.767550000000000000e+04 8.308920915887224590e-04
1.767870000000000073e+04 8.296520018638458335e-04
1.768200000000000000e+04 8.386453118946639090e-04
1.768529999999999927e+04 8.399551064047845912e-04
1.768859999999999854e+04 8.416848392535829573e-04
1.769190000000000146e+04 8.478967026676024902e-04
1.769520000000000073e+04 8.515986819282330257e-04
1.769850000000000000e+04 8.552896143371187905e-04
1.770179999999999927e+04 8.610901094745091128e-04
1.770509999999999854e+04 8.591639988615105668e-04
1.770840000000000146e+04 8.588071095526193148e-04
1.771170000000000073e+04 8.575764485532108268e-04
1.771500000000000000e+04 8.595308464498124280e-04
1.771829999999999927e+04 8.651416301499966800e-04
1.772159999999999854e+04 8.695504602742636568e-04
1.772490000000000146e+04 8.752108267785258140e-04
1.772820000000000073e+04 8.723016910041491052e-04
1.773150000000000000e+04 8.769878064070000655e-04
1.773479999999999927e+04 8.803599239435856401e-04
1.773809999999999854e+04 8.875614443799345783e-04
1.774140000000000146e+04 8.910203694901753981e-04
1.774459999999999854e+04 8.911599917406530166e-04
1.774790000000000146e+04 8.934817048097793389e-04
1.775120000000000073e+04 8.935648706558632810e-04
1.775450000000000000e+04 9.011131639285189154e-04
1.775779999999999927e+04 9.017589536837916685e-04
1.776109999999999854e+04 9.063104523950345345e-04
1.776440000000000146e+04 9.084279863408916203e-04
1.776770000000000073e+04 9.151235521579377530e-04
1.777100000000000000e+04 9.187070505371631567e-04
1.777429999999999927e+04 9.242328922182256080e-04
1.777759999999999854e+04 9.277178299666198396e-04
1.778090000000000146e+04 9.286708314375154453e-04
1.778420000000000073e+04 9.286838560747354317e-04
1.778750000000000000e+04 9.303763722765562728e-04
1.779079999999999927e+04 9.360474469871794389e-04
1.779409999999999854e+04 9.384712886773493527e-04
1.779740000000000146e+04 9.330568724626180262e-04
1.780070000000000073e+04 9.315704725623289491e-04
1.780400000000000000e+04 9.364486296965773143e-04
1.780720000000000073e+04 9.404006899815624265e-04
1.781050000000000000e+04 9.454709403434355093e-04
1.781379999999999927e+04 9.568080283334978384e-04
1.781709999999999854e+04 9.574296718818226231e-04
1.782040000000000146e+04 9.689688379431090617e-04
1.782370000000000073e+04 9.794926541074103730e-04
1.782700000000000000e+04 9.881766744533643666e-04
1.783029999999999927e+04 9.817109361733202932e-04
1.783359999999999854e+04 9.803349846463525405e-04
1.783690000000000146e+04 9.861378527766255682e-04
1.784020000000000073e+04 9.953489594459196971e-04
1.784350000000000000e+04 1.004919483690746478e-03
1.784679999999999927e+04 1.002478551456222923e-03
1.785009999999999854e+04 1.006516106399814358e-03
1.785340000000000146e+04 1.007013703670283462e-03
1.785670000000000073e+04 1.006352643300671701e-03
1.786000000000000000e+04 1.010029912914849580e-03
1.786329999999999927e+04 1.008847482565424468e-03
1.786659999999999854e+04 1.005807582661443237e-03
1.786990000000000146e+04 1.001216590381841590e-03
1.787309999999999854e+04 1.010528535141441914e-03
1.787640000000000146e+04 1.013816820084395207e-03
1.787970000000000073e+04 1.023036262008912784e-03
1.788300000000000000e+04 1.019836900598412128e-03
1.788629999999999927e+04 1.019803180531482457e-03
1.788959999999999854e+04 1.015958814161896720e-03
1.789290000000000146e+04 1.015369175512300780e-03
1.789620000000000073e+04 1.021078435375490133e-03
1.789950000000000000e+04 1.028980091088030216e-03
1.790279999999999927e+04 1.031962835457412653e-03
1.790609999999999854e+04 1.032049393828039568e-03
1.790940000000000146e+04 1.032300771932923283e-03
1.791270000000000073e+04 1.034428965568679696e-03
1.791600000000000000e+04 1.041231865626157443e-03
1.791929999999999927e+04 1.046867929337114578e-03
1.792259999999999854e+04 1.055115652153624855e-03
1.792590000000000146e+04 1.057828913202497802e-03
1.792920000000000073e+04 1.064800609491520049e-03
1.793250000000000000e+04 1.069331768005265040e-03
1.793570000000000073e+04 1.074369497509321866e-03
1.793900000000000000e+04 1.078517715834151043e-03
1.794229999999999927e+04 1.081549838682508650e-03
1.794559999999999854e+04 1.083169921467743834e-03
1.794890000000000146e+04 1.087762079996305734e-03
1.795220000000000073e+04 1.094344305899741000e-03
1.795550000000000000e+04 1.095954659762552429e-03
1.795879999999999927e+04 1.102191055809069150e-03
1.796209999999999854e+04 1.113351543228985286e-03
1.796540000000000146e+04 1.123918985701046402e-03
1.796870000000000073e+04 1.129797009769011214e-03
1.797200000000000000e+04 1.135105065683931569e-03
1.797529999999999927e+04 1.144274575170479849e-03
1.797859999999999854e+04 1.144843601308636770e-03
1.798190000000000146e+04 1.148895281686804345e-03
1.798520000000000073e+04 1.152370126723057612e-03
1.798850000000000000e+04 1.158322989530124547e-03
1.799179999999999927e+04 1.164901024228032428e-03
1.799509999999999854e+04 1.184514839288519769e-03
1.799840000000000146e+04 1.190851019476925864e-03
1.800159999999999854e+04 1.194669493817651466e-03
1.800490000000000146e+04 1.196711885227240944e-03
1.800820000000000073e+04 1.194379512449950500e-03
1.801150000000000000e+04 1.207342110095301286e-03
1.801479999999999927e+04 1.220391958683429874e-03
1.801809999999999854e+04 1.239473756991428793e-03
1.802140000000000146e+04 1.254453715613986896e-03
1.802470000000000073e+04 1.269305936817516876e-03
1.802800000000000000e+04 1.272953018922582530e-03
1.803129999999999927e+04 1.270262940241676701e-03
1.803459999999999854e+04 1.277603004359429252e-03
1.803790000000000146e+04 1.275950950043006158e-03
1.804120000000000073e+04 1.276091548638639975e-03
1.804450000000000000e+04 1.273850173522861210e-03
1.804779999999999927e+04 1.289391389900783075e-03
1.805109999999999854e+04 1.293515795770889794e-03
1.805440000000000146e+04 1.310293839079684558e-03
1.805770000000000073e+04 1.311301674533916963e-03
1.806100000000000000e+04 1.310596023457000041e-03
1.806429999999999927e+04 1.308406576158080252e-03
1.806750000000000000e+04 1.301900308412941385e-03
1.807079999999999927e+04 1.292871239810475421e-03
1.807409999999999854e+04 1.285806900638462478e-03
1.807740000000000146e+04 1.293504011124998717e-03
1.808070000000000073e+04 1.297673724222548307e-03
1.808400000000000000e+04 1.298640055621648340e-03
1.808729999999999927e+04 1.294973140130749713e-03
1.809059999999999854e+04 1.295864226753636137e-03
1.809390000000000146e+04 1.292048390470764080e-03
1.809720000000000073e+04 1.295232110073303014e-03
1.810050000000000000e+04 1.298454503582121850e-03
1.810379999999999927e+04 1.296540005397173049e-03
1.810709999999999854e+04 1.294980146980457799e-03
1.811040000000000146e+04 1.302695871829089806e-03
1.811370000000000073e+04 1.305201258244110098e-03
1.811700000000000000e+04 1.306630633697746435e-03
1.812029999999999927e+04 1.307351537977005174e-03
1.812359999999999854e+04 1.303048560581243544e-03
1.812690000000000146e+04 1.297634085668639701e-03
1.813009999999999854e+04 1.289597543933561352e-03
1.813340000000000146e+04 1.286837906630327981e-03
1.813670000000000073e+04 1.290919028948294680e-03
1.814000000000000000e+04 1.299804300536111946e-03
1.814329999999999927e+04 1.299334881270827876e-03
1.814659999999999854e+04 1.292312335421009432e-03
1.814990000000000146e+04 1.286031763841124879e-03
1.815320000000000073e+04 1.277678177154466200e-03
1.815650000000000000e+04 1.268297586757188671e-03
1.815979999999999927e+04 1.264392007382481812e-03
1.816309999999999854e+04 1.265516023697532601e-03
1.816640000000000146e+04 1.259556895175903890e-03
1.816970000000000073e+04 1.264494354906231912e-03
1.817300000000000000e+04 1.262844025788720063e-03
1.817629999999999927e+04 1.259572317941027491e-03
1.817959999999999854e+04 1.250371495111596591e-03
1.818290000000000146e+04 1.252265153297152551e-03
1.818620000000000073e+04 1.254711942859938929e-03
1.818950000000000000e+04 1.253405205621144431e-03
1.819279999999999927e+04 1.258740433250858312e-03
1.819600000000000000e+04 1.282784531383106925e-03
1.819929999999999927e+04 1.298407107292294310e-03
1.820259999999999854e+04 1.298699528708936171e-03
1.820590000000000146e+04 1.306272247128589109e-03
1.820920000000000073e+04 1.310145513002020394e-03
1.821250000000000000e+04 1.303716424004224429e-03
1.821579999999999927e+04 1.309267393992203472e-03
1.821909999999999854e+04 1.324631788169370423e-03
1.822240000000000146e+04 1.350176108245426968e-03
1.822570000000000073e+04 1.375076103242495532e-03
1.822900000000000000e+04 1.395395599330063238e-03
1.823229999999999927e+04 1.421229404713843800e-03
1.823559999999999854e+04 1.450534997383719953e-03
1.823890000000000146e+04 1.473596486773216764e-03
1.824220000000000073e+04 1.486478688072646014e-03
1.824550000000000000e+04 1.509797221417029682e-03
1.824879999999999927e+04 1.529066998764018253e-03
1.825209999999999854e+04 1.559609552648236414e-03
1.825540000000000146e+04 1.592062830510527311e-03
1.825859999999999854e+04 1.620837602936613803e-03
1.826190000000000146e+04 1.654904523735624107e-03
1.826520000000000073e+04 1.678974701995421606e-03
1.826850000000000000e+04 1.705328510098061325e-03
1.827179999999999927e+04 1.725369789943877272e-03
1.827509999999999854e+04 1.733285010715399695e-03
1.827840000000000146e+04 1.758128632475039650e-03
1.828170000000000073e+04 1.777130532081471360e-03
1.828500000000000000e+04 1.799629019721574272e-03
1.828829999999999927e+04 1.820776280123487852e-03
1.829159999999999854e+04 1.847909779962672149e-03
1.829490000000000146e+04 1.879153195541976001e-03
1.829820000000000073e+04 1.890229713219693155e-03
1.830150000000000000e+04 1.903267098402809925e-03
1.830479999999999927e+04 1.927384950538277514e-03
1.830809999999999854e+04 1.959439213350468254e-03
1.831140000000000146e+04 1.990595967074168093e-03
1.831470000000000073e+04 2.009417462003986604e-03
1.831800000000000000e+04 2.040190334573298639e-03
1.832129999999999927e+04 2.074951168495749697e-03
1.832450000000000000e+04 2.105736303043863420e-03
1.832779999999999927e+04 2.138830484301856849e-03
1.833109999999999854e+04 2.171753528509995108e-03
1.833440000000000146e+04 2.199852179643177041e-03
1.833770000000000073e+04 2.240844282799718621e-03
1.834100000000000000e+04 2.279401197757657382e-03
1.834429999999999927e+04 2.308249623048012119e-03
1.834759999999999854e+04 2.329553384904664397e-03
1.835090000000000146e+04 2.357668088553162029e-03
1.835420000000000073e+04 2.384973213128871190e-03
1.835750000000000000e+04 2.415184641018636516e-03
1.836079999999999927e+04 2.431639464610366869e-03
1.836409999999999854e+04 2.454323977054778672e-03
1.836740000000000146e+04 2.486473299344316157e-03
1.837070000000000073e+04 2.524265674652318315e-03
1.837400000000000000e+04 2.557069182801593229e-03
1.837729999999999927e+04 2.602447542100319849e-03
1.838059999999999854e+04 2.648104127000246340e-03
1.838390000000000146e+04 2.680470294571194161e-03
1.838709999999999854e+04 2.695179113774269757e-03
1.839040000000000146e+04 2.723062786432571027e-03
1.839370000000000073e+04 2.735825780707717980e-03
1.839700000000000000e+04 2.760678083293643167e-03
1.840029999999999927e+04 2.777127063464302284e-03
1.840359999999999854e+04 2.810756303468831853e-03
1.840690000000000146e+04 2.841071181919037694e-03
1.841020000000000073e+04 2.859199251109115908e-03
1.841350000000000000e+04 2.886003718866781472e-03
1.841679999999999927e+04 2.905887955716497922e-03
1.842009999999999854e+04 2.933403839161097173e-03
1.842340000000000146e+04 2.963271761169903543e-03
1.842670000000000073e+04 2.987759547961318669e-03
1.843000000000000000e+04 3.019457453604615371e-03
1.843329999999999927e+04 3.042926442213627746e-03
1.843659999999999854e+04 3.088857058139594675e-03
1.843990000000000146e+04 3.138415349599943914e-03
1.844320000000000073e+04 3.172462787304060079e-03
1.844650000000000000e+04 3.214900635072509474e-03
1.844979999999999927e+04 3.252068144851674378e-03
1.845300000000000000e+04 3.295811738350074710e-03
1.845629999999999927e+04 3.346342632520851214e-03
1.845959999999999854e+04 3.380525328379663848e-03
1.846290000000000146e+04 3.440469412703810181e-03
1.846620000000000073e+04 3.462865403433034676e-03
1.846950000000000000e+04 3.488509337039993885e-03
1.847279999999999927e+04 3.518971100080771439e-03
1.847609999999999854e+04 3.550009581043756315e-03
1.847940000000000146e+04 3.592822170411869367e-03
1.848270000000000073e+04 3.615381586307086625e-03
1.848600000000000000e+04 3.638548271914926469e-03
1.848929999999999927e+04 3.665799945431054158e-03
1.849259999999999854e+04 3.691197893053698494e-03
1.849590000000000146e+04 3.716699980066127604e-03
1.849920000000000073e+04 3.757791230300079697e-03
1.850250000000000000e+04 3.794837450888903594e-03
1.850579999999999927e+04 3.845086172889197913e-03
1.850909999999999854e+04 3.906827441809109999e-03
1.851240000000000146e+04 3.933387998685331476e-03
1.851570000000000073e+04 3.960894125610529316e-03
1.851890000000000146e+04 3.992196696436855173e-03
1.852220000000000073e+04 4.035990680959605260e-03
1.852550000000000000e+04 4.093797720234617320e-03
1.852879999999999927e+04 4.156643689427481914e-03
1.853209999999999854e+04 4.219350830436808912e-03
1.853540000000000146e+04 4.283360332011821626e-03
1.853870000000000073e+04 4.364464239826405453e-03
1.854200000000000000e+04 4.425111102112143195e-03
1.854529999999999927e+04 4.498764985549621662e-03
1.854859999999999854e+04 4.533840869831982402e-03
1.855190000000000146e+04 4.617676733642936578e-03
1.855520000000000073e+04 4.696620146724295349e-03
1.855850000000000000e+04 4.779943111014571706e-03
1.856179999999999927e+04 4.877685820789101276e-03
1.856509999999999854e+04 4.956776331235066696e-03
1.856840000000000146e+04 5.062249906735223799e-03
1.857170000000000073e+04 5.134607704247188577e-03
1.857500000000000000e+04 5.194425043446839786e-03
1.857829999999999927e+04 5.261072596766142029e-03
1.858150000000000000e+04 5.322034717937274527e-03
1.858479999999999927e+04 5.363441928127937394e-03
1.858809999999999854e+04 5.447900826883012894e-03
1.859140000000000146e+04 5.542794946624116960e-03
1.859470000000000073e+04 5.606358094412901630e-03
1.859800000000000000e+04 5.693064926695880039e-03
1.860129999999999927e+04 5.757843255117883752e-03
1.860459999999999854e+04 5.826412837944988134e-03
1.860790000000000146e+04 5.907691186732880531e-03
1.861120000000000073e+04 5.986677048151409219e-03
1.861450000000000000e+04 6.085387091362382331e-03
1.861779999999999927e+04 6.156584732782261621e-03
1.862109999999999854e+04 6.233088583076046123e-03
1.862440000000000146e+04 6.326509499149815356e-03
1.862770000000000073e+04 6.407888967607888384e-03
1.863100000000000000e+04 6.542038785733787082e-03
1.863429999999999927e+04 6.651804255185147195e-03
1.863759999999999854e+04 6.767759133899544158e-03
1.864090000000000146e+04 6.878657623777494762e-03
1.864420000000000073e+04 7.012834073174183634e-03
1.864740000000000146e+04 7.155876749893173849e-03
1.865070000000000073e+04 7.310773806650853329e-03
1.865400000000000000e+04 7.481584928012079833e-03
1.865729999999999927e+04 7.658922221408560188e-03
1.866059999999999854e+04 7.839289641421070057e-03
1.866390000000000146e+04 7.973902077095243110e-03
1.866720000000000073e+04 8.120014378967884902e-03
1.867050000000000000e+04 8.254577482972853472e-03
1.867379999999999927e+04 8.414392796302265151e-03
1.867709999999999854e+04 8.594736537653259109e-03
1.868040000000000146e+04 8.785092996374711458e-03
1.868370000000000073e+04 8.990213221239487171e-03
1.868700000000000000e+04 9.182418522552563203e-03
1.869029999999999927e+04 9.331637507727254602e-03
1.869359999999999854e+04 9.523612087344304408e-03
1.869690000000000146e+04 9.688317727221130646e-03
1.870020000000000073e+04 9.780037907625009977e-03
1.870350000000000000e+04 9.862263301133088536e-03
1.870679999999999927e+04 1.000204456909104846e-02
1.871000000000000000e+04 1.019675831873433774e-02
1.871329999999999927e+04 1.035240622374784293e-02
1.871659999999999854e+04 1.045745238657426468e-02
1.871990000000000146e+04 1.058493712846434766e-02
1.872320000000000073e+04 1.070815592404339260e-02
1.872650000000000000e+04 1.083943111751447044e-02
1.872979999999999927e+04 1.095967809672256620e-02
1.873309999999999854e+04 1.106497486667235540e-02
1.873640000000000146e+04 1.119264484470105722e-02
1.873970000000000073e+04 1.135581295374630748e-02
1.874300000000000000e+04 1.147742568933174043e-02
1.874629999999999927e+04 1.162467399531206744e-02
1.874959999999999854e+04 1.176886581165563495e-02
1.875290000000000146e+04 1.188239347127611166e-02
1.875620000000000073e+04 1.200204658841527890e-02
1.875950000000000000e+04 1.220869802848904839e-02
1.876279999999999927e+04 1.240084891900322152e-02
1.876609999999999854e+04 1.257939396555606167e-02
1.876940000000000146e+04 1.273661971145940638e-02
1.877270000000000073e+04 1.293893950505583049e-02
1.877590000000000146e+04 1.317997266612672309e-02
1.877920000000000073e+04 1.333694411208917463e-02
1.878250000000000000e+04 1.357773610107755428e-02
1.878579999999999927e+04 1.381419622994007300e-02
1.878909999999999854e+04 1.406746045549636670e-02
1.879240000000000146e+04 1.434534805484594805e-02
1.879570000000000073e+04 1.461074250422896709e-02
1.879900000000000000e+04 1.490398168969295570e-02
1.880229999999999927e+04 1.518897471538704219e-02
1.880559999999999854e+04 1.548235435604328886e-02
1.880890000000000146e+04 1.576063588343450117e-02
1.881220000000000073e+04 1.604011826643394339e-02
1.881550000000000000e+04 1.631765514772774706e-02
1.881879999999999927e+04 1.658118387416098252e-02
1.882209999999999854e+04 1.683990731974554719e-02
1.882540000000000146e+04 1.711419943013487918e-02
1.882870000000000073e+04 1.743226150545384989e-02
1.883200000000000000e+04 1.773358861496542385e-02
1.883529999999999927e+04 1.803223095670334827e-02
1.883859999999999854e+04 1.831115569864165404e-02
1.884179999999999927e+04 1.860409463888592144e-02
1.884509999999999854e+04 1.890117204947810298e-02
1.884840000000000146e+04 1.917888071101917988e-02
1.885170000000000073e+04 1.946396346252243434e-02
1.885500000000000000e+04 1.980349089500116344e-02
1.885829999999999927e+04 2.009267303189448892e-02
1.886159999999999854e+04 2.039603829927711179e-02
1.886490000000000146e+04 2.077993994548795950e-02
1.886820000000000073e+04 2.117576090476118791e-02
1.887150000000000000e+04 2.153220336000786009e-02
1.887479999999999927e+04 2.181330204368538139e-02
1.887809999999999854e+04 2.217101064017060891e-02
1.888140000000000146e+04 2.256235532023966039e-02
1.888470000000000073e+04 2.293210009216026593e-02
1.888800000000000000e+04 2.330620169421012550e-02
1.889129999999999927e+04 2.366065237824372877e-02
1.889459999999999854e+04 2.405317741223404401e-02
1.889790000000000146e+04 2.442969253126547544e-02
1.890120000000000073e+04 2.481732084720945572e-02
1.890440000000000146e+04 2.520011224172089351e-02
1.890770000000000073e+04 2.561181686900074195e-02
1.891100000000000000e+04 2.601813483296887275e-02
1.891429999999999927e+04 2.642815029676840247e-02
1.891759999999999854e+04 2.683390211492100302e-02
1.892090000000000146e+04 2.723538836968297100e-02
1.892420000000000073e+04 2.758958939498496257e-02
1.892750000000000000e+04 2.793115220060176859e-02
1.893079999999999927e+04 2.832135967222803447e-02
1.893409999999999854e+04 2.871305336238063471e-02
1.893740000000000146e+04 2.907489680087740197e-02
1.894070000000000073e+04 2.939338238201541151e-02
1.894400000000000000e+04 2.975244108205196344e-02
1.894729999999999927e+04 3.005878270368168848e-02
1.895059999999999854e+04 3.036145748154762264e-02
1.895390000000000146e+04 3.067304142421415150e-02
1.895720000000000073e+04 3.094153142690344443e-02
1.896050000000000000e+04 3.122353177018715245e-02
1.896379999999999927e+04 3.147850955202807777e-02
1.896709999999999854e+04 3.172789961813352044e-02
1.897029999999999927e+04 3.194777266855858278e-02
1.897359999999999854e+04 3.216967392992955282e-02
1.897690000000000146e+04 3.240851704468704353e-02
1.898020000000000073e+04 3.262170479033980885e-02
1.898350000000000000e+04 3.283547262196698929e-02
1.898679999999999927e+04 3.305931122336942807e-02
1.899009999999999854e+04 3.326684374527097421e-02
1.899340000000000146e+04 3.345650232640143967e-02
1.899670000000000073e+04 3.362529846561539831e-02
1.900000000000000000e+04 3.381612698514020049e-02
1.900329999999999927e+04 3.399353949580827261e-02
1.900659999999999854e+04 3.416449781528985152e-02
1.900990000000000146e+04 3.430875018493299844e-02
1.901320000000000073e+04 3.444288606856149570e-02
1.901650000000000000e+04 3.456461439839127181e-02
1.901979999999999927e+04 3.468633018488920944e-02
1.902309999999999854e+04 3.480940523098956935e-02
1.902640000000000146e+04 3.495156371316570504e-02
1.902970000000000073e+04 3.505041619719267282e-02
1.903290000000000146e+04 3.514521511898228284e-02
1.903620000000000073e+04 3.521774559740645932e-02
1.903950000000000000e+04 3.529152463236961274e-02
1.904279999999999927e+04 3.536571145365313695e-02
1.904609999999999854e+04 3.541112777808191198e-02
1.904940000000000146e+04 3.545330335863604299e-02
1.905270000000000073e+04 3.551331087822770516e-02
1.905600000000000000e+04 3.555893588659175125e-02
1.905929999999999927e+04 3.559026405354304146e-02
1.906259999999999854e+04 3.560841763799887927e-02
1.906590000000000146e+04 3.561746189559118064e-02
1.906920000000000073e+04 3.563124446211344415e-02
1.907250000000000000e+04 3.561586571653115735e-02
1.907579999999999927e+04 3.559189212656033163e-02
1.907909999999999854e+04 3.555834218866881641e-02
1.908240000000000146e+04 3.553210604422867708e-02
1.908570000000000073e+04 3.548417131128406982e-02
1.908900000000000000e+04 3.543381395916814225e-02
1.909229999999999927e+04 3.535467300761921394e-02
1.909559999999999854e+04 3.527375858038529766e-02
1.909879999999999927e+04 3.521264673591219946e-02
1.910209999999999854e+04 3.511543372730516199e-02
1.910540000000000146e+04 3.501835064024847594e-02
1.910870000000000073e+04 3.493358178988877072e-02
1.911200000000000000e+04 3.485699178499065964e-02
1.911529999999999927e+04 3.475483068487128513e-02
1.911859999999999854e+04 3.459777516353267773e-02
1.912190000000000146e+04 3.444986825430385036e-02
1.912520000000000073e+04 3.427986248696731492e-02
1.912850000000000000e+04 3.410359692180343211e-02
1.913179999999999927e+04 3.395686110198383595e-02
1.913509999999999854e+04 3.381017777174270128e-02
1.913840000000000146e+04 3.364320534920988565e-02
1.914170000000000073e+04 3.344075769032621437e-02
1.914500000000000000e+04 3.324446227830375744e-02
1.914829999999999927e+04 3.303284836657918028e-02
1.915159999999999854e+04 3.281527011322162013e-02
1.915490000000000146e+04 3.260390926435068060e-02
1.915820000000000073e+04 3.239767409433541578e-02
1.916140000000000146e+04 3.219221588497427067e-02
1.916470000000000073e+04 3.195565297221524687e-02
1.916800000000000000e+04 3.170896887344055309e-02
1.917129999999999927e+04 3.145028374610232824e-02
1.917459999999999854e+04 3.119377423253063067e-02
1.917790000000000146e+04 3.096556590514615293e-02
1.918120000000000073e+04 3.074067267501986306e-02
1.918450000000000000e+04 3.046350335623548844e-02
1.918779999999999927e+04 3.019302794490306974e-02
1.919109999999999854e+04 2.990642121991462371e-02
1.919440000000000146e+04 2.963207658853086665e-02
1.919770000000000073e+04 2.934108253308528175e-02
1.920100000000000000e+04 2.906218642331713856e-02
1.920429999999999927e+04 2.878433361643445779e-02
1.920759999999999854e+04 2.848424571844936776e-02
1.921090000000000146e+04 2.820767958872561626e-02
1.921420000000000073e+04 2.790274574701472401e-02
1.921750000000000000e+04 2.758534090569941463e-02
1.922079999999999927e+04 2.727856710083667244e-02
1.922409999999999854e+04 2.698976990021189140e-02
1.922729999999999927e+04 2.668146709981857392e-02
1.923059999999999854e+04 2.637480497343399136e-02
1.923390000000000146e+04 2.604310723216097037e-02
1.923720000000000073e+04 2.573296343536997030e-02
1.924050000000000000e+04 2.540753558989123154e-02
1.924379999999999927e+04 2.508785021039406857e-02
1.924709999999999854e+04 2.475685648010899492e-02
1.925040000000000146e+04 2.442761773503476092e-02
1.925370000000000073e+04 2.407774056075093899e-02
1.925700000000000000e+04 2.376729029010468675e-02
1.926029999999999927e+04 2.343133192217078040e-02
1.926359999999999854e+04 2.308136277279658130e-02
1.926690000000000146e+04 2.275508512614177539e-02
1.927020000000000073e+04 2.242411106472179741e-02
1.927350000000000000e+04 2.210672517611330518e-02
1.927679999999999927e+04 2.175970598340873710e-02
1.928009999999999854e+04 2.141544763165504489e-02
1.928340000000000146e+04 2.109618431216236240e-02
1.928670000000000073e+04 2.076541187410127845e-02
1.929000000000000000e+04 2.042385142105201598e-02
1.929320000000000073e+04 2.008489446925475555e-02
1.929650000000000000e+04 1.973958700090246848e-02
1.929979999999999927e+04 1.940319306611189634e-02
1.930309999999999854e+04 1.907983998776152310e-02
1.930640000000000146e+04 1.875975254268307316e-02
1.930970000000000073e+04 1.843441703393152928e-02
1.931300000000000000e+04 1.811305323683780680e-02
1.931629999999999927e+04 1.778613483029439779e-02
1.931959999999999854e+04 1.744420611831963910e-02
1.932290000000000146e+04 1.709615094941885349e-02
1.932620000000000073e+04 1.677600103933041958e-02
1.932950000000000000e+04 1.644207624749245700e-02
1.933279999999999927e+04 1.612917519790771359e-02
1.933609999999999854e+04 1.583127771564096439e-02
1.933940000000000146e+04 1.552665037644863563e-02
1.934270000000000073e+04 1.519777535241828223e-02
1.934600000000000000e+04 1.486819402271222397e-02
1.934929999999999927e+04 1.455208492376607217e-02
1.935259999999999854e+04 1.422818256950046482e-02
1.935579999999999927e+04 1.391780969062787407e-02
1.935909999999999854e+04 1.361045456452473525e-02
1.936240000000000146e+04 1.330857410661746322e-02
1.936570000000000073e+04 1.300309034542754261e-02
1.936900000000000000e+04 1.269285471718038273e-02
1.937229999999999927e+04 1.240014226828327522e-02
1.937559999999999854e+04 1.209678302340436856e-02
1.937890000000000146e+04 1.180540511441893585e-02
1.938220000000000073e+04 1.151102627920226953e-02
1.938550000000000000e+04 1.119796436596617178e-02
1.938879999999999927e+04 1.087850194294682701e-02
1.939209999999999854e+04 1.058675062746283410e-02
1.939540000000000146e+04 1.029157947546701680e-02
1.939870000000000073e+04 1.000064920705547554e-02
1.940200000000000000e+04 9.720016700285664252e-03
1.940529999999999927e+04 9.440544372594424430e-03
1.940859999999999854e+04 9.176691711675368651e-03
1.941190000000000146e+04 8.906776360968029702e-03
1.941520000000000073e+04 8.635491317573984818e-03
1.941850000000000000e+04 8.377508745305198290e-03
1.942170000000000073e+04 8.109430725256126793e-03
1.942500000000000000e+04 7.831552628483956155e-03
1.942829999999999927e+04 7.571350117115216959e-03
1.943159999999999854e+04 7.300517162357299771e-03
1.943490000000000146e+04 7.019388689138663338e-03
1.943820000000000073e+04 6.744390283468042722e-03
1.944150000000000000e+04 6.479548748216743675e-03
1.944479999999999927e+04 6.223263475294538681e-03
1.944809999999999854e+04 5.962985793250464087e-03
1.945140000000000146e+04 5.718927302368761491e-03
1.945470000000000073e+04 5.485053195228427325e-03
1.945800000000000000e+04 5.245233946613445802e-03
1.946129999999999927e+04 4.987301158540628082e-03
1.946459999999999854e+04 4.737940856281199972e-03
1.946790000000000146e+04 4.489894631293921134e-03
1.947120000000000073e+04 4.255109136452928792e-03
1.947450000000000000e+04 4.021245893054769573e-03
1.947779999999999927e+04 3.778164446216827031e-03
1.948109999999999854e+04 3.541422327516500265e-03
1.948429999999999927e+04 3.315828956676376837e-03
1.948759999999999854e+04 3.088385217486652300e-03
1.949090000000000146e+04 2.848710402661323512e-03
1.949420000000000073e+04 2.624188686379755504e-03
1.949750000000000000e+04 2.404527797621546122e-03
1.950079999999999927e+04 2.174250517898840968e-03
1.950409999999999854e+04 1.969600395582806699e-03
1.950740000000000146e+04 1.773176890210132178e-03
1.951070000000000073e+04 1.572215053426915306e-03
1.951400000000000000e+04 1.397412002513073086e-03
1.951729999999999927e+04 1.213292008937065861e-03
1.952059999999999854e+04 1.005694101415171302e-03
1.952390000000000146e+04 8.112784006118542576e-04
1.952720000000000073e+04 6.155459317765787485e-04
1.953050000000000000e+04 4.300854375032495840e-04
1.953379999999999927e+04 2.484113920038150190e-04
1.953709999999999854e+04 4.141945101963210755e-05
1.954040000000000146e+04 -1.309353442749129593e-04
1.954370000000000073e+04 -3.024050295905168881e-04
1.954700000000000000e+04 -4.703134915656845142e-04
1.955020000000000073e+04 -6.585857360072313411e-04
1.955350000000000000e+04 -8.085912491305081041e-04
1.955679999999999927e+04 -9.619204729378733314e-04
1.956009999999999854e+04 -1.100459900116960814e-03
1.956340000000000146e+04 -1.236294210698133398e-03
1.956670000000000073e+04 -1.386409343249146676e-03
1.957000000000000000e+04 -1.526414972392855065e-03
1.957329999999999927e+04 -1.680369448466068234e-03
1.957659999999999854e+04 -1.830585600313955905e-03
1.957990000000000146e+04 -1.950597330976488065e-03
1.958320000000000073e+04 -2.107388329333715216e-03
1.958650000000000000e+04 -2.256363559835050658e-03
1.958979999999999927e+04 -2.383724337745472908e-03
1.959309999999999854e+04 -2.509686102322712924e-03
1.959640000000000146e+04 -2.622904907110259858e-03
1.959970000000000073e+04 -2.718572758576906414e-03
1.960300000000000000e+04 -2.837750736420458896e-03
1.960629999999999927e+04 -2.985029735636394836e-03
1.960959999999999854e+04 -3.106923794487779535e-03
1.961290000000000146e+04 -3.262560264508614083e-03
1.961609999999999854e+04 -3.406020863429346738e-03
1.961940000000000146e+04 -3.499455545539260741e-03
1.962270000000000073e+04 -3.622152618178651508e-03
1.962600000000000000e+04 -3.742017038300771668e-03
1.962929999999999927e+04 -3.851056352267264241e-03
1.963259999999999854e+04 -3.956252637911173049e-03
1.963590000000000146e+04 -4.048813653065089918e-03
1.963920000000000073e+04 -4.173167214190096411e-03
1.964250000000000000e+04 -4.257078355624781436e-03
1.964579999999999927e+04 -4.378350708486274459e-03
1.964909999999999854e+04 -4.505367183104149603e-03
1.965240000000000146e+04 -4.627389255907189518e-03
1.965570000000000073e+04 -4.740551189308001533e-03
1.965900000000000000e+04 -4.838254886869725394e-03
1.966229999999999927e+04 -4.891106248617306529e-03
1.966559999999999854e+04 -4.958638073605110309e-03
1.966890000000000146e+04 -5.073694195122351557e-03
1.967220000000000073e+04 -5.190459067779050299e-03
1.967550000000000000e+04 -5.282892359810548513e-03
1.967870000000000073e+04 -5.413597161302149616e-03
1.968200000000000000e+04 -5.473450886226513545e-03
1.968529999999999927e+04 -5.526090721464708283e-03
1.968859999999999854e+04 -5.575688522285288454e-03
1.969190000000000146e+04 -5.601703891550559485e-03
1.969520000000000073e+04 -5.654712610233167056e-03
1.969850000000000000e+04 -5.702050257138834705e-03
1.970179999999999927e+04 -5.751124364229135387e-03
1.970509999999999854e+04 -5.871480597873204171e-03
1.970840000000000146e+04 -5.982787113026955678e-03
1.971170000000000073e+04 -6.072104686001392887e-03
1.971500000000000000e+04 -6.108082845966635206e-03
1.971829999999999927e+04 -6.213096485797442621e-03
1.972159999999999854e+04 -6.229645011993988936e-03
1.972490000000000146e+04 -6.283606481732087988e-03
1.972820000000000073e+04 -6.387825053329655549e-03
1.973150000000000000e+04 -6.476118988072687363e-03
1.973479999999999927e+04 -6.553068977361963497e-03
1.973809999999999854e+04 -6.629854460405965218e-03
1.974140000000000146e+04 -6.701823894376420128e-03
1.974459999999999854e+04 -6.810183966760505019e-03
1.974790000000000146e+04 -6.831080028870961836e-03
1.975120000000000073e+04 -6.838802722352600207e-03
1.975450000000000000e+04 -6.863032055570778694e-03
1.975779999999999927e+04 -6.894792375773785634e-03
1.976109999999999854e+04 -6.977697999703866283e-03
1.976440000000000146e+04 -7.056679841895055136e-03
1.976770000000000073e+04 -7.144205646955977332e-03
1.977100000000000000e+04 -7.202709919766361879e-03
1.977429999999999927e+04 -7.259103828047205713e-03
1.977759999999999854e+04 -7.299312881479102025e-03
1.978090000000000146e+04 -7.334576055803423283e-03
1.978420000000000073e+04 -7.423663573778681302e-03
1.978750000000000000e+04 -7.433200174542020644e-03
1.979079999999999927e+04 -7.464341048144396661e-03
1.979409999999999854e+04 -7.470175513322570120e-03
1.979740000000000146e+04 -7.479561100983317216e-03
1.980070000000000073e+04 -7.548492247883274199e-03
1.980400000000000000e+04 -7.574618622687228145e-03
1.980720000000000073e+04 -7.588168806243057729e-03
1.981050000000000000e+04 -7.563966468292153411e-03
1.981379999999999927e+04 -7.531810867841029836e-03
1.981709999999999854e+04 -7.565080106107373824e-03
1.982040000000000146e+04 -7.536114038471425705e-03
1.982370000000000073e+04 -7.504823412419585338e-03
1.982700000000000000e+04 -7.545120181806933869e-03
1.983029999999999927e+04 -7.562926574849879700e-03
1.983359999999999854e+04 -7.530636566294208849e-03
1.983690000000000146e+04 -7.516106696691123891e-03
1.984020000000000073e+04 -7.497220553914063675e-03
1.984350000000000000e+04 -7.489712778708879429e-03
1.984679999999999927e+04 -7.513154784985371162e-03
1.985009999999999854e+04 -7.526658090127169055e-03
1.985340000000000146e+04 -7.554961921354992962e-03
1.985670000000000073e+04 -7.614215135083792808e-03
1.986000000000000000e+04 -7.651205675767284477e-03
1.986329999999999927e+04 -7.699569530275530808e-03
1.986659999999999854e+04 -7.712939252752359226e-03
1.986990000000000146e+04 -7.696959931998505894e-03
1.987309999999999854e+04 -7.650276672116314985e-03
1.987640000000000146e+04 -7.628912043358936079e-03
1.987970000000000073e+04 -7.653118732977776985e-03
1.988300000000000000e+04 -7.611011461943877239e-03
1.988629999999999927e+04 -7.702452967798064168e-03
1.988959999999999854e+04 -7.775099519353626670e-03
1.989290000000000146e+04 -7.757661490408514909e-03
1.989620000000000073e+04 -7.718860847700523622e-03
1.989950000000000000e+04 -7.685008644978764958e-03
1.990279999999999927e+04 -7.663229178794953370e-03
1.990609999999999854e+04 -7.640322568265026787e-03
1.990940000000000146e+04 -7.605558737574186733e-03
1.991270000000000073e+04 -7.635147371747852234e-03
1.991600000000000000e+04 -7.655276873613797543e-03
1.991929999999999927e+04 -7.674637824504253712e-03
1.992259999999999854e+04 -7.702275408890763876e-03
1.992590000000000146e+04 -7.697208800836954565e-03
