1.716800000000000000e+04 5.076526013176324440e-04
1.717129999999999927e+04 5.070386992640022990e-04
1.717459999999999854e+04 5.119639762917640568e-04
1.717790000000000146e+04 5.087830796975226265e-04
1.718120000000000073e+04 5.063903351758926915e-04
1.718450000000000000e+04 5.185095553288243805e-04
1.718779999999999927e+04 5.178643445813541600e-04
1.719109999999999854e+04 5.212008820615036822e-04
1.719440000000000146e+04 5.183122451909086400e-04
1.719770000000000073e+04 5.199509884335601871e-04
1.720100000000000000e+04 5.216616251424383358e-04
1.720429999999999927e+04 5.237290452778444209e-04
1.720759999999999854e+04 5.239084218136875071e-04
1.721090000000000146e+04 5.394831829682013519e-04
1.721420000000000073e+04 5.296586258262597552e-04
1.721750000000000000e+04 5.305205765971281531e-04
1.722079999999999927e+04 5.177066180119198986e-04
1.722409999999999854e+04 5.227873626560435765e-04
1.722729999999999927e+04 5.259661753115489136e-04
1.723059999999999854e+04 5.290394889550015158e-04
1.723390000000000146e+04 5.296605916024145662e-04
1.723720000000000073e+04 5.324420722361710876e-04
1.724050000000000000e+04 5.285934847506193641e-04
1.724379999999999927e+04 5.312047180635477142e-04
1.724709999999999854e+04 5.386299427803771999e-04
1.725040000000000146e+04 5.406044589373013324e-04
1.725370000000000073e+04 5.441769843542399940e-04
1.725700000000000000e+04 5.561260250198960886e-04
1.726029999999999927e+04 5.470002653385215140e-04
1.726359999999999854e+04 5.496559378373680081e-04
1.726690000000000146e+04 5.604270400665759856e-04
1.727020000000000073e+04 5.472183148547658804e-04
1.727350000000000000e+04 5.474280229749439730e-04
1.727679999999999927e+04 5.488898680935998210e-04
1.728009999999999854e+04 5.496584386911834924e-04
1.728340000000000146e+04 5.544529070074529593e-04
1.728670000000000073e+04 5.538094001150485656e-04
1.729000000000000000e+04 5.467964384424304743e-04
1.729320000000000073e+04 5.513986274860852629e-04
1.729650000000000000e+04 5.544511470250096472e-04
1.729979999999999927e+04 5.593928284717471786e-04
1.730309999999999854e+04 5.579975634583153425e-04
1.730640000000000146e+04 5.555698719016925616e-04
1.730970000000000073e+04 5.701560635133379748e-04
1.731300000000000000e+04 5.761245068716287776e-04
1.731629999999999927e+04 5.789020485985600260e-04
1.731959999999999854e+04 5.713012945996782813e-04
1.732290000000000146e+04 5.763681220944694714e-04
1.732620000000000073e+04 5.776387167722131987e-04
1.732950000000000000e+04 5.840393513808708617e-04
1.733279999999999927e+04 5.941120501634498301e-04
1.733609999999999854e+04 5.967023578523070930e-04
1.733940000000000146e+04 5.964726607902639957e-04
1.734270000000000073e+04 6.066731375128850412e-04
1.734600000000000000e+04 6.054788124642415063e-04
1.734929999999999927e+04 6.080443514457289315e-04
1.735259999999999854e+04 6.180952570098648168e-04
1.735579999999999927e+04 6.199795134646939347e-04
1.735909999999999854e+04 6.242724944657548425e-04
1.736240000000000146e+04 6.233029850385967546e-04
1.736570000000000073e+04 6.223055645718906202e-04
1.736900000000000000e+04 6.309559140002826780e-04
1.737229999999999927e+04 6.379211494016574476e-04
1.737559999999999854e+04 6.361108317614390818e-04
1.737890000000000146e+04 6.375390253463347409e-04
1.738220000000000073e+04 6.450039246518176825e-04
1.738550000000000000e+04 6.487722338973960683e-04
1.738879999999999927e+04 6.535199198735922033e-04
1.739209999999999854e+04 6.551546259629996644e-04
1.739540000000000146e+04 6.646202851076660895e-04
1.739870000000000073e+04 6.689082457276420779e-04
1.740200000000000000e+04 6.682796088012849141e-04
1.740529999999999927e+04 6.696554198710235944e-04
1.740859999999999854e+04 6.741725625951805207e-04
1.741190000000000146e+04 6.784243428215562532e-04
1.741520000000000073e+04 6.820716772178469275e-04
1.741850000000000000e+04 6.817989300544987545e-04
1.742170000000000073e+04 6.833612351964925497e-04
1.742500000000000000e+04 6.903302387354998603e-04
1.742829999999999927e+04 6.900136267045069291e-04
1.743159999999999854e+04 6.961282190493560873e-04
1.743490000000000146e+04 7.024036896977400987e-04
1.743820000000000073e+04 7.016902992331996731e-04
1.744150000000000000e+04 7.045228259275941813e-04
1.744479999999999927e+04 6.999137930229417260e-04
1.744809999999999854e+04 6.993881005475844790e-04
1.745140000000000146e+04 7.119513738879938627e-04
1.745470000000000073e+04 7.156196960436839736e-04
1.745800000000000000e+04 7.278810071507783343e-04
1.746129999999999927e+04 7.277695727865384325e-04
1.746459999999999854e+04 7.206595343341969107e-04
1.746790000000000146e+04 7.135185745484743432e-04
1.747120000000000073e+04 7.169650567582435763e-04
1.747450000000000000e+04 7.201102852859237249e-04
1.747779999999999927e+04 7.232449511904591368e-04
1.748109999999999854e+04 7.261075299712737132e-04
1.748429999999999927e+04 7.310668139080131944e-04
1.748759999999999854e+04 7.321269920615009179e-04
1.749090000000000146e+04 7.383957617883671765e-04
1.749420000000000073e+04 7.329741062315268908e-04
1.749750000000000000e+04 7.341204241591331621e-04
1.750079999999999927e+04 7.336939575230239747e-04
1.750409999999999854e+04 7.329973980111568988e-04
1.750740000000000146e+04 7.353667128913195369e-04
1.751070000000000073e+04 7.358536005663903097e-04
1.751400000000000000e+04 7.358777066655648388e-04
1.751729999999999927e+04 7.332925381508323534e-04
1.752059999999999854e+04 7.317614451861562119e-04
1.752390000000000146e+04 7.371759052260830726e-04
1.752720000000000073e+04 7.374804087573565148e-04
1.753050000000000000e+04 7.393628444653150850e-04
1.753379999999999927e+04 7.339999697182568016e-04
1.753709999999999854e+04 7.293676466190348717e-04
1.754040000000000146e+04 7.257798536901330887e-04
1.754370000000000073e+04 7.265589232342986679e-04
1.754700000000000000e+04 7.249034482675908476e-04
1.755020000000000073e+04 7.278794781164965502e-04
1.755350000000000000e+04 7.299412523448907614e-04
1.755679999999999927e+04 7.328352439280527101e-04
1.756009999999999854e+04 7.271290327191922342e-04
1.756340000000000146e+04 7.326470971066113879e-04
1.756670000000000073e+04 7.385794293548667141e-04
1.757000000000000000e+04 7.438424804286222162e-04
1.757329999999999927e+04 7.506493290374652858e-04
1.757659999999999854e+04 7.449792033378112126e-04
1.757990000000000146e+04 7.371489272377974725e-04
1.758320000000000073e+04 7.339486057757223366e-04
1.758650000000000000e+04 7.436687437372070837e-04
1.758979999999999927e+04 7.455273215613575713e-04
1.759309999999999854e+04 7.527437506635439651e-04
1.759640000000000146e+04 7.560235772229184246e-04
1.759970000000000073e+04 7.581064266485636281e-04
1.760300000000000000e+04 7.549815570189116276e-04
1.760629999999999927e+04 7.563988301483845272e-04
1.760959999999999854e+04 7.636075324659954717e-04
1.761290000000000146e+04 7.685863289077998978e-04
1.761609999999999854e+04 7.670537485396333429e-04
1.761940000000000146e+04 7.727251152711413044e-04
1.762270000000000073e+04 7.744752647212300176e-04
1.762600000000000000e+04 7.810523299690683065e-04
1.762929999999999927e+04 7.893275682683228468e-04
1.763259999999999854e+04 7.925073023937644545e-04
1.763590000000000146e+04 7.946129978663717683e-04
1.763920000000000073e+04 7.947921033434501197e-04
1.764250000000000000e+04 7.915843986136747445e-04
1.764579999999999927e+04 7.978642195849163475e-04
1.764909999999999854e+04 7.973227180085746277e-04
1.765240000000000146e+04 8.073616560475135526e-04
1.765570000000000073e+04 8.070409995826658507e-04
1.765900000000000000e+04 8.179540696566270060e-04
1.766229999999999927e+04 8.198616383875661877e-04
1.766559999999999854e+04 8.258224600739521703e-04
1.766890000000000146e+04 8.313791284371973298e-04
1.767220000000000073e+04 8.357080973706176473e-04
1.767550000000000000e+04 8.487272385712875834e-04
1.767870000000000073e+04 8.551974766901653457e-04
1.768200000000000000e+04 8.611675382179860517e-04
1.768529999999999927e+04 8.674400892992312337e-04
1.768859999999999854e+04 8.750743806835780758e-04
1.769190000000000146e+04 8.733846229279186102e-04
1.769520000000000073e+04 8.786169297805124885e-04
1.769850000000000000e+04 8.849320373489114565e-04
1.770179999999999927e+04 8.909101235518228183e-04
1.770509999999999854e+04 8.995862870869809945e-04
1.770840000000000146e+04 9.085223423440379241e-04
1.771170000000000073e+04 9.151780873615794490e-04
1.771500000000000000e+04 9.201752169469378092e-04
1.771829999999999927e+04 9.217367957253053481e-04
1.772159999999999854e+04 9.259210937446382596e-04
1.772490000000000146e+04 9.365846009079891290e-04
1.772820000000000073e+04 9.300869832000874249e-04
1.773150000000000000e+04 9.311187319445863057e-04
1.773479999999999927e+04 9.370481117691671679e-04
1.773809999999999854e+04 9.411296483679944605e-04
1.774140000000000146e+04 9.523230837733212160e-04
1.774459999999999854e+04 9.578347208302118903e-04
1.774790000000000146e+04 9.610171387083036231e-04
1.775120000000000073e+04 9.624422444855863833e-04
1.775450000000000000e+04 9.661464169513448450e-04
1.775779999999999927e+04 9.682022104140389869e-04
1.776109999999999854e+04 9.685091976072648544e-04
1.776440000000000146e+04 9.746912325185872524e-04
1.776770000000000073e+04 9.857613442889440712e-04
1.777100000000000000e+04 9.901090018437058281e-04
1.777429999999999927e+04 9.911371924312744816e-04
1.777759999999999854e+04 9.967575627629662437e-04
1.778090000000000146e+04 1.002547156579289582e-03
1.778420000000000073e+04 1.001186910960691692e-03
1.778750000000000000e+04 1.004473631176822698e-03
1.779079999999999927e+04 1.008185017142994690e-03
1.779409999999999854e+04 1.014709610887441467e-03
1.779740000000000146e+04 1.027109810171162587e-03
1.780070000000000073e+04 1.033631533456854561e-03
1.780400000000000000e+04 1.037951641353887164e-03
1.780720000000000073e+04 1.045434210432765213e-03
1.781050000000000000e+04 1.052155012255669934e-03
1.781379999999999927e+04 1.061552423507870378e-03
1.781709999999999854e+04 1.055669470039799149e-03
1.782040000000000146e+04 1.059947084782335552e-03
1.782370000000000073e+04 1.062329158327730144e-03
1.782700000000000000e+04 1.064956742395924832e-03
1.783029999999999927e+04 1.070609758193719974e-03
1.783359999999999854e+04 1.071925167035400533e-03
1.783690000000000146e+04 1.076929275232541960e-03
1.784020000000000073e+04 1.077427020697485117e-03
1.784350000000000000e+04 1.089514327469876713e-03
1.784679999999999927e+04 1.090849984012805121e-03
1.785009999999999854e+04 1.097652249617607576e-03
1.785340000000000146e+04 1.095459778323194756e-03
1.785670000000000073e+04 1.105838946263532638e-03
1.786000000000000000e+04 1.110703574149909468e-03
1.786329999999999927e+04 1.109620768887742501e-03
1.786659999999999854e+04 1.113666966361497469e-03
1.786990000000000146e+04 1.117201899368873820e-03
1.787309999999999854e+04 1.115821878841982825e-03
1.787640000000000146e+04 1.114312803793817428e-03
1.787970000000000073e+04 1.118748061949739747e-03
1.788300000000000000e+04 1.118015914086859788e-03
1.788629999999999927e+04 1.123687053096412850e-03
1.788959999999999854e+04 1.128408657459453865e-03
1.789290000000000146e+04 1.145284550359268461e-03
1.789620000000000073e+04 1.160985507584935683e-03
1.789950000000000000e+04 1.171087846883455416e-03
1.790279999999999927e+04 1.171915391264073594e-03
1.790609999999999854e+04 1.175039774767897525e-03
1.790940000000000146e+04 1.185321685640400606e-03
1.791270000000000073e+04 1.188840572804535176e-03
1.791600000000000000e+04 1.189419228004287479e-03
1.791929999999999927e+04 1.188324375843851852e-03
1.792259999999999854e+04 1.194351066747399021e-03
1.792590000000000146e+04 1.195576087047245124e-03
1.792920000000000073e+04 1.197202794347780336e-03
1.793250000000000000e+04 1.209804661850345450e-03
1.793570000000000073e+04 1.219716630689580018e-03
1.793900000000000000e+04 1.229408193278637429e-03
1.794229999999999927e+04 1.232581859223130750e-03
1.794559999999999854e+04 1.239257281816640022e-03
1.794890000000000146e+04 1.247337239044238669e-03
1.795220000000000073e+04 1.248824283822083832e-03
1.795550000000000000e+04 1.249080757383309349e-03
1.795879999999999927e+04 1.256800792813318876e-03
1.796209999999999854e+04 1.259937639876049101e-03
1.796540000000000146e+04 1.264714148189074842e-03
1.796870000000000073e+04 1.272602877200569842e-03
1.797200000000000000e+04 1.276692394215464587e-03
1.797529999999999927e+04 1.273020574571523096e-03
1.797859999999999854e+04 1.280640567910731886e-03
1.798190000000000146e+04 1.293358541875068348e-03
1.798520000000000073e+04 1.301430919844472631e-03
1.798850000000000000e+04 1.305232717070199579e-03
1.799179999999999927e+04 1.315821392825844123e-03
1.799509999999999854e+04 1.322763583166899773e-03
1.799840000000000146e+04 1.327148506155097218e-03
1.800159999999999854e+04 1.328565863402519486e-03
1.800490000000000146e+04 1.324129995799980947e-03
1.800820000000000073e+04 1.318993766041508947e-03
1.801150000000000000e+04 1.326700963407031119e-03
1.801479999999999927e+04 1.327458642662027871e-03
1.801809999999999854e+04 1.325911279438438464e-03
1.802140000000000146e+04 1.334885824972234254e-03
1.802470000000000073e+04 1.335158078569328478e-03
1.802800000000000000e+04 1.337148274674736540e-03
1.803129999999999927e+04 1.332069848235101694e-03
1.803459999999999854e+04 1.332811078725149815e-03
1.803790000000000146e+04 1.329772476031648894e-03
1.804120000000000073e+04 1.337060470937934857e-03
1.804450000000000000e+04 1.334320669464910108e-03
1.804779999999999927e+04 1.348431163178518202e-03
1.805109999999999854e+04 1.352792669449738930e-03
1.805440000000000146e+04 1.350642135601930931e-03
1.805770000000000073e+04 1.346413245302887458e-03
1.806100000000000000e+04 1.335582768225808794e-03
1.806429999999999927e+04 1.329325152914974427e-03
1.806750000000000000e+04 1.326548925901066414e-03
1.807079999999999927e+04 1.322687550014520382e-03
1.807409999999999854e+04 1.314251345884016745e-03
1.807740000000000146e+04 1.315097666433410507e-03
1.808070000000000073e+04 1.313237358187574521e-03
1.808400000000000000e+04 1.314677235278459031e-03
1.808729999999999927e+04 1.309093132950596384e-03
1.809059999999999854e+04 1.317693061269992107e-03
1.809390000000000146e+04 1.324406198186810039e-03
1.809720000000000073e+04 1.315692705772484325e-03
1.810050000000000000e+04 1.303196667064914112e-03
1.810379999999999927e+04 1.297255681371761726e-03
1.810709999999999854e+04 1.292984349222901308e-03
1.811040000000000146e+04 1.289086519105571947e-03
1.811370000000000073e+04 1.286380002007929575e-03
1.811700000000000000e+04 1.285025216697275111e-03
1.812029999999999927e+04 1.285195516214676734e-03
1.812359999999999854e+04 1.279882919014760758e-03
1.812690000000000146e+04 1.277327614564202239e-03
1.813009999999999854e+04 1.278774376817465351e-03
1.813340000000000146e+04 1.278680859445114389e-03
1.813670000000000073e+04 1.281663924586783597e-03
1.814000000000000000e+04 1.292147236128926308e-03
1.814329999999999927e+04 1.287983737517403625e-03
1.814659999999999854e+04 1.279316303054845502e-03
1.814990000000000146e+04 1.273761127201784252e-03
1.815320000000000073e+04 1.273222806358701668e-03
1.815650000000000000e+04 1.266811251327070982e-03
1.815979999999999927e+04 1.262629696316982728e-03
1.816309999999999854e+04 1.260533347481849163e-03
1.816640000000000146e+04 1.257660430769603870e-03
1.816970000000000073e+04 1.259599210072456744e-03
1.817300000000000000e+04 1.258221301254200744e-03
1.817629999999999927e+04 1.257010487961492421e-03
1.817959999999999854e+04 1.258906142634674211e-03
1.818290000000000146e+04 1.275004677254162628e-03
1.818620000000000073e+04 1.274208644640173905e-03
1.818950000000000000e+04 1.278584757821368519e-03
1.819279999999999927e+04 1.292008242484827011e-03
1.819600000000000000e+04 1.307140363135256712e-03
1.819929999999999927e+04 1.326324118253989970e-03
1.820259999999999854e+04 1.339770554119924101e-03
1.820590000000000146e+04 1.343518514127301205e-03
1.820920000000000073e+04 1.342822108509727271e-03
1.821250000000000000e+04 1.338994809567937896e-03
1.821579999999999927e+04 1.338944771992139167e-03
1.821909999999999854e+04 1.344195785128445399e-03
1.822240000000000146e+04 1.365275304421833440e-03
1.822570000000000073e+04 1.384932362497715399e-03
1.822900000000000000e+04 1.398050880617498701e-03
1.823229999999999927e+04 1.424074059661161861e-03
1.823559999999999854e+04 1.438215969976178220e-03
1.823890000000000146e+04 1.454080269271775406e-03
1.824220000000000073e+04 1.477882809109800450e-03
1.824550000000000000e+04 1.500857775526155419e-03
1.824879999999999927e+04 1.519977642946324699e-03
1.825209999999999854e+04 1.533203914038823055e-03
1.825540000000000146e+04 1.547626478082475597e-03
1.825859999999999854e+04 1.564482883371783777e-03
1.826190000000000146e+04 1.595305618745336421e-03
1.826520000000000073e+04 1.623322509750524086e-03
1.826850000000000000e+04 1.637152270996949932e-03
1.827179999999999927e+04 1.652893192121824206e-03
1.827509999999999854e+04 1.665617951120660625e-03
1.827840000000000146e+04 1.682600569401000116e-03
1.828170000000000073e+04 1.694850270844986979e-03
1.828500000000000000e+04 1.714266065469605095e-03
1.828829999999999927e+04 1.721907899679161200e-03
1.829159999999999854e+04 1.741203319842546306e-03
1.829490000000000146e+04 1.760162752596344197e-03
1.829820000000000073e+04 1.771254986114399873e-03
1.830150000000000000e+04 1.783486151964060401e-03
1.830479999999999927e+04 1.803947418628894543e-03
1.830809999999999854e+04 1.828935571404905662e-03
1.831140000000000146e+04 1.850645362968328508e-03
1.831470000000000073e+04 1.874032731038781678e-03
1.831800000000000000e+04 1.891952398205278994e-03
1.832129999999999927e+04 1.927153795344814990e-03
1.832450000000000000e+04 1.947560200228113910e-03
1.832779999999999927e+04 1.971202792062313764e-03
1.833109999999999854e+04 2.015773629890343661e-03
1.833440000000000146e+04 2.052351201205275533e-03
1.833770000000000073e+04 2.082643462551948908e-03
1.834100000000000000e+04 2.118576058745447362e-03
1.834429999999999927e+04 2.134593233890756322e-03
1.834759999999999854e+04 2.166993463039439561e-03
1.835090000000000146e+04 2.210876807296241649e-03
1.835420000000000073e+04 2.251090511843964210e-03
1.835750000000000000e+04 2.282454828526334512e-03
1.836079999999999927e+04 2.310258095113960040e-03
1.836409999999999854e+04 2.328483617415661681e-03
1.836740000000000146e+04 2.348343874064676238e-03
1.837070000000000073e+04 2.385709216449109250e-03
1.837400000000000000e+04 2.433071626052201158e-03
1.837729999999999927e+04 2.473897175191454734e-03
1.838059999999999854e+04 2.508271474003653887e-03
1.838390000000000146e+04 2.551555729112205996e-03
1.838709999999999854e+04 2.573849475979483707e-03
1.839040000000000146e+04 2.613716266087454023e-03
1.839370000000000073e+04 2.632733551154393340e-03
1.839700000000000000e+04 2.659210752807074016e-03
1.840029999999999927e+04 2.688589614709566145e-03
1.840359999999999854e+04 2.742781786171127889e-03
1.840690000000000146e+04 2.779986386400666153e-03
1.841020000000000073e+04 2.816698611036239260e-03
1.841350000000000000e+04 2.855541882456082668e-03
1.841679999999999927e+04 2.898342764467053394e-03
1.842009999999999854e+04 2.924383914282000820e-03
1.842340000000000146e+04 2.961065840595632302e-03
1.842670000000000073e+04 2.983458178095894833e-03
1.843000000000000000e+04 3.016989782676847247e-03
1.843329999999999927e+04 3.058107646166235549e-03
1.843659999999999854e+04 3.106344580134890246e-03
1.843990000000000146e+04 3.154738839418594343e-03
1.844320000000000073e+04 3.204888275966845217e-03
1.844650000000000000e+04 3.263207444416368896e-03
1.844979999999999927e+04 3.316409433200518623e-03
1.845300000000000000e+04 3.372514869454526238e-03
1.845629999999999927e+04 3.407189349514877681e-03
1.845959999999999854e+04 3.417691482066668313e-03
1.846290000000000146e+04 3.477201402920683873e-03
1.846620000000000073e+04 3.482582738114990261e-03
1.846950000000000000e+04 3.498937657345546626e-03
1.847279999999999927e+04 3.524010734483305936e-03
1.847609999999999854e+04 3.542483482816899659e-03
1.847940000000000146e+04 3.548916438419061955e-03
1.848270000000000073e+04 3.555569582601861029e-03
1.848600000000000000e+04 3.553708073972326568e-03
1.848929999999999927e+04 3.562748589616098697e-03
1.849259999999999854e+04 3.577407741203906307e-03
1.849590000000000146e+04 3.573155817354876224e-03
1.849920000000000073e+04 3.596018177134826643e-03
1.850250000000000000e+04 3.631353852336965254e-03
1.850579999999999927e+04 3.669185269837475002e-03
1.850909999999999854e+04 3.726320115706052358e-03
1.851240000000000146e+04 3.732980833706217236e-03
1.851570000000000073e+04 3.723552261739316617e-03
1.851890000000000146e+04 3.731038372676629463e-03
1.852220000000000073e+04 3.758594301243633421e-03
1.852550000000000000e+04 3.796419402814403890e-03
1.852879999999999927e+04 3.844489045814923449e-03
1.853209999999999854e+04 3.897393102648521492e-03
1.853540000000000146e+04 3.934243495982835126e-03
1.853870000000000073e+04 3.984041400395245403e-03
1.854200000000000000e+04 4.035581060945091746e-03
1.854529999999999927e+04 4.096385923500073419e-03
1.854859999999999854e+04 4.123150393028039706e-03
1.855190000000000146e+04 4.176645001012243771e-03
1.855520000000000073e+04 4.226177116189269375e-03
1.855850000000000000e+04 4.297682237657631139e-03
1.856179999999999927e+04 4.360898245321302540e-03
1.856509999999999854e+04 4.412884601032005145e-03
1.856840000000000146e+04 4.456723845098089706e-03
1.857170000000000073e+04 4.482603155372918459e-03
1.857500000000000000e+04 4.533965482344363279e-03
1.857829999999999927e+04 4.603362337312123277e-03
1.858150000000000000e+04 4.654124760181112437e-03
1.858479999999999927e+04 4.713604750350584328e-03
1.858809999999999854e+04 4.750732340653232751e-03
1.859140000000000146e+04 4.806458635747609502e-03
1.859470000000000073e+04 4.861189711270450658e-03
1.859800000000000000e+04 4.922061296776845431e-03
1.860129999999999927e+04 4.959648509003126635e-03
1.860459999999999854e+04 5.027623436906120818e-03
1.860790000000000146e+04 5.082419772664575029e-03
1.861120000000000073e+04 5.157442850235624023e-03
1.861450000000000000e+04 5.260740414425802564e-03
1.861779999999999927e+04 5.326508686561881763e-03
1.862109999999999854e+04 5.394069366978966780e-03
1.862440000000000146e+04 5.487554134254846346e-03
1.862770000000000073e+04 5.557118053289722241e-03
1.863100000000000000e+04 5.699123346979887914e-03
1.863429999999999927e+04 5.798687734105734820e-03
1.863759999999999854e+04 5.885525409881021443e-03
1.864090000000000146e+04 6.005193735718766974e-03
1.864420000000000073e+04 6.195012943289672676e-03
1.864740000000000146e+04 6.331049173517056677e-03
1.865070000000000073e+04 6.456755168539388828e-03
1.865400000000000000e+04 6.607615126684349485e-03
1.865729999999999927e+04 6.740261405370724830e-03
1.866059999999999854e+04 6.872646045217018981e-03
1.866390000000000146e+04 6.997537758779700384e-03
1.866720000000000073e+04 7.118316237991798544e-03
1.867050000000000000e+04 7.219519699250501882e-03
1.867379999999999927e+04 7.324629180788912522e-03
1.867709999999999854e+04 7.476650412247938526e-03
1.868040000000000146e+04 7.671437773794375498e-03
1.868370000000000073e+04 7.920734618871163105e-03
1.868700000000000000e+04 8.161930558176953843e-03
1.869029999999999927e+04 8.360335789529582326e-03
1.869359999999999854e+04 8.640165439166465344e-03
1.869690000000000146e+04 8.899577756903320064e-03
1.870020000000000073e+04 8.999912920852604775e-03
1.870350000000000000e+04 9.088255179340788692e-03
1.870679999999999927e+04 9.273292019175373782e-03
1.871000000000000000e+04 9.577994137108726547e-03
1.871329999999999927e+04 9.786134887464027765e-03
1.871659999999999854e+04 9.931829987749368066e-03
1.871990000000000146e+04 1.008613374920715872e-02
1.872320000000000073e+04 1.022954478364393287e-02
1.872650000000000000e+04 1.040284376263886715e-02
1.872979999999999927e+04 1.052560096122555702e-02
1.873309999999999854e+04 1.068287656491630211e-02
1.873640000000000146e+04 1.084307986078478572e-02
1.873970000000000073e+04 1.102832161484206853e-02
1.874300000000000000e+04 1.108249787148466760e-02
1.874629999999999927e+04 1.123878776007399515e-02
1.874959999999999854e+04 1.130892874999967629e-02
1.875290000000000146e+04 1.139747291681065394e-02
1.875620000000000073e+04 1.147768548988007883e-02
1.875950000000000000e+04 1.162981143187135843e-02
1.876279999999999927e+04 1.176787219898772080e-02
1.876609999999999854e+04 1.190474068349518973e-02
1.876940000000000146e+04 1.198368089340927020e-02
1.877270000000000073e+04 1.212549635505819241e-02
1.877590000000000146e+04 1.231937379385723320e-02
1.877920000000000073e+04 1.237276978456144580e-02
1.878250000000000000e+04 1.254699617789313375e-02
1.878579999999999927e+04 1.273065776349369127e-02
1.878909999999999854e+04 1.295345563562884210e-02
1.879240000000000146e+04 1.318778125713797669e-02
1.879570000000000073e+04 1.342108985965632766e-02
1.879900000000000000e+04 1.369152701512966336e-02
1.880229999999999927e+04 1.398310606549477315e-02
1.880559999999999854e+04 1.427094226754635313e-02
1.880890000000000146e+04 1.449212728270612288e-02
1.881220000000000073e+04 1.475576357154019004e-02
1.881550000000000000e+04 1.505755251375551912e-02
1.881879999999999927e+04 1.534083265694586445e-02
1.882209999999999854e+04 1.563659105768303720e-02
1.882540000000000146e+04 1.594313662290799960e-02
1.882870000000000073e+04 1.625525976281496157e-02
1.883200000000000000e+04 1.653961241876651667e-02
1.883529999999999927e+04 1.685011930506939010e-02
1.883859999999999854e+04 1.716436517284166893e-02
1.884179999999999927e+04 1.745248161970616718e-02
1.884509999999999854e+04 1.773977896901788795e-02
1.884840000000000146e+04 1.795836708790099490e-02
1.885170000000000073e+04 1.818452257299116304e-02
1.885500000000000000e+04 1.845170260883379279e-02
1.885829999999999927e+04 1.863290257770218797e-02
1.886159999999999854e+04 1.881525379057551531e-02
1.886490000000000146e+04 1.918415341200364541e-02
1.886820000000000073e+04 1.956621599641990283e-02
1.887150000000000000e+04 1.986032252375923707e-02
1.887479999999999927e+04 2.001387265163485918e-02
1.887809999999999854e+04 2.029072592380167656e-02
1.888140000000000146e+04 2.062594824035940758e-02
1.888470000000000073e+04 2.094814607871907375e-02
1.888800000000000000e+04 2.126397684246809916e-02
1.889129999999999927e+04 2.155283351652281451e-02
1.889459999999999854e+04 2.192913003230341842e-02
1.889790000000000146e+04 2.226925452061401939e-02
1.890120000000000073e+04 2.261458918070013285e-02
1.890440000000000146e+04 2.291037372280807852e-02
1.890770000000000073e+04 2.335160570647656919e-02
1.891100000000000000e+04 2.370626785089717525e-02
1.891429999999999927e+04 2.414276563938618295e-02
1.891759999999999854e+04 2.456626841957333315e-02
1.892090000000000146e+04 2.500601135901033695e-02
1.892420000000000073e+04 2.540302678745041953e-02
1.892750000000000000e+04 2.577831331978228807e-02
1.893079999999999927e+04 2.619403689471065319e-02
1.893409999999999854e+04 2.661172741879358483e-02
1.893740000000000146e+04 2.698770162939805733e-02
1.894070000000000073e+04 2.729804565248540246e-02
1.894400000000000000e+04 2.769298048665897252e-02
1.894729999999999927e+04 2.802623581147865861e-02
1.895059999999999854e+04 2.835370746313749246e-02
1.895390000000000146e+04 2.868532075677372381e-02
1.895720000000000073e+04 2.895340884696862710e-02
1.896050000000000000e+04 2.924787024087719539e-02
1.896379999999999927e+04 2.951416528494775829e-02
1.896709999999999854e+04 2.975414914615930745e-02
1.897029999999999927e+04 2.995058779330206714e-02
1.897359999999999854e+04 3.015601522451078625e-02
1.897690000000000146e+04 3.040516443792999970e-02
1.898020000000000073e+04 3.060727452685500088e-02
1.898350000000000000e+04 3.081950965934735290e-02
1.898679999999999927e+04 3.103752166545499167e-02
1.899009999999999854e+04 3.123460633136710199e-02
1.899340000000000146e+04 3.142477812532019216e-02
1.899670000000000073e+04 3.160178058308202309e-02
1.900000000000000000e+04 3.179638680062553402e-02
1.900329999999999927e+04 3.195641195198746509e-02
1.900659999999999854e+04 3.214125000719837005e-02
1.900990000000000146e+04 3.226696742704328325e-02
1.901320000000000073e+04 3.239043571447946385e-02
1.901650000000000000e+04 3.250463058313930731e-02
1.901979999999999927e+04 3.263804317017318657e-02
1.902309999999999854e+04 3.276908526185883658e-02
1.902640000000000146e+04 3.292000100600173118e-02
1.902970000000000073e+04 3.299729998328573138e-02
1.903290000000000146e+04 3.307977476354510837e-02
1.903620000000000073e+04 3.313985012945922654e-02
1.903950000000000000e+04 3.320274522297989722e-02
1.904279999999999927e+04 3.328290752860804669e-02
1.904609999999999854e+04 3.333023787459033632e-02
1.904940000000000146e+04 3.339183914890121035e-02
1.905270000000000073e+04 3.347017060384687576e-02
1.905600000000000000e+04 3.352182800340437058e-02
1.905929999999999927e+04 3.355588985688771897e-02
1.906259999999999854e+04 3.356820785823530495e-02
1.906590000000000146e+04 3.359607664168014901e-02
1.906920000000000073e+04 3.361522571712214497e-02
1.907250000000000000e+04 3.357966931964792567e-02
1.907579999999999927e+04 3.356015007460361882e-02
1.907909999999999854e+04 3.353566841375846264e-02
1.908240000000000146e+04 3.352815238285929839e-02
1.908570000000000073e+04 3.348559705378712642e-02
1.908900000000000000e+04 3.342390302341517044e-02
1.909229999999999927e+04 3.336337201210858028e-02
1.909559999999999854e+04 3.329953481546088501e-02
1.909879999999999927e+04 3.325846799011653032e-02
1.910209999999999854e+04 3.317076620159865180e-02
1.910540000000000146e+04 3.310560115335779013e-02
1.910870000000000073e+04 3.305397498564403153e-02
1.911200000000000000e+04 3.298388764533711354e-02
1.911529999999999927e+04 3.290957998437009369e-02
1.911859999999999854e+04 3.274050173432459937e-02
1.912190000000000146e+04 3.261693157787281389e-02
1.912520000000000073e+04 3.245070576118833094e-02
1.912850000000000000e+04 3.228042609258311574e-02
1.913179999999999927e+04 3.214258719240459944e-02
1.913509999999999854e+04 3.201578216003334726e-02
1.913840000000000146e+04 3.186177421037929280e-02
1.914170000000000073e+04 3.166375198391079698e-02
1.914500000000000000e+04 3.148550006552674335e-02
1.914829999999999927e+04 3.127364563222020943e-02
1.915159999999999854e+04 3.107530014725662024e-02
1.915490000000000146e+04 3.088442935365205005e-02
1.915820000000000073e+04 3.067331920320609875e-02
1.916140000000000146e+04 3.049317990614067511e-02
1.916470000000000073e+04 3.027204229679068131e-02
1.916800000000000000e+04 3.005795786956423285e-02
1.917129999999999927e+04 2.980624445552313914e-02
1.917459999999999854e+04 2.957356930711622922e-02
1.917790000000000146e+04 2.935116623532098637e-02
1.918120000000000073e+04 2.913034911303009206e-02
1.918450000000000000e+04 2.887620441279143552e-02
1.918779999999999927e+04 2.861501765127542549e-02
1.919109999999999854e+04 2.835632807795177013e-02
1.919440000000000146e+04 2.811509114147022967e-02
1.919770000000000073e+04 2.785303017802992151e-02
1.920100000000000000e+04 2.759764933944836712e-02
1.920429999999999927e+04 2.734834747122809329e-02
1.920759999999999854e+04 2.707444365811347703e-02
1.921090000000000146e+04 2.680621181955014296e-02
1.921420000000000073e+04 2.651716386743245904e-02
1.921750000000000000e+04 2.622436413271651487e-02
1.922079999999999927e+04 2.594905602451809748e-02
1.922409999999999854e+04 2.566687086150267957e-02
1.922729999999999927e+04 2.536561662432439135e-02
1.923059999999999854e+04 2.506103522071960812e-02
1.923390000000000146e+04 2.477467786196580618e-02
1.923720000000000073e+04 2.450072404711336332e-02
1.924050000000000000e+04 2.419634309067342226e-02
1.924379999999999927e+04 2.389628484733481717e-02
1.924709999999999854e+04 2.359628795286735845e-02
1.925040000000000146e+04 2.327752168499743618e-02
1.925370000000000073e+04 2.294546544930270091e-02
1.925700000000000000e+04 2.266124679722649263e-02
1.926029999999999927e+04 2.233561799881345414e-02
1.926359999999999854e+04 2.200245982462365607e-02
1.926690000000000146e+04 2.170807074881447862e-02
1.927020000000000073e+04 2.137755071902385992e-02
1.927350000000000000e+04 2.106615393025903019e-02
1.927679999999999927e+04 2.073678377470312278e-02
1.928009999999999854e+04 2.040538363811933084e-02
1.928340000000000146e+04 2.010951013629665510e-02
1.928670000000000073e+04 1.979379561734479973e-02
1.929000000000000000e+04 1.946725969917119381e-02
1.929320000000000073e+04 1.915342420657551586e-02
1.929650000000000000e+04 1.883281380085999671e-02
1.929979999999999927e+04 1.851373637067097594e-02
1.930309999999999854e+04 1.821413510849309580e-02
1.930640000000000146e+04 1.791526202408184540e-02
1.930970000000000073e+04 1.761822598287722530e-02
1.931300000000000000e+04 1.733245423368387148e-02
1.931629999999999927e+04 1.701515038685300421e-02
1.931959999999999854e+04 1.670012867400410064e-02
1.932290000000000146e+04 1.637908040223851058e-02
1.932620000000000073e+04 1.606428550696430146e-02
1.932950000000000000e+04 1.574663141112620651e-02
1.933279999999999927e+04 1.544313218677442062e-02
1.933609999999999854e+04 1.516807167837175979e-02
1.933940000000000146e+04 1.489058579255511834e-02
1.934270000000000073e+04 1.459912329904213164e-02
1.934600000000000000e+04 1.429909061026846985e-02
1.934929999999999927e+04 1.399542120224735349e-02
1.935259999999999854e+04 1.369120196984958612e-02
1.935579999999999927e+04 1.339249938828330870e-02
1.935909999999999854e+04 1.309831287456004328e-02
1.936240000000000146e+04 1.280249855415718438e-02
1.936570000000000073e+04 1.251199295896129188e-02
1.936900000000000000e+04 1.222854417760592914e-02
1.937229999999999927e+04 1.194583065408763578e-02
1.937559999999999854e+04 1.166695581282795394e-02
1.937890000000000146e+04 1.139129935451428481e-02
1.938220000000000073e+04 1.111338666622887529e-02
1.938550000000000000e+04 1.082661319170049805e-02
1.938879999999999927e+04 1.053976227662001622e-02
1.939209999999999854e+04 1.027443440319712568e-02
1.939540000000000146e+04 1.000809025810646229e-02
1.939870000000000073e+04 9.732008653278615556e-03
1.940200000000000000e+04 9.467790499211181307e-03
1.940529999999999927e+04 9.214776095023167329e-03
1.940859999999999854e+04 8.961436623769114193e-03
1.941190000000000146e+04 8.693995649113443053e-03
1.941520000000000073e+04 8.453732658144155754e-03
1.941850000000000000e+04 8.207601952409838628e-03
1.942170000000000073e+04 7.933777898168644857e-03
1.942500000000000000e+04 7.677603805337172675e-03
1.942829999999999927e+04 7.432828711841007845e-03
1.943159999999999854e+04 7.190146651366613982e-03
1.943490000000000146e+04 6.934645707972825028e-03
1.943820000000000073e+04 6.669842497196749528e-03
1.944150000000000000e+04 6.419399629697581516e-03
1.944479999999999927e+04 6.183543076569608839e-03
1.944809999999999854e+04 5.959300556850275800e-03
1.945140000000000146e+04 5.733413211893522397e-03
1.945470000000000073e+04 5.517298066837866312e-03
1.945800000000000000e+04 5.293202202594423332e-03
1.946129999999999927e+04 5.052109081913581760e-03
1.946459999999999854e+04 4.817267598338966124e-03
1.946790000000000146e+04 4.575507659558708355e-03
1.947120000000000073e+04 4.340807223243515166e-03
1.947450000000000000e+04 4.097077479261850008e-03
1.947779999999999927e+04 3.866460537209749290e-03
1.948109999999999854e+04 3.649827255166901950e-03
1.948429999999999927e+04 3.430601430206418802e-03
1.948759999999999854e+04 3.223779733031858705e-03
1.949090000000000146e+04 3.019648151570630823e-03
1.949420000000000073e+04 2.808279478507408940e-03
1.949750000000000000e+04 2.602680454324514652e-03
1.950079999999999927e+04 2.377010836239371299e-03
1.950409999999999854e+04 2.169205609627510804e-03
1.950740000000000146e+04 1.977755457759439606e-03
1.951070000000000073e+04 1.772326062345912570e-03
1.951400000000000000e+04 1.590373538229905700e-03
1.951729999999999927e+04 1.405260008358161141e-03
1.952059999999999854e+04 1.202114319782352945e-03
1.952390000000000146e+04 1.021575322259967453e-03
1.952720000000000073e+04 8.567949989869667405e-04
1.953050000000000000e+04 6.804237089793369227e-04
1.953379999999999927e+04 4.961685388663576333e-04
1.953709999999999854e+04 2.971872150901934038e-04
1.954040000000000146e+04 1.273399967289231063e-04
1.954370000000000073e+04 -3.338376667997608558e-05
1.954700000000000000e+04 -1.966239671863099820e-04
1.955020000000000073e+04 -3.604913923203381101e-04
1.955350000000000000e+04 -5.093759291943156286e-04
1.955679999999999927e+04 -6.512169862195666585e-04
1.956009999999999854e+04 -7.900348892379139946e-04
1.956340000000000146e+04 -9.309351546063007743e-04
1.956670000000000073e+04 -1.068534539440620318e-03
1.957000000000000000e+04 -1.197559756064773022e-03
1.957329999999999927e+04 -1.345803771227216004e-03
1.957659999999999854e+04 -1.477023954910160111e-03
1.957990000000000146e+04 -1.601475209505756267e-03
1.958320000000000073e+04 -1.746296972566546441e-03
1.958650000000000000e+04 -1.890849057922851847e-03
1.958979999999999927e+04 -1.996125434741045316e-03
1.959309999999999854e+04 -2.112370448369943737e-03
1.959640000000000146e+04 -2.230458532713499014e-03
1.959970000000000073e+04 -2.329945754962949728e-03
1.960300000000000000e+04 -2.438002274298279714e-03
1.960629999999999927e+04 -2.566742598725236819e-03
1.960959999999999854e+04 -2.690255492433412960e-03
1.961290000000000146e+04 -2.828092925708506310e-03
1.961609999999999854e+04 -2.950312549602227517e-03
1.961940000000000146e+04 -3.048355060400202189e-03
1.962270000000000073e+04 -3.163044671152859689e-03
1.962600000000000000e+04 -3.265224806575053006e-03
1.962929999999999927e+04 -3.357617917272396300e-03
1.963259999999999854e+04 -3.427350959108641047e-03
1.963590000000000146e+04 -3.481827340429967041e-03
1.963920000000000073e+04 -3.588985864159231851e-03
1.964250000000000000e+04 -3.659452759367481326e-03
1.964579999999999927e+04 -3.778637771042903624e-03
1.964909999999999854e+04 -3.894212892859990130e-03
1.965240000000000146e+04 -4.000314207673357284e-03
1.965570000000000073e+04 -4.119978316221906134e-03
1.965900000000000000e+04 -4.185225735262630177e-03
1.966229999999999927e+04 -4.232105622456611323e-03
1.966559999999999854e+04 -4.287576582859079985e-03
1.966890000000000146e+04 -4.365729789379256889e-03
1.967220000000000073e+04 -4.470562803742133585e-03
1.967550000000000000e+04 -4.543999088360361517e-03
1.967870000000000073e+04 -4.643125827708157773e-03
1.968200000000000000e+04 -4.698820966049717905e-03
1.968529999999999927e+04 -4.748100608719121006e-03
1.968859999999999854e+04 -4.798899356095097553e-03
1.969190000000000146e+04 -4.845134724722747165e-03
1.969520000000000073e+04 -4.909616705091601752e-03
1.969850000000000000e+04 -4.945870005128652491e-03
1.970179999999999927e+04 -4.959911979202069263e-03
1.970509999999999854e+04 -5.053931137139030388e-03
1.970840000000000146e+04 -5.162097288917456839e-03
1.971170000000000073e+04 -5.244951320334786775e-03
1.971500000000000000e+04 -5.298349900347185636e-03
1.971829999999999927e+04 -5.389905251146957788e-03
1.972159999999999854e+04 -5.417502711445112279e-03
1.972490000000000146e+04 -5.458310386042500122e-03
1.972820000000000073e+04 -5.538056881711331952e-03
1.973150000000000000e+04 -5.631192995259841697e-03
1.973479999999999927e+04 -5.713976141280978187e-03
1.973809999999999854e+04 -5.771216587291982426e-03
1.974140000000000146e+04 -5.856028920354982431e-03
1.974459999999999854e+04 -5.946379777702457889e-03
1.974790000000000146e+04 -5.970937769346406840e-03
1.975120000000000073e+04 -5.983596038436970500e-03
1.975450000000000000e+04 -6.025713243914314343e-03
1.975779999999999927e+04 -6.061961030568587851e-03
1.976109999999999854e+04 -6.124637480487905156e-03
1.976440000000000146e+04 -6.193162914292828398e-03
1.976770000000000073e+04 -6.268919921767305246e-03
1.977100000000000000e+04 -6.324134507420929412e-03
1.977429999999999927e+04 -6.357964347661664017e-03
1.977759999999999854e+04 -6.404768404261592003e-03
1.978090000000000146e+04 -6.455956709444911346e-03
1.978420000000000073e+04 -6.517721399938322668e-03
1.978750000000000000e+04 -6.543848387414184613e-03
1.979079999999999927e+04 -6.620779651754623608e-03
1.979409999999999854e+04 -6.649087223607207109e-03
1.979740000000000146e+04 -6.693006511100238996e-03
1.980070000000000073e+04 -6.759194884463343329e-03
1.980400000000000000e+04 -6.766844841420914004e-03
1.980720000000000073e+04 -6.810831478675380413e-03
1.981050000000000000e+04 -6.800385789485965254e-03
1.981379999999999927e+04 -6.783469866892601410e-03
1.981709999999999854e+04 -6.815945807118532936e-03
1.982040000000000146e+04 -6.803729513300416608e-03
1.982370000000000073e+04 -6.814825211666956581e-03
1.982700000000000000e+04 -6.857235596830982792e-03
1.983029999999999927e+04 -6.880560927347608401e-03
1.983359999999999854e+04 -6.881357503287767637e-03
1.983690000000000146e+04 -6.877103729416145401e-03
1.984020000000000073e+04 -6.869318215192849776e-03
1.984350000000000000e+04 -6.883466111245482855e-03
1.984679999999999927e+04 -6.898573682135065305e-03
1.985009999999999854e+04 -6.929983696585930233e-03
1.985340000000000146e+04 -6.965791427806075110e-03
1.985670000000000073e+04 -7.031954365176244261e-03
1.986000000000000000e+04 -7.055090459991375691e-03
1.986329999999999927e+04 -7.115039585064128307e-03
1.986659999999999854e+04 -7.142030913850345823e-03
1.986990000000000146e+04 -7.111540464458740961e-03
1.987309999999999854e+04 -7.076382792291136328e-03
1.987640000000000146e+04 -7.081648406963884750e-03
1.987970000000000073e+04 -7.109870330282184320e-03
1.988300000000000000e+04 -7.091100946894824189e-03
1.988629999999999927e+04 -7.156479764885990795e-03
1.988959999999999854e+04 -7.230884488515265489e-03
1.989290000000000146e+04 -7.225404912324610331e-03
1.989620000000000073e+04 -7.193988106319165396e-03
1.989950000000000000e+04 -7.155992340484538042e-03
1.990279999999999927e+04 -7.148434785890166697e-03
1.990609999999999854e+04 -7.135946855824269741e-03
1.990940000000000146e+04 -7.108365655149097469e-03
1.991270000000000073e+04 -7.126162268737351937e-03
1.991600000000000000e+04 -7.123831044007477957e-03
1.991929999999999927e+04 -7.147096234058760572e-03
1.992259999999999854e+04 -7.153068924300736917e-03
1.992590000000000146e+04 -7.152480649505038417e-03
