1.716800000000000000e+04 -1.624940582969148280e-04
1.717129999999999927e+04 -1.773154285497960381e-04
1.717459999999999854e+04 -1.834617686208444046e-04
1.717790000000000146e+04 -2.134867970191082185e-04
1.718120000000000073e+04 -2.316855963853844112e-04
1.718450000000000000e+04 -2.495909435985724885e-04
1.718779999999999927e+04 -2.595296751086148871e-04
1.719109999999999854e+04 -2.587223680048347427e-04
1.719440000000000146e+04 -2.579968264824376921e-04
1.719770000000000073e+04 -2.725467851355370180e-04
1.720100000000000000e+04 -2.779690753067391240e-04
1.720429999999999927e+04 -2.896471743288653897e-04
1.720759999999999854e+04 -2.962690154696582070e-04
1.721090000000000146e+04 -3.055835330498670008e-04
1.721420000000000073e+04 -3.254774279335343802e-04
1.721750000000000000e+04 -3.540351771384184568e-04
1.722079999999999927e+04 -3.704188476368209387e-04
1.722409999999999854e+04 -3.817242578082772285e-04
1.722729999999999927e+04 -3.862105992400999277e-04
1.723059999999999854e+04 -4.098255367992703992e-04
1.723390000000000146e+04 -4.210458815072015346e-04
1.723720000000000073e+04 -4.252528708348103366e-04
1.724050000000000000e+04 -4.234887779824355485e-04
1.724379999999999927e+04 -4.505239184323232859e-04
1.724709999999999854e+04 -4.481481267124078115e-04
1.725040000000000146e+04 -4.391728117733079595e-04
1.725370000000000073e+04 -4.477964133009242802e-04
1.725700000000000000e+04 -4.564778392457733542e-04
1.726029999999999927e+04 -4.654874112640297189e-04
1.726359999999999854e+04 -4.720767366916153013e-04
1.726690000000000146e+04 -4.903669632493369568e-04
1.727020000000000073e+04 -5.075529343399172661e-04
1.727350000000000000e+04 -5.167209051404536091e-04
1.727679999999999927e+04 -5.252820260924104213e-04
1.728009999999999854e+04 -5.342543320934172845e-04
1.728340000000000146e+04 -5.460298612372722123e-04
1.728670000000000073e+04 -5.465522911574769880e-04
1.729000000000000000e+04 -5.513165183763993598e-04
1.729320000000000073e+04 -5.604253620908039839e-04
1.729650000000000000e+04 -5.647088506238443937e-04
1.729979999999999927e+04 -5.796332702224241606e-04
1.730309999999999854e+04 -5.924787957446511766e-04
1.730640000000000146e+04 -5.988004935278372224e-04
1.730970000000000073e+04 -6.031204112364162975e-04
1.731300000000000000e+04 -5.954434122092463078e-04
1.731629999999999927e+04 -5.934170993803066646e-04
1.731959999999999854e+04 -6.084788027432765523e-04
1.732290000000000146e+04 -6.127483139336470722e-04
1.732620000000000073e+04 -6.080845763814334134e-04
1.732950000000000000e+04 -6.096018396035981059e-04
1.733279999999999927e+04 -6.138693684260771496e-04
1.733609999999999854e+04 -6.185951730539823810e-04
1.733940000000000146e+04 -6.203197955986720479e-04
1.734270000000000073e+04 -6.185913626504827099e-04
1.734600000000000000e+04 -6.108934235283401595e-04
1.734929999999999927e+04 -6.098711638011023502e-04
1.735259999999999854e+04 -6.112643762503646664e-04
1.735579999999999927e+04 -6.144609514344656588e-04
1.735909999999999854e+04 -6.262952977879219455e-04
1.736240000000000146e+04 -6.337222491694127248e-04
1.736570000000000073e+04 -6.345002505180674180e-04
1.736900000000000000e+04 -6.362032165445747050e-04
1.737229999999999927e+04 -6.475226935413395772e-04
1.737559999999999854e+04 -6.531258138471348175e-04
1.737890000000000146e+04 -6.562805146003609924e-04
1.738220000000000073e+04 -6.570943196077717744e-04
1.738550000000000000e+04 -6.647349956050114606e-04
1.738879999999999927e+04 -6.693224162712296983e-04
1.739209999999999854e+04 -6.754392699486731245e-04
1.739540000000000146e+04 -6.730255314779203229e-04
1.739870000000000073e+04 -6.789859230342829097e-04
1.740200000000000000e+04 -6.830485660508771881e-04
1.740529999999999927e+04 -6.881840175267512055e-04
1.740859999999999854e+04 -6.887221613986437008e-04
1.741190000000000146e+04 -7.045301220701820659e-04
1.741520000000000073e+04 -7.076865011031835927e-04
1.741850000000000000e+04 -7.152580577594897654e-04
1.742170000000000073e+04 -7.167499539791487469e-04
1.742500000000000000e+04 -7.236191428210841676e-04
1.742829999999999927e+04 -7.331553369704003507e-04
1.743159999999999854e+04 -7.451671118397091816e-04
1.743490000000000146e+04 -7.513022709577150569e-04
1.743820000000000073e+04 -7.567884387590410270e-04
1.744150000000000000e+04 -7.704660565415165103e-04
1.744479999999999927e+04 -7.797795938640047142e-04
1.744809999999999854e+04 -7.851304181752451769e-04
1.745140000000000146e+04 -7.974231404526361871e-04
1.745470000000000073e+04 -8.124298071710509559e-04
1.745800000000000000e+04 -8.185787366587138824e-04
1.746129999999999927e+04 -8.328534288820930781e-04
1.746459999999999854e+04 -8.396045545078953095e-04
1.746790000000000146e+04 -8.481943431560806223e-04
1.747120000000000073e+04 -8.593397562942373938e-04
1.747450000000000000e+04 -8.681924375761539657e-04
1.747779999999999927e+04 -8.834948881199056019e-04
1.748109999999999854e+04 -9.034491918595357078e-04
1.748429999999999927e+04 -9.139325017482521083e-04
1.748759999999999854e+04 -9.322562869094121489e-04
1.749090000000000146e+04 -9.427668887448439330e-04
1.749420000000000073e+04 -9.547692263111305947e-04
1.749750000000000000e+04 -9.661149907557554451e-04
1.750079999999999927e+04 -9.795205291063325322e-04
1.750409999999999854e+04 -9.952892784562531771e-04
1.750740000000000146e+04 -1.005628694875489344e-03
1.751070000000000073e+04 -1.022194471423980506e-03
1.751400000000000000e+04 -1.037631028213726941e-03
1.751729999999999927e+04 -1.052366118807704452e-03
1.752059999999999854e+04 -1.062827005552936062e-03
1.752390000000000146e+04 -1.070512084114754467e-03
1.752720000000000073e+04 -1.079089131859261880e-03
1.753050000000000000e+04 -1.094824160533978573e-03
1.753379999999999927e+04 -1.112264633440819507e-03
1.753709999999999854e+04 -1.124541214976337465e-03
1.754040000000000146e+04 -1.140578970682835274e-03
1.754370000000000073e+04 -1.155415038401756949e-03
1.754700000000000000e+04 -1.171792642993512009e-03
1.755020000000000073e+04 -1.188173624160001295e-03
1.755350000000000000e+04 -1.198472003341800266e-03
1.755679999999999927e+04 -1.216828678061104103e-03
1.756009999999999854e+04 -1.228809564924950547e-03
1.756340000000000146e+04 -1.245735925226061549e-03
1.756670000000000073e+04 -1.262453544498624543e-03
1.757000000000000000e+04 -1.274041361034945275e-03
1.757329999999999927e+04 -1.288984611993268308e-03
1.757659999999999854e+04 -1.297594564107935281e-03
1.757990000000000146e+04 -1.318656461643808115e-03
1.758320000000000073e+04 -1.333205911345980085e-03
1.758650000000000000e+04 -1.354051676600980967e-03
1.758979999999999927e+04 -1.364332523731732897e-03
1.759309999999999854e+04 -1.379824755927165029e-03
1.759640000000000146e+04 -1.394150889612140497e-03
1.759970000000000073e+04 -1.405048013373463899e-03
1.760300000000000000e+04 -1.424687809594371579e-03
1.760629999999999927e+04 -1.442334641637847432e-03
1.760959999999999854e+04 -1.459139694992720197e-03
1.761290000000000146e+04 -1.482649286968671428e-03
1.761609999999999854e+04 -1.496620967993036577e-03
1.761940000000000146e+04 -1.512333672564670226e-03
1.762270000000000073e+04 -1.529173318666588550e-03
1.762600000000000000e+04 -1.547198086626209307e-03
1.762929999999999927e+04 -1.565458017457224942e-03
1.763259999999999854e+04 -1.584747883567840052e-03
1.763590000000000146e+04 -1.604467485785185128e-03
1.763920000000000073e+04 -1.624487469608460388e-03
1.764250000000000000e+04 -1.641413421970828491e-03
1.764579999999999927e+04 -1.655127900479038284e-03
1.764909999999999854e+04 -1.676183269579439210e-03
1.765240000000000146e+04 -1.691173573035397804e-03
1.765570000000000073e+04 -1.715337062302963074e-03
1.765900000000000000e+04 -1.734177783812634530e-03
1.766229999999999927e+04 -1.754172498472246792e-03
1.766559999999999854e+04 -1.774838757808253585e-03
1.766890000000000146e+04 -1.794323377116721760e-03
1.767220000000000073e+04 -1.816885853079200017e-03
1.767550000000000000e+04 -1.840127074385398010e-03
1.767870000000000073e+04 -1.862976779175933538e-03
1.768200000000000000e+04 -1.883618173320955559e-03
1.768529999999999927e+04 -1.902811406104123332e-03
1.768859999999999854e+04 -1.921549700503394050e-03
1.769190000000000146e+04 -1.947256125219068044e-03
1.769520000000000073e+04 -1.967971141512882358e-03
1.769850000000000000e+04 -1.995526659064562110e-03
1.770179999999999927e+04 -2.017197659616814381e-03
1.770509999999999854e+04 -2.041018224797888983e-03
1.770840000000000146e+04 -2.061045294123002927e-03
1.771170000000000073e+04 -2.080265240047487942e-03
1.771500000000000000e+04 -2.100758443184440414e-03
1.771829999999999927e+04 -2.126100491177787804e-03
1.772159999999999854e+04 -2.150855362825352356e-03
1.772490000000000146e+04 -2.179482011477486009e-03
1.772820000000000073e+04 -2.212208204647278520e-03
1.773150000000000000e+04 -2.233721104767025928e-03
1.773479999999999927e+04 -2.258891766568115692e-03
1.773809999999999854e+04 -2.295209312399604327e-03
1.774140000000000146e+04 -2.322395709120336337e-03
1.774459999999999854e+04 -2.344866000995067881e-03
1.774790000000000146e+04 -2.374469089778558865e-03
1.775120000000000073e+04 -2.398366668791814330e-03
1.775450000000000000e+04 -2.427373641942765902e-03
1.775779999999999927e+04 -2.456224974799402563e-03
1.776109999999999854e+04 -2.481880664628552825e-03
1.776440000000000146e+04 -2.515104948738983420e-03
1.776770000000000073e+04 -2.540322581424845575e-03
1.777100000000000000e+04 -2.567426329383300405e-03
1.777429999999999927e+04 -2.599202457174713994e-03
1.777759999999999854e+04 -2.624338956097507954e-03
1.778090000000000146e+04 -2.651209245498437408e-03
1.778420000000000073e+04 -2.683893764321340289e-03
1.778750000000000000e+04 -2.715233914969880733e-03
1.779079999999999927e+04 -2.743745352341415283e-03
1.779409999999999854e+04 -2.781212366221524814e-03
1.779740000000000146e+04 -2.818115809346226266e-03
1.780070000000000073e+04 -2.844885737386343080e-03
1.780400000000000000e+04 -2.873771592878647443e-03
1.780720000000000073e+04 -2.901665669334010846e-03
1.781050000000000000e+04 -2.931535711814978358e-03
1.781379999999999927e+04 -2.961261706564019287e-03
1.781709999999999854e+04 -2.992978133773277916e-03
1.782040000000000146e+04 -3.022202016006996384e-03
1.782370000000000073e+04 -3.050275785030031293e-03
1.782700000000000000e+04 -3.081347180684610408e-03
1.783029999999999927e+04 -3.117989262929477933e-03
1.783359999999999854e+04 -3.150932619369340056e-03
1.783690000000000146e+04 -3.187799811283919659e-03
1.784020000000000073e+04 -3.224172470482336659e-03
1.784350000000000000e+04 -3.260928289547131674e-03
1.784679999999999927e+04 -3.291781444045464595e-03
1.785009999999999854e+04 -3.329116656257648504e-03
1.785340000000000146e+04 -3.367606226616458656e-03
1.785670000000000073e+04 -3.402504394951168763e-03
1.786000000000000000e+04 -3.440843816378239169e-03
1.786329999999999927e+04 -3.478100747638478065e-03
1.786659999999999854e+04 -3.520235846594573555e-03
1.786990000000000146e+04 -3.562073267853377734e-03
1.787309999999999854e+04 -3.602665046640907403e-03
1.787640000000000146e+04 -3.649662145349861619e-03
1.787970000000000073e+04 -3.684250682855144416e-03
1.788300000000000000e+04 -3.735414780478263884e-03
1.788629999999999927e+04 -3.779914892777262378e-03
1.788959999999999854e+04 -3.820988294185628104e-03
1.789290000000000146e+04 -3.855298281428968729e-03
1.789620000000000073e+04 -3.891640035909196219e-03
1.789950000000000000e+04 -3.926855532935098758e-03
1.790279999999999927e+04 -3.959632175463285650e-03
1.790609999999999854e+04 -4.000944519167980509e-03
1.790940000000000146e+04 -4.050564289423384985e-03
1.791270000000000073e+04 -4.082547038290652505e-03
1.791600000000000000e+04 -4.132656036169727980e-03
1.791929999999999927e+04 -4.171667652707814443e-03
1.792259999999999854e+04 -4.199907441209412007e-03
1.792590000000000146e+04 -4.251820732226937842e-03
1.792920000000000073e+04 -4.293549335641884748e-03
1.793250000000000000e+04 -4.335969443884320207e-03
1.793570000000000073e+04 -4.383160410252731620e-03
1.793900000000000000e+04 -4.435933127153773164e-03
1.794229999999999927e+04 -4.483667867502831063e-03
1.794559999999999854e+04 -4.532081118932831769e-03
1.794890000000000146e+04 -4.572471957068292500e-03
1.795220000000000073e+04 -4.617573477397730539e-03
1.795550000000000000e+04 -4.666082822251362699e-03
1.795879999999999927e+04 -4.704553600154863513e-03
1.796209999999999854e+04 -4.746695593713766079e-03
1.796540000000000146e+04 -4.806807812785574702e-03
1.796870000000000073e+04 -4.869898524672368161e-03
1.797200000000000000e+04 -4.917717453130156929e-03
1.797529999999999927e+04 -4.967475377556834597e-03
1.797859999999999854e+04 -5.018442366121395048e-03
1.798190000000000146e+04 -5.065666258251074090e-03
1.798520000000000073e+04 -5.113310323170730011e-03
1.798850000000000000e+04 -5.167667757881617627e-03
1.799179999999999927e+04 -5.218736808153339249e-03
1.799509999999999854e+04 -5.265325840289372325e-03
1.799840000000000146e+04 -5.319480146178176896e-03
1.800159999999999854e+04 -5.372024573113247381e-03
1.800490000000000146e+04 -5.418361992919203465e-03
1.800820000000000073e+04 -5.468968601946570980e-03
1.801150000000000000e+04 -5.508040005822612863e-03
1.801479999999999927e+04 -5.563968270501564589e-03
1.801809999999999854e+04 -5.624823203977339509e-03
1.802140000000000146e+04 -5.683830537460621106e-03
1.802470000000000073e+04 -5.740086686147617169e-03
1.802800000000000000e+04 -5.808454556403235339e-03
1.803129999999999927e+04 -5.859667728543820585e-03
1.803459999999999854e+04 -5.908150089156139970e-03
1.803790000000000146e+04 -5.963705610706264773e-03
1.804120000000000073e+04 -6.022104618039222576e-03
1.804450000000000000e+04 -6.083868565998744489e-03
1.804779999999999927e+04 -6.134927456398782571e-03
1.805109999999999854e+04 -6.193812267054283997e-03
1.805440000000000146e+04 -6.251762671469533739e-03
1.805770000000000073e+04 -6.312392874298198946e-03
1.806100000000000000e+04 -6.375251719561339514e-03
1.806429999999999927e+04 -6.434877280619818486e-03
1.806750000000000000e+04 -6.496483481234857464e-03
1.807079999999999927e+04 -6.563850856842123709e-03
1.807409999999999854e+04 -6.623374218216570262e-03
1.807740000000000146e+04 -6.678773453612673293e-03
1.808070000000000073e+04 -6.726977977810229790e-03
1.808400000000000000e+04 -6.794760713038161017e-03
1.808729999999999927e+04 -6.873932450794505156e-03
1.809059999999999854e+04 -6.934521915039657675e-03
1.809390000000000146e+04 -6.987752068468433900e-03
1.809720000000000073e+04 -7.044940887555104468e-03
1.810050000000000000e+04 -7.093236129612692266e-03
1.810379999999999927e+04 -7.140549960749090035e-03
1.810709999999999854e+04 -7.198628559521762574e-03
1.811040000000000146e+04 -7.241662864211853394e-03
1.811370000000000073e+04 -7.287379884736776975e-03
1.811700000000000000e+04 -7.343424203173168699e-03
1.812029999999999927e+04 -7.404520751984611238e-03
1.812359999999999854e+04 -7.469317914617269565e-03
1.812690000000000146e+04 -7.532597983164554360e-03
1.813009999999999854e+04 -7.581589759872148400e-03
1.813340000000000146e+04 -7.632397117811079434e-03
1.813670000000000073e+04 -7.669732986127237445e-03
1.814000000000000000e+04 -7.691503788750852534e-03
1.814329999999999927e+04 -7.739494374265529567e-03
1.814659999999999854e+04 -7.811352364098429930e-03
1.814990000000000146e+04 -7.881926441602363220e-03
1.815320000000000073e+04 -7.940759634809219439e-03
1.815650000000000000e+04 -7.991012220350205558e-03
1.815979999999999927e+04 -8.025211242310637677e-03
1.816309999999999854e+04 -8.074727564728458734e-03
1.816640000000000146e+04 -8.136779268361267470e-03
1.816970000000000073e+04 -8.180942442882145962e-03
1.817300000000000000e+04 -8.215553078536528414e-03
1.817629999999999927e+04 -8.264807565403533771e-03
1.817959999999999854e+04 -8.287518455013426905e-03
1.818290000000000146e+04 -8.303871965080847697e-03
1.818620000000000073e+04 -8.312263524151760480e-03
1.818950000000000000e+04 -8.331309072666319426e-03
1.819279999999999927e+04 -8.340081393712513169e-03
1.819600000000000000e+04 -8.362858548558886607e-03
1.819929999999999927e+04 -8.382671475669642089e-03
1.820259999999999854e+04 -8.428881241676422845e-03
1.820590000000000146e+04 -8.469969638915695459e-03
1.820920000000000073e+04 -8.513235870290193283e-03
1.821250000000000000e+04 -8.559620819102472036e-03
1.821579999999999927e+04 -8.598673283468600409e-03
1.821909999999999854e+04 -8.612975504984132780e-03
1.822240000000000146e+04 -8.617019586340722570e-03
1.822570000000000073e+04 -8.621245962127144918e-03
1.822900000000000000e+04 -8.647486892539772360e-03
1.823229999999999927e+04 -8.662678547497894288e-03
1.823559999999999854e+04 -8.663949536679645819e-03
1.823890000000000146e+04 -8.668677083348133583e-03
1.824220000000000073e+04 -8.679563214782059707e-03
1.824550000000000000e+04 -8.709113671506977725e-03
1.824879999999999927e+04 -8.716071587432266607e-03
1.825209999999999854e+04 -8.716348855530239165e-03
1.825540000000000146e+04 -8.714997950430389273e-03
1.825859999999999854e+04 -8.731970385508453641e-03
1.826190000000000146e+04 -8.738135192879983859e-03
1.826520000000000073e+04 -8.744508855359550345e-03
1.826850000000000000e+04 -8.759061981278246437e-03
1.827179999999999927e+04 -8.821002031773923432e-03
1.827509999999999854e+04 -8.938270169537942608e-03
1.827840000000000146e+04 -8.993816387473624330e-03
1.828170000000000073e+04 -9.067913674700110380e-03
1.828500000000000000e+04 -9.085426975828864507e-03
1.828829999999999927e+04 -9.120833548450606176e-03
1.829159999999999854e+04 -9.136049636476043997e-03
1.829490000000000146e+04 -9.159759548938812765e-03
1.829820000000000073e+04 -9.253181059225595861e-03
1.830150000000000000e+04 -9.353631839925047320e-03
1.830479999999999927e+04 -9.404475945436399989e-03
1.830809999999999854e+04 -9.466257771618368649e-03
1.831140000000000146e+04 -9.540349741080584103e-03
1.831470000000000073e+04 -9.630444689022596080e-03
1.831800000000000000e+04 -9.660639264267542256e-03
1.832129999999999927e+04 -9.720055058351497260e-03
1.832450000000000000e+04 -9.779426934992896392e-03
1.832779999999999927e+04 -9.811017609185530147e-03
1.833109999999999854e+04 -9.885205691232868894e-03
1.833440000000000146e+04 -9.952837703827049562e-03
1.833770000000000073e+04 -1.001550248355849264e-02
1.834100000000000000e+04 -1.011504477070304664e-02
1.834429999999999927e+04 -1.017322017032150187e-02
1.834759999999999854e+04 -1.029635981790359006e-02
1.835090000000000146e+04 -1.043220794616053076e-02
1.835420000000000073e+04 -1.055743676217355681e-02
1.835750000000000000e+04 -1.068044402945873654e-02
1.836079999999999927e+04 -1.081277845529085221e-02
1.836409999999999854e+04 -1.094744966781296611e-02
1.836740000000000146e+04 -1.104654793060264213e-02
1.837070000000000073e+04 -1.114211299549671373e-02
1.837400000000000000e+04 -1.125635182895948390e-02
1.837729999999999927e+04 -1.134040943192581724e-02
1.838059999999999854e+04 -1.141158858534824933e-02
1.838390000000000146e+04 -1.155033895504334850e-02
1.838709999999999854e+04 -1.169695386869136142e-02
1.839040000000000146e+04 -1.185106658001732621e-02
1.839370000000000073e+04 -1.196699070651015100e-02
1.839700000000000000e+04 -1.209599991748746065e-02
1.840029999999999927e+04 -1.222754011587706344e-02
1.840359999999999854e+04 -1.235854083856105685e-02
1.840690000000000146e+04 -1.250151298514712121e-02
1.841020000000000073e+04 -1.259910826374090881e-02
1.841350000000000000e+04 -1.274164622329285526e-02
1.841679999999999927e+04 -1.288130647546624832e-02
1.842009999999999854e+04 -1.296564139236085558e-02
1.842340000000000146e+04 -1.307794514148656780e-02
1.842670000000000073e+04 -1.320182866158025464e-02
1.843000000000000000e+04 -1.331660097081103014e-02
1.843329999999999927e+04 -1.341885674226556135e-02
1.843659999999999854e+04 -1.347806005644574916e-02
1.843990000000000146e+04 -1.347676136491571426e-02
1.844320000000000073e+04 -1.356149177105122998e-02
1.844650000000000000e+04 -1.361549244468832250e-02
1.844979999999999927e+04 -1.373048555005407755e-02
1.845300000000000000e+04 -1.378385764942852143e-02
1.845629999999999927e+04 -1.384486971278778462e-02
1.845959999999999854e+04 -1.386129754651663042e-02
1.846290000000000146e+04 -1.387314319841143929e-02
1.846620000000000073e+04 -1.381933106506872018e-02
1.846950000000000000e+04 -1.383381109638623374e-02
1.847279999999999927e+04 -1.381305401547144526e-02
1.847609999999999854e+04 -1.373973756954040455e-02
1.847940000000000146e+04 -1.364888410606200989e-02
1.848270000000000073e+04 -1.361673883756768857e-02
1.848600000000000000e+04 -1.357852788574059541e-02
1.848929999999999927e+04 -1.354530032369915572e-02
1.849259999999999854e+04 -1.353502522235300147e-02
1.849590000000000146e+04 -1.348000302822134622e-02
1.849920000000000073e+04 -1.347027689775558319e-02
1.850250000000000000e+04 -1.347328334232162153e-02
1.850579999999999927e+04 -1.345000959686730620e-02
1.850909999999999854e+04 -1.346689844091281119e-02
1.851240000000000146e+04 -1.338097593020677253e-02
1.851570000000000073e+04 -1.324864658232302247e-02
1.851890000000000146e+04 -1.315443232872763428e-02
1.852220000000000073e+04 -1.307144228171708798e-02
1.852550000000000000e+04 -1.298706942849967017e-02
1.852879999999999927e+04 -1.290747862507908746e-02
1.853209999999999854e+04 -1.282533319378255550e-02
1.853540000000000146e+04 -1.274676370659967410e-02
1.853870000000000073e+04 -1.264929626827838993e-02
1.854200000000000000e+04 -1.256896847702966905e-02
1.854529999999999927e+04 -1.250334836877991899e-02
1.854859999999999854e+04 -1.237953168416306912e-02
1.855190000000000146e+04 -1.226668641853876501e-02
1.855520000000000073e+04 -1.214429846856514283e-02
1.855850000000000000e+04 -1.202951838097606266e-02
1.856179999999999927e+04 -1.189578894362164872e-02
1.856509999999999854e+04 -1.177326283101485550e-02
1.856840000000000146e+04 -1.164789079233710493e-02
1.857170000000000073e+04 -1.150378053391497984e-02
1.857500000000000000e+04 -1.138277552005694145e-02
1.857829999999999927e+04 -1.122725463451191771e-02
1.858150000000000000e+04 -1.106725804203387807e-02
1.858479999999999927e+04 -1.094749911739200006e-02
1.858809999999999854e+04 -1.078363863226764439e-02
1.859140000000000146e+04 -1.059779362064890498e-02
1.859470000000000073e+04 -1.043060646755267218e-02
1.859800000000000000e+04 -1.026391082355643941e-02
1.860129999999999927e+04 -1.007337128369146552e-02
1.860459999999999854e+04 -9.924443878086689971e-03
1.860790000000000146e+04 -9.732786973693188792e-03
1.861120000000000073e+04 -9.549381106255248539e-03
1.861450000000000000e+04 -9.357637003941576478e-03
1.861779999999999927e+04 -9.171102648244637209e-03
1.862109999999999854e+04 -8.981283445838735349e-03
1.862440000000000146e+04 -8.832685085254738874e-03
1.862770000000000073e+04 -8.607959501079832237e-03
1.863100000000000000e+04 -8.458937097178050035e-03
1.863429999999999927e+04 -8.291880176528905813e-03
1.863759999999999854e+04 -8.106615277362703292e-03
1.864090000000000146e+04 -7.955782508087053118e-03
1.864420000000000073e+04 -7.796493303157124230e-03
1.864740000000000146e+04 -7.633485296504932335e-03
1.865070000000000073e+04 -7.449270098522977994e-03
1.865400000000000000e+04 -7.262286436755322622e-03
1.865729999999999927e+04 -7.068247381694018130e-03
1.866059999999999854e+04 -6.838237657791259444e-03
1.866390000000000146e+04 -6.580068802934248284e-03
1.866720000000000073e+04 -6.300332244517456264e-03
1.867050000000000000e+04 -6.011860747809998767e-03
1.867379999999999927e+04 -5.733212479439619633e-03
1.867709999999999854e+04 -5.469927848272583548e-03
1.868040000000000146e+04 -5.238852170624908738e-03
1.868370000000000073e+04 -4.942098449941164859e-03
1.868700000000000000e+04 -4.628660705899492224e-03
1.869029999999999927e+04 -4.316461566231018405e-03
1.869359999999999854e+04 -3.950409715226558746e-03
1.869690000000000146e+04 -3.591502069839318679e-03
1.870020000000000073e+04 -3.278076647388622738e-03
1.870350000000000000e+04 -2.965267384941835081e-03
1.870679999999999927e+04 -2.602860449791969538e-03
1.871000000000000000e+04 -2.171886179732300699e-03
1.871329999999999927e+04 -1.817334544499309449e-03
1.871659999999999854e+04 -1.465774984464109174e-03
1.871990000000000146e+04 -1.113742981319755087e-03
1.872320000000000073e+04 -7.566227102278516624e-04
1.872650000000000000e+04 -3.928882888846219361e-04
1.872979999999999927e+04 -5.684013009341424953e-05
1.873309999999999854e+04 3.111886311378785075e-04
1.873640000000000146e+04 6.653791712512003003e-04
1.873970000000000073e+04 1.066309594436153172e-03
1.874300000000000000e+04 1.394760861139397734e-03
1.874629999999999927e+04 1.776946355555048896e-03
1.874959999999999854e+04 2.072569010977513403e-03
1.875290000000000146e+04 2.369794342173105976e-03
1.875620000000000073e+04 2.664110232937423172e-03
1.875950000000000000e+04 3.032283722268117911e-03
1.876279999999999927e+04 3.388958462021715665e-03
1.876609999999999854e+04 3.719250177466123294e-03
1.876940000000000146e+04 4.055965404026697432e-03
1.877270000000000073e+04 4.421273907298921627e-03
1.877590000000000146e+04 4.864263819521572746e-03
1.877920000000000073e+04 5.222684794520411275e-03
1.878250000000000000e+04 5.620673923700207110e-03
1.878579999999999927e+04 6.019185529489929146e-03
1.878909999999999854e+04 6.455593567097106175e-03
1.879240000000000146e+04 6.914852135853955667e-03
1.879570000000000073e+04 7.384438453810520525e-03
1.879900000000000000e+04 7.876259735587949964e-03
1.880229999999999927e+04 8.380986765140667830e-03
1.880559999999999854e+04 8.902573609755494791e-03
1.880890000000000146e+04 9.420600341180664777e-03
1.881220000000000073e+04 9.924182047820676381e-03
1.881550000000000000e+04 1.046291790631674080e-02
1.881879999999999927e+04 1.100051798366803030e-02
1.882209999999999854e+04 1.155051775533626028e-02
1.882540000000000146e+04 1.209015166431727344e-02
1.882870000000000073e+04 1.263216677337498581e-02
1.883200000000000000e+04 1.314668081748256341e-02
1.883529999999999927e+04 1.367744223365289363e-02
1.883859999999999854e+04 1.422213451656182369e-02
1.884179999999999927e+04 1.475226459727331518e-02
1.884509999999999854e+04 1.530826521735913041e-02
1.884840000000000146e+04 1.583867548171132011e-02
1.885170000000000073e+04 1.637990119389472893e-02
1.885500000000000000e+04 1.693236917101640510e-02
1.885829999999999927e+04 1.745670086701861176e-02
1.886159999999999854e+04 1.797203706422064243e-02
1.886490000000000146e+04 1.857153480757409506e-02
1.886820000000000073e+04 1.918175441917933932e-02
1.887150000000000000e+04 1.974124674841646124e-02
1.887479999999999927e+04 2.023255331544653035e-02
1.887809999999999854e+04 2.078580230570054033e-02
1.888140000000000146e+04 2.137755319300400567e-02
1.888470000000000073e+04 2.196928113838882840e-02
1.888800000000000000e+04 2.253472565170807490e-02
1.889129999999999927e+04 2.310324512568255259e-02
1.889459999999999854e+04 2.371821778440483947e-02
1.889790000000000146e+04 2.431918256711815274e-02
1.890120000000000073e+04 2.491787964765344865e-02
1.890440000000000146e+04 2.547375627461094527e-02
1.890770000000000073e+04 2.613404556509167295e-02
1.891100000000000000e+04 2.672564113534124999e-02
1.891429999999999927e+04 2.739750860194780160e-02
1.891759999999999854e+04 2.804924012790881507e-02
1.892090000000000146e+04 2.870897634992025660e-02
1.892420000000000073e+04 2.934321785738460905e-02
1.892750000000000000e+04 2.996867395951074639e-02
1.893079999999999927e+04 3.062451976038635393e-02
1.893409999999999854e+04 3.128129663181654363e-02
1.893740000000000146e+04 3.191142374137867499e-02
1.894070000000000073e+04 3.246702553983200901e-02
1.894400000000000000e+04 3.310741012226666585e-02
1.894729999999999927e+04 3.368127231856961334e-02
1.895059999999999854e+04 3.425796419549397009e-02
1.895390000000000146e+04 3.483088660258763097e-02
1.895720000000000073e+04 3.534896742163527034e-02
1.896050000000000000e+04 3.588424637018874930e-02
1.896379999999999927e+04 3.638797241488357648e-02
1.896709999999999854e+04 3.686676498202758057e-02
1.897029999999999927e+04 3.732110348273136313e-02
1.897359999999999854e+04 3.776937477918000663e-02
1.897690000000000146e+04 3.824870881696107450e-02
1.898020000000000073e+04 3.866740746409449286e-02
1.898350000000000000e+04 3.910383980807435184e-02
1.898679999999999927e+04 3.953311209760389938e-02
1.899009999999999854e+04 3.996127454860862183e-02
1.899340000000000146e+04 4.037347879366018355e-02
1.899670000000000073e+04 4.076796000647759516e-02
1.900000000000000000e+04 4.117960843049296715e-02
1.900329999999999927e+04 4.154498597945236599e-02
1.900659999999999854e+04 4.193750914625812148e-02
1.900990000000000146e+04 4.228297177588718342e-02
1.901320000000000073e+04 4.262217142799030328e-02
1.901650000000000000e+04 4.294739169131386175e-02
1.901979999999999927e+04 4.328812470486229774e-02
1.902309999999999854e+04 4.361512098741893162e-02
1.902640000000000146e+04 4.395387492140225699e-02
1.902970000000000073e+04 4.421396777888271512e-02
1.903290000000000146e+04 4.446077018226796823e-02
1.903620000000000073e+04 4.471994548305002065e-02
1.903950000000000000e+04 4.496450054252856127e-02
1.904279999999999927e+04 4.522496863226295460e-02
1.904609999999999854e+04 4.546299239941012371e-02
1.904940000000000146e+04 4.570461969126110580e-02
1.905270000000000073e+04 4.594289445027824326e-02
1.905600000000000000e+04 4.613840765199310467e-02
1.905929999999999927e+04 4.632973111916218606e-02
1.906259999999999854e+04 4.650374786756208967e-02
1.906590000000000146e+04 4.667486645441863008e-02
1.906920000000000073e+04 4.682968011682510368e-02
1.907250000000000000e+04 4.694806001366733789e-02
1.907579999999999927e+04 4.708534748568841272e-02
1.907909999999999854e+04 4.720755273940348273e-02
1.908240000000000146e+04 4.734165008290688176e-02
1.908570000000000073e+04 4.742974628235578638e-02
1.908900000000000000e+04 4.750208409519528913e-02
1.909229999999999927e+04 4.757561143247370644e-02
1.909559999999999854e+04 4.763803170693002575e-02
1.909879999999999927e+04 4.770915212630039842e-02
1.910209999999999854e+04 4.773477301582399607e-02
1.910540000000000146e+04 4.779187792667719675e-02
1.910870000000000073e+04 4.783929225299083515e-02
1.911200000000000000e+04 4.785873362332165176e-02
1.911529999999999927e+04 4.786485898953346529e-02
1.911859999999999854e+04 4.779932794592344630e-02
1.912190000000000146e+04 4.777399447672832367e-02
1.912520000000000073e+04 4.770265281936587887e-02
1.912850000000000000e+04 4.761309411381706158e-02
1.913179999999999927e+04 4.753867424262001734e-02
1.913509999999999854e+04 4.747333915244369290e-02
1.913840000000000146e+04 4.739103541904263889e-02
1.914170000000000073e+04 4.725652178666880227e-02
1.914500000000000000e+04 4.716118224714468260e-02
1.914829999999999927e+04 4.702835352381889295e-02
1.915159999999999854e+04 4.692152581234591141e-02
1.915490000000000146e+04 4.678302695702196007e-02
1.915820000000000073e+04 4.661651845563589969e-02
1.916140000000000146e+04 4.648532478391426831e-02
1.916470000000000073e+04 4.630276643650148988e-02
1.916800000000000000e+04 4.615432734778284612e-02
1.917129999999999927e+04 4.595313841951689099e-02
1.917459999999999854e+04 4.576116732112869151e-02
1.917790000000000146e+04 4.555485388292625226e-02
1.918120000000000073e+04 4.535616024838301508e-02
1.918450000000000000e+04 4.512980547474199772e-02
1.918779999999999927e+04 4.488365125013177998e-02
1.919109999999999854e+04 4.464145921459770211e-02
1.919440000000000146e+04 4.442928373778358420e-02
1.919770000000000073e+04 4.421464729072985267e-02
1.920100000000000000e+04 4.396655434113994065e-02
1.920429999999999927e+04 4.371472844513847600e-02
1.920759999999999854e+04 4.344701509054545857e-02
1.921090000000000146e+04 4.316303183730919868e-02
1.921420000000000073e+04 4.287356632572002224e-02
1.921750000000000000e+04 4.258763794591828578e-02
1.922079999999999927e+04 4.230698880008715995e-02
1.922409999999999854e+04 4.199144034172629797e-02
1.922729999999999927e+04 4.168100576371812360e-02
1.923059999999999854e+04 4.135240665578073654e-02
1.923390000000000146e+04 4.105947816093400565e-02
1.923720000000000073e+04 4.075863887361732413e-02
1.924050000000000000e+04 4.041146137559885332e-02
1.924379999999999927e+04 4.006742436656423462e-02
1.924709999999999854e+04 3.973637808307017155e-02
1.925040000000000146e+04 3.938826546494530317e-02
1.925370000000000073e+04 3.901380208181139814e-02
1.925700000000000000e+04 3.867591398845020290e-02
1.926029999999999927e+04 3.830677483061912386e-02
1.926359999999999854e+04 3.792945653746757767e-02
1.926690000000000146e+04 3.757844130440350650e-02
1.927020000000000073e+04 3.717470470453378140e-02
1.927350000000000000e+04 3.678739567146165068e-02
1.927679999999999927e+04 3.640466787245011382e-02
1.928009999999999854e+04 3.601919577202191552e-02
1.928340000000000146e+04 3.564679892140008854e-02
1.928670000000000073e+04 3.525503118971065608e-02
1.929000000000000000e+04 3.486806827103823558e-02
1.929320000000000073e+04 3.449492121924257332e-02
1.929650000000000000e+04 3.410527173060692169e-02
1.929979999999999927e+04 3.372020476881613937e-02
1.930309999999999854e+04 3.333844969491538135e-02
1.930640000000000146e+04 3.297107925722960603e-02
1.930970000000000073e+04 3.260862215187145668e-02
1.931300000000000000e+04 3.222498866882895358e-02
1.931629999999999927e+04 3.179592243625723597e-02
1.931959999999999854e+04 3.140427931406868794e-02
1.932290000000000146e+04 3.099857680280855565e-02
1.932620000000000073e+04 3.058425942851291865e-02
1.932950000000000000e+04 3.019760361845993252e-02
1.933279999999999927e+04 2.979259805983188597e-02
1.933609999999999854e+04 2.942004321676091813e-02
1.933940000000000146e+04 2.903456615137384872e-02
1.934270000000000073e+04 2.864896985100258420e-02
1.934600000000000000e+04 2.825505554019352300e-02
1.934929999999999927e+04 2.786522039559475444e-02
1.935259999999999854e+04 2.748246726855627445e-02
1.935579999999999927e+04 2.710670464450386924e-02
1.935909999999999854e+04 2.670550510158106045e-02
1.936240000000000146e+04 2.630287916608179885e-02
1.936570000000000073e+04 2.591873491210245489e-02
1.936900000000000000e+04 2.554312334759597375e-02
1.937229999999999927e+04 2.515115333260392605e-02
1.937559999999999854e+04 2.476487849319603668e-02
1.937890000000000146e+04 2.438297846795785956e-02
1.938220000000000073e+04 2.399969438876567093e-02
1.938550000000000000e+04 2.363371482550080671e-02
1.938879999999999927e+04 2.328607516840263195e-02
1.939209999999999854e+04 2.291655496960665409e-02
1.939540000000000146e+04 2.256293348107900332e-02
1.939870000000000073e+04 2.219065386390546568e-02
1.940200000000000000e+04 2.181579697813607055e-02
1.940529999999999927e+04 2.146801773010726874e-02
1.940859999999999854e+04 2.112540753198493756e-02
1.941190000000000146e+04 2.076104917162315336e-02
1.941520000000000073e+04 2.042746709067547531e-02
1.941850000000000000e+04 2.008749015143340352e-02
1.942170000000000073e+04 1.972267309827547416e-02
1.942500000000000000e+04 1.937773172677952765e-02
1.942829999999999927e+04 1.903965574760759297e-02
1.943159999999999854e+04 1.870940978912517122e-02
1.943490000000000146e+04 1.838360954438122280e-02
1.943820000000000073e+04 1.804368605137700310e-02
1.944150000000000000e+04 1.771590483790377868e-02
1.944479999999999927e+04 1.739251161435049695e-02
1.944809999999999854e+04 1.708764393306520454e-02
1.945140000000000146e+04 1.677939263317202584e-02
1.945470000000000073e+04 1.647657358519981352e-02
1.945800000000000000e+04 1.618864590501436010e-02
1.946129999999999927e+04 1.589991308343195395e-02
1.946459999999999854e+04 1.560284330237427138e-02
1.946790000000000146e+04 1.530224461466150876e-02
1.947120000000000073e+04 1.501800327189018770e-02
1.947450000000000000e+04 1.471147585243853979e-02
1.947779999999999927e+04 1.445259531772067826e-02
1.948109999999999854e+04 1.417343262770311661e-02
1.948429999999999927e+04 1.387856284825130654e-02
1.948759999999999854e+04 1.364225437846992330e-02
1.949090000000000146e+04 1.338753094146103058e-02
1.949420000000000073e+04 1.309866536563067570e-02
1.949750000000000000e+04 1.282890574042129528e-02
1.950079999999999927e+04 1.254977396783870693e-02
1.950409999999999854e+04 1.227005169163778060e-02
1.950740000000000146e+04 1.200922012152908294e-02
1.951070000000000073e+04 1.174046438815304176e-02
1.951400000000000000e+04 1.144845384619193850e-02
1.951729999999999927e+04 1.117425205028691956e-02
1.952059999999999854e+04 1.090582680426710471e-02
1.952390000000000146e+04 1.066283776842720694e-02
1.952720000000000073e+04 1.040565343778055221e-02
1.953050000000000000e+04 1.015409039784583890e-02
1.953379999999999927e+04 9.899221660463445802e-03
1.953709999999999854e+04 9.673125715640721461e-03
1.954040000000000146e+04 9.432630777355411819e-03
1.954370000000000073e+04 9.160028382283245604e-03
1.954700000000000000e+04 8.896794711831426672e-03
1.955020000000000073e+04 8.643237488189389750e-03
1.955350000000000000e+04 8.379788147938781878e-03
1.955679999999999927e+04 8.126023642757064167e-03
1.956009999999999854e+04 7.868893832618248721e-03
1.956340000000000146e+04 7.603248246884734829e-03
1.956670000000000073e+04 7.360545183171606810e-03
1.957000000000000000e+04 7.120470709118956534e-03
1.957329999999999927e+04 6.877973539484170777e-03
1.957659999999999854e+04 6.631561476998576281e-03
1.957990000000000146e+04 6.392446656542941086e-03
1.958320000000000073e+04 6.180638345885087516e-03
1.958650000000000000e+04 5.966882825985896609e-03
1.958979999999999927e+04 5.749623035575236046e-03
1.959309999999999854e+04 5.533253446097783843e-03
1.959640000000000146e+04 5.311818322725416971e-03
1.959970000000000073e+04 5.096439579547391331e-03
1.960300000000000000e+04 4.885864287962459612e-03
1.960629999999999927e+04 4.685215097439339969e-03
1.960959999999999854e+04 4.467077581994065641e-03
1.961290000000000146e+04 4.267242670420187331e-03
1.961609999999999854e+04 4.070503726555114304e-03
1.961940000000000146e+04 3.869056827965380776e-03
1.962270000000000073e+04 3.652911181816768677e-03
1.962600000000000000e+04 3.442428013716843180e-03
1.962929999999999927e+04 3.243938160348760341e-03
1.963259999999999854e+04 3.061935470552884422e-03
1.963590000000000146e+04 2.869011345669127307e-03
1.963920000000000073e+04 2.659418325017760300e-03
1.964250000000000000e+04 2.442176742102425847e-03
1.964579999999999927e+04 2.243792836347515210e-03
1.964909999999999854e+04 2.044249141125404051e-03
1.965240000000000146e+04 1.819828457905304933e-03
1.965570000000000073e+04 1.630686088542083068e-03
1.965900000000000000e+04 1.468826423576217620e-03
1.966229999999999927e+04 1.304247785635754718e-03
1.966559999999999854e+04 1.126380837216833797e-03
1.966890000000000146e+04 9.579702476355866697e-04
1.967220000000000073e+04 7.857876065564399796e-04
1.967550000000000000e+04 6.200920824346940925e-04
1.967870000000000073e+04 4.727902792305964949e-04
1.968200000000000000e+04 3.448983596827677315e-04
1.968529999999999927e+04 1.874616177148827844e-04
1.968859999999999854e+04 4.208535996836915296e-05
1.969190000000000146e+04 -8.287722849124805704e-05
1.969520000000000073e+04 -2.328334241313831160e-04
1.969850000000000000e+04 -3.643436884487027136e-04
1.970179999999999927e+04 -5.083107657754924865e-04
1.970509999999999854e+04 -6.562872084781184220e-04
1.970840000000000146e+04 -7.895877078160355072e-04
1.971170000000000073e+04 -9.204256371432348706e-04
1.971500000000000000e+04 -1.052136699408961909e-03
1.971829999999999927e+04 -1.180334566660103720e-03
1.972159999999999854e+04 -1.264616879552532677e-03
1.972490000000000146e+04 -1.346034933720517647e-03
1.972820000000000073e+04 -1.460570336277932377e-03
1.973150000000000000e+04 -1.591587252922369890e-03
1.973479999999999927e+04 -1.713263681895221087e-03
1.973809999999999854e+04 -1.837044838090323836e-03
1.974140000000000146e+04 -1.949113564719896861e-03
1.974459999999999854e+04 -2.067457147674300281e-03
1.974790000000000146e+04 -2.170024151906935813e-03
1.975120000000000073e+04 -2.270292070548016791e-03
1.975450000000000000e+04 -2.352609320585819907e-03
1.975779999999999927e+04 -2.435976793016906769e-03
1.976109999999999854e+04 -2.539966848493644975e-03
1.976440000000000146e+04 -2.638683904899514002e-03
1.976770000000000073e+04 -2.747838983080861351e-03
1.977100000000000000e+04 -2.868306026542975871e-03
1.977429999999999927e+04 -2.953105826706112561e-03
1.977759999999999854e+04 -3.077845539639293380e-03
1.978090000000000146e+04 -3.190464116292457929e-03
1.978420000000000073e+04 -3.301699138042922099e-03
1.978750000000000000e+04 -3.387028300090063736e-03
1.979079999999999927e+04 -3.522849252596327741e-03
1.979409999999999854e+04 -3.605014615055705286e-03
1.979740000000000146e+04 -3.685300914994950761e-03
1.980070000000000073e+04 -3.779087425245940875e-03
1.980400000000000000e+04 -3.856220238575899534e-03
1.980720000000000073e+04 -3.935271532915136233e-03
1.981050000000000000e+04 -3.977642443958643269e-03
1.981379999999999927e+04 -4.019975537876606386e-03
1.981709999999999854e+04 -4.099474640619896193e-03
1.982040000000000146e+04 -4.159052762881081111e-03
1.982370000000000073e+04 -4.217070083868901254e-03
1.982700000000000000e+04 -4.288803702839793196e-03
1.983029999999999927e+04 -4.342881028942176605e-03
1.983359999999999854e+04 -4.372213762646827429e-03
1.983690000000000146e+04 -4.430986547833574984e-03
1.984020000000000073e+04 -4.463836492306983046e-03
1.984350000000000000e+04 -4.523958910621570136e-03
1.984679999999999927e+04 -4.584096631750727430e-03
1.985009999999999854e+04 -4.650087941211747226e-03
1.985340000000000146e+04 -4.721967820910512835e-03
1.985670000000000073e+04 -4.819976904929439664e-03
1.986000000000000000e+04 -4.898859562638031850e-03
1.986329999999999927e+04 -4.994584484445696061e-03
1.986659999999999854e+04 -5.046328276226415104e-03
1.986990000000000146e+04 -5.078832514547984220e-03
1.987309999999999854e+04 -5.103946686954066378e-03
1.987640000000000146e+04 -5.151664383712143899e-03
1.987970000000000073e+04 -5.222459737510648514e-03
1.988300000000000000e+04 -5.245732675716660055e-03
1.988629999999999927e+04 -5.334231391706421681e-03
1.988959999999999854e+04 -5.430538912983308257e-03
1.989290000000000146e+04 -5.460928326925704700e-03
1.989620000000000073e+04 -5.462374166784226062e-03
1.989950000000000000e+04 -5.466358369413651733e-03
1.990279999999999927e+04 -5.481236306266760658e-03
1.990609999999999854e+04 -5.508626190559998310e-03
1.990940000000000146e+04 -5.521162882001305790e-03
1.991270000000000073e+04 -5.595936583571882797e-03
1.991600000000000000e+04 -5.617537640862120020e-03
1.991929999999999927e+04 -5.667910202729320272e-03
1.992259999999999854e+04 -5.705734633501278845e-03
1.992590000000000146e+04 -5.730572042202621355e-03
