1.716800000000000000e+04 5.456663453813988176e-04
1.717129999999999927e+04 5.511185976190118583e-04
1.717459999999999854e+04 5.487694054581179846e-04
1.717790000000000146e+04 5.427280596558292387e-04
1.718120000000000073e+04 5.468204015012270670e-04
1.718450000000000000e+04 5.353619925599179766e-04
1.718779999999999927e+04 5.542590314075390929e-04
1.719109999999999854e+04 5.536712116945283809e-04
1.719440000000000146e+04 5.603507729698834535e-04
1.719770000000000073e+04 5.662525935247276826e-04
1.720100000000000000e+04 5.545337170571053818e-04
1.720429999999999927e+04 5.545047926758684548e-04
1.720759999999999854e+04 5.551745706773222053e-04
1.721090000000000146e+04 5.599104886739899971e-04
1.721420000000000073e+04 5.437448742120272894e-04
1.721750000000000000e+04 5.430686241927642740e-04
1.722079999999999927e+04 5.364836189461977137e-04
1.722409999999999854e+04 5.386190826176702473e-04
1.722729999999999927e+04 5.552413659114862699e-04
1.723059999999999854e+04 5.574744313682583564e-04
1.723390000000000146e+04 5.549769044151584268e-04
1.723720000000000073e+04 5.583936847191630064e-04
1.724050000000000000e+04 5.657805954237633481e-04
1.724379999999999927e+04 5.624237362421691646e-04
1.724709999999999854e+04 5.613882223245051728e-04
1.725040000000000146e+04 5.692841958338400090e-04
1.725370000000000073e+04 5.800333135721119420e-04
1.725700000000000000e+04 5.809625237682011995e-04
1.726029999999999927e+04 5.812859217383657164e-04
1.726359999999999854e+04 5.833715072729353090e-04
1.726690000000000146e+04 6.008686941638823617e-04
1.727020000000000073e+04 6.088476968555814111e-04
1.727350000000000000e+04 6.122816497862699310e-04
1.727679999999999927e+04 6.156176976990395452e-04
1.728009999999999854e+04 6.270458491045970834e-04
1.728340000000000146e+04 6.261341620290718874e-04
1.728670000000000073e+04 6.327520232212396987e-04
1.729000000000000000e+04 6.353388427144764832e-04
1.729320000000000073e+04 6.404994149463024648e-04
1.729650000000000000e+04 6.510704316812523885e-04
1.729979999999999927e+04 6.623264498049983434e-04
1.730309999999999854e+04 6.685744534181001708e-04
1.730640000000000146e+04 6.647693180131754222e-04
1.730970000000000073e+04 6.692343709762648947e-04
1.731300000000000000e+04 6.763842235559152424e-04
1.731629999999999927e+04 6.800247127949713690e-04
1.731959999999999854e+04 6.788515967376023211e-04
1.732290000000000146e+04 6.879829209959857075e-04
1.732620000000000073e+04 6.895324648528887912e-04
1.732950000000000000e+04 6.888930161824540236e-04
1.733279999999999927e+04 6.947127695757302889e-04
1.733609999999999854e+04 6.916153624147761657e-04
1.733940000000000146e+04 6.917545671172012269e-04
1.734270000000000073e+04 7.041214181712247963e-04
1.734600000000000000e+04 7.057151308997006807e-04
1.734929999999999927e+04 7.079503783440254305e-04
1.735259999999999854e+04 6.994073984880593703e-04
1.735579999999999927e+04 7.075559233482330620e-04
1.735909999999999854e+04 7.004631689474741935e-04
1.736240000000000146e+04 6.976625279517943050e-04
1.736570000000000073e+04 6.964069495334958846e-04
1.736900000000000000e+04 6.978968842990483082e-04
1.737229999999999927e+04 6.917302246422651771e-04
1.737559999999999854e+04 6.941478239928289317e-04
1.737890000000000146e+04 6.955230535187417133e-04
1.738220000000000073e+04 7.001708496592841868e-04
1.738550000000000000e+04 6.978248712131029539e-04
1.738879999999999927e+04 7.024057297588810582e-04
1.739209999999999854e+04 7.041265541890546868e-04
1.739540000000000146e+04 7.042655346332942672e-04
1.739870000000000073e+04 6.988922751499169594e-04
1.740200000000000000e+04 6.957304391080198916e-04
1.740529999999999927e+04 6.940664015999151257e-04
1.740859999999999854e+04 6.955534106586178014e-04
1.741190000000000146e+04 7.005649222265432699e-04
1.741520000000000073e+04 7.081152144084695409e-04
1.741850000000000000e+04 7.086323023976331395e-04
1.742170000000000073e+04 7.088769442471364209e-04
1.742500000000000000e+04 7.096959385457265838e-04
1.742829999999999927e+04 7.047214997426253782e-04
1.743159999999999854e+04 6.917974147807002009e-04
1.743490000000000146e+04 6.836858535956759787e-04
1.743820000000000073e+04 6.821921248023039928e-04
1.744150000000000000e+04 6.842104684619177866e-04
1.744479999999999927e+04 6.806490058590973545e-04
1.744809999999999854e+04 6.855816963631553929e-04
1.745140000000000146e+04 6.802232665025243494e-04
1.745470000000000073e+04 6.800698927842018697e-04
1.745800000000000000e+04 6.794490387301350314e-04
1.746129999999999927e+04 6.663819050709178038e-04
1.746459999999999854e+04 6.645981892266252227e-04
1.746790000000000146e+04 6.672718940425162231e-04
1.747120000000000073e+04 6.682243672186415941e-04
1.747450000000000000e+04 6.656970545423024571e-04
1.747779999999999927e+04 6.642420823550050863e-04
1.748109999999999854e+04 6.566375006919418543e-04
1.748429999999999927e+04 6.592980253757984698e-04
1.748759999999999854e+04 6.539132564179830909e-04
1.749090000000000146e+04 6.578080273993635544e-04
1.749420000000000073e+04 6.589318378844552558e-04
1.749750000000000000e+04 6.483296050302642848e-04
1.750079999999999927e+04 6.440607322573735621e-04
1.750409999999999854e+04 6.402293947355105260e-04
1.750740000000000146e+04 6.451934279264396862e-04
1.751070000000000073e+04 6.487751403876674009e-04
1.751400000000000000e+04 6.564474077329552531e-04
1.751729999999999927e+04 6.579299884217688259e-04
1.752059999999999854e+04 6.501012176940091291e-04
1.752390000000000146e+04 6.528961836772797980e-04
1.752720000000000073e+04 6.559582596900722859e-04
1.753050000000000000e+04 6.624622114253588294e-04
1.753379999999999927e+04 6.586567034740118754e-04
1.753709999999999854e+04 6.596941396405363875e-04
1.754040000000000146e+04 6.577109180685163266e-04
1.754370000000000073e+04 6.527604440321482402e-04
1.754700000000000000e+04 6.485940674510023074e-04
1.755020000000000073e+04 6.537171809911353302e-04
1.755350000000000000e+04 6.556730492105429303e-04
1.755679999999999927e+04 6.552257490386700130e-04
1.756009999999999854e+04 6.562873716737091436e-04
1.756340000000000146e+04 6.597053423210619185e-04
1.756670000000000073e+04 6.620320352162851899e-04
1.757000000000000000e+04 6.633907370120920109e-04
1.757329999999999927e+04 6.676006228606293572e-04
1.757659999999999854e+04 6.652178495319305447e-04
1.757990000000000146e+04 6.586613379465804975e-04
1.758320000000000073e+04 6.598695787316626298e-04
1.758650000000000000e+04 6.614726010676140553e-04
1.758979999999999927e+04 6.617925671965832349e-04
1.759309999999999854e+04 6.718643452144072888e-04
1.759640000000000146e+04 6.853740539703095458e-04
1.759970000000000073e+04 6.954191168581248111e-04
1.760300000000000000e+04 7.108757493641625460e-04
1.760629999999999927e+04 7.178030293663960728e-04
1.760959999999999854e+04 7.229556249184895204e-04
1.761290000000000146e+04 7.169956016760076298e-04
1.761609999999999854e+04 7.179859969564588796e-04
1.761940000000000146e+04 7.202290675189569700e-04
1.762270000000000073e+04 7.216885351910700156e-04
1.762600000000000000e+04 7.298129959331681139e-04
1.762929999999999927e+04 7.306509235200359499e-04
1.763259999999999854e+04 7.357211978492282645e-04
1.763590000000000146e+04 7.403204966822542850e-04
1.763920000000000073e+04 7.483600946182305657e-04
1.764250000000000000e+04 7.487620188783846798e-04
1.764579999999999927e+04 7.527697151508846128e-04
1.764909999999999854e+04 7.571954651699052026e-04
1.765240000000000146e+04 7.611422313044883918e-04
1.765570000000000073e+04 7.557578660047102386e-04
1.765900000000000000e+04 7.622209278531726345e-04
1.766229999999999927e+04 7.738636637998303836e-04
1.766559999999999854e+04 7.790922257149239657e-04
1.766890000000000146e+04 7.876786214885889885e-04
1.767220000000000073e+04 7.897716843356976857e-04
1.767550000000000000e+04 7.905320865795220208e-04
1.767870000000000073e+04 7.851335254819491113e-04
1.768200000000000000e+04 7.886153502908700924e-04
1.768529999999999927e+04 7.941518791613835521e-04
1.768859999999999854e+04 7.936641317804496399e-04
1.769190000000000146e+04 7.932467242634058148e-04
1.769520000000000073e+04 7.991516573335446984e-04
1.769850000000000000e+04 8.058538368909152214e-04
1.770179999999999927e+04 8.080009641627665688e-04
1.770509999999999854e+04 8.188900797348485673e-04
1.770840000000000146e+04 8.272491507677663886e-04
1.771170000000000073e+04 8.413220706688314971e-04
1.771500000000000000e+04 8.455765184940762427e-04
1.771829999999999927e+04 8.489554989195355469e-04
1.772159999999999854e+04 8.580291943477909604e-04
1.772490000000000146e+04 8.612556731674038792e-04
1.772820000000000073e+04 8.666385315666858295e-04
1.773150000000000000e+04 8.772815309064068822e-04
1.773479999999999927e+04 8.811221293867752989e-04
1.773809999999999854e+04 8.792056188180695769e-04
1.774140000000000146e+04 8.854362688338435032e-04
1.774459999999999854e+04 8.963300995556299942e-04
1.774790000000000146e+04 9.048285600412183608e-04
1.775120000000000073e+04 9.153373690502202963e-04
1.775450000000000000e+04 9.291067129132393656e-04
1.775779999999999927e+04 9.340340414083346966e-04
1.776109999999999854e+04 9.343982262845207647e-04
1.776440000000000146e+04 9.398216692442924432e-04
1.776770000000000073e+04 9.399431479585063911e-04
1.777100000000000000e+04 9.417351077173517163e-04
1.777429999999999927e+04 9.450661028285840207e-04
1.777759999999999854e+04 9.552808962405460536e-04
1.778090000000000146e+04 9.638992558946881924e-04
1.778420000000000073e+04 9.697151744665421331e-04
1.778750000000000000e+04 9.810060853437749945e-04
1.779079999999999927e+04 9.872387636738128632e-04
1.779409999999999854e+04 9.939548036398911969e-04
1.779740000000000146e+04 1.003865236036117136e-03
1.780070000000000073e+04 1.012524742242349720e-03
1.780400000000000000e+04 1.019685008393674853e-03
1.780720000000000073e+04 1.024472925335154216e-03
1.781050000000000000e+04 1.033867193132142820e-03
1.781379999999999927e+04 1.045746700823945927e-03
1.781709999999999854e+04 1.052453133819862812e-03
1.782040000000000146e+04 1.071707744352356747e-03
1.782370000000000073e+04 1.073678676466431701e-03
1.782700000000000000e+04 1.078851383546678821e-03
1.783029999999999927e+04 1.091370059022132811e-03
1.783359999999999854e+04 1.098238057618513338e-03
1.783690000000000146e+04 1.105063125675110605e-03
1.784020000000000073e+04 1.111058193826473589e-03
1.784350000000000000e+04 1.122738197628298136e-03
1.784679999999999927e+04 1.133069661819320487e-03
1.785009999999999854e+04 1.140991754142856723e-03
1.785340000000000146e+04 1.152941505898867278e-03
1.785670000000000073e+04 1.165684766433656289e-03
1.786000000000000000e+04 1.175089905549861046e-03
1.786329999999999927e+04 1.178978179517498536e-03
1.786659999999999854e+04 1.191484109509742886e-03
1.786990000000000146e+04 1.196781303504667205e-03
1.787309999999999854e+04 1.201754525498151477e-03
1.787640000000000146e+04 1.204872498125722589e-03
1.787970000000000073e+04 1.214481251888030510e-03
1.788300000000000000e+04 1.224407893708991417e-03
1.788629999999999927e+04 1.228861180991749512e-03
1.788959999999999854e+04 1.234963317290494822e-03
1.789290000000000146e+04 1.242721476757608669e-03
1.789620000000000073e+04 1.243547885334252102e-03
1.789950000000000000e+04 1.252832447524726642e-03
1.790279999999999927e+04 1.261691096648787612e-03
1.790609999999999854e+04 1.267598738533555480e-03
1.790940000000000146e+04 1.270123823295874138e-03
1.791270000000000073e+04 1.268048560475485385e-03
1.791600000000000000e+04 1.269121999763826638e-03
1.791929999999999927e+04 1.269519517632793819e-03
1.792259999999999854e+04 1.272449177464242236e-03
1.792590000000000146e+04 1.275655322019292846e-03
1.792920000000000073e+04 1.275519618382215791e-03
1.793250000000000000e+04 1.277863128526936665e-03
1.793570000000000073e+04 1.282164352903130463e-03
1.793900000000000000e+04 1.288770866411264844e-03
1.794229999999999927e+04 1.295348222849229940e-03
1.794559999999999854e+04 1.305765552723517527e-03
1.794890000000000146e+04 1.314581997239321499e-03
1.795220000000000073e+04 1.319453746873982744e-03
1.795550000000000000e+04 1.327077972505136825e-03
1.795879999999999927e+04 1.332902753030674450e-03
1.796209999999999854e+04 1.333217191808103294e-03
1.796540000000000146e+04 1.338474871597391570e-03
1.796870000000000073e+04 1.337454153180629495e-03
1.797200000000000000e+04 1.340911792034295540e-03
1.797529999999999927e+04 1.342848786961254844e-03
1.797859999999999854e+04 1.345462951136552074e-03
1.798190000000000146e+04 1.351599332319607149e-03
1.798520000000000073e+04 1.348902881119400229e-03
1.798850000000000000e+04 1.357658614879216638e-03
1.799179999999999927e+04 1.364037435451035491e-03
1.799509999999999854e+04 1.375172353548666931e-03
1.799840000000000146e+04 1.373430445253341495e-03
1.800159999999999854e+04 1.371778233728770209e-03
1.800490000000000146e+04 1.383130386817508356e-03
1.800820000000000073e+04 1.385122245976887646e-03
1.801150000000000000e+04 1.400150722365284088e-03
1.801479999999999927e+04 1.407993036399294564e-03
1.801809999999999854e+04 1.417040076469617800e-03
1.802140000000000146e+04 1.424199101899765009e-03
1.802470000000000073e+04 1.434653423333155783e-03
1.802800000000000000e+04 1.443234309482240452e-03
1.803129999999999927e+04 1.444399725737003336e-03
1.803459999999999854e+04 1.445242739767766803e-03
1.803790000000000146e+04 1.451512458352122604e-03
1.804120000000000073e+04 1.466923202522190392e-03
1.804450000000000000e+04 1.465654455034456124e-03
1.804779999999999927e+04 1.479120312457777751e-03
1.805109999999999854e+04 1.482514530626064886e-03
1.805440000000000146e+04 1.486922384591020168e-03
1.805770000000000073e+04 1.489811639622806933e-03
1.806100000000000000e+04 1.491260066970950598e-03
1.806429999999999927e+04 1.499524271691254690e-03
1.806750000000000000e+04 1.503880542516856499e-03
1.807079999999999927e+04 1.499647828737177193e-03
1.807409999999999854e+04 1.500166676006882025e-03
1.807740000000000146e+04 1.495917941930450992e-03
1.808070000000000073e+04 1.503577887249210598e-03
1.808400000000000000e+04 1.504900994106177572e-03
1.808729999999999927e+04 1.509010850312203977e-03
1.809059999999999854e+04 1.517350477905533498e-03
1.809390000000000146e+04 1.519084296699033804e-03
1.809720000000000073e+04 1.521863268924816695e-03
1.810050000000000000e+04 1.516962377672078028e-03
1.810379999999999927e+04 1.514269671821937653e-03
1.810709999999999854e+04 1.506309993437882685e-03
1.811040000000000146e+04 1.496121420198048228e-03
1.811370000000000073e+04 1.483008877070734468e-03
1.811700000000000000e+04 1.476234720211757516e-03
1.812029999999999927e+04 1.484874239954968398e-03
1.812359999999999854e+04 1.483668437501736064e-03
1.812690000000000146e+04 1.488197239051138173e-03
1.813009999999999854e+04 1.485893958485269084e-03
1.813340000000000146e+04 1.493397008231067344e-03
1.813670000000000073e+04 1.488827960257003763e-03
1.814000000000000000e+04 1.483177292523523002e-03
1.814329999999999927e+04 1.476151082969889188e-03
1.814659999999999854e+04 1.478278307378999611e-03
1.814990000000000146e+04 1.474635975893502258e-03
1.815320000000000073e+04 1.467497737312843491e-03
1.815650000000000000e+04 1.468424189703633302e-03
1.815979999999999927e+04 1.453324144551056433e-03
1.816309999999999854e+04 1.456177224347430296e-03
1.816640000000000146e+04 1.461194485786122561e-03
1.816970000000000073e+04 1.450101628107819743e-03
1.817300000000000000e+04 1.447929051474036114e-03
1.817629999999999927e+04 1.433181113612983339e-03
1.817959999999999854e+04 1.427714551423668078e-03
1.818290000000000146e+04 1.446572686180862266e-03
1.818620000000000073e+04 1.456162829075003740e-03
1.818950000000000000e+04 1.452083607388086287e-03
1.819279999999999927e+04 1.453393996510026279e-03
1.819600000000000000e+04 1.458094986246344848e-03
1.819929999999999927e+04 1.464015600954532599e-03
1.820259999999999854e+04 1.474474676265318624e-03
1.820590000000000146e+04 1.467694456844617981e-03
1.820920000000000073e+04 1.470189273142534416e-03
1.821250000000000000e+04 1.450655442608243372e-03
1.821579999999999927e+04 1.447912814159215940e-03
1.821909999999999854e+04 1.451311974638960734e-03
1.822240000000000146e+04 1.467002335566474367e-03
1.822570000000000073e+04 1.479231523844686935e-03
1.822900000000000000e+04 1.501335967280978531e-03
1.823229999999999927e+04 1.528160953363248784e-03
1.823559999999999854e+04 1.551572387012562382e-03
1.823890000000000146e+04 1.566933685582855415e-03
1.824220000000000073e+04 1.604219545167169698e-03
1.824550000000000000e+04 1.637986424598461771e-03
1.824879999999999927e+04 1.662902641048868025e-03
1.825209999999999854e+04 1.675279866483839761e-03
1.825540000000000146e+04 1.687088218908330047e-03
1.825859999999999854e+04 1.711181984821671031e-03
1.826190000000000146e+04 1.730437476989475729e-03
1.826520000000000073e+04 1.770468318193501797e-03
1.826850000000000000e+04 1.803201137964369899e-03
1.827179999999999927e+04 1.844227266659649372e-03
1.827509999999999854e+04 1.883440372787946676e-03
1.827840000000000146e+04 1.929480698565943717e-03
1.828170000000000073e+04 1.966573814940540503e-03
1.828500000000000000e+04 1.989629071147753624e-03
1.828829999999999927e+04 2.033051242564536728e-03
1.829159999999999854e+04 2.057538393211627136e-03
1.829490000000000146e+04 2.103017016645805388e-03
1.829820000000000073e+04 2.128064090046928505e-03
1.830150000000000000e+04 2.169108269139203432e-03
1.830479999999999927e+04 2.223137921103799167e-03
1.830809999999999854e+04 2.250068584017111181e-03
1.831140000000000146e+04 2.261345582998764824e-03
1.831470000000000073e+04 2.297772712476184830e-03
1.831800000000000000e+04 2.318540985491602396e-03
1.832129999999999927e+04 2.344539749022814343e-03
1.832450000000000000e+04 2.361323883862098336e-03
1.832779999999999927e+04 2.375823184810707100e-03
1.833109999999999854e+04 2.411973138840096953e-03
1.833440000000000146e+04 2.437162661256623338e-03
1.833770000000000073e+04 2.463319960741072474e-03
1.834100000000000000e+04 2.498942859663619894e-03
1.834429999999999927e+04 2.508727145294904672e-03
1.834759999999999854e+04 2.516257664233164174e-03
1.835090000000000146e+04 2.539633339547488558e-03
1.835420000000000073e+04 2.572578129337655013e-03
1.835750000000000000e+04 2.612387244983639580e-03
1.836079999999999927e+04 2.654874432421161588e-03
1.836409999999999854e+04 2.689379467868138317e-03
1.836740000000000146e+04 2.709096644993600443e-03
1.837070000000000073e+04 2.757372267331105291e-03
1.837400000000000000e+04 2.802332331873970839e-03
1.837729999999999927e+04 2.849794389652574207e-03
1.838059999999999854e+04 2.886537039805750927e-03
1.838390000000000146e+04 2.931460188236225967e-03
1.838709999999999854e+04 2.956016842595194250e-03
1.839040000000000146e+04 2.991994878859741049e-03
1.839370000000000073e+04 3.003894263967364902e-03
1.839700000000000000e+04 3.027423658381240591e-03
1.840029999999999927e+04 3.056371593059366374e-03
1.840359999999999854e+04 3.107080426750623466e-03
1.840690000000000146e+04 3.140456437038462948e-03
1.841020000000000073e+04 3.155146984710486494e-03
1.841350000000000000e+04 3.193320670714430969e-03
1.841679999999999927e+04 3.235351540482519876e-03
1.842009999999999854e+04 3.263754802017256648e-03
1.842340000000000146e+04 3.303093631636680027e-03
1.842670000000000073e+04 3.338849677919233407e-03
1.843000000000000000e+04 3.361999918783365425e-03
1.843329999999999927e+04 3.385391393579048874e-03
1.843659999999999854e+04 3.418607621320342987e-03
1.843990000000000146e+04 3.454463492915074707e-03
1.844320000000000073e+04 3.491774555864700629e-03
1.844650000000000000e+04 3.532334205981241867e-03
1.844979999999999927e+04 3.574715711186096136e-03
1.845300000000000000e+04 3.591505816083537597e-03
1.845629999999999927e+04 3.617216089081433557e-03
1.845959999999999854e+04 3.608218891821996736e-03
1.846290000000000146e+04 3.650636342248384219e-03
1.846620000000000073e+04 3.638970525997381553e-03
1.846950000000000000e+04 3.636069653405825126e-03
1.847279999999999927e+04 3.662637500557896185e-03
1.847609999999999854e+04 3.683135641774234158e-03
1.847940000000000146e+04 3.681184121067790447e-03
1.848270000000000073e+04 3.688090604797846558e-03
1.848600000000000000e+04 3.693473689216179422e-03
1.848929999999999927e+04 3.715738232878750252e-03
1.849259999999999854e+04 3.738259078798704827e-03
1.849590000000000146e+04 3.739774242781318883e-03
1.849920000000000073e+04 3.779971551411723165e-03
1.850250000000000000e+04 3.820726555579966131e-03
1.850579999999999927e+04 3.864531935926051112e-03
1.850909999999999854e+04 3.931747845739729311e-03
1.851240000000000146e+04 3.946759600298779640e-03
1.851570000000000073e+04 3.945818087002770681e-03
1.851890000000000146e+04 3.954561007470591520e-03
1.852220000000000073e+04 3.969065395653917534e-03
1.852550000000000000e+04 3.993959875526442195e-03
1.852879999999999927e+04 4.031424510137653072e-03
1.853209999999999854e+04 4.074901885158206845e-03
1.853540000000000146e+04 4.106008451630158151e-03
1.853870000000000073e+04 4.151432904183212716e-03
1.854200000000000000e+04 4.204148374724086396e-03
1.854529999999999927e+04 4.275489908667176597e-03
1.854859999999999854e+04 4.298871807969928925e-03
1.855190000000000146e+04 4.360547542230730142e-03
1.855520000000000073e+04 4.429136538018897847e-03
1.855850000000000000e+04 4.497702926398960271e-03
1.856179999999999927e+04 4.563072572636673804e-03
1.856509999999999854e+04 4.610904016453305602e-03
1.856840000000000146e+04 4.662365738765539107e-03
1.857170000000000073e+04 4.678590175977884007e-03
1.857500000000000000e+04 4.725118279896895965e-03
1.857829999999999927e+04 4.788512615686661353e-03
1.858150000000000000e+04 4.826696542711777539e-03
1.858479999999999927e+04 4.872853679265458024e-03
1.858809999999999854e+04 4.900574172358761367e-03
1.859140000000000146e+04 4.951512816932497271e-03
1.859470000000000073e+04 5.007189044007017212e-03
1.859800000000000000e+04 5.051126824995683280e-03
1.860129999999999927e+04 5.076036363005630679e-03
1.860459999999999854e+04 5.132538063624146607e-03
1.860790000000000146e+04 5.176450664048845400e-03
1.861120000000000073e+04 5.251146704441422668e-03
1.861450000000000000e+04 5.344415369540235147e-03
1.861779999999999927e+04 5.405780747580731481e-03
1.862109999999999854e+04 5.463829294189481711e-03
1.862440000000000146e+04 5.547098562093392103e-03
1.862770000000000073e+04 5.605710675600531108e-03
1.863100000000000000e+04 5.736484829455156496e-03
1.863429999999999927e+04 5.825525472584914578e-03
1.863759999999999854e+04 5.903673735824873162e-03
1.864090000000000146e+04 6.009872293753659722e-03
1.864420000000000073e+04 6.192358288491629260e-03
1.864740000000000146e+04 6.316556246070951890e-03
1.865070000000000073e+04 6.428644895956769564e-03
1.865400000000000000e+04 6.578495765660869951e-03
1.865729999999999927e+04 6.709778202098295140e-03
1.866059999999999854e+04 6.844092581664596234e-03
1.866390000000000146e+04 6.956315221631734907e-03
1.866720000000000073e+04 7.057952076798948426e-03
1.867050000000000000e+04 7.138956888599294094e-03
1.867379999999999927e+04 7.239404425128592550e-03
1.867709999999999854e+04 7.384663536775263638e-03
1.868040000000000146e+04 7.570970651994584841e-03
1.868370000000000073e+04 7.806325457539611476e-03
1.868700000000000000e+04 8.057698732200887018e-03
1.869029999999999927e+04 8.263390445755665684e-03
1.869359999999999854e+04 8.545897652055801930e-03
1.869690000000000146e+04 8.801245242322815535e-03
1.870020000000000073e+04 8.894480149392173726e-03
1.870350000000000000e+04 8.971894985377999038e-03
1.870679999999999927e+04 9.165669169163930680e-03
1.871000000000000000e+04 9.458745154339372185e-03
1.871329999999999927e+04 9.666188973954126587e-03
1.871659999999999854e+04 9.787590812576549976e-03
1.871990000000000146e+04 9.927250333912113547e-03
1.872320000000000073e+04 1.005781353221250722e-02
1.872650000000000000e+04 1.022594999359218229e-02
1.872979999999999927e+04 1.034163120450432710e-02
1.873309999999999854e+04 1.047548397524498791e-02
1.873640000000000146e+04 1.063193755669903512e-02
1.873970000000000073e+04 1.081584856050148320e-02
1.874300000000000000e+04 1.085973885506027851e-02
1.874629999999999927e+04 1.101564759335382608e-02
1.874959999999999854e+04 1.107924221332648451e-02
1.875290000000000146e+04 1.115561123703488755e-02
1.875620000000000073e+04 1.123239699729330909e-02
1.875950000000000000e+04 1.137482367696942068e-02
1.876279999999999927e+04 1.151530967180869162e-02
1.876609999999999854e+04 1.164621230022097435e-02
1.876940000000000146e+04 1.172020183996937484e-02
1.877270000000000073e+04 1.186052511792648131e-02
1.877590000000000146e+04 1.203862607094110387e-02
1.877920000000000073e+04 1.208473339262175483e-02
1.878250000000000000e+04 1.225153381987068545e-02
1.878579999999999927e+04 1.242847521320953122e-02
1.878909999999999854e+04 1.264692411209958171e-02
1.879240000000000146e+04 1.287597722465241845e-02
1.879570000000000073e+04 1.310609521496026129e-02
1.879900000000000000e+04 1.337263291592545415e-02
1.880229999999999927e+04 1.366567770518102749e-02
1.880559999999999854e+04 1.395353029374313790e-02
1.880890000000000146e+04 1.416701045793929657e-02
1.881220000000000073e+04 1.443021872949273345e-02
1.881550000000000000e+04 1.472887193383343521e-02
1.881879999999999927e+04 1.499754824861239573e-02
1.882209999999999854e+04 1.527597770164598051e-02
1.882540000000000146e+04 1.556060019803022325e-02
1.882870000000000073e+04 1.585752350729999205e-02
1.883200000000000000e+04 1.614188314659300433e-02
1.883529999999999927e+04 1.644903129361152336e-02
1.883859999999999854e+04 1.674843839606794324e-02
1.884179999999999927e+04 1.702486832336010114e-02
1.884509999999999854e+04 1.730293072406451430e-02
1.884840000000000146e+04 1.752014274155055257e-02
1.885170000000000073e+04 1.771926252894515108e-02
1.885500000000000000e+04 1.795905223483108132e-02
1.885829999999999927e+04 1.811791916496593990e-02
1.886159999999999854e+04 1.827636265006293489e-02
1.886490000000000146e+04 1.862657062508031591e-02
1.886820000000000073e+04 1.899537671379724485e-02
1.887150000000000000e+04 1.925293413932808312e-02
1.887479999999999927e+04 1.938396828464206828e-02
1.887809999999999854e+04 1.963311825050307463e-02
1.888140000000000146e+04 1.995833349978034035e-02
1.888470000000000073e+04 2.025585343823877241e-02
1.888800000000000000e+04 2.055343247651653452e-02
1.889129999999999927e+04 2.081422859015766291e-02
1.889459999999999854e+04 2.115864299416360741e-02
1.889790000000000146e+04 2.148296503217017248e-02
1.890120000000000073e+04 2.180888171113361945e-02
1.890440000000000146e+04 2.209156408495087029e-02
1.890770000000000073e+04 2.251598781776456212e-02
1.891100000000000000e+04 2.284752018546893151e-02
1.891429999999999927e+04 2.326989047003244493e-02
1.891759999999999854e+04 2.368082360948102830e-02
1.892090000000000146e+04 2.409793055046943050e-02
1.892420000000000073e+04 2.447326245422756438e-02
1.892750000000000000e+04 2.484109716516195998e-02
1.893079999999999927e+04 2.524722878142097657e-02
1.893409999999999854e+04 2.564452926231381227e-02
1.893740000000000146e+04 2.600480741951803620e-02
1.894070000000000073e+04 2.629205487763605978e-02
1.894400000000000000e+04 2.666930226328258560e-02
1.894729999999999927e+04 2.698620063591620349e-02
1.895059999999999854e+04 2.729591659057918271e-02
1.895390000000000146e+04 2.759876291339422374e-02
1.895720000000000073e+04 2.784696825117723151e-02
1.896050000000000000e+04 2.812598961378113063e-02
1.896379999999999927e+04 2.837867790857345057e-02
1.896709999999999854e+04 2.860198291296435838e-02
1.897029999999999927e+04 2.877831405259506994e-02
1.897359999999999854e+04 2.896259026034449582e-02
1.897690000000000146e+04 2.919410652589396124e-02
1.898020000000000073e+04 2.937045494679450461e-02
1.898350000000000000e+04 2.956513817708021977e-02
1.898679999999999927e+04 2.977214236877867570e-02
1.899009999999999854e+04 2.996612648668903547e-02
1.899340000000000146e+04 3.014987940865011470e-02
1.899670000000000073e+04 3.030377262430901733e-02
1.900000000000000000e+04 3.047926585285528484e-02
1.900329999999999927e+04 3.062647851271288815e-02
1.900659999999999854e+04 3.079805003251452275e-02
1.900990000000000146e+04 3.090861047376335796e-02
1.901320000000000073e+04 3.100567483355489914e-02
1.901650000000000000e+04 3.110102467874166846e-02
1.901979999999999927e+04 3.122117742574349875e-02
1.902309999999999854e+04 3.134424192216496430e-02
1.902640000000000146e+04 3.149264676712548033e-02
1.902970000000000073e+04 3.155400579470617195e-02
1.903290000000000146e+04 3.162672547151199748e-02
1.903620000000000073e+04 3.167744276911757528e-02
1.903950000000000000e+04 3.172896658768210171e-02
1.904279999999999927e+04 3.180269104989351392e-02
1.904609999999999854e+04 3.184111943684852369e-02
1.904940000000000146e+04 3.189465631535651907e-02
1.905270000000000073e+04 3.196542219688896375e-02
1.905600000000000000e+04 3.201320104683194612e-02
1.905929999999999927e+04 3.205360344465347372e-02
1.906259999999999854e+04 3.206587901684687658e-02
1.906590000000000146e+04 3.208596196283627910e-02
1.906920000000000073e+04 3.209321123867272391e-02
1.907250000000000000e+04 3.204773773107127965e-02
1.907579999999999927e+04 3.202149417690604294e-02
1.907909999999999854e+04 3.199492174965908042e-02
1.908240000000000146e+04 3.198248402776716209e-02
1.908570000000000073e+04 3.193258954179774289e-02
1.908900000000000000e+04 3.186498231069846698e-02
1.909229999999999927e+04 3.178837214076753181e-02
1.909559999999999854e+04 3.171143417871016834e-02
1.909879999999999927e+04 3.166992067981016373e-02
1.910209999999999854e+04 3.156998441775962089e-02
1.910540000000000146e+04 3.150695793764735769e-02
1.910870000000000073e+04 3.144649529546970218e-02
1.911200000000000000e+04 3.136896836258899063e-02
1.911529999999999927e+04 3.128841358026119429e-02
1.911859999999999854e+04 3.111394239516135363e-02
1.912190000000000146e+04 3.098779146268859294e-02
1.912520000000000073e+04 3.080482537961078821e-02
1.912850000000000000e+04 3.061806417468275823e-02
1.913179999999999927e+04 3.047461071594963905e-02
1.913509999999999854e+04 3.033986106372273464e-02
1.913840000000000146e+04 3.019195190353073793e-02
1.914170000000000073e+04 2.999472869268355463e-02
1.914500000000000000e+04 2.982287244387216152e-02
1.914829999999999927e+04 2.961259764230106395e-02
1.915159999999999854e+04 2.941212846638452394e-02
1.915490000000000146e+04 2.921406899787943809e-02
1.915820000000000073e+04 2.899940759838647020e-02
1.916140000000000146e+04 2.883088501779713930e-02
1.916470000000000073e+04 2.860988257696866002e-02
1.916800000000000000e+04 2.840111734392365694e-02
1.917129999999999927e+04 2.816178219094635227e-02
1.917459999999999854e+04 2.793918907228609347e-02
1.917790000000000146e+04 2.773500574642689259e-02
1.918120000000000073e+04 2.752844121047406598e-02
1.918450000000000000e+04 2.727482764693556910e-02
1.918779999999999927e+04 2.701572373230598165e-02
1.919109999999999854e+04 2.675734365616048299e-02
1.919440000000000146e+04 2.652902727965954569e-02
1.919770000000000073e+04 2.626999216119622199e-02
1.920100000000000000e+04 2.602020249525189774e-02
1.920429999999999927e+04 2.577574352635439436e-02
1.920759999999999854e+04 2.550928663991659101e-02
1.921090000000000146e+04 2.524841093297401987e-02
1.921420000000000073e+04 2.497048897527691727e-02
1.921750000000000000e+04 2.468279457911022601e-02
1.922079999999999927e+04 2.440669140323271577e-02
1.922409999999999854e+04 2.411981161575134716e-02
1.922729999999999927e+04 2.382818737292704409e-02
1.923059999999999854e+04 2.352536493503438325e-02
1.923390000000000146e+04 2.324550111063461780e-02
1.923720000000000073e+04 2.297768073138033856e-02
1.924050000000000000e+04 2.267987991315431953e-02
1.924379999999999927e+04 2.238467501681656174e-02
1.924709999999999854e+04 2.209083539518662959e-02
1.925040000000000146e+04 2.178365971088434480e-02
1.925370000000000073e+04 2.145991051771646563e-02
1.925700000000000000e+04 2.118612711036125043e-02
1.926029999999999927e+04 2.087534399221958187e-02
1.926359999999999854e+04 2.054461682152082524e-02
1.926690000000000146e+04 2.025730876109187867e-02
1.927020000000000073e+04 1.993203792330369012e-02
1.927350000000000000e+04 1.962823558659069004e-02
1.927679999999999927e+04 1.931303047498364803e-02
1.928009999999999854e+04 1.899414150605214721e-02
1.928340000000000146e+04 1.871958150340953531e-02
1.928670000000000073e+04 1.842117352619458692e-02
1.929000000000000000e+04 1.811953880778727211e-02
1.929320000000000073e+04 1.783102206888832753e-02
1.929650000000000000e+04 1.751551401693068888e-02
1.929979999999999927e+04 1.721469741899450678e-02
1.930309999999999854e+04 1.692047314028688812e-02
1.930640000000000146e+04 1.663388504102089258e-02
1.930970000000000073e+04 1.635685775522094029e-02
1.931300000000000000e+04 1.607717159015552635e-02
1.931629999999999927e+04 1.577239915586509111e-02
1.931959999999999854e+04 1.547006055774468973e-02
1.932290000000000146e+04 1.515511767891330672e-02
1.932620000000000073e+04 1.484097498346116824e-02
1.932950000000000000e+04 1.454526109675468616e-02
1.933279999999999927e+04 1.424240496825454443e-02
1.933609999999999854e+04 1.396519459982650292e-02
1.933940000000000146e+04 1.368552607265731760e-02
1.934270000000000073e+04 1.340248810591940405e-02
1.934600000000000000e+04 1.311556203158434526e-02
1.934929999999999927e+04 1.282662435636496533e-02
1.935259999999999854e+04 1.253436872900144661e-02
1.935579999999999927e+04 1.224823607611233434e-02
1.935909999999999854e+04 1.195697521219487962e-02
1.936240000000000146e+04 1.167595349753811247e-02
1.936570000000000073e+04 1.140152349937753606e-02
1.936900000000000000e+04 1.113226382120254161e-02
1.937229999999999927e+04 1.085725595946910108e-02
1.937559999999999854e+04 1.058445643461399660e-02
1.937890000000000146e+04 1.031318659427768805e-02
1.938220000000000073e+04 1.004279693927591886e-02
1.938550000000000000e+04 9.772414090981401333e-03
1.938879999999999927e+04 9.497602772431782553e-03
1.939209999999999854e+04 9.231309595779460531e-03
1.939540000000000146e+04 8.981027918511420502e-03
1.939870000000000073e+04 8.716040547696075544e-03
1.940200000000000000e+04 8.462855442536892578e-03
1.940529999999999927e+04 8.228662430326955796e-03
1.940859999999999854e+04 7.991444229642676728e-03
1.941190000000000146e+04 7.737932062414117594e-03
1.941520000000000073e+04 7.505814067541116338e-03
1.941850000000000000e+04 7.274820260528485488e-03
1.942170000000000073e+04 7.013066299905945655e-03
1.942500000000000000e+04 6.767883819758214146e-03
1.942829999999999927e+04 6.542056914801059643e-03
1.943159999999999854e+04 6.306139832398470133e-03
1.943490000000000146e+04 6.071611137742453056e-03
1.943820000000000073e+04 5.825429513184614619e-03
1.944150000000000000e+04 5.592088304003896976e-03
1.944479999999999927e+04 5.370165394322684409e-03
1.944809999999999854e+04 5.151004948738897166e-03
1.945140000000000146e+04 4.938893252581801584e-03
1.945470000000000073e+04 4.734449683667821089e-03
1.945800000000000000e+04 4.521390549511004539e-03
1.946129999999999927e+04 4.290846844507169994e-03
1.946459999999999854e+04 4.064775506809615614e-03
1.946790000000000146e+04 3.842909688720463294e-03
1.947120000000000073e+04 3.616414495183213531e-03
1.947450000000000000e+04 3.381031643075162185e-03
1.947779999999999927e+04 3.163021569179871005e-03
1.948109999999999854e+04 2.958845246436791858e-03
1.948429999999999927e+04 2.748121523928688265e-03
1.948759999999999854e+04 2.553117496991600798e-03
1.949090000000000146e+04 2.360387277717843329e-03
1.949420000000000073e+04 2.166772717261433376e-03
1.949750000000000000e+04 1.976347526942344619e-03
1.950079999999999927e+04 1.764556735036327834e-03
1.950409999999999854e+04 1.571709182915932094e-03
1.950740000000000146e+04 1.380865693712149357e-03
1.951070000000000073e+04 1.184882357842250355e-03
1.951400000000000000e+04 1.019525758546097104e-03
1.951729999999999927e+04 8.412483738697730919e-04
1.952059999999999854e+04 6.364485472150532884e-04
1.952390000000000146e+04 4.573282147797483582e-04
1.952720000000000073e+04 2.963788729909161835e-04
1.953050000000000000e+04 1.255409812142333935e-04
1.953379999999999927e+04 -5.600568572802018703e-05
1.953709999999999854e+04 -2.383984317212054871e-04
1.954040000000000146e+04 -3.907931618328299166e-04
1.954370000000000073e+04 -5.382209371908679412e-04
1.954700000000000000e+04 -6.743768826372235859e-04
1.955020000000000073e+04 -8.402439403941281944e-04
1.955350000000000000e+04 -9.686964353893521857e-04
1.955679999999999927e+04 -1.097150237979301491e-03
1.956009999999999854e+04 -1.221440968147254925e-03
1.956340000000000146e+04 -1.350730647831037586e-03
1.956670000000000073e+04 -1.472507332003789981e-03
1.957000000000000000e+04 -1.594608457080279621e-03
1.957329999999999927e+04 -1.736463531375802456e-03
1.957659999999999854e+04 -1.851091963276200580e-03
1.957990000000000146e+04 -1.975221205767511631e-03
1.958320000000000073e+04 -2.114201644108076785e-03
1.958650000000000000e+04 -2.258311998338917437e-03
1.958979999999999927e+04 -2.354754973868751836e-03
1.959309999999999854e+04 -2.460020846214709678e-03
1.959640000000000146e+04 -2.567537427575130628e-03
1.959970000000000073e+04 -2.655855607109205724e-03
1.960300000000000000e+04 -2.752603547693942016e-03
1.960629999999999927e+04 -2.869792447467879939e-03
1.960959999999999854e+04 -2.969947014416738761e-03
1.961290000000000146e+04 -3.091712438610334183e-03
1.961609999999999854e+04 -3.201245058882210438e-03
1.961940000000000146e+04 -3.289678767561253145e-03
1.962270000000000073e+04 -3.397345747530582973e-03
1.962600000000000000e+04 -3.480427628351516998e-03
1.962929999999999927e+04 -3.558080797658731524e-03
1.963259999999999854e+04 -3.626515497064865257e-03
1.963590000000000146e+04 -3.666303581139103950e-03
1.963920000000000073e+04 -3.782921744400132968e-03
1.964250000000000000e+04 -3.830842263924854295e-03
1.964579999999999927e+04 -3.945488404664004162e-03
1.964909999999999854e+04 -4.068693873166388981e-03
1.965240000000000146e+04 -4.160645913779416859e-03
1.965570000000000073e+04 -4.267171422507485753e-03
1.965900000000000000e+04 -4.349228025552136050e-03
1.966229999999999927e+04 -4.388221310375352464e-03
1.966559999999999854e+04 -4.435169988533950967e-03
1.966890000000000146e+04 -4.525073719828669010e-03
1.967220000000000073e+04 -4.614134729681511164e-03
1.967550000000000000e+04 -4.693602874840671103e-03
1.967870000000000073e+04 -4.787384862065898264e-03
1.968200000000000000e+04 -4.821117357670931698e-03
1.968529999999999927e+04 -4.845670030957142937e-03
1.968859999999999854e+04 -4.864526675418359355e-03
1.969190000000000146e+04 -4.914890617959317282e-03
1.969520000000000073e+04 -4.976087744003201627e-03
1.969850000000000000e+04 -5.003836504810236369e-03
1.970179999999999927e+04 -5.012040164924149582e-03
1.970509999999999854e+04 -5.102800052850132474e-03
1.970840000000000146e+04 -5.206967951458064958e-03
1.971170000000000073e+04 -5.303528004585626211e-03
1.971500000000000000e+04 -5.346408801696313912e-03
1.971829999999999927e+04 -5.440269646335241585e-03
1.972159999999999854e+04 -5.459930385497201860e-03
1.972490000000000146e+04 -5.491113951570787167e-03
1.972820000000000073e+04 -5.572838629647843510e-03
1.973150000000000000e+04 -5.667990098828103174e-03
1.973479999999999927e+04 -5.747789232929249349e-03
1.973809999999999854e+04 -5.807683416052937878e-03
1.974140000000000146e+04 -5.886452137257617082e-03
1.974459999999999854e+04 -5.968112267819773546e-03
1.974790000000000146e+04 -6.000748934555125320e-03
1.975120000000000073e+04 -5.996339862374796409e-03
1.975450000000000000e+04 -6.034705188507619687e-03
1.975779999999999927e+04 -6.066912802184585077e-03
1.976109999999999854e+04 -6.123255328650255638e-03
1.976440000000000146e+04 -6.196229930792856132e-03
1.976770000000000073e+04 -6.282287254766807591e-03
1.977100000000000000e+04 -6.345674236780453684e-03
1.977429999999999927e+04 -6.396400323065745165e-03
1.977759999999999854e+04 -6.446645648693064522e-03
1.978090000000000146e+04 -6.509706686680632147e-03
1.978420000000000073e+04 -6.585468759619962122e-03
1.978750000000000000e+04 -6.597285083187538063e-03
1.979079999999999927e+04 -6.664480068814915975e-03
1.979409999999999854e+04 -6.689933400397933029e-03
1.979740000000000146e+04 -6.719560771103858139e-03
1.980070000000000073e+04 -6.804548217636661837e-03
1.980400000000000000e+04 -6.813044309046107153e-03
1.980720000000000073e+04 -6.856026013864420336e-03
1.981050000000000000e+04 -6.842334789982721863e-03
1.981379999999999927e+04 -6.810560177852201941e-03
1.981709999999999854e+04 -6.852092916007550792e-03
1.982040000000000146e+04 -6.824513868379299825e-03
1.982370000000000073e+04 -6.822922101062383650e-03
1.982700000000000000e+04 -6.870736073659933739e-03
1.983029999999999927e+04 -6.890608939727035226e-03
1.983359999999999854e+04 -6.857886376739800484e-03
1.983690000000000146e+04 -6.852602616183604313e-03
1.984020000000000073e+04 -6.828826215581790780e-03
1.984350000000000000e+04 -6.843866785979693321e-03
1.984679999999999927e+04 -6.859083515737421713e-03
1.985009999999999854e+04 -6.878646999940483259e-03
1.985340000000000146e+04 -6.926886213455925832e-03
1.985670000000000073e+04 -6.970578337788969382e-03
1.986000000000000000e+04 -6.986056210813067560e-03
1.986329999999999927e+04 -7.033381400346941370e-03
1.986659999999999854e+04 -7.064174675859240422e-03
1.986990000000000146e+04 -7.048831856591511458e-03
1.987309999999999854e+04 -7.007501515961671139e-03
1.987640000000000146e+04 -6.989654550407047723e-03
1.987970000000000073e+04 -7.015526534150251167e-03
1.988300000000000000e+04 -6.974786415269961827e-03
1.988629999999999927e+04 -7.053538644290803690e-03
1.988959999999999854e+04 -7.129394989844400725e-03
1.989290000000000146e+04 -7.126762368694407497e-03
1.989620000000000073e+04 -7.091884048573727194e-03
1.989950000000000000e+04 -7.061926852699956271e-03
1.990279999999999927e+04 -7.036165466844265109e-03
1.990609999999999854e+04 -7.026022946890128629e-03
1.990940000000000146e+04 -6.983532100973116781e-03
1.991270000000000073e+04 -6.989217975835891952e-03
1.991600000000000000e+04 -6.991937160527631270e-03
1.991929999999999927e+04 -7.000686388735240934e-03
1.992259999999999854e+04 -7.000965873111148104e-03
1.992590000000000146e+04 -6.985528470594360752e-03
