1.716800000000000000e+04 -6.997454696136239105e-04
1.717129999999999927e+04 -7.036044083225794507e-04
1.717459999999999854e+04 -6.953101211692696952e-04
1.717790000000000146e+04 -7.153499489606790235e-04
1.718120000000000073e+04 -7.310659190291545709e-04
1.718450000000000000e+04 -7.269945011992183168e-04
1.718779999999999927e+04 -7.327845061553533035e-04
1.719109999999999854e+04 -7.368640874669717599e-04
1.719440000000000146e+04 -7.315330359745238469e-04
1.719770000000000073e+04 -7.379068662285597803e-04
1.720100000000000000e+04 -7.370123688679227486e-04
1.720429999999999927e+04 -7.419396602570509092e-04
1.720759999999999854e+04 -7.534414252007637976e-04
1.721090000000000146e+04 -7.521549791159917297e-04
1.721420000000000073e+04 -7.578464010167075332e-04
1.721750000000000000e+04 -7.727151874058309699e-04
1.722079999999999927e+04 -7.958364208132132295e-04
1.722409999999999854e+04 -8.062451109055321840e-04
1.722729999999999927e+04 -8.029780743373087512e-04
1.723059999999999854e+04 -8.109255546912036601e-04
1.723390000000000146e+04 -8.209678279659069107e-04
1.723720000000000073e+04 -8.263358850193724394e-04
1.724050000000000000e+04 -8.377044430109139650e-04
1.724379999999999927e+04 -8.563691617697365491e-04
1.724709999999999854e+04 -8.654952183385525126e-04
1.725040000000000146e+04 -8.678137249076521825e-04
1.725370000000000073e+04 -8.671617305575793572e-04
1.725700000000000000e+04 -8.781798717413158342e-04
1.726029999999999927e+04 -8.922245242943553818e-04
1.726359999999999854e+04 -8.999827755187516645e-04
1.726690000000000146e+04 -9.173444416072325030e-04
1.727020000000000073e+04 -9.333863285497567613e-04
1.727350000000000000e+04 -9.368455671410673511e-04
1.727679999999999927e+04 -9.550282153011512747e-04
1.728009999999999854e+04 -9.616803003315393906e-04
1.728340000000000146e+04 -9.754214955476843462e-04
1.728670000000000073e+04 -9.765797910456970338e-04
1.729000000000000000e+04 -9.922498750027379695e-04
1.729320000000000073e+04 -1.002919126312269574e-03
1.729650000000000000e+04 -1.014715762741115945e-03
1.729979999999999927e+04 -1.025729549544023098e-03
1.730309999999999854e+04 -1.038488246161090815e-03
1.730640000000000146e+04 -1.045281497007522712e-03
1.730970000000000073e+04 -1.052233289459714302e-03
1.731300000000000000e+04 -1.051810904447900066e-03
1.731629999999999927e+04 -1.056438147063041904e-03
1.731959999999999854e+04 -1.068520857076656278e-03
1.732290000000000146e+04 -1.072941825403349401e-03
1.732620000000000073e+04 -1.098466851496383585e-03
1.732950000000000000e+04 -1.111690476008991802e-03
1.733279999999999927e+04 -1.129172837858341636e-03
1.733609999999999854e+04 -1.136622163498401776e-03
1.733940000000000146e+04 -1.148801100422615828e-03
1.734270000000000073e+04 -1.146613719899045210e-03
1.734600000000000000e+04 -1.148459309802019653e-03
1.734929999999999927e+04 -1.159292451681956295e-03
1.735259999999999854e+04 -1.163341676691976353e-03
1.735579999999999927e+04 -1.173042133030653775e-03
1.735909999999999854e+04 -1.184617162869818982e-03
1.736240000000000146e+04 -1.187243276018244004e-03
1.736570000000000073e+04 -1.201295409932145531e-03
1.736900000000000000e+04 -1.216876417267690651e-03
1.737229999999999927e+04 -1.235557467293714115e-03
1.737559999999999854e+04 -1.241488631413873670e-03
1.737890000000000146e+04 -1.254725690253195467e-03
1.738220000000000073e+04 -1.263427381293667990e-03
1.738550000000000000e+04 -1.273323026908828714e-03
1.738879999999999927e+04 -1.282061471331559640e-03
1.739209999999999854e+04 -1.297334385457646734e-03
1.739540000000000146e+04 -1.301026526855476612e-03
1.739870000000000073e+04 -1.306859439547897921e-03
1.740200000000000000e+04 -1.321538552181719542e-03
1.740529999999999927e+04 -1.332612190076890154e-03
1.740859999999999854e+04 -1.344604696777431437e-03
1.741190000000000146e+04 -1.354504850615304836e-03
1.741520000000000073e+04 -1.359979502016575538e-03
1.741850000000000000e+04 -1.368785680678461045e-03
1.742170000000000073e+04 -1.376214376138286486e-03
1.742500000000000000e+04 -1.381705607506238023e-03
1.742829999999999927e+04 -1.398543591876932586e-03
1.743159999999999854e+04 -1.406813407501361895e-03
1.743490000000000146e+04 -1.409544626228116443e-03
1.743820000000000073e+04 -1.422741453532678146e-03
1.744150000000000000e+04 -1.432066516701073922e-03
1.744479999999999927e+04 -1.446404103841099006e-03
1.744809999999999854e+04 -1.459625845643628675e-03
1.745140000000000146e+04 -1.474985518464269618e-03
1.745470000000000073e+04 -1.482026604289010544e-03
1.745800000000000000e+04 -1.485090209128346259e-03
1.746129999999999927e+04 -1.490801105447523475e-03
1.746459999999999854e+04 -1.503346179746480309e-03
1.746790000000000146e+04 -1.516045407053918720e-03
1.747120000000000073e+04 -1.531722201715866568e-03
1.747450000000000000e+04 -1.548054050169363552e-03
1.747779999999999927e+04 -1.569268329188554852e-03
1.748109999999999854e+04 -1.585779731586801824e-03
1.748429999999999927e+04 -1.596878789026786758e-03
1.748759999999999854e+04 -1.624924333460658421e-03
1.749090000000000146e+04 -1.634307954111085702e-03
1.749420000000000073e+04 -1.644719475779369243e-03
1.749750000000000000e+04 -1.650003605847238410e-03
1.750079999999999927e+04 -1.652862211286937333e-03
1.750409999999999854e+04 -1.660982004793592690e-03
1.750740000000000146e+04 -1.671097154467357168e-03
1.751070000000000073e+04 -1.685700446448582792e-03
1.751400000000000000e+04 -1.699503937741581212e-03
1.751729999999999927e+04 -1.714238480723891123e-03
1.752059999999999854e+04 -1.732465039051508428e-03
1.752390000000000146e+04 -1.740495525120933822e-03
1.752720000000000073e+04 -1.758206678993088539e-03
1.753050000000000000e+04 -1.762098586991550989e-03
1.753379999999999927e+04 -1.767499739515992129e-03
1.753709999999999854e+04 -1.772914861022320500e-03
1.754040000000000146e+04 -1.785607470089459583e-03
1.754370000000000073e+04 -1.796757960744004489e-03
1.754700000000000000e+04 -1.807675446322144297e-03
1.755020000000000073e+04 -1.816308816180018087e-03
1.755350000000000000e+04 -1.823649886477155891e-03
1.755679999999999927e+04 -1.831617549328738107e-03
1.756009999999999854e+04 -1.846880852287759210e-03
1.756340000000000146e+04 -1.866040540602570972e-03
1.756670000000000073e+04 -1.882473504156811526e-03
1.757000000000000000e+04 -1.893639661747937826e-03
1.757329999999999927e+04 -1.903143189431141281e-03
1.757659999999999854e+04 -1.919118890139588814e-03
1.757990000000000146e+04 -1.933187353518188521e-03
1.758320000000000073e+04 -1.942018882125561398e-03
1.758650000000000000e+04 -1.951187701963263835e-03
1.758979999999999927e+04 -1.965069352475511729e-03
1.759309999999999854e+04 -1.969767904828401313e-03
1.759640000000000146e+04 -1.981884545475870799e-03
1.759970000000000073e+04 -1.998453862544545632e-03
1.760300000000000000e+04 -2.009435816704246286e-03
1.760629999999999927e+04 -2.017109902173561120e-03
1.760959999999999854e+04 -2.028423453689795486e-03
1.761290000000000146e+04 -2.034584622186745573e-03
1.761609999999999854e+04 -2.048210425821983104e-03
1.761940000000000146e+04 -2.062523589456267785e-03
1.762270000000000073e+04 -2.075335183096960103e-03
1.762600000000000000e+04 -2.092946865689629399e-03
1.762929999999999927e+04 -2.105928332796642641e-03
1.763259999999999854e+04 -2.122177376967399835e-03
1.763590000000000146e+04 -2.127330224704559840e-03
1.763920000000000073e+04 -2.136080874046813061e-03
1.764250000000000000e+04 -2.146866941843275992e-03
1.764579999999999927e+04 -2.159890581471459771e-03
1.764909999999999854e+04 -2.164980059828914335e-03
1.765240000000000146e+04 -2.160960813105795766e-03
1.765570000000000073e+04 -2.161346376816140110e-03
1.765900000000000000e+04 -2.170208525978076057e-03
1.766229999999999927e+04 -2.180782652644048213e-03
1.766559999999999854e+04 -2.198687684490362778e-03
1.766890000000000146e+04 -2.211448727278993946e-03
1.767220000000000073e+04 -2.223890682322861908e-03
1.767550000000000000e+04 -2.226226885675892421e-03
1.767870000000000073e+04 -2.229603799769210633e-03
1.768200000000000000e+04 -2.238986724783776066e-03
1.768529999999999927e+04 -2.244409394796931419e-03
1.768859999999999854e+04 -2.256534980512128231e-03
1.769190000000000146e+04 -2.263087954134259880e-03
1.769520000000000073e+04 -2.277026998328245296e-03
1.769850000000000000e+04 -2.288078321686489325e-03
1.770179999999999927e+04 -2.299533053765865764e-03
1.770509999999999854e+04 -2.308589859957266635e-03
1.770840000000000146e+04 -2.312837090908017538e-03
1.771170000000000073e+04 -2.320397810421718100e-03
1.771500000000000000e+04 -2.326101255452015133e-03
1.771829999999999927e+04 -2.338462733813571025e-03
1.772159999999999854e+04 -2.335840622339168532e-03
1.772490000000000146e+04 -2.339879617922172635e-03
1.772820000000000073e+04 -2.343293196047579845e-03
1.773150000000000000e+04 -2.344025932329999676e-03
1.773479999999999927e+04 -2.348875829381882885e-03
1.773809999999999854e+04 -2.354020148457299910e-03
1.774140000000000146e+04 -2.363809958550269676e-03
1.774459999999999854e+04 -2.367665722702128744e-03
1.774790000000000146e+04 -2.375422809174966912e-03
1.775120000000000073e+04 -2.378077040627671508e-03
1.775450000000000000e+04 -2.384211538570085460e-03
1.775779999999999927e+04 -2.394778171370154363e-03
1.776109999999999854e+04 -2.402389793054744271e-03
1.776440000000000146e+04 -2.407467116550370857e-03
1.776770000000000073e+04 -2.416413390011627228e-03
1.777100000000000000e+04 -2.431449939299969425e-03
1.777429999999999927e+04 -2.442909404852686150e-03
1.777759999999999854e+04 -2.451633758186755503e-03
1.778090000000000146e+04 -2.457681036218331040e-03
1.778420000000000073e+04 -2.469605026587292848e-03
1.778750000000000000e+04 -2.475116850665396058e-03
1.779079999999999927e+04 -2.484628615967076834e-03
1.779409999999999854e+04 -2.493801504852583267e-03
1.779740000000000146e+04 -2.502513481340192577e-03
1.780070000000000073e+04 -2.520178902800468152e-03
1.780400000000000000e+04 -2.529973118770796614e-03
1.780720000000000073e+04 -2.534238407364374727e-03
1.781050000000000000e+04 -2.539289512193032040e-03
1.781379999999999927e+04 -2.551688289659246982e-03
1.781709999999999854e+04 -2.564351585291892513e-03
1.782040000000000146e+04 -2.582327764507481339e-03
1.782370000000000073e+04 -2.597346783906933666e-03
1.782700000000000000e+04 -2.612414526985806958e-03
1.783029999999999927e+04 -2.621037557504253806e-03
1.783359999999999854e+04 -2.636709580326255901e-03
1.783690000000000146e+04 -2.646985460213007162e-03
1.784020000000000073e+04 -2.667594302384648265e-03
1.784350000000000000e+04 -2.679911868655239851e-03
1.784679999999999927e+04 -2.693405368420738206e-03
1.785009999999999854e+04 -2.705659266862048100e-03
1.785340000000000146e+04 -2.721593903346939368e-03
1.785670000000000073e+04 -2.733010127952363241e-03
1.786000000000000000e+04 -2.746449654784518472e-03
1.786329999999999927e+04 -2.760061307491887706e-03
1.786659999999999854e+04 -2.775432522542151895e-03
1.786990000000000146e+04 -2.787571160928161394e-03
1.787309999999999854e+04 -2.807228562274680095e-03
1.787640000000000146e+04 -2.825564258242862017e-03
1.787970000000000073e+04 -2.844925226956998652e-03
1.788300000000000000e+04 -2.861313279344917301e-03
1.788629999999999927e+04 -2.884190254818683099e-03
1.788959999999999854e+04 -2.901656246752451658e-03
1.789290000000000146e+04 -2.917711585516538381e-03
1.789620000000000073e+04 -2.937904634399210544e-03
1.789950000000000000e+04 -2.952976349801616444e-03
1.790279999999999927e+04 -2.976811319067840071e-03
1.790609999999999854e+04 -2.992520984442115315e-03
1.790940000000000146e+04 -3.012048885222363536e-03
1.791270000000000073e+04 -3.036199007593855942e-03
1.791600000000000000e+04 -3.061758739226508059e-03
1.791929999999999927e+04 -3.077111892342430412e-03
1.792259999999999854e+04 -3.092069528945698247e-03
1.792590000000000146e+04 -3.109111417266517685e-03
1.792920000000000073e+04 -3.134581017738823430e-03
1.793250000000000000e+04 -3.158929229112865389e-03
1.793570000000000073e+04 -3.175667527728782621e-03
1.793900000000000000e+04 -3.189468322418835978e-03
1.794229999999999927e+04 -3.211157086108468086e-03
1.794559999999999854e+04 -3.233853491749115894e-03
1.794890000000000146e+04 -3.254175658714859778e-03
1.795220000000000073e+04 -3.278606199240434796e-03
1.795550000000000000e+04 -3.297060388014543333e-03
1.795879999999999927e+04 -3.322226142012613213e-03
1.796209999999999854e+04 -3.340592984687257815e-03
1.796540000000000146e+04 -3.363214615451643429e-03
1.796870000000000073e+04 -3.385815885129815281e-03
1.797200000000000000e+04 -3.408746251659107440e-03
1.797529999999999927e+04 -3.434355213590682947e-03
1.797859999999999854e+04 -3.458348758975693469e-03
1.798190000000000146e+04 -3.486078655912723534e-03
1.798520000000000073e+04 -3.514167062824394457e-03
1.798850000000000000e+04 -3.535662851019197132e-03
1.799179999999999927e+04 -3.567548514366432940e-03
1.799509999999999854e+04 -3.601195962018996759e-03
1.799840000000000146e+04 -3.629761950602264017e-03
1.800159999999999854e+04 -3.659708653988770488e-03
1.800490000000000146e+04 -3.686192423493374511e-03
1.800820000000000073e+04 -3.724920627515265065e-03
1.801150000000000000e+04 -3.754461519067442410e-03
1.801479999999999927e+04 -3.800230507242768115e-03
1.801809999999999854e+04 -3.830482571771560291e-03
1.802140000000000146e+04 -3.859278997497468579e-03
1.802470000000000073e+04 -3.892442969465707229e-03
1.802800000000000000e+04 -3.920746070874303081e-03
1.803129999999999927e+04 -3.953401984204326161e-03
1.803459999999999854e+04 -3.977790769539753246e-03
1.803790000000000146e+04 -3.998856810738592865e-03
1.804120000000000073e+04 -4.012505815528134151e-03
1.804450000000000000e+04 -4.041518581832698361e-03
1.804779999999999927e+04 -4.075381627652257741e-03
1.805109999999999854e+04 -4.093679759383289131e-03
1.805440000000000146e+04 -4.134198076430096146e-03
1.805770000000000073e+04 -4.159406620981259510e-03
1.806100000000000000e+04 -4.188707622432321677e-03
1.806429999999999927e+04 -4.215805915429479168e-03
1.806750000000000000e+04 -4.234123410416886467e-03
1.807079999999999927e+04 -4.238859916446899474e-03
1.807409999999999854e+04 -4.244213593077751125e-03
1.807740000000000146e+04 -4.241640822101389215e-03
1.808070000000000073e+04 -4.254218179336907019e-03
1.808400000000000000e+04 -4.282313877989422750e-03
1.808729999999999927e+04 -4.305155354822738645e-03
1.809059999999999854e+04 -4.322337697801561206e-03
1.809390000000000146e+04 -4.310538333729130311e-03
1.809720000000000073e+04 -4.309942500966071344e-03
1.810050000000000000e+04 -4.303712106182838899e-03
1.810379999999999927e+04 -4.314890270496828106e-03
1.810709999999999854e+04 -4.314662020689434031e-03
1.811040000000000146e+04 -4.321432864035455214e-03
1.811370000000000073e+04 -4.321205067762711079e-03
1.811700000000000000e+04 -4.311564068178030430e-03
1.812029999999999927e+04 -4.305921801378083565e-03
1.812359999999999854e+04 -4.292142194004009564e-03
1.812690000000000146e+04 -4.307158850930144223e-03
1.813009999999999854e+04 -4.297117894306592793e-03
1.813340000000000146e+04 -4.323462840081743891e-03
1.813670000000000073e+04 -4.320560903827379458e-03
1.814000000000000000e+04 -4.350181006323389568e-03
1.814329999999999927e+04 -4.340917007635951459e-03
1.814659999999999854e+04 -4.346035248433771647e-03
1.814990000000000146e+04 -4.335263480206088225e-03
1.815320000000000073e+04 -4.331214279566373421e-03
1.815650000000000000e+04 -4.311210754785997808e-03
1.815979999999999927e+04 -4.299459522476204928e-03
1.816309999999999854e+04 -4.282526019483414055e-03
1.816640000000000146e+04 -4.276316195718018673e-03
1.816970000000000073e+04 -4.258157371876779632e-03
1.817300000000000000e+04 -4.237803247292166835e-03
1.817629999999999927e+04 -4.237014087698919192e-03
1.817959999999999854e+04 -4.216046275221228823e-03
1.818290000000000146e+04 -4.314515767483748966e-03
1.818620000000000073e+04 -4.375487639389218607e-03
1.818950000000000000e+04 -4.394504064536457373e-03
1.819279999999999927e+04 -4.403493802927091645e-03
1.819600000000000000e+04 -4.411227346752312831e-03
1.819929999999999927e+04 -4.434267398593371400e-03
1.820259999999999854e+04 -4.435910875733188596e-03
1.820590000000000146e+04 -4.434006756934031832e-03
1.820920000000000073e+04 -4.421567875890775219e-03
1.821250000000000000e+04 -4.408732675161140813e-03
1.821579999999999927e+04 -4.411213660925702822e-03
1.821909999999999854e+04 -4.413091098108421623e-03
1.822240000000000146e+04 -4.490140451219686718e-03
1.822570000000000073e+04 -4.555253463261762711e-03
1.822900000000000000e+04 -4.671160255508509905e-03
1.823229999999999927e+04 -4.779303941269331946e-03
1.823559999999999854e+04 -4.889870205673271970e-03
1.823890000000000146e+04 -4.954441130608989302e-03
1.824220000000000073e+04 -5.068287509628280861e-03
1.824550000000000000e+04 -5.190948698195762406e-03
1.824879999999999927e+04 -5.291088306929195816e-03
1.825209999999999854e+04 -5.326383030003825451e-03
1.825540000000000146e+04 -5.428753067805374734e-03
1.825859999999999854e+04 -5.547075290418361504e-03
1.826190000000000146e+04 -5.647068280778815008e-03
1.826520000000000073e+04 -5.759394058844445954e-03
1.826850000000000000e+04 -5.883762308931566806e-03
1.827179999999999927e+04 -6.003496975908383278e-03
1.827509999999999854e+04 -6.083783484982296236e-03
1.827840000000000146e+04 -6.203821576235218384e-03
1.828170000000000073e+04 -6.327137766621333294e-03
1.828500000000000000e+04 -6.462464357824417027e-03
1.828829999999999927e+04 -6.618887481965643992e-03
1.829159999999999854e+04 -6.741085668696421111e-03
1.829490000000000146e+04 -6.885797501324188684e-03
1.829820000000000073e+04 -6.944154529896081132e-03
1.830150000000000000e+04 -7.050987307969835277e-03
1.830479999999999927e+04 -7.155286353850875969e-03
1.830809999999999854e+04 -7.238089525930298945e-03
1.831140000000000146e+04 -7.282133656930618072e-03
1.831470000000000073e+04 -7.389626145639685041e-03
1.831800000000000000e+04 -7.433508603579361100e-03
1.832129999999999927e+04 -7.519129010695979089e-03
1.832450000000000000e+04 -7.562277803031901453e-03
1.832779999999999927e+04 -7.607414115661994582e-03
1.833109999999999854e+04 -7.716823007297743398e-03
1.833440000000000146e+04 -7.789189990945878488e-03
1.833770000000000073e+04 -7.848233181670983410e-03
1.834100000000000000e+04 -7.943130729175587601e-03
1.834429999999999927e+04 -7.974932775918756878e-03
1.834759999999999854e+04 -7.984513810166219208e-03
1.835090000000000146e+04 -8.026010142921103860e-03
1.835420000000000073e+04 -8.101430949574878540e-03
1.835750000000000000e+04 -8.217049761878992761e-03
1.836079999999999927e+04 -8.321290730407259265e-03
1.836409999999999854e+04 -8.420319161601455202e-03
1.836740000000000146e+04 -8.522160378388661528e-03
1.837070000000000073e+04 -8.644724720017312597e-03
1.837400000000000000e+04 -8.797642761651408225e-03
1.837729999999999927e+04 -8.898026381808499599e-03
1.838059999999999854e+04 -8.980065247250914803e-03
1.838390000000000146e+04 -9.085653057869114840e-03
1.838709999999999854e+04 -9.143827432303954991e-03
1.839040000000000146e+04 -9.201476415140096010e-03
1.839370000000000073e+04 -9.200163801548488091e-03
1.839700000000000000e+04 -9.224493415013008610e-03
1.840029999999999927e+04 -9.248138728383452009e-03
1.840359999999999854e+04 -9.331477309460090713e-03
1.840690000000000146e+04 -9.357182956088614875e-03
1.841020000000000073e+04 -9.344886691461402189e-03
1.841350000000000000e+04 -9.364280587599247904e-03
1.841679999999999927e+04 -9.434253335819622194e-03
1.842009999999999854e+04 -9.393285999104305714e-03
1.842340000000000146e+04 -9.391390825614487695e-03
1.842670000000000073e+04 -9.402073746162526238e-03
1.843000000000000000e+04 -9.399372287046094815e-03
1.843329999999999927e+04 -9.378639161055850326e-03
1.843659999999999854e+04 -9.376713539068187719e-03
1.843990000000000146e+04 -9.398000283004668415e-03
1.844320000000000073e+04 -9.404777996678456362e-03
1.844650000000000000e+04 -9.417445509641091464e-03
1.844979999999999927e+04 -9.433711459169874872e-03
1.845300000000000000e+04 -9.375135299227311050e-03
1.845629999999999927e+04 -9.317249161331643895e-03
1.845959999999999854e+04 -9.218933698062309681e-03
1.846290000000000146e+04 -9.236907625190539026e-03
1.846620000000000073e+04 -9.173820377204875906e-03
1.846950000000000000e+04 -9.072446591842791425e-03
1.847279999999999927e+04 -9.041273491867779857e-03
1.847609999999999854e+04 -9.017717858369241751e-03
1.847940000000000146e+04 -8.945141768826629300e-03
1.848270000000000073e+04 -8.929734268635813182e-03
1.848600000000000000e+04 -8.900790370352396758e-03
1.848929999999999927e+04 -8.891584720757714916e-03
1.849259999999999854e+04 -8.911278792081013533e-03
1.849590000000000146e+04 -8.867666657742939718e-03
1.849920000000000073e+04 -8.880615033055275220e-03
1.850250000000000000e+04 -8.907379886389236306e-03
1.850579999999999927e+04 -8.877440464938289588e-03
1.850909999999999854e+04 -8.923766045114864612e-03
1.851240000000000146e+04 -8.852035046530318946e-03
1.851570000000000073e+04 -8.762550394149208957e-03
1.851890000000000146e+04 -8.707877851359187293e-03
1.852220000000000073e+04 -8.638744853670329155e-03
1.852550000000000000e+04 -8.579001424368912568e-03
1.852879999999999927e+04 -8.521682763821220724e-03
1.853209999999999854e+04 -8.479741294711611727e-03
1.853540000000000146e+04 -8.426733609454907167e-03
1.853870000000000073e+04 -8.333387147274919082e-03
1.854200000000000000e+04 -8.292197864898653847e-03
1.854529999999999927e+04 -8.270264346235142380e-03
1.854859999999999854e+04 -8.194158631792304234e-03
1.855190000000000146e+04 -8.112427588106357196e-03
1.855520000000000073e+04 -8.031081611520376681e-03
1.855850000000000000e+04 -7.963499939048695325e-03
1.856179999999999927e+04 -7.864759458121883123e-03
1.856509999999999854e+04 -7.790235346737344954e-03
1.856840000000000146e+04 -7.696385216875997227e-03
1.857170000000000073e+04 -7.595562285571962925e-03
1.857500000000000000e+04 -7.537177321516330859e-03
1.857829999999999927e+04 -7.464136712572484213e-03
1.858150000000000000e+04 -7.404082200853773048e-03
1.858479999999999927e+04 -7.372529068398849146e-03
1.858809999999999854e+04 -7.283314781405546105e-03
1.859140000000000146e+04 -7.176920180326992749e-03
1.859470000000000073e+04 -7.102063141153079281e-03
1.859800000000000000e+04 -7.015799050112809382e-03
1.860129999999999927e+04 -6.914466854443376484e-03
1.860459999999999854e+04 -6.840785568473099591e-03
1.860790000000000146e+04 -6.733017776232095089e-03
1.861120000000000073e+04 -6.641829681103847069e-03
1.861450000000000000e+04 -6.541316098019469422e-03
1.861779999999999927e+04 -6.474576683969625844e-03
1.862109999999999854e+04 -6.397434092109005772e-03
1.862440000000000146e+04 -6.352624440772345130e-03
1.862770000000000073e+04 -6.255011950249175778e-03
1.863100000000000000e+04 -6.219123057772560186e-03
1.863429999999999927e+04 -6.175424551132660880e-03
1.863759999999999854e+04 -6.109955522797289214e-03
1.864090000000000146e+04 -6.071565326062270188e-03
1.864420000000000073e+04 -6.045045702053853179e-03
1.864740000000000146e+04 -5.993886041320813443e-03
1.865070000000000073e+04 -5.913254188184027989e-03
1.865400000000000000e+04 -5.850035252394752625e-03
1.865729999999999927e+04 -5.759186194460281551e-03
1.866059999999999854e+04 -5.647438882241230876e-03
1.866390000000000146e+04 -5.531402344597727457e-03
1.866720000000000073e+04 -5.399481042916516940e-03
1.867050000000000000e+04 -5.271507336445669864e-03
1.867379999999999927e+04 -5.136180503728133596e-03
1.867709999999999854e+04 -5.022869137800463867e-03
1.868040000000000146e+04 -4.932628998741125925e-03
1.868370000000000073e+04 -4.815192275626405637e-03
1.868700000000000000e+04 -4.681157786432387120e-03
1.869029999999999927e+04 -4.533482346189111369e-03
1.869359999999999854e+04 -4.385929085263536899e-03
1.869690000000000146e+04 -4.231402207066801632e-03
1.870020000000000073e+04 -4.069557128903543777e-03
1.870350000000000000e+04 -3.917960977964096703e-03
1.870679999999999927e+04 -3.757995873198303680e-03
1.871000000000000000e+04 -3.576992680130269570e-03
1.871329999999999927e+04 -3.416291429067745862e-03
1.871659999999999854e+04 -3.245529294852534784e-03
1.871990000000000146e+04 -3.078846806988910691e-03
1.872320000000000073e+04 -2.903666396710673919e-03
1.872650000000000000e+04 -2.746315928502118114e-03
1.872979999999999927e+04 -2.576851264203066771e-03
1.873309999999999854e+04 -2.412005164743722622e-03
1.873640000000000146e+04 -2.261838097376157441e-03
1.873970000000000073e+04 -2.072013111937403944e-03
1.874300000000000000e+04 -1.892358448172069135e-03
1.874629999999999927e+04 -1.703405553729373184e-03
1.874959999999999854e+04 -1.550067591427754668e-03
1.875290000000000146e+04 -1.401449741111223312e-03
1.875620000000000073e+04 -1.260526824545906040e-03
1.875950000000000000e+04 -1.079600297581700822e-03
1.876279999999999927e+04 -9.105352101658048666e-04
1.876609999999999854e+04 -7.529762343155738157e-04
1.876940000000000146e+04 -5.723431537318293552e-04
1.877270000000000073e+04 -3.869486287913323388e-04
1.877590000000000146e+04 -1.688781267857879145e-04
1.877920000000000073e+04 3.035286628508499716e-05
1.878250000000000000e+04 2.350787385912961704e-04
1.878579999999999927e+04 4.249957086042896177e-04
1.878909999999999854e+04 6.207008271878557181e-04
1.879240000000000146e+04 8.358176856925842932e-04
1.879570000000000073e+04 1.062153189867307349e-03
1.879900000000000000e+04 1.290900455832891171e-03
1.880229999999999927e+04 1.516297352185004034e-03
1.880559999999999854e+04 1.752138959890619119e-03
1.880890000000000146e+04 2.007049679814482818e-03
1.881220000000000073e+04 2.223448820022553164e-03
1.881550000000000000e+04 2.455483576685443814e-03
1.881879999999999927e+04 2.698573930835658236e-03
1.882209999999999854e+04 2.930250416774957123e-03
1.882540000000000146e+04 3.162796515682938462e-03
1.882870000000000073e+04 3.406630080902033671e-03
1.883200000000000000e+04 3.629421676951589699e-03
1.883529999999999927e+04 3.864056827840186420e-03
1.883859999999999854e+04 4.103150899297984024e-03
1.884179999999999927e+04 4.329209158679768639e-03
1.884509999999999854e+04 4.571955009896127263e-03
1.884840000000000146e+04 4.819573583438287873e-03
1.885170000000000073e+04 5.067876795809907360e-03
1.885500000000000000e+04 5.319328659323999814e-03
1.885829999999999927e+04 5.569434552554633835e-03
1.886159999999999854e+04 5.804517367103993394e-03
1.886490000000000146e+04 6.049931107222949848e-03
1.886820000000000073e+04 6.295503174518692936e-03
1.887150000000000000e+04 6.544864020904955781e-03
1.887479999999999927e+04 6.771079061017019722e-03
1.887809999999999854e+04 7.017068647183934485e-03
1.888140000000000146e+04 7.268025609951673377e-03
1.888470000000000073e+04 7.523180281948917310e-03
1.888800000000000000e+04 7.757111711307233294e-03
1.889129999999999927e+04 7.999589414926538966e-03
1.889459999999999854e+04 8.248529561235649205e-03
1.889790000000000146e+04 8.503827365791088652e-03
1.890120000000000073e+04 8.750217520981040664e-03
1.890440000000000146e+04 8.988856311828342591e-03
1.890770000000000073e+04 9.258483731188876451e-03
1.891100000000000000e+04 9.516199436379447693e-03
1.891429999999999927e+04 9.778205123317507130e-03
1.891759999999999854e+04 1.002926609200694395e-02
1.892090000000000146e+04 1.029320594471077113e-02
1.892420000000000073e+04 1.055092784327436341e-02
1.892750000000000000e+04 1.080320194449561032e-02
1.893079999999999927e+04 1.107111911559327533e-02
1.893409999999999854e+04 1.132537651525930035e-02
1.893740000000000146e+04 1.157204054653736963e-02
1.894070000000000073e+04 1.179312113364182346e-02
1.894400000000000000e+04 1.203408535388130959e-02
1.894729999999999927e+04 1.225753422005528004e-02
1.895059999999999854e+04 1.247782538647595335e-02
1.895390000000000146e+04 1.271708783192906922e-02
1.895720000000000073e+04 1.292423315815790195e-02
1.896050000000000000e+04 1.313872181592017768e-02
1.896379999999999927e+04 1.334177540696952075e-02
1.896709999999999854e+04 1.352832206896760481e-02
1.897029999999999927e+04 1.370907993777848756e-02
1.897359999999999854e+04 1.388873089550544775e-02
1.897690000000000146e+04 1.409733676987005163e-02
1.898020000000000073e+04 1.427086715467687505e-02
1.898350000000000000e+04 1.444714763509608556e-02
1.898679999999999927e+04 1.462815650176985810e-02
1.899009999999999854e+04 1.480006499794342227e-02
1.899340000000000146e+04 1.496832868220795282e-02
1.899670000000000073e+04 1.512876541669361426e-02
1.900000000000000000e+04 1.528775509451995099e-02
1.900329999999999927e+04 1.543878242086555060e-02
1.900659999999999854e+04 1.559945092182584564e-02
1.900990000000000146e+04 1.573626184368878342e-02
1.901320000000000073e+04 1.586212905433976444e-02
1.901650000000000000e+04 1.598566396784390636e-02
1.901979999999999927e+04 1.610536819672143613e-02
1.902309999999999854e+04 1.623124707114474014e-02
1.902640000000000146e+04 1.636153007442003871e-02
1.902970000000000073e+04 1.646099542023481827e-02
1.903290000000000146e+04 1.656157999643565956e-02
1.903620000000000073e+04 1.665171347380644054e-02
1.903950000000000000e+04 1.674303999406820051e-02
1.904279999999999927e+04 1.683607567692814791e-02
1.904609999999999854e+04 1.691656150722167101e-02
1.904940000000000146e+04 1.699695564925871386e-02
1.905270000000000073e+04 1.709163933594688017e-02
1.905600000000000000e+04 1.716683862380496278e-02
1.905929999999999927e+04 1.723371747623261147e-02
1.906259999999999854e+04 1.729429408376741487e-02
1.906590000000000146e+04 1.735340981281025680e-02
1.906920000000000073e+04 1.741684841780168080e-02
1.907250000000000000e+04 1.745036650440291021e-02
1.907579999999999927e+04 1.749254596645335655e-02
1.907909999999999854e+04 1.754009465371090745e-02
1.908240000000000146e+04 1.757756777154291516e-02
1.908570000000000073e+04 1.759786420606700152e-02
1.908900000000000000e+04 1.760687394873366313e-02
1.909229999999999927e+04 1.762653995505013629e-02
1.909559999999999854e+04 1.763967827726686116e-02
1.909879999999999927e+04 1.765694108071659552e-02
1.910209999999999854e+04 1.765405489084215934e-02
1.910540000000000146e+04 1.766608718572927963e-02
1.910870000000000073e+04 1.768569782813525157e-02
1.911200000000000000e+04 1.767626602521331011e-02
1.911529999999999927e+04 1.766802801867583747e-02
1.911859999999999854e+04 1.761826252519377300e-02
1.912190000000000146e+04 1.759219843363766730e-02
1.912520000000000073e+04 1.754914009535796585e-02
1.912850000000000000e+04 1.749846585689016076e-02
1.913179999999999927e+04 1.746278205968761210e-02
1.913509999999999854e+04 1.742498804957717112e-02
1.913840000000000146e+04 1.736672138922472700e-02
1.914170000000000073e+04 1.728680428284965279e-02
1.914500000000000000e+04 1.722582640859656247e-02
1.914829999999999927e+04 1.714667009059275479e-02
1.915159999999999854e+04 1.707549315571253029e-02
1.915490000000000146e+04 1.700445342197808712e-02
1.915820000000000073e+04 1.692856867475185309e-02
1.916140000000000146e+04 1.686506023480266458e-02
1.916470000000000073e+04 1.677574372807183120e-02
1.916800000000000000e+04 1.668954765003593035e-02
1.917129999999999927e+04 1.659243712829930675e-02
1.917459999999999854e+04 1.650436483415461744e-02
1.917790000000000146e+04 1.642179606928532640e-02
1.918120000000000073e+04 1.632904598684576519e-02
1.918450000000000000e+04 1.623547913656325781e-02
1.918779999999999927e+04 1.612706216775934218e-02
1.919109999999999854e+04 1.601806668729399002e-02
1.919440000000000146e+04 1.591902323561697127e-02
1.919770000000000073e+04 1.581412612053063535e-02
1.920100000000000000e+04 1.570843676947180148e-02
1.920429999999999927e+04 1.559943712705486214e-02
1.920759999999999854e+04 1.548111637441696407e-02
1.921090000000000146e+04 1.536555016854774559e-02
1.921420000000000073e+04 1.524118621878851713e-02
1.921750000000000000e+04 1.511184682176342810e-02
1.922079999999999927e+04 1.498782989368772738e-02
1.922409999999999854e+04 1.486335922528378775e-02
1.922729999999999927e+04 1.472901654460067461e-02
1.923059999999999854e+04 1.459288027987361291e-02
1.923390000000000146e+04 1.445761619665657249e-02
1.923720000000000073e+04 1.433354953592276895e-02
1.924050000000000000e+04 1.418456469801032856e-02
1.924379999999999927e+04 1.404331462149599127e-02
1.924709999999999854e+04 1.390543876526697219e-02
1.925040000000000146e+04 1.376230699247704865e-02
1.925370000000000073e+04 1.361121656317288049e-02
1.925700000000000000e+04 1.346770054646974878e-02
1.926029999999999927e+04 1.331770918532463287e-02
1.926359999999999854e+04 1.316255379212483839e-02
1.926690000000000146e+04 1.301766710374403259e-02
1.927020000000000073e+04 1.286310999753683196e-02
1.927350000000000000e+04 1.271372780170634299e-02
1.927679999999999927e+04 1.256477040835573232e-02
1.928009999999999854e+04 1.241235173746952844e-02
1.928340000000000146e+04 1.227079074368682930e-02
1.928670000000000073e+04 1.211724861808578975e-02
1.929000000000000000e+04 1.196810547884221039e-02
1.929320000000000073e+04 1.181652627007899470e-02
1.929650000000000000e+04 1.166618463428255315e-02
1.929979999999999927e+04 1.152085131686723073e-02
1.930309999999999854e+04 1.138935807832459901e-02
1.930640000000000146e+04 1.124968900988788240e-02
1.930970000000000073e+04 1.111283021601443786e-02
1.931300000000000000e+04 1.097176152331679269e-02
1.931629999999999927e+04 1.081809539929846214e-02
1.931959999999999854e+04 1.066800528749108253e-02
1.932290000000000146e+04 1.050468958517722894e-02
1.932620000000000073e+04 1.035460845853859724e-02
1.932950000000000000e+04 1.021181768446482833e-02
1.933279999999999927e+04 1.006300787976631070e-02
1.933609999999999854e+04 9.929456931208750434e-03
1.933940000000000146e+04 9.783384599706819798e-03
1.934270000000000073e+04 9.631267676549192316e-03
1.934600000000000000e+04 9.487035172690911483e-03
1.934929999999999927e+04 9.329795464969642751e-03
1.935259999999999854e+04 9.179088584983695343e-03
1.935579999999999927e+04 9.037221344050215197e-03
1.935909999999999854e+04 8.890858502525907786e-03
1.936240000000000146e+04 8.748162822034033156e-03
1.936570000000000073e+04 8.616156399128211199e-03
1.936900000000000000e+04 8.480259086250420408e-03
1.937229999999999927e+04 8.339043065859370885e-03
1.937559999999999854e+04 8.197587499878672412e-03
1.937890000000000146e+04 8.059679328495505252e-03
1.938220000000000073e+04 7.927670621713895152e-03
1.938550000000000000e+04 7.801332176268762839e-03
1.938879999999999927e+04 7.669566592942287341e-03
1.939209999999999854e+04 7.535974980944915545e-03
1.939540000000000146e+04 7.421909314826676853e-03
1.939870000000000073e+04 7.291584358086394130e-03
1.940200000000000000e+04 7.159457233109249932e-03
1.940529999999999927e+04 7.039534019919027434e-03
1.940859999999999854e+04 6.921054985232701247e-03
1.941190000000000146e+04 6.794418294920775286e-03
1.941520000000000073e+04 6.672893549847079379e-03
1.941850000000000000e+04 6.556699166230481671e-03
1.942170000000000073e+04 6.424919104260194518e-03
1.942500000000000000e+04 6.297680774242423590e-03
1.942829999999999927e+04 6.174369143023202521e-03
1.943159999999999854e+04 6.064049644061932434e-03
1.943490000000000146e+04 5.948396161036492193e-03
1.943820000000000073e+04 5.823613119961817443e-03
1.944150000000000000e+04 5.709780956704854464e-03
1.944479999999999927e+04 5.602705448252863138e-03
1.944809999999999854e+04 5.493618720749288836e-03
1.945140000000000146e+04 5.380196038011297519e-03
1.945470000000000073e+04 5.267410302565589918e-03
1.945800000000000000e+04 5.164326441617537143e-03
1.946129999999999927e+04 5.059976969985304635e-03
1.946459999999999854e+04 4.959977744522774123e-03
1.946790000000000146e+04 4.848209742575049219e-03
1.947120000000000073e+04 4.751557915479271386e-03
1.947450000000000000e+04 4.642497159450041481e-03
1.947779999999999927e+04 4.550571498748182293e-03
1.948109999999999854e+04 4.439942431132224213e-03
1.948429999999999927e+04 4.332941488048372425e-03
1.948759999999999854e+04 4.254694439633295751e-03
1.949090000000000146e+04 4.152966002844362021e-03
1.949420000000000073e+04 4.046727291938419582e-03
1.949750000000000000e+04 3.953492231072944056e-03
1.950079999999999927e+04 3.849166888438045140e-03
1.950409999999999854e+04 3.755968460990584401e-03
1.950740000000000146e+04 3.663170233041415473e-03
1.951070000000000073e+04 3.563792361168221286e-03
1.951400000000000000e+04 3.462128107378808616e-03
1.951729999999999927e+04 3.373681557010445482e-03
1.952059999999999854e+04 3.276191223312169016e-03
1.952390000000000146e+04 3.186824163916615084e-03
1.952720000000000073e+04 3.100476486358801770e-03
1.953050000000000000e+04 3.005760227327443877e-03
1.953379999999999927e+04 2.913624271963672144e-03
1.953709999999999854e+04 2.830941312483687810e-03
1.954040000000000146e+04 2.741122366317427696e-03
1.954370000000000073e+04 2.649184861749542125e-03
1.954700000000000000e+04 2.554381309449775799e-03
1.955020000000000073e+04 2.447891184508609996e-03
1.955350000000000000e+04 2.351617228506406362e-03
1.955679999999999927e+04 2.259469727086705140e-03
1.956009999999999854e+04 2.166599801028899850e-03
1.956340000000000146e+04 2.074504182830466496e-03
1.956670000000000073e+04 1.995333008604249000e-03
1.957000000000000000e+04 1.911168995918045930e-03
1.957329999999999927e+04 1.830058180173578172e-03
1.957659999999999854e+04 1.751126648512986569e-03
1.957990000000000146e+04 1.668907128907341471e-03
1.958320000000000073e+04 1.601324909881394294e-03
1.958650000000000000e+04 1.528430711191210633e-03
1.958979999999999927e+04 1.450549065142356115e-03
1.959309999999999854e+04 1.379102680436276873e-03
1.959640000000000146e+04 1.288441978678293550e-03
1.959970000000000073e+04 1.203335314753423233e-03
1.960300000000000000e+04 1.117664699234633720e-03
1.960629999999999927e+04 1.036563316148027356e-03
1.960959999999999854e+04 9.459096639737949851e-04
1.961290000000000146e+04 8.639804890442887670e-04
1.961609999999999854e+04 7.989162504763698894e-04
1.961940000000000146e+04 7.316335974701524336e-04
1.962270000000000073e+04 6.680542471730820889e-04
1.962600000000000000e+04 5.931848510101884976e-04
1.962929999999999927e+04 5.125460927589207787e-04
1.963259999999999854e+04 4.483664469631795310e-04
1.963590000000000146e+04 3.828737270823049450e-04
1.963920000000000073e+04 3.031310545424870041e-04
1.964250000000000000e+04 2.253108200959182269e-04
1.964579999999999927e+04 1.583711743567887238e-04
1.964909999999999854e+04 8.986503460736605295e-05
1.965240000000000146e+04 2.958946769156604840e-06
1.965570000000000073e+04 -6.413709955678290162e-05
1.965900000000000000e+04 -1.146604820739083970e-04
1.966229999999999927e+04 -1.725506328615617597e-04
1.966559999999999854e+04 -2.384829087644744366e-04
1.966890000000000146e+04 -3.044887645584281265e-04
1.967220000000000073e+04 -3.735964431834239521e-04
1.967550000000000000e+04 -4.286942389777324315e-04
1.967870000000000073e+04 -4.685731109805812392e-04
1.968200000000000000e+04 -5.131475157386088679e-04
1.968529999999999927e+04 -5.647131775995907401e-04
1.968859999999999854e+04 -6.115273163114792352e-04
1.969190000000000146e+04 -6.689072395541989036e-04
1.969520000000000073e+04 -7.262990060155152545e-04
1.969850000000000000e+04 -7.761698686584117502e-04
1.970179999999999927e+04 -8.225545071740707247e-04
1.970509999999999854e+04 -8.715963483207818125e-04
1.970840000000000146e+04 -9.282255671225243679e-04
1.971170000000000073e+04 -9.860540480121074078e-04
1.971500000000000000e+04 -1.028035696489752650e-03
1.971829999999999927e+04 -1.075477922363952390e-03
1.972159999999999854e+04 -1.102753968530985167e-03
1.972490000000000146e+04 -1.143810639045171910e-03
1.972820000000000073e+04 -1.185347374031025993e-03
1.973150000000000000e+04 -1.247425322743518031e-03
1.973479999999999927e+04 -1.286032573253529819e-03
1.973809999999999854e+04 -1.333924784508991410e-03
1.974140000000000146e+04 -1.384395893838137256e-03
1.974459999999999854e+04 -1.436686805805392417e-03
1.974790000000000146e+04 -1.488586318495755236e-03
1.975120000000000073e+04 -1.524243594606270033e-03
1.975450000000000000e+04 -1.554107138339866140e-03
1.975779999999999927e+04 -1.572907994591369240e-03
1.976109999999999854e+04 -1.598705439444699124e-03
1.976440000000000146e+04 -1.626825614796920984e-03
1.976770000000000073e+04 -1.661177058021152128e-03
1.977100000000000000e+04 -1.709444386419382237e-03
1.977429999999999927e+04 -1.739904462402221998e-03
1.977759999999999854e+04 -1.783102245792264964e-03
1.978090000000000146e+04 -1.822168007179367655e-03
1.978420000000000073e+04 -1.866779708719101252e-03
1.978750000000000000e+04 -1.909368858809361996e-03
1.979079999999999927e+04 -1.956103837411932167e-03
1.979409999999999854e+04 -1.994549660642836852e-03
1.979740000000000146e+04 -2.024435572114958483e-03
1.980070000000000073e+04 -2.072696558270357200e-03
1.980400000000000000e+04 -2.102481436245689107e-03
1.980720000000000073e+04 -2.144732781177689264e-03
1.981050000000000000e+04 -2.163456992518802188e-03
1.981379999999999927e+04 -2.192284592647360947e-03
1.981709999999999854e+04 -2.234488880921716835e-03
1.982040000000000146e+04 -2.256974055949512083e-03
1.982370000000000073e+04 -2.288108374264750337e-03
1.982700000000000000e+04 -2.331742923139016981e-03
1.983029999999999927e+04 -2.346418559338583985e-03
1.983359999999999854e+04 -2.363329673157678421e-03
1.983690000000000146e+04 -2.374315956521946391e-03
1.984020000000000073e+04 -2.396019160939226889e-03
1.984350000000000000e+04 -2.432374679024518638e-03
1.984679999999999927e+04 -2.465296033423243841e-03
1.985009999999999854e+04 -2.493302186102689874e-03
1.985340000000000146e+04 -2.515016955876602824e-03
1.985670000000000073e+04 -2.549223594412924031e-03
1.986000000000000000e+04 -2.579172430392738611e-03
1.986329999999999927e+04 -2.616580132585774252e-03
1.986659999999999854e+04 -2.654625086219036985e-03
1.986990000000000146e+04 -2.672420083368178250e-03
1.987309999999999854e+04 -2.678722854431333546e-03
1.987640000000000146e+04 -2.693049962098079033e-03
1.987970000000000073e+04 -2.714783811980418359e-03
1.988300000000000000e+04 -2.720748439607766685e-03
1.988629999999999927e+04 -2.766879798824219746e-03
1.988959999999999854e+04 -2.810654864571497397e-03
1.989290000000000146e+04 -2.847102095891884503e-03
1.989620000000000073e+04 -2.845568644766316001e-03
1.989950000000000000e+04 -2.864226723071166842e-03
1.990279999999999927e+04 -2.880929376055036458e-03
1.990609999999999854e+04 -2.881445863821398366e-03
1.990940000000000146e+04 -2.889605413932285101e-03
1.991270000000000073e+04 -2.923036599059057085e-03
1.991600000000000000e+04 -2.940681892132623963e-03
1.991929999999999927e+04 -2.959437417136015925e-03
1.992259999999999854e+04 -2.993935842731059935e-03
1.992590000000000146e+04 -3.021074713200189339e-03
