1.716800000000000000e+04 4.558309709681205809e-04
1.717129999999999927e+04 4.479303642474141071e-04
1.717459999999999854e+04 4.415474469077217460e-04
1.717790000000000146e+04 4.327220175579056722e-04
1.718120000000000073e+04 4.435649669141674095e-04
1.718450000000000000e+04 4.496733836319885785e-04
1.718779999999999927e+04 4.342133357160035245e-04
1.719109999999999854e+04 4.405658757983670092e-04
1.719440000000000146e+04 4.554854764535573195e-04
1.719770000000000073e+04 4.649098502785749829e-04
1.720100000000000000e+04 4.700688973910845917e-04
1.720429999999999927e+04 4.731391757195278205e-04
1.720759999999999854e+04 4.667643998399854401e-04
1.721090000000000146e+04 4.652869226265358028e-04
1.721420000000000073e+04 4.615193907937358833e-04
1.721750000000000000e+04 4.548312426597312806e-04
1.722079999999999927e+04 4.456461857158720515e-04
1.722409999999999854e+04 4.486740390314623416e-04
1.722729999999999927e+04 4.526545847710890073e-04
1.723059999999999854e+04 4.551069306515132537e-04
1.723390000000000146e+04 4.600280974312356808e-04
1.723720000000000073e+04 4.572508198579475105e-04
1.724050000000000000e+04 4.598311200263049850e-04
1.724379999999999927e+04 4.600969426507985180e-04
1.724709999999999854e+04 4.652446718885978926e-04
1.725040000000000146e+04 4.644047005054129204e-04
1.725370000000000073e+04 4.801790526270918779e-04
1.725700000000000000e+04 4.863147232921224365e-04
1.726029999999999927e+04 4.874249467658377396e-04
1.726359999999999854e+04 4.920596962325878444e-04
1.726690000000000146e+04 4.990922833516900099e-04
1.727020000000000073e+04 4.965420885140588115e-04
1.727350000000000000e+04 5.123798731650297360e-04
1.727679999999999927e+04 5.136288791354248545e-04
1.728009999999999854e+04 5.153555766007596531e-04
1.728340000000000146e+04 5.231427298346946189e-04
1.728670000000000073e+04 5.268973386912607134e-04
1.729000000000000000e+04 5.413438953847736056e-04
1.729320000000000073e+04 5.349430098598235333e-04
1.729650000000000000e+04 5.493217896166229224e-04
1.729979999999999927e+04 5.525160755903118625e-04
1.730309999999999854e+04 5.577906021280841118e-04
1.730640000000000146e+04 5.682153777845752769e-04
1.730970000000000073e+04 5.770540266328259577e-04
1.731300000000000000e+04 5.865294723552859834e-04
1.731629999999999927e+04 5.898755133936330660e-04
1.731959999999999854e+04 5.864197928225553524e-04
1.732290000000000146e+04 5.944652640609989457e-04
1.732620000000000073e+04 5.958232986624931648e-04
1.732950000000000000e+04 6.013576852094964110e-04
1.733279999999999927e+04 6.059243472829143207e-04
1.733609999999999854e+04 6.091961023387272274e-04
1.733940000000000146e+04 6.119281130214083942e-04
1.734270000000000073e+04 6.245085703722804034e-04
1.734600000000000000e+04 6.148112766325389712e-04
1.734929999999999927e+04 6.104629342905807570e-04
1.735259999999999854e+04 6.213213760731136053e-04
1.735579999999999927e+04 6.202442024541465933e-04
1.735909999999999854e+04 6.139358760146023525e-04
1.736240000000000146e+04 6.203790263540028601e-04
1.736570000000000073e+04 6.283679113621548065e-04
1.736900000000000000e+04 6.352944068277915132e-04
1.737229999999999927e+04 6.386013869290064473e-04
1.737559999999999854e+04 6.480951409029513154e-04
1.737890000000000146e+04 6.531455654975296034e-04
1.738220000000000073e+04 6.601269787454112437e-04
1.738550000000000000e+04 6.663041399873893518e-04
1.738879999999999927e+04 6.702202023808024548e-04
1.739209999999999854e+04 6.651048034418626485e-04
1.739540000000000146e+04 6.692081061264267862e-04
1.739870000000000073e+04 6.705686638215202890e-04
1.740200000000000000e+04 6.749639339876515372e-04
1.740529999999999927e+04 6.700685424786425280e-04
1.740859999999999854e+04 6.763600695947165819e-04
1.741190000000000146e+04 6.814919731646308003e-04
1.741520000000000073e+04 6.883338363392036861e-04
1.741850000000000000e+04 6.822377169927987175e-04
1.742170000000000073e+04 6.823429134635023829e-04
1.742500000000000000e+04 6.890287967673174377e-04
1.742829999999999927e+04 6.908544643307604422e-04
1.743159999999999854e+04 6.923354612303114081e-04
1.743490000000000146e+04 7.029356653435643327e-04
1.743820000000000073e+04 6.995313950427030662e-04
1.744150000000000000e+04 7.040754963681136822e-04
1.744479999999999927e+04 7.083941027029129001e-04
1.744809999999999854e+04 7.051216605190189970e-04
1.745140000000000146e+04 7.090318738968355875e-04
1.745470000000000073e+04 7.053154356280044593e-04
1.745800000000000000e+04 7.063337641629819849e-04
1.746129999999999927e+04 7.028513022015026425e-04
1.746459999999999854e+04 7.022307349247620826e-04
1.746790000000000146e+04 7.053617730627949290e-04
1.747120000000000073e+04 7.020451029257066856e-04
1.747450000000000000e+04 6.974375075574163136e-04
1.747779999999999927e+04 6.948069711216615625e-04
1.748109999999999854e+04 6.953501843469888071e-04
1.748429999999999927e+04 6.962247789411170730e-04
1.748759999999999854e+04 6.946524383536449706e-04
1.749090000000000146e+04 6.982542053115160926e-04
1.749420000000000073e+04 7.038701147225185891e-04
1.749750000000000000e+04 7.007102330912651526e-04
1.750079999999999927e+04 6.996318147326389221e-04
1.750409999999999854e+04 6.970557919647253804e-04
1.750740000000000146e+04 6.985734206209851666e-04
1.751070000000000073e+04 7.088765986298226811e-04
1.751400000000000000e+04 7.179086609280794758e-04
1.751729999999999927e+04 7.169092020497741047e-04
1.752059999999999854e+04 7.176843810450223666e-04
1.752390000000000146e+04 7.230005122387527265e-04
1.752720000000000073e+04 7.130031504677325970e-04
1.753050000000000000e+04 7.143544484182939771e-04
1.753379999999999927e+04 7.195799676540457889e-04
1.753709999999999854e+04 7.189554902649217217e-04
1.754040000000000146e+04 7.149796106872632635e-04
1.754370000000000073e+04 7.189941437502490439e-04
1.754700000000000000e+04 7.236743733194012139e-04
1.755020000000000073e+04 7.260074997987042440e-04
1.755350000000000000e+04 7.265571998864372256e-04
1.755679999999999927e+04 7.350950023134253386e-04
1.756009999999999854e+04 7.343076468595956339e-04
1.756340000000000146e+04 7.336871376487202326e-04
1.756670000000000073e+04 7.334334448573724251e-04
1.757000000000000000e+04 7.358390134715950010e-04
1.757329999999999927e+04 7.322767694122424894e-04
1.757659999999999854e+04 7.172966398831939283e-04
1.757990000000000146e+04 7.178105330218682205e-04
1.758320000000000073e+04 7.197774056380261019e-04
1.758650000000000000e+04 7.330426001898191152e-04
1.758979999999999927e+04 7.376536705073802021e-04
1.759309999999999854e+04 7.438601415605004602e-04
1.759640000000000146e+04 7.434788282544093924e-04
1.759970000000000073e+04 7.391210587004386342e-04
1.760300000000000000e+04 7.419109223495568960e-04
1.760629999999999927e+04 7.466938475463158866e-04
1.760959999999999854e+04 7.423932503752569230e-04
1.761290000000000146e+04 7.513070773162820607e-04
1.761609999999999854e+04 7.503673184579433319e-04
1.761940000000000146e+04 7.596824678596218348e-04
1.762270000000000073e+04 7.675158286311705965e-04
1.762600000000000000e+04 7.678426700284594984e-04
1.762929999999999927e+04 7.796674301802700418e-04
1.763259999999999854e+04 7.895405282624044481e-04
1.763590000000000146e+04 7.949561744895371684e-04
1.763920000000000073e+04 8.098663798494446647e-04
1.764250000000000000e+04 8.169737142224127923e-04
1.764579999999999927e+04 8.229490932005852815e-04
1.764909999999999854e+04 8.245277667466258554e-04
1.765240000000000146e+04 8.292121882689858659e-04
1.765570000000000073e+04 8.224689293747079700e-04
1.765900000000000000e+04 8.202938700474245561e-04
1.766229999999999927e+04 8.306111322846491431e-04
1.766559999999999854e+04 8.332073129135722034e-04
1.766890000000000146e+04 8.406573640825818709e-04
1.767220000000000073e+04 8.431823324076006231e-04
1.767550000000000000e+04 8.489676546497393166e-04
1.767870000000000073e+04 8.532028993975112816e-04
1.768200000000000000e+04 8.538908326048738791e-04
1.768529999999999927e+04 8.626432452143655916e-04
1.768859999999999854e+04 8.641857496047575596e-04
1.769190000000000146e+04 8.767708013480554272e-04
1.769520000000000073e+04 8.812467541130186927e-04
1.769850000000000000e+04 8.845297153313954643e-04
1.770179999999999927e+04 8.865686522472008158e-04
1.770509999999999854e+04 8.889996279965210139e-04
1.770840000000000146e+04 8.953229700928580850e-04
1.771170000000000073e+04 9.007791160884222846e-04
1.771500000000000000e+04 9.026004462164639907e-04
1.771829999999999927e+04 9.041760379790886488e-04
1.772159999999999854e+04 9.042848490955326989e-04
1.772490000000000146e+04 9.086263677920380878e-04
1.772820000000000073e+04 9.112585667975190437e-04
1.773150000000000000e+04 9.177612269000028121e-04
1.773479999999999927e+04 9.232520171120055545e-04
1.773809999999999854e+04 9.250321525509307662e-04
1.774140000000000146e+04 9.393823865212244228e-04
1.774459999999999854e+04 9.430960656470678983e-04
1.774790000000000146e+04 9.517302337738263842e-04
1.775120000000000073e+04 9.503591580406083907e-04
1.775450000000000000e+04 9.527508427082322269e-04
1.775779999999999927e+04 9.574361737074581257e-04
1.776109999999999854e+04 9.692824788191840846e-04
1.776440000000000146e+04 9.789426130993913577e-04
1.776770000000000073e+04 9.896660794629389898e-04
1.777100000000000000e+04 9.896843889600566609e-04
1.777429999999999927e+04 9.944849193615880670e-04
1.777759999999999854e+04 9.951163302281901615e-04
1.778090000000000146e+04 1.004046071523535550e-03
1.778420000000000073e+04 1.003315533821087660e-03
1.778750000000000000e+04 1.006273251437980265e-03
1.779079999999999927e+04 1.013648746983776289e-03
1.779409999999999854e+04 1.013191782536653623e-03
1.779740000000000146e+04 1.014583660442250259e-03
1.780070000000000073e+04 1.021936246830867576e-03
1.780400000000000000e+04 1.019166419237043037e-03
1.780720000000000073e+04 1.027882657182574129e-03
1.781050000000000000e+04 1.035538827147303685e-03
1.781379999999999927e+04 1.049967562621638689e-03
1.781709999999999854e+04 1.053296495739839593e-03
1.782040000000000146e+04 1.063643505104242470e-03
1.782370000000000073e+04 1.071693495433291045e-03
1.782700000000000000e+04 1.073419326475125082e-03
1.783029999999999927e+04 1.078654111628694423e-03
1.783359999999999854e+04 1.081930601815916590e-03
1.783690000000000146e+04 1.086590318036539287e-03
1.784020000000000073e+04 1.087096774834633156e-03
1.784350000000000000e+04 1.089376025291269269e-03
1.784679999999999927e+04 1.096728907659164347e-03
1.785009999999999854e+04 1.098470248537659899e-03
1.785340000000000146e+04 1.108832543804249594e-03
1.785670000000000073e+04 1.107849120153790940e-03
1.786000000000000000e+04 1.116266783069691428e-03
1.786329999999999927e+04 1.123413548993260980e-03
1.786659999999999854e+04 1.130796924256225041e-03
1.786990000000000146e+04 1.136411928590873614e-03
1.787309999999999854e+04 1.137060166682783528e-03
1.787640000000000146e+04 1.142691059043472518e-03
1.787970000000000073e+04 1.152749512859337902e-03
1.788300000000000000e+04 1.159098692290217456e-03
1.788629999999999927e+04 1.168197335491936040e-03
1.788959999999999854e+04 1.173741928743757962e-03
1.789290000000000146e+04 1.180616273957199808e-03
1.789620000000000073e+04 1.190034560672176842e-03
1.789950000000000000e+04 1.197749403456511595e-03
1.790279999999999927e+04 1.204893141037523957e-03
1.790609999999999854e+04 1.211885161131386448e-03
1.790940000000000146e+04 1.216363777842410961e-03
1.791270000000000073e+04 1.221300048626000395e-03
1.791600000000000000e+04 1.221563966712857063e-03
1.791929999999999927e+04 1.224606295898426900e-03
1.792259999999999854e+04 1.234743973308051511e-03
1.792590000000000146e+04 1.234795377026447075e-03
1.792920000000000073e+04 1.234911233555416538e-03
1.793250000000000000e+04 1.229029569817501315e-03
1.793570000000000073e+04 1.236525152376857046e-03
1.793900000000000000e+04 1.244074874948529605e-03
1.794229999999999927e+04 1.248418113744248882e-03
1.794559999999999854e+04 1.255101251868685200e-03
1.794890000000000146e+04 1.264576451957312832e-03
1.795220000000000073e+04 1.268234556230981008e-03
1.795550000000000000e+04 1.270778903273359507e-03
1.795879999999999927e+04 1.282331251070751698e-03
1.796209999999999854e+04 1.291863271046068051e-03
1.796540000000000146e+04 1.295567650240837592e-03
1.796870000000000073e+04 1.302815099945317566e-03
1.797200000000000000e+04 1.306672126199861800e-03
1.797529999999999927e+04 1.306145267353437008e-03
1.797859999999999854e+04 1.306669879256712029e-03
1.798190000000000146e+04 1.311522780556144971e-03
1.798520000000000073e+04 1.314528958876527796e-03
1.798850000000000000e+04 1.318458506698783625e-03
1.799179999999999927e+04 1.326351802666178234e-03
1.799509999999999854e+04 1.342867242258291311e-03
1.799840000000000146e+04 1.346423062114374212e-03
1.800159999999999854e+04 1.347441239994531413e-03
1.800490000000000146e+04 1.345052551825482454e-03
1.800820000000000073e+04 1.343671649958358893e-03
1.801150000000000000e+04 1.341537773260325630e-03
1.801479999999999927e+04 1.348216517824401802e-03
1.801809999999999854e+04 1.349069035421820257e-03
1.802140000000000146e+04 1.360336998161681098e-03
1.802470000000000073e+04 1.363038648527340781e-03
1.802800000000000000e+04 1.360014467253057094e-03
1.803129999999999927e+04 1.361502439712569852e-03
1.803459999999999854e+04 1.359008306874904485e-03
1.803790000000000146e+04 1.364943315824060236e-03
1.804120000000000073e+04 1.362765400371210734e-03
1.804450000000000000e+04 1.358501367705056530e-03
1.804779999999999927e+04 1.366226982334954381e-03
1.805109999999999854e+04 1.367706273570606706e-03
1.805440000000000146e+04 1.377277532004699077e-03
1.805770000000000073e+04 1.379401855580253498e-03
1.806100000000000000e+04 1.377801196611216352e-03
1.806429999999999927e+04 1.382313383986375280e-03
1.806750000000000000e+04 1.385313836220567179e-03
1.807079999999999927e+04 1.382490313714084549e-03
1.807409999999999854e+04 1.383488276618766730e-03
1.807740000000000146e+04 1.382786547502607485e-03
1.808070000000000073e+04 1.384715997933057708e-03
1.808400000000000000e+04 1.384923144999332346e-03
1.808729999999999927e+04 1.373832235403635998e-03
1.809059999999999854e+04 1.370217043636927584e-03
1.809390000000000146e+04 1.373737035635794320e-03
1.809720000000000073e+04 1.377941692120060197e-03
1.810050000000000000e+04 1.376437205882130891e-03
1.810379999999999927e+04 1.380076941965902894e-03
1.810709999999999854e+04 1.369015456747617494e-03
1.811040000000000146e+04 1.369141820745630031e-03
1.811370000000000073e+04 1.370781707180465398e-03
1.811700000000000000e+04 1.367408879277809712e-03
1.812029999999999927e+04 1.372179714977918730e-03
1.812359999999999854e+04 1.364783584029504501e-03
1.812690000000000146e+04 1.360203216577645074e-03
1.813009999999999854e+04 1.350690211303312398e-03
1.813340000000000146e+04 1.348306870423176748e-03
1.813670000000000073e+04 1.350626360162521288e-03
1.814000000000000000e+04 1.356798624109094905e-03
1.814329999999999927e+04 1.350861367264263131e-03
1.814659999999999854e+04 1.352322146317692757e-03
1.814990000000000146e+04 1.353494843952221267e-03
1.815320000000000073e+04 1.354758449233571310e-03
1.815650000000000000e+04 1.346987784716224519e-03
1.815979999999999927e+04 1.340849585073893057e-03
1.816309999999999854e+04 1.338478092226243503e-03
1.816640000000000146e+04 1.337772799948316665e-03
1.816970000000000073e+04 1.342762687585427996e-03
1.817300000000000000e+04 1.346699793268601227e-03
1.817629999999999927e+04 1.359926021621366389e-03
1.817959999999999854e+04 1.357979706799572472e-03
1.818290000000000146e+04 1.377993961828479592e-03
1.818620000000000073e+04 1.380956938184952059e-03
1.818950000000000000e+04 1.381225269870636069e-03
1.819279999999999927e+04 1.390042727544945700e-03
1.819600000000000000e+04 1.397219233953141473e-03
1.819929999999999927e+04 1.415216592548210325e-03
1.820259999999999854e+04 1.415749198077647601e-03
1.820590000000000146e+04 1.426804937784224023e-03
1.820920000000000073e+04 1.432003513232798543e-03
1.821250000000000000e+04 1.423288115012966365e-03
1.821579999999999927e+04 1.426192914820874173e-03
1.821909999999999854e+04 1.436885837300045212e-03
1.822240000000000146e+04 1.460884623478194170e-03
1.822570000000000073e+04 1.473829414570064543e-03
1.822900000000000000e+04 1.486607167028212257e-03
1.823229999999999927e+04 1.510087586684163291e-03
1.823559999999999854e+04 1.535178704876601205e-03
1.823890000000000146e+04 1.558119554621075799e-03
1.824220000000000073e+04 1.586772735269450325e-03
1.824550000000000000e+04 1.614055171354993870e-03
1.824879999999999927e+04 1.646193445531483023e-03
1.825209999999999854e+04 1.672544858657443742e-03
1.825540000000000146e+04 1.701528729346494118e-03
1.825859999999999854e+04 1.722562966250988908e-03
1.826190000000000146e+04 1.751447987644336700e-03
1.826520000000000073e+04 1.778503486519107408e-03
1.826850000000000000e+04 1.791630704589005632e-03
1.827179999999999927e+04 1.827786181228376354e-03
1.827509999999999854e+04 1.847330773215892247e-03
1.827840000000000146e+04 1.863769593209231882e-03
1.828170000000000073e+04 1.892017717577368146e-03
1.828500000000000000e+04 1.913224979343637047e-03
1.828829999999999927e+04 1.942974756047007208e-03
1.829159999999999854e+04 1.977001541102155202e-03
1.829490000000000146e+04 2.010430326102208287e-03
1.829820000000000073e+04 2.021058398641017387e-03
1.830150000000000000e+04 2.039825117595435010e-03
1.830479999999999927e+04 2.071690933703144912e-03
1.830809999999999854e+04 2.116323173259666846e-03
1.831140000000000146e+04 2.133947535386528267e-03
1.831470000000000073e+04 2.154168788436403980e-03
1.831800000000000000e+04 2.171779650615119489e-03
1.832129999999999927e+04 2.224176543308509744e-03
1.832450000000000000e+04 2.251586862589349206e-03
1.832779999999999927e+04 2.277070018984647150e-03
1.833109999999999854e+04 2.330225101369591979e-03
1.833440000000000146e+04 2.369207654769871045e-03
1.833770000000000073e+04 2.407751467446562869e-03
1.834100000000000000e+04 2.446861206033040283e-03
1.834429999999999927e+04 2.462198785387652994e-03
1.834759999999999854e+04 2.488253630165530601e-03
1.835090000000000146e+04 2.527774794628072971e-03
1.835420000000000073e+04 2.569955956091430054e-03
1.835750000000000000e+04 2.608014657128828427e-03
1.836079999999999927e+04 2.639953947925909213e-03
1.836409999999999854e+04 2.665249993918000597e-03
1.836740000000000146e+04 2.689232983814183065e-03
1.837070000000000073e+04 2.725972713092628032e-03
1.837400000000000000e+04 2.762057623405196442e-03
1.837729999999999927e+04 2.813504324605922962e-03
1.838059999999999854e+04 2.851473525589556021e-03
1.838390000000000146e+04 2.889304367051392410e-03
1.838709999999999854e+04 2.906489036264767178e-03
1.839040000000000146e+04 2.948449536083341035e-03
1.839370000000000073e+04 2.968550423982612829e-03
1.839700000000000000e+04 2.995903288311833022e-03
1.840029999999999927e+04 3.012180025390543553e-03
1.840359999999999854e+04 3.051104120506284434e-03
1.840690000000000146e+04 3.079390476876128855e-03
1.841020000000000073e+04 3.105562107936722573e-03
1.841350000000000000e+04 3.126464365881714922e-03
1.841679999999999927e+04 3.164457985613676905e-03
1.842009999999999854e+04 3.193924599101720385e-03
1.842340000000000146e+04 3.233938975987233743e-03
1.842670000000000073e+04 3.269887316980556787e-03
1.843000000000000000e+04 3.309437070154627909e-03
1.843329999999999927e+04 3.352911278089966505e-03
1.843659999999999854e+04 3.400440495255143119e-03
1.843990000000000146e+04 3.447071284817315468e-03
1.844320000000000073e+04 3.497968824228881064e-03
1.844650000000000000e+04 3.541951079066801063e-03
1.844979999999999927e+04 3.585890353928694943e-03
1.845300000000000000e+04 3.625616168470451040e-03
1.845629999999999927e+04 3.662822062973075578e-03
1.845959999999999854e+04 3.686974113764882044e-03
1.846290000000000146e+04 3.752131463082398078e-03
1.846620000000000073e+04 3.751142409365072500e-03
1.846950000000000000e+04 3.766643666748825930e-03
1.847279999999999927e+04 3.788080796075697643e-03
1.847609999999999854e+04 3.816139878285842134e-03
1.847940000000000146e+04 3.827387382054028408e-03
1.848270000000000073e+04 3.844780216253107768e-03
1.848600000000000000e+04 3.831075149307785511e-03
1.848929999999999927e+04 3.837692585576243931e-03
1.849259999999999854e+04 3.858762811978173890e-03
1.849590000000000146e+04 3.846011598451092809e-03
1.849920000000000073e+04 3.865060727879158012e-03
1.850250000000000000e+04 3.887969052430606965e-03
1.850579999999999927e+04 3.919767008914675638e-03
1.850909999999999854e+04 3.979107410390255589e-03
1.851240000000000146e+04 3.982460549976322463e-03
1.851570000000000073e+04 3.977560520401698073e-03
1.851890000000000146e+04 3.979449525158418842e-03
1.852220000000000073e+04 3.996395688428949940e-03
1.852550000000000000e+04 4.032430850170598893e-03
1.852879999999999927e+04 4.072263317187995932e-03
1.853209999999999854e+04 4.119066239934565492e-03
1.853540000000000146e+04 4.154066205761127416e-03
1.853870000000000073e+04 4.201785432117104667e-03
1.854200000000000000e+04 4.248999885958569360e-03
1.854529999999999927e+04 4.307998605439032624e-03
1.854859999999999854e+04 4.333649924673659004e-03
1.855190000000000146e+04 4.386379758888599677e-03
1.855520000000000073e+04 4.434415061008664845e-03
1.855850000000000000e+04 4.504744970440335491e-03
1.856179999999999927e+04 4.574040002202907698e-03
1.856509999999999854e+04 4.628750058032446088e-03
1.856840000000000146e+04 4.684338813955456551e-03
1.857170000000000073e+04 4.717807699089352456e-03
1.857500000000000000e+04 4.771849629522094058e-03
1.857829999999999927e+04 4.850665023246492069e-03
1.858150000000000000e+04 4.897291985815756948e-03
1.858479999999999927e+04 4.952803885857572606e-03
1.858809999999999854e+04 4.989074401281925683e-03
1.859140000000000146e+04 5.042078988430947518e-03
1.859470000000000073e+04 5.092190258977869442e-03
1.859800000000000000e+04 5.143819995765060681e-03
1.860129999999999927e+04 5.188316577955359894e-03
1.860459999999999854e+04 5.251234185926244476e-03
1.860790000000000146e+04 5.304520328178656194e-03
1.861120000000000073e+04 5.378836868990706337e-03
1.861450000000000000e+04 5.473170353072506419e-03
1.861779999999999927e+04 5.537719211814432288e-03
1.862109999999999854e+04 5.590502730240692365e-03
1.862440000000000146e+04 5.675798686041889224e-03
1.862770000000000073e+04 5.740432680569587838e-03
1.863100000000000000e+04 5.883201526456109838e-03
1.863429999999999927e+04 5.972672638507833462e-03
1.863759999999999854e+04 6.066337370493998966e-03
1.864090000000000146e+04 6.168927271348816944e-03
1.864420000000000073e+04 6.349967359845679928e-03
1.864740000000000146e+04 6.484076448421200421e-03
1.865070000000000073e+04 6.616517064491081457e-03
1.865400000000000000e+04 6.775323181053919883e-03
1.865729999999999927e+04 6.919449928090533504e-03
1.866059999999999854e+04 7.068625172703150647e-03
1.866390000000000146e+04 7.197460222061817861e-03
1.866720000000000073e+04 7.314666248526544012e-03
1.867050000000000000e+04 7.415751277939345958e-03
1.867379999999999927e+04 7.527574837686380749e-03
1.867709999999999854e+04 7.679465561258451076e-03
1.868040000000000146e+04 7.868006375312427275e-03
1.868370000000000073e+04 8.105689564692573207e-03
1.868700000000000000e+04 8.345325918825535413e-03
1.869029999999999927e+04 8.556042844033440176e-03
1.869359999999999854e+04 8.830880501043877548e-03
1.869690000000000146e+04 9.100892066219841425e-03
1.870020000000000073e+04 9.233846037121878902e-03
1.870350000000000000e+04 9.343732071003649567e-03
1.870679999999999927e+04 9.550805808999269370e-03
1.871000000000000000e+04 9.845828273703895531e-03
1.871329999999999927e+04 1.007680950250928673e-02
1.871659999999999854e+04 1.024789027702403474e-02
1.871990000000000146e+04 1.042100600543651064e-02
1.872320000000000073e+04 1.058755009769903749e-02
1.872650000000000000e+04 1.077289587348344811e-02
1.872979999999999927e+04 1.091875945621894640e-02
1.873309999999999854e+04 1.110108722436894610e-02
1.873640000000000146e+04 1.128040822153049405e-02
1.873970000000000073e+04 1.149045645275635456e-02
1.874300000000000000e+04 1.154389570749468109e-02
1.874629999999999927e+04 1.172947381539458933e-02
1.874959999999999854e+04 1.179573662903763039e-02
1.875290000000000146e+04 1.187747163202341680e-02
1.875620000000000073e+04 1.194886136337653879e-02
1.875950000000000000e+04 1.209239461639584172e-02
1.876279999999999927e+04 1.222986128196541442e-02
1.876609999999999854e+04 1.235225917264550811e-02
1.876940000000000146e+04 1.243569781523687356e-02
1.877270000000000073e+04 1.256298432830918813e-02
1.877590000000000146e+04 1.274655190291365710e-02
1.877920000000000073e+04 1.280585745752403463e-02
1.878250000000000000e+04 1.296662283515338278e-02
1.878579999999999927e+04 1.313778755918656484e-02
1.878909999999999854e+04 1.334545725621674554e-02
1.879240000000000146e+04 1.356947781018020931e-02
1.879570000000000073e+04 1.379666919333820928e-02
1.879900000000000000e+04 1.406442735390055210e-02
1.880229999999999927e+04 1.434348265700389688e-02
1.880559999999999854e+04 1.464446927415687799e-02
1.880890000000000146e+04 1.486564519094900512e-02
1.881220000000000073e+04 1.513229052693854625e-02
1.881550000000000000e+04 1.542069610804714351e-02
1.881879999999999927e+04 1.568704885879378119e-02
1.882209999999999854e+04 1.595964889109439261e-02
1.882540000000000146e+04 1.624202656568270522e-02
1.882870000000000073e+04 1.654614493516737284e-02
1.883200000000000000e+04 1.684193027426005018e-02
1.883529999999999927e+04 1.714514311459348905e-02
1.883859999999999854e+04 1.744718985600572994e-02
1.884179999999999927e+04 1.773845236644737075e-02
1.884509999999999854e+04 1.802070610387473612e-02
1.884840000000000146e+04 1.825840670762559834e-02
1.885170000000000073e+04 1.848511843526287265e-02
1.885500000000000000e+04 1.872261693740170235e-02
1.885829999999999927e+04 1.890637788477024864e-02
1.886159999999999854e+04 1.908071838403008896e-02
1.886490000000000146e+04 1.941596704360196851e-02
1.886820000000000073e+04 1.977785198130973740e-02
1.887150000000000000e+04 2.004237094449670339e-02
1.887479999999999927e+04 2.019774003957809302e-02
1.887809999999999854e+04 2.043646195762371942e-02
1.888140000000000146e+04 2.073989411165551994e-02
1.888470000000000073e+04 2.102827022400172857e-02
1.888800000000000000e+04 2.131489966638552835e-02
1.889129999999999927e+04 2.158165403444420663e-02
1.889459999999999854e+04 2.193277436712141870e-02
1.889790000000000146e+04 2.223551317492971149e-02
1.890120000000000073e+04 2.254898430512718502e-02
1.890440000000000146e+04 2.281794175699883992e-02
1.890770000000000073e+04 2.324730168215861578e-02
1.891100000000000000e+04 2.356002253593664914e-02
1.891429999999999927e+04 2.398664980438975150e-02
1.891759999999999854e+04 2.441415181728085262e-02
1.892090000000000146e+04 2.484108287273948182e-02
1.892420000000000073e+04 2.522702836853935038e-02
1.892750000000000000e+04 2.560432706262703861e-02
1.893079999999999927e+04 2.600577812342895478e-02
1.893409999999999854e+04 2.642023096463293891e-02
1.893740000000000146e+04 2.680559399527033398e-02
1.894070000000000073e+04 2.710967078717104253e-02
1.894400000000000000e+04 2.750755414857580794e-02
1.894729999999999927e+04 2.784302754920303657e-02
1.895059999999999854e+04 2.817456399441413753e-02
1.895390000000000146e+04 2.850408810844869481e-02
1.895720000000000073e+04 2.878507367001070100e-02
1.896050000000000000e+04 2.907216214777679289e-02
1.896379999999999927e+04 2.932711908169013254e-02
1.896709999999999854e+04 2.955708415206240516e-02
1.897029999999999927e+04 2.973238344046009313e-02
1.897359999999999854e+04 2.993629706888269876e-02
1.897690000000000146e+04 3.017630489644108210e-02
1.898020000000000073e+04 3.037317646815908267e-02
1.898350000000000000e+04 3.057893248623270305e-02
1.898679999999999927e+04 3.079052985653973895e-02
1.899009999999999854e+04 3.099717150231067961e-02
1.899340000000000146e+04 3.117818443283728799e-02
1.899670000000000073e+04 3.134207204916552442e-02
1.900000000000000000e+04 3.152372247673218553e-02
1.900329999999999927e+04 3.167634501734645919e-02
1.900659999999999854e+04 3.184560784503268072e-02
1.900990000000000146e+04 3.197107033267103382e-02
1.901320000000000073e+04 3.207317903529896541e-02
1.901650000000000000e+04 3.217557806431647904e-02
1.901979999999999927e+04 3.231271211836526935e-02
1.902309999999999854e+04 3.244228054320536653e-02
1.902640000000000146e+04 3.258879705292945517e-02
1.902970000000000073e+04 3.265790268183306477e-02
1.903290000000000146e+04 3.273026618381516539e-02
1.903620000000000073e+04 3.279212901764155114e-02
1.903950000000000000e+04 3.284704506154419168e-02
1.904279999999999927e+04 3.292049729081589909e-02
1.904609999999999854e+04 3.296495756259452264e-02
1.904940000000000146e+04 3.302455304844460066e-02
1.905270000000000073e+04 3.310002704069812257e-02
1.905600000000000000e+04 3.313966526000048513e-02
1.905929999999999927e+04 3.316964158140988522e-02
1.906259999999999854e+04 3.318041634338306928e-02
1.906590000000000146e+04 3.319853504931844640e-02
1.906920000000000073e+04 3.320977231749180220e-02
1.907250000000000000e+04 3.316982195107345821e-02
1.907579999999999927e+04 3.314712568622182193e-02
1.907909999999999854e+04 3.312147480704753788e-02
1.908240000000000146e+04 3.310409437098066343e-02
1.908570000000000073e+04 3.306777316123639399e-02
1.908900000000000000e+04 3.301580742892929604e-02
1.909229999999999927e+04 3.294796529725811662e-02
1.909559999999999854e+04 3.288582846484586902e-02
1.909879999999999927e+04 3.283131869970498662e-02
1.910209999999999854e+04 3.273495414276354071e-02
1.910540000000000146e+04 3.266935393352293077e-02
1.910870000000000073e+04 3.261327264550619581e-02
1.911200000000000000e+04 3.253044358115562279e-02
1.911529999999999927e+04 3.245476203313828883e-02
1.911859999999999854e+04 3.227991045366488537e-02
1.912190000000000146e+04 3.214037421014664248e-02
1.912520000000000073e+04 3.196419676593725140e-02
1.912850000000000000e+04 3.178361050555454648e-02
1.913179999999999927e+04 3.164297530738563458e-02
1.913509999999999854e+04 3.151193606839798600e-02
1.913840000000000146e+04 3.134775986104319789e-02
1.914170000000000073e+04 3.113448873438761158e-02
1.914500000000000000e+04 3.095873376496845533e-02
1.914829999999999927e+04 3.074273371127242416e-02
1.915159999999999854e+04 3.053953285669234324e-02
1.915490000000000146e+04 3.032919748345587127e-02
1.915820000000000073e+04 3.011846166277505621e-02
1.916140000000000146e+04 2.993266713938951690e-02
1.916470000000000073e+04 2.970793155502918226e-02
1.916800000000000000e+04 2.950249313298385426e-02
1.917129999999999927e+04 2.925292403902501892e-02
1.917459999999999854e+04 2.901961660151814587e-02
1.917790000000000146e+04 2.880125983084666150e-02
1.918120000000000073e+04 2.858985454059141673e-02
1.918450000000000000e+04 2.832825780800139054e-02
1.918779999999999927e+04 2.805956773892440137e-02
1.919109999999999854e+04 2.779556542187195875e-02
1.919440000000000146e+04 2.755673461373929489e-02
1.919770000000000073e+04 2.729957424687219983e-02
1.920100000000000000e+04 2.703924317804837218e-02
1.920429999999999927e+04 2.678902996923140586e-02
1.920759999999999854e+04 2.651817922006715483e-02
1.921090000000000146e+04 2.625919880044373309e-02
1.921420000000000073e+04 2.597671822537034325e-02
1.921750000000000000e+04 2.567764767870200568e-02
1.922079999999999927e+04 2.540149900668395300e-02
1.922409999999999854e+04 2.511347304806661393e-02
1.922729999999999927e+04 2.481445268499404486e-02
1.923059999999999854e+04 2.451245584446165235e-02
1.923390000000000146e+04 2.422186428769576919e-02
1.923720000000000073e+04 2.394091906086805860e-02
1.924050000000000000e+04 2.363367716292121348e-02
1.924379999999999927e+04 2.333228874684323967e-02
1.924709999999999854e+04 2.302650501175112011e-02
1.925040000000000146e+04 2.271339766175745067e-02
1.925370000000000073e+04 2.237989301736960368e-02
1.925700000000000000e+04 2.209034737739387980e-02
1.926029999999999927e+04 2.176687511660221550e-02
1.926359999999999854e+04 2.143074348125539180e-02
1.926690000000000146e+04 2.113796261171449822e-02
1.927020000000000073e+04 2.081680661277309982e-02
1.927350000000000000e+04 2.049707469770556748e-02
1.927679999999999927e+04 2.017933960636568089e-02
1.928009999999999854e+04 1.984334207325076649e-02
1.928340000000000146e+04 1.955723957267148372e-02
1.928670000000000073e+04 1.924386146745469747e-02
1.929000000000000000e+04 1.893101354100094891e-02
1.929320000000000073e+04 1.863317697968706541e-02
1.929650000000000000e+04 1.831393956513234847e-02
1.929979999999999927e+04 1.799843808451454322e-02
1.930309999999999854e+04 1.770566069290119976e-02
1.930640000000000146e+04 1.741334804055170993e-02
1.930970000000000073e+04 1.711546164114767510e-02
1.931300000000000000e+04 1.682782851207307792e-02
1.931629999999999927e+04 1.651581363768632460e-02
1.931959999999999854e+04 1.620638130757689338e-02
1.932290000000000146e+04 1.588674726036650928e-02
1.932620000000000073e+04 1.558027551811908516e-02
1.932950000000000000e+04 1.526753373164178862e-02
1.933279999999999927e+04 1.495161275138323989e-02
1.933609999999999854e+04 1.467079434172141941e-02
1.933940000000000146e+04 1.439896489688992365e-02
1.934270000000000073e+04 1.410820919431925169e-02
1.934600000000000000e+04 1.380504108384267639e-02
1.934929999999999927e+04 1.351318019495673095e-02
1.935259999999999854e+04 1.321872136584882618e-02
1.935579999999999927e+04 1.291805116239029202e-02
1.935909999999999854e+04 1.262264087710162318e-02
1.936240000000000146e+04 1.233109731102692390e-02
1.936570000000000073e+04 1.204857610390751288e-02
1.936900000000000000e+04 1.177227913791875288e-02
1.937229999999999927e+04 1.149343140184768373e-02
1.937559999999999854e+04 1.120561336169689087e-02
1.937890000000000146e+04 1.093288072869817371e-02
1.938220000000000073e+04 1.065305312202117702e-02
1.938550000000000000e+04 1.037711333753726754e-02
1.938879999999999927e+04 1.008618697261738986e-02
1.939209999999999854e+04 9.819053810976216198e-03
1.939540000000000146e+04 9.554790144392040496e-03
1.939870000000000073e+04 9.288688635809803917e-03
1.940200000000000000e+04 9.032368037554607682e-03
1.940529999999999927e+04 8.790753831529954376e-03
1.940859999999999854e+04 8.540084389567865683e-03
1.941190000000000146e+04 8.279815840650153053e-03
1.941520000000000073e+04 8.033444496011371561e-03
1.941850000000000000e+04 7.790309610388759104e-03
1.942170000000000073e+04 7.522008731159186314e-03
1.942500000000000000e+04 7.268269967170664682e-03
1.942829999999999927e+04 7.032398023951324899e-03
1.943159999999999854e+04 6.784050891140105087e-03
1.943490000000000146e+04 6.527556137315338250e-03
1.943820000000000073e+04 6.274061802573642141e-03
1.944150000000000000e+04 6.029454658704379300e-03
1.944479999999999927e+04 5.800318342678302021e-03
1.944809999999999854e+04 5.567300599076023884e-03
1.945140000000000146e+04 5.353077645781956044e-03
1.945470000000000073e+04 5.133838090005657384e-03
1.945800000000000000e+04 4.907523063862573656e-03
1.946129999999999927e+04 4.669530858270968046e-03
1.946459999999999854e+04 4.434965027368203971e-03
1.946790000000000146e+04 4.198545579347973816e-03
1.947120000000000073e+04 3.974472921386583077e-03
1.947450000000000000e+04 3.742040945995981933e-03
1.947779999999999927e+04 3.529693842298899445e-03
1.948109999999999854e+04 3.311220031858520731e-03
1.948429999999999927e+04 3.097408579822887031e-03
1.948759999999999854e+04 2.889798498486073446e-03
1.949090000000000146e+04 2.678859524029222807e-03
1.949420000000000073e+04 2.484384620496274659e-03
1.949750000000000000e+04 2.291718152472773436e-03
1.950079999999999927e+04 2.077456913696153554e-03
1.950409999999999854e+04 1.870919419284601147e-03
1.950740000000000146e+04 1.673378462067871700e-03
1.951070000000000073e+04 1.478415670546697229e-03
1.951400000000000000e+04 1.302254753703058817e-03
1.951729999999999927e+04 1.128520266896531395e-03
1.952059999999999854e+04 9.346951604168252581e-04
1.952390000000000146e+04 7.511410490531123581e-04
1.952720000000000073e+04 5.758755152109863934e-04
1.953050000000000000e+04 3.993497611661769235e-04
1.953379999999999927e+04 2.199734392925942878e-04
1.953709999999999854e+04 4.021394242900881098e-05
1.954040000000000146e+04 -1.228506646279318775e-04
1.954370000000000073e+04 -2.815398927843960290e-04
1.954700000000000000e+04 -4.282584036238641948e-04
1.955020000000000073e+04 -5.992775405211182632e-04
1.955350000000000000e+04 -7.395837745634004350e-04
1.955679999999999927e+04 -8.899935887643083045e-04
1.956009999999999854e+04 -1.023804459688122323e-03
1.956340000000000146e+04 -1.164331939095686417e-03
1.956670000000000073e+04 -1.307475303943736716e-03
1.957000000000000000e+04 -1.438910244298128010e-03
1.957329999999999927e+04 -1.567169976337226978e-03
1.957659999999999854e+04 -1.693185397891707258e-03
1.957990000000000146e+04 -1.810834763617977759e-03
1.958320000000000073e+04 -1.958719202780261591e-03
1.958650000000000000e+04 -2.102784171243547023e-03
1.958979999999999927e+04 -2.199683640021439946e-03
1.959309999999999854e+04 -2.320347042632793944e-03
1.959640000000000146e+04 -2.428406897922127852e-03
1.959970000000000073e+04 -2.521561664672515666e-03
1.960300000000000000e+04 -2.627863943639500120e-03
1.960629999999999927e+04 -2.765129817366881061e-03
1.960959999999999854e+04 -2.882398464771370253e-03
1.961290000000000146e+04 -3.011839544005598911e-03
1.961609999999999854e+04 -3.133700197072384133e-03
1.961940000000000146e+04 -3.220865586258875920e-03
1.962270000000000073e+04 -3.341780186215977024e-03
1.962600000000000000e+04 -3.441451010116682984e-03
1.962929999999999927e+04 -3.534053734133195315e-03
1.963259999999999854e+04 -3.601092830893090190e-03
1.963590000000000146e+04 -3.658369566478879287e-03
1.963920000000000073e+04 -3.775959823530748542e-03
1.964250000000000000e+04 -3.848578498596722571e-03
1.964579999999999927e+04 -3.954640830493663141e-03
1.964909999999999854e+04 -4.071498112341750270e-03
1.965240000000000146e+04 -4.180383365646158506e-03
1.965570000000000073e+04 -4.291898632487898581e-03
1.965900000000000000e+04 -4.372597483638941164e-03
1.966229999999999927e+04 -4.413487005391014684e-03
1.966559999999999854e+04 -4.454768257028431967e-03
1.966890000000000146e+04 -4.540146339070629325e-03
1.967220000000000073e+04 -4.631868697138400749e-03
1.967550000000000000e+04 -4.708345788708157877e-03
1.967870000000000073e+04 -4.808381915324730534e-03
1.968200000000000000e+04 -4.865493971431013136e-03
1.968529999999999927e+04 -4.906898429439567055e-03
1.968859999999999854e+04 -4.940209342570179782e-03
1.969190000000000146e+04 -4.975269817373860481e-03
1.969520000000000073e+04 -5.045074047250992268e-03
1.969850000000000000e+04 -5.083163688076429085e-03
1.970179999999999927e+04 -5.103217556092056253e-03
1.970509999999999854e+04 -5.194659324819612956e-03
1.970840000000000146e+04 -5.297490943413779574e-03
1.971170000000000073e+04 -5.398304994865918416e-03
1.971500000000000000e+04 -5.450678372535259185e-03
1.971829999999999927e+04 -5.543619262321999690e-03
1.972159999999999854e+04 -5.545750760515276954e-03
1.972490000000000146e+04 -5.568721677907035629e-03
1.972820000000000073e+04 -5.643032142801185022e-03
1.973150000000000000e+04 -5.731979318748003580e-03
1.973479999999999927e+04 -5.811711735665370422e-03
1.973809999999999854e+04 -5.890205233272403917e-03
1.974140000000000146e+04 -5.968505846994503865e-03
1.974459999999999854e+04 -6.068505407405148759e-03
1.974790000000000146e+04 -6.092392177942420640e-03
1.975120000000000073e+04 -6.093408508721254169e-03
1.975450000000000000e+04 -6.133161959325942290e-03
1.975779999999999927e+04 -6.154588132652975309e-03
1.976109999999999854e+04 -6.207039222401767274e-03
1.976440000000000146e+04 -6.276119783465428960e-03
1.976770000000000073e+04 -6.364831254835917607e-03
1.977100000000000000e+04 -6.422803067571903300e-03
1.977429999999999927e+04 -6.458392729697737429e-03
1.977759999999999854e+04 -6.501759148388983577e-03
1.978090000000000146e+04 -6.560166676497214237e-03
1.978420000000000073e+04 -6.643657463911042255e-03
1.978750000000000000e+04 -6.643164018675996527e-03
1.979079999999999927e+04 -6.715479275344348777e-03
1.979409999999999854e+04 -6.721896946834293902e-03
1.979740000000000146e+04 -6.746699843333127389e-03
1.980070000000000073e+04 -6.815807761821050803e-03
1.980400000000000000e+04 -6.830567864486024494e-03
1.980720000000000073e+04 -6.871849598680926201e-03
1.981050000000000000e+04 -6.864401326803872168e-03
1.981379999999999927e+04 -6.844833875278595950e-03
1.981709999999999854e+04 -6.872339034108002759e-03
1.982040000000000146e+04 -6.841911539601847579e-03
1.982370000000000073e+04 -6.841767315163203161e-03
1.982700000000000000e+04 -6.893415663596024444e-03
1.983029999999999927e+04 -6.915627859045351059e-03
1.983359999999999854e+04 -6.903287667978386284e-03
1.983690000000000146e+04 -6.886028102050633336e-03
1.984020000000000073e+04 -6.867692269724730292e-03
1.984350000000000000e+04 -6.879189674520593857e-03
1.984679999999999927e+04 -6.877407971969533816e-03
1.985009999999999854e+04 -6.899336115575345138e-03
1.985340000000000146e+04 -6.936833842350283164e-03
1.985670000000000073e+04 -7.005869259024754409e-03
1.986000000000000000e+04 -7.028157429897871795e-03
1.986329999999999927e+04 -7.086352291219643641e-03
1.986659999999999854e+04 -7.110042306813522950e-03
1.986990000000000146e+04 -7.095818406148113669e-03
1.987309999999999854e+04 -7.059359230574659486e-03
1.987640000000000146e+04 -7.030490537288996630e-03
1.987970000000000073e+04 -7.051688130789384931e-03
1.988300000000000000e+04 -7.010608185098641913e-03
1.988629999999999927e+04 -7.091865132390711389e-03
1.988959999999999854e+04 -7.171370789263021087e-03
1.989290000000000146e+04 -7.164160613182844056e-03
1.989620000000000073e+04 -7.118451021960080921e-03
1.989950000000000000e+04 -7.084239599126196558e-03
1.990279999999999927e+04 -7.058314934424117504e-03
1.990609999999999854e+04 -7.043313803070646271e-03
1.990940000000000146e+04 -6.994811430131956179e-03
1.991270000000000073e+04 -7.027667041532730842e-03
1.991600000000000000e+04 -7.026908153706271781e-03
1.991929999999999927e+04 -7.040130955208689402e-03
1.992259999999999854e+04 -7.045841465355828261e-03
1.992590000000000146e+04 -7.035330379148146268e-03
