1.716800000000000000e+04 2.052063984088142810e-04
1.717129999999999927e+04 2.205069967039134193e-04
1.717459999999999854e+04 2.145461486676622216e-04
1.717790000000000146e+04 2.140338567565463525e-04
1.718120000000000073e+04 2.165307045887970990e-04
1.718450000000000000e+04 2.247851305846640098e-04
1.718779999999999927e+04 2.357574180935003447e-04
1.719109999999999854e+04 2.280537334984443086e-04
1.719440000000000146e+04 2.317044886172672552e-04
1.719770000000000073e+04 2.436002430121303149e-04
1.720100000000000000e+04 2.409462745595323293e-04
1.720429999999999927e+04 2.457666133763631200e-04
1.720759999999999854e+04 2.404191633927387276e-04
1.721090000000000146e+04 2.335079414545588824e-04
1.721420000000000073e+04 2.371906325659940760e-04
1.721750000000000000e+04 2.440474859938762491e-04
1.722079999999999927e+04 2.425028002722268670e-04
1.722409999999999854e+04 2.417033714633544741e-04
1.722729999999999927e+04 2.429125959596410060e-04
1.723059999999999854e+04 2.395957899072126906e-04
1.723390000000000146e+04 2.434849639089293474e-04
1.723720000000000073e+04 2.550479754696780140e-04
1.724050000000000000e+04 2.550009129079057013e-04
1.724379999999999927e+04 2.493323983131511294e-04
1.724709999999999854e+04 2.506151139959468901e-04
1.725040000000000146e+04 2.521259681310043083e-04
1.725370000000000073e+04 2.505244165066497150e-04
1.725700000000000000e+04 2.586121926599230865e-04
1.726029999999999927e+04 2.648091846405160031e-04
1.726359999999999854e+04 2.633761082724701526e-04
1.726690000000000146e+04 2.605454803297449929e-04
1.727020000000000073e+04 2.567112064556180255e-04
1.727350000000000000e+04 2.537872935348593978e-04
1.727679999999999927e+04 2.515800862327078778e-04
1.728009999999999854e+04 2.551004580633629772e-04
1.728340000000000146e+04 2.583390234090104693e-04
1.728670000000000073e+04 2.627057432508433173e-04
1.729000000000000000e+04 2.713859131625379539e-04
1.729320000000000073e+04 2.559820329809459668e-04
1.729650000000000000e+04 2.537503245266097560e-04
1.729979999999999927e+04 2.676927127238177195e-04
1.730309999999999854e+04 2.723403203688922066e-04
1.730640000000000146e+04 2.754716404733400050e-04
1.730970000000000073e+04 2.821976004207514023e-04
1.731300000000000000e+04 2.846944391086697222e-04
1.731629999999999927e+04 2.881735565071360757e-04
1.731959999999999854e+04 2.725178662698510518e-04
1.732290000000000146e+04 2.696406200276840076e-04
1.732620000000000073e+04 2.663799243946465140e-04
1.732950000000000000e+04 2.668972907441407205e-04
1.733279999999999927e+04 2.749209682834438261e-04
1.733609999999999854e+04 2.713324811055906386e-04
1.733940000000000146e+04 2.810371692961168791e-04
1.734270000000000073e+04 2.816240152817402957e-04
1.734600000000000000e+04 2.810231118786451110e-04
1.734929999999999927e+04 2.755291651339691590e-04
1.735259999999999854e+04 2.674254240050443539e-04
1.735579999999999927e+04 2.664970610221188696e-04
1.735909999999999854e+04 2.588011738916904531e-04
1.736240000000000146e+04 2.527765891133012394e-04
1.736570000000000073e+04 2.567748775689046212e-04
1.736900000000000000e+04 2.553868024427272533e-04
1.737229999999999927e+04 2.585192006923575582e-04
1.737559999999999854e+04 2.616658368449725595e-04
1.737890000000000146e+04 2.625842960613795191e-04
1.738220000000000073e+04 2.669929588850418652e-04
1.738550000000000000e+04 2.627295957328788919e-04
1.738879999999999927e+04 2.556871599665354539e-04
1.739209999999999854e+04 2.561537505721318028e-04
1.739540000000000146e+04 2.584622607994564053e-04
1.739870000000000073e+04 2.540411817901221158e-04
1.740200000000000000e+04 2.384223463559466513e-04
1.740529999999999927e+04 2.271701682208948777e-04
1.740859999999999854e+04 2.250463720151256951e-04
1.741190000000000146e+04 2.258065867329711541e-04
1.741520000000000073e+04 2.290133707673169925e-04
1.741850000000000000e+04 2.193473231244611062e-04
1.742170000000000073e+04 2.137774701498755298e-04
1.742500000000000000e+04 2.130239751627774152e-04
1.742829999999999927e+04 2.142227848912699759e-04
1.743159999999999854e+04 2.188644508084926243e-04
1.743490000000000146e+04 2.153429383244604616e-04
1.743820000000000073e+04 2.115909378835590900e-04
1.744150000000000000e+04 2.150215803469083067e-04
1.744479999999999927e+04 2.194870063439379154e-04
1.744809999999999854e+04 2.119255727687051468e-04
1.745140000000000146e+04 2.057668601937631377e-04
1.745470000000000073e+04 2.033398218621704950e-04
1.745800000000000000e+04 2.016688622340910998e-04
1.746129999999999927e+04 1.933221228314320136e-04
1.746459999999999854e+04 1.890892353228282047e-04
1.746790000000000146e+04 1.779785643446859687e-04
1.747120000000000073e+04 1.733832740558048950e-04
1.747450000000000000e+04 1.603288867195604627e-04
1.747779999999999927e+04 1.490749615211740039e-04
1.748109999999999854e+04 1.451422005761209390e-04
1.748429999999999927e+04 1.438059636016023968e-04
1.748759999999999854e+04 1.376415913806419721e-04
1.749090000000000146e+04 1.378043224893771594e-04
1.749420000000000073e+04 1.364226847220025701e-04
1.749750000000000000e+04 1.287969818816725172e-04
1.750079999999999927e+04 1.193394255683768068e-04
1.750409999999999854e+04 1.012237252066557574e-04
1.750740000000000146e+04 8.991564002639002256e-05
1.751070000000000073e+04 8.180339822476574707e-05
1.751400000000000000e+04 8.384943610645775273e-05
1.751729999999999927e+04 7.859693395500260045e-05
1.752059999999999854e+04 6.729604072257895555e-05
1.752390000000000146e+04 6.443058024839388022e-05
1.752720000000000073e+04 5.475421382009538243e-05
1.753050000000000000e+04 4.675064572488846763e-05
1.753379999999999927e+04 3.621438231992120762e-05
1.753709999999999854e+04 2.103526157184235272e-05
1.754040000000000146e+04 1.151437764062527001e-05
1.754370000000000073e+04 -2.402646251336883046e-06
1.754700000000000000e+04 -2.117482026898570446e-05
1.755020000000000073e+04 -2.474014543994415276e-05
1.755350000000000000e+04 -2.946354910325688135e-05
1.755679999999999927e+04 -3.987670620070825187e-05
1.756009999999999854e+04 -4.636948950534031073e-05
1.756340000000000146e+04 -5.100229184756696420e-05
1.756670000000000073e+04 -6.251190963875322224e-05
1.757000000000000000e+04 -6.607704939545503624e-05
1.757329999999999927e+04 -6.797012750028939409e-05
1.757659999999999854e+04 -7.902056552041414718e-05
1.757990000000000146e+04 -8.979447475604426603e-05
1.758320000000000073e+04 -9.388031662388859552e-05
1.758650000000000000e+04 -9.883509407371275288e-05
1.758979999999999927e+04 -1.109631906578747702e-04
1.759309999999999854e+04 -1.231315194529347245e-04
1.759640000000000146e+04 -1.437398748491004307e-04
1.759970000000000073e+04 -1.493008610801080111e-04
1.760300000000000000e+04 -1.620208287453973645e-04
1.760629999999999927e+04 -1.739790079978085742e-04
1.760959999999999854e+04 -1.891114022593044515e-04
1.761290000000000146e+04 -2.030098357562628143e-04
1.761609999999999854e+04 -2.120499658523936038e-04
1.761940000000000146e+04 -2.256677683926704614e-04
1.762270000000000073e+04 -2.357080536968159828e-04
1.762600000000000000e+04 -2.425991948376424656e-04
1.762929999999999927e+04 -2.508088231827124127e-04
1.763259999999999854e+04 -2.568705280270394903e-04
1.763590000000000146e+04 -2.721302059060604702e-04
1.763920000000000073e+04 -2.770498277921997735e-04
1.764250000000000000e+04 -2.889877627988825877e-04
1.764579999999999927e+04 -2.970787980833266293e-04
1.764909999999999854e+04 -3.035769745857407314e-04
1.765240000000000146e+04 -3.089979952170588654e-04
1.765570000000000073e+04 -3.222981254172703697e-04
1.765900000000000000e+04 -3.342739885060305055e-04
1.766229999999999927e+04 -3.469129658781426053e-04
1.766559999999999854e+04 -3.588812592019589094e-04
1.766890000000000146e+04 -3.587790918397022267e-04
1.767220000000000073e+04 -3.662059309307836674e-04
1.767550000000000000e+04 -3.787965808219376750e-04
1.767870000000000073e+04 -3.952695391388541253e-04
1.768200000000000000e+04 -4.072462960785666630e-04
1.768529999999999927e+04 -4.165091290380728358e-04
1.768859999999999854e+04 -4.244668531999950005e-04
1.769190000000000146e+04 -4.350451540789374407e-04
1.769520000000000073e+04 -4.496827005322370590e-04
1.769850000000000000e+04 -4.556547368085225045e-04
1.770179999999999927e+04 -4.622391807102599380e-04
1.770509999999999854e+04 -4.665166651512751947e-04
1.770840000000000146e+04 -4.722120166163545170e-04
1.771170000000000073e+04 -4.759349550310749077e-04
1.771500000000000000e+04 -4.881123644288486076e-04
1.771829999999999927e+04 -5.041434634684239862e-04
1.772159999999999854e+04 -5.181012353500379390e-04
1.772490000000000146e+04 -5.245668270259038878e-04
1.772820000000000073e+04 -5.388159520998854739e-04
1.773150000000000000e+04 -5.433283274207718503e-04
1.773479999999999927e+04 -5.495441623487595535e-04
1.773809999999999854e+04 -5.654744617274246868e-04
1.774140000000000146e+04 -5.787470479416688711e-04
1.774459999999999854e+04 -5.920858774451863947e-04
1.774790000000000146e+04 -6.087626870970452722e-04
1.775120000000000073e+04 -6.243209335206504696e-04
1.775450000000000000e+04 -6.367153030970675639e-04
1.775779999999999927e+04 -6.452658446131355171e-04
1.776109999999999854e+04 -6.525810133811971430e-04
1.776440000000000146e+04 -6.678230378012057480e-04
1.776770000000000073e+04 -6.798293235544240970e-04
1.777100000000000000e+04 -6.957748365587617398e-04
1.777429999999999927e+04 -7.092622568732335131e-04
1.777759999999999854e+04 -7.137587830370414497e-04
1.778090000000000146e+04 -7.277877719830914147e-04
1.778420000000000073e+04 -7.360632790025442834e-04
1.778750000000000000e+04 -7.455157730252985919e-04
1.779079999999999927e+04 -7.623364526389231561e-04
1.779409999999999854e+04 -7.787942630311720090e-04
1.779740000000000146e+04 -7.938598883416145193e-04
1.780070000000000073e+04 -8.036586065193838252e-04
1.780400000000000000e+04 -8.206633261682275311e-04
1.780720000000000073e+04 -8.304233614404419759e-04
1.781050000000000000e+04 -8.470144139648035086e-04
1.781379999999999927e+04 -8.667226420838739171e-04
1.781709999999999854e+04 -8.852631418303436505e-04
1.782040000000000146e+04 -9.007320658078903954e-04
1.782370000000000073e+04 -9.161992608753818717e-04
1.782700000000000000e+04 -9.290575933343402700e-04
1.783029999999999927e+04 -9.444234607915650680e-04
1.783359999999999854e+04 -9.630372855601550871e-04
1.783690000000000146e+04 -9.789830844752474368e-04
1.784020000000000073e+04 -9.967783657228222825e-04
1.784350000000000000e+04 -1.014551036456277488e-03
1.784679999999999927e+04 -1.031431557131392207e-03
1.785009999999999854e+04 -1.048147614845547013e-03
1.785340000000000146e+04 -1.063803783215987175e-03
1.785670000000000073e+04 -1.081437690838185899e-03
1.786000000000000000e+04 -1.098883935956574331e-03
1.786329999999999927e+04 -1.118476680545083587e-03
1.786659999999999854e+04 -1.139986192436949573e-03
1.786990000000000146e+04 -1.163198035521757897e-03
1.787309999999999854e+04 -1.185943938449187784e-03
1.787640000000000146e+04 -1.209941951331112162e-03
1.787970000000000073e+04 -1.229364339625156925e-03
1.788300000000000000e+04 -1.243850731773893555e-03
1.788629999999999927e+04 -1.266173382658161446e-03
1.788959999999999854e+04 -1.285521598540050828e-03
1.789290000000000146e+04 -1.301428779192274812e-03
1.789620000000000073e+04 -1.320385049845336717e-03
1.789950000000000000e+04 -1.341183626764470534e-03
1.790279999999999927e+04 -1.359644826038558432e-03
1.790609999999999854e+04 -1.373370462237182401e-03
1.790940000000000146e+04 -1.394510539166528762e-03
1.791270000000000073e+04 -1.408612576609740916e-03
1.791600000000000000e+04 -1.430101928614837615e-03
1.791929999999999927e+04 -1.442509016617386309e-03
1.792259999999999854e+04 -1.458552261716367007e-03
1.792590000000000146e+04 -1.479351996633778170e-03
1.792920000000000073e+04 -1.499477281166473929e-03
1.793250000000000000e+04 -1.518473806304548738e-03
1.793570000000000073e+04 -1.537391115527456890e-03
1.793900000000000000e+04 -1.562538831683573607e-03
1.794229999999999927e+04 -1.589853997886915473e-03
1.794559999999999854e+04 -1.614143547631568740e-03
1.794890000000000146e+04 -1.640134160161690674e-03
1.795220000000000073e+04 -1.662129310965105699e-03
1.795550000000000000e+04 -1.677465702710989170e-03
1.795879999999999927e+04 -1.694836678509420219e-03
1.796209999999999854e+04 -1.717733266175554621e-03
1.796540000000000146e+04 -1.744833087942990451e-03
1.796870000000000073e+04 -1.767919931074241752e-03
1.797200000000000000e+04 -1.786973082323749457e-03
1.797529999999999927e+04 -1.804347963468996190e-03
1.797859999999999854e+04 -1.826766479871056370e-03
1.798190000000000146e+04 -1.846582033315305633e-03
1.798520000000000073e+04 -1.871054052797366772e-03
1.798850000000000000e+04 -1.892419230069021345e-03
1.799179999999999927e+04 -1.912722966854605439e-03
1.799509999999999854e+04 -1.940786498424351171e-03
1.799840000000000146e+04 -1.964542513078063653e-03
1.800159999999999854e+04 -1.990629051823519704e-03
1.800490000000000146e+04 -2.013631489351637438e-03
1.800820000000000073e+04 -2.026729675973471326e-03
1.801150000000000000e+04 -2.052214296786438862e-03
1.801479999999999927e+04 -2.074594990195236487e-03
1.801809999999999854e+04 -2.102738033058270360e-03
1.802140000000000146e+04 -2.127525392150973922e-03
1.802470000000000073e+04 -2.151434486531931308e-03
1.802800000000000000e+04 -2.179114720865837299e-03
1.803129999999999927e+04 -2.200023179612014233e-03
1.803459999999999854e+04 -2.227013519266318221e-03
1.803790000000000146e+04 -2.249738525263928098e-03
1.804120000000000073e+04 -2.267303618727581349e-03
1.804450000000000000e+04 -2.288317906581500191e-03
1.804779999999999927e+04 -2.311023384535285715e-03
1.805109999999999854e+04 -2.322496098145100836e-03
1.805440000000000146e+04 -2.354454751686768568e-03
1.805770000000000073e+04 -2.378918955161739464e-03
1.806100000000000000e+04 -2.396090737042394590e-03
1.806429999999999927e+04 -2.422645538494878209e-03
1.806750000000000000e+04 -2.444446198820666386e-03
1.807079999999999927e+04 -2.464595028003352221e-03
1.807409999999999854e+04 -2.472354815371370206e-03
1.807740000000000146e+04 -2.481679275215393533e-03
1.808070000000000073e+04 -2.495533038902800985e-03
1.808400000000000000e+04 -2.514246990925025991e-03
1.808729999999999927e+04 -2.537317968446527704e-03
1.809059999999999854e+04 -2.548230887215783766e-03
1.809390000000000146e+04 -2.551824761819358744e-03
1.809720000000000073e+04 -2.568135895865914474e-03
1.810050000000000000e+04 -2.581929269451581441e-03
1.810379999999999927e+04 -2.588009037692268199e-03
1.810709999999999854e+04 -2.594408185455497184e-03
1.811040000000000146e+04 -2.605834817858405147e-03
1.811370000000000073e+04 -2.612260112622251298e-03
1.811700000000000000e+04 -2.620451537266376557e-03
1.812029999999999927e+04 -2.635007723642889075e-03
1.812359999999999854e+04 -2.647222233793463612e-03
1.812690000000000146e+04 -2.664524501249882025e-03
1.813009999999999854e+04 -2.669702353039904962e-03
1.813340000000000146e+04 -2.694420821104158946e-03
1.813670000000000073e+04 -2.712294928786850023e-03
1.814000000000000000e+04 -2.750760655588178026e-03
1.814329999999999927e+04 -2.756099593969453618e-03
1.814659999999999854e+04 -2.779368198272250991e-03
1.814990000000000146e+04 -2.790747034260487348e-03
1.815320000000000073e+04 -2.805490564559131542e-03
1.815650000000000000e+04 -2.817960576440833864e-03
1.815979999999999927e+04 -2.824212009133815222e-03
1.816309999999999854e+04 -2.837962822933142500e-03
1.816640000000000146e+04 -2.844750922589703475e-03
1.816970000000000073e+04 -2.852418027671738392e-03
1.817300000000000000e+04 -2.863006546388256225e-03
1.817629999999999927e+04 -2.876673514286233989e-03
1.817959999999999854e+04 -2.889838828109283012e-03
1.818290000000000146e+04 -2.956434234430171427e-03
1.818620000000000073e+04 -2.999471075237821263e-03
1.818950000000000000e+04 -3.021541629688505315e-03
1.819279999999999927e+04 -3.041626467241214000e-03
1.819600000000000000e+04 -3.067364535405356710e-03
1.819929999999999927e+04 -3.084171103476754643e-03
1.820259999999999854e+04 -3.096962697690666070e-03
1.820590000000000146e+04 -3.118723573837781007e-03
1.820920000000000073e+04 -3.130567026692638883e-03
1.821250000000000000e+04 -3.146190105453625097e-03
1.821579999999999927e+04 -3.167238103015334282e-03
1.821909999999999854e+04 -3.188832472352865540e-03
1.822240000000000146e+04 -3.243792946238607117e-03
1.822570000000000073e+04 -3.301106710724607037e-03
1.822900000000000000e+04 -3.365840502558700969e-03
1.823229999999999927e+04 -3.428361983573117912e-03
1.823559999999999854e+04 -3.496932921106847385e-03
1.823890000000000146e+04 -3.546225681511843992e-03
1.824220000000000073e+04 -3.622117743761515268e-03
1.824550000000000000e+04 -3.695082874954237241e-03
1.824879999999999927e+04 -3.765456642006907630e-03
1.825209999999999854e+04 -3.813182260200997931e-03
1.825540000000000146e+04 -3.883034928552667967e-03
1.825859999999999854e+04 -3.955109411486020660e-03
1.826190000000000146e+04 -4.005032462678057709e-03
1.826520000000000073e+04 -4.064219201614266072e-03
1.826850000000000000e+04 -4.143302687304490847e-03
1.827179999999999927e+04 -4.222483386200450925e-03
1.827509999999999854e+04 -4.288168569822767284e-03
1.827840000000000146e+04 -4.377114379964812743e-03
1.828170000000000073e+04 -4.458523983546148865e-03
1.828500000000000000e+04 -4.535338476729715469e-03
1.828829999999999927e+04 -4.628688891552562405e-03
1.829159999999999854e+04 -4.701222103210748668e-03
1.829490000000000146e+04 -4.792592887496442688e-03
1.829820000000000073e+04 -4.848490884090693454e-03
1.830150000000000000e+04 -4.924567444800474585e-03
1.830479999999999927e+04 -4.980088560140025211e-03
1.830809999999999854e+04 -5.078617121092354574e-03
1.831140000000000146e+04 -5.132344593320735913e-03
1.831470000000000073e+04 -5.212494610280206386e-03
1.831800000000000000e+04 -5.276655161473500256e-03
1.832129999999999927e+04 -5.370053389382287330e-03
1.832450000000000000e+04 -5.428857159862488305e-03
1.832779999999999927e+04 -5.481654416657968411e-03
1.833109999999999854e+04 -5.591326832910818202e-03
1.833440000000000146e+04 -5.680116673937226149e-03
1.833770000000000073e+04 -5.762892931316603191e-03
1.834100000000000000e+04 -5.865377902985975667e-03
1.834429999999999927e+04 -5.918053162521245969e-03
1.834759999999999854e+04 -5.981433584178015399e-03
1.835090000000000146e+04 -6.059228642319574101e-03
1.835420000000000073e+04 -6.157525594310453779e-03
1.835750000000000000e+04 -6.263746343140039544e-03
1.836079999999999927e+04 -6.343634018512685213e-03
1.836409999999999854e+04 -6.414557294175780508e-03
1.836740000000000146e+04 -6.478536878711000681e-03
1.837070000000000073e+04 -6.575956657983005743e-03
1.837400000000000000e+04 -6.675884765696163577e-03
1.837729999999999927e+04 -6.783112879057618359e-03
1.838059999999999854e+04 -6.875691754422289144e-03
1.838390000000000146e+04 -6.970344742955119147e-03
1.838709999999999854e+04 -7.031498381105161927e-03
1.839040000000000146e+04 -7.095404756716986415e-03
1.839370000000000073e+04 -7.110536111967286771e-03
1.839700000000000000e+04 -7.151532938634711997e-03
1.840029999999999927e+04 -7.175192283499528915e-03
1.840359999999999854e+04 -7.257095624439907633e-03
1.840690000000000146e+04 -7.295257032988225303e-03
1.841020000000000073e+04 -7.341192854748777689e-03
1.841350000000000000e+04 -7.391839757447463133e-03
1.841679999999999927e+04 -7.465822264991778950e-03
1.842009999999999854e+04 -7.489678434765715230e-03
1.842340000000000146e+04 -7.542696463575926553e-03
1.842670000000000073e+04 -7.601485078895168016e-03
1.843000000000000000e+04 -7.645171272644478259e-03
1.843329999999999927e+04 -7.672236149164416742e-03
1.843659999999999854e+04 -7.694520904186871908e-03
1.843990000000000146e+04 -7.723393072738202886e-03
1.844320000000000073e+04 -7.745138273005187403e-03
1.844650000000000000e+04 -7.772901579983394239e-03
1.844979999999999927e+04 -7.814902442725457296e-03
1.845300000000000000e+04 -7.828630025388711583e-03
1.845629999999999927e+04 -7.832936894594268867e-03
1.845959999999999854e+04 -7.798559654918731272e-03
1.846290000000000146e+04 -7.831976804542145620e-03
1.846620000000000073e+04 -7.778442402114511822e-03
1.846950000000000000e+04 -7.748426245866982254e-03
1.847279999999999927e+04 -7.699306162776948549e-03
1.847609999999999854e+04 -7.670901396706166116e-03
1.847940000000000146e+04 -7.610467442422696668e-03
1.848270000000000073e+04 -7.564090640840530691e-03
1.848600000000000000e+04 -7.489966546940732967e-03
1.848929999999999927e+04 -7.446190074980121171e-03
1.849259999999999854e+04 -7.421360959622519578e-03
1.849590000000000146e+04 -7.341152145176921794e-03
1.849920000000000073e+04 -7.287311701990317747e-03
1.850250000000000000e+04 -7.252865836004920505e-03
1.850579999999999927e+04 -7.189714208150769885e-03
1.850909999999999854e+04 -7.170767103389852869e-03
1.851240000000000146e+04 -7.063082077995199749e-03
1.851570000000000073e+04 -6.946237617534757776e-03
1.851890000000000146e+04 -6.841131836685639470e-03
1.852220000000000073e+04 -6.742965253343036723e-03
1.852550000000000000e+04 -6.670744133103142376e-03
1.852879999999999927e+04 -6.615119964712773241e-03
1.853209999999999854e+04 -6.559951305389764321e-03
1.853540000000000146e+04 -6.482242936761773225e-03
1.853870000000000073e+04 -6.397663361741630188e-03
1.854200000000000000e+04 -6.294388661841761670e-03
1.854529999999999927e+04 -6.196878808015852426e-03
1.854859999999999854e+04 -6.081452141700972348e-03
1.855190000000000146e+04 -5.974532127826098077e-03
1.855520000000000073e+04 -5.865243201342100129e-03
1.855850000000000000e+04 -5.775013352202222963e-03
1.856179999999999927e+04 -5.654443233754441467e-03
1.856509999999999854e+04 -5.561752988704203246e-03
1.856840000000000146e+04 -5.431102478078851832e-03
1.857170000000000073e+04 -5.315485714555213612e-03
1.857500000000000000e+04 -5.181146937961080522e-03
1.857829999999999927e+04 -5.043543383803621855e-03
1.858150000000000000e+04 -4.902322263015555272e-03
1.858479999999999927e+04 -4.777495601316110278e-03
1.858809999999999854e+04 -4.622967602847390459e-03
1.859140000000000146e+04 -4.459386122360939168e-03
1.859470000000000073e+04 -4.304069491499376565e-03
1.859800000000000000e+04 -4.150861810529707201e-03
1.860129999999999927e+04 -3.993899929717306153e-03
1.860459999999999854e+04 -3.840481335340395833e-03
1.860790000000000146e+04 -3.667337042853572367e-03
1.861120000000000073e+04 -3.498791038781731092e-03
1.861450000000000000e+04 -3.303739988265073490e-03
1.861779999999999927e+04 -3.120253493847525289e-03
1.862109999999999854e+04 -2.949623433156544228e-03
1.862440000000000146e+04 -2.802280670499188164e-03
1.862770000000000073e+04 -2.591570667281062508e-03
1.863100000000000000e+04 -2.453429991537222580e-03
1.863429999999999927e+04 -2.288473136779579486e-03
1.863759999999999854e+04 -2.122667411059619025e-03
1.864090000000000146e+04 -1.969279642387653916e-03
1.864420000000000073e+04 -1.799371063536296580e-03
1.864740000000000146e+04 -1.637292612212795694e-03
1.865070000000000073e+04 -1.473610312865407824e-03
1.865400000000000000e+04 -1.299929215042097859e-03
1.865729999999999927e+04 -1.114604359885861505e-03
1.866059999999999854e+04 -9.197927712389434825e-04
1.866390000000000146e+04 -7.102161036410140158e-04
1.866720000000000073e+04 -4.819833543153448688e-04
1.867050000000000000e+04 -2.500781193155942835e-04
1.867379999999999927e+04 -2.413297523579357507e-05
1.867709999999999854e+04 1.979090270656388658e-04
1.868040000000000146e+04 4.315482548553750534e-04
1.868370000000000073e+04 7.213644908513255688e-04
1.868700000000000000e+04 1.036234119059919502e-03
1.869029999999999927e+04 1.330851415716100949e-03
1.869359999999999854e+04 1.687050145289650804e-03
1.869690000000000146e+04 2.033190832553941844e-03
1.870020000000000073e+04 2.302925104002906918e-03
1.870350000000000000e+04 2.548050906010545721e-03
1.870679999999999927e+04 2.875183404679110873e-03
1.871000000000000000e+04 3.291432714968648039e-03
1.871329999999999927e+04 3.626908026771238306e-03
1.871659999999999854e+04 3.932577350663514319e-03
1.871990000000000146e+04 4.240521711239998888e-03
1.872320000000000073e+04 4.542275334256248680e-03
1.872650000000000000e+04 4.856152140748306104e-03
1.872979999999999927e+04 5.138052701097755963e-03
1.873309999999999854e+04 5.466637871376813472e-03
1.873640000000000146e+04 5.775385909831624170e-03
1.873970000000000073e+04 6.133894986408480916e-03
1.874300000000000000e+04 6.366919430349175096e-03
1.874629999999999927e+04 6.704815901130978251e-03
1.874959999999999854e+04 6.917180637007095713e-03
1.875290000000000146e+04 7.134584349196491405e-03
1.875620000000000073e+04 7.353372090581408206e-03
1.875950000000000000e+04 7.657519344722185477e-03
1.876279999999999927e+04 7.941195923283749653e-03
1.876609999999999854e+04 8.210896179643187992e-03
1.876940000000000146e+04 8.463452104456096331e-03
1.877270000000000073e+04 8.741312463301805988e-03
1.877590000000000146e+04 9.106486511224724453e-03
1.877920000000000073e+04 9.352657315527097837e-03
1.878250000000000000e+04 9.675648457046543208e-03
1.878579999999999927e+04 9.991372302122393176e-03
1.878909999999999854e+04 1.035423879040787455e-02
1.879240000000000146e+04 1.073207897442115567e-02
1.879570000000000073e+04 1.114266185477735989e-02
1.879900000000000000e+04 1.157184977109197536e-02
1.880229999999999927e+04 1.202852548553914533e-02
1.880559999999999854e+04 1.250015992681868283e-02
1.880890000000000146e+04 1.293239879892322218e-02
1.881220000000000073e+04 1.338897190353037850e-02
1.881550000000000000e+04 1.387190914275588174e-02
1.881879999999999927e+04 1.434775652831489327e-02
1.882209999999999854e+04 1.483760742126550604e-02
1.882540000000000146e+04 1.532184924722067298e-02
1.882870000000000073e+04 1.581612016125369044e-02
1.883200000000000000e+04 1.628969305279261148e-02
1.883529999999999927e+04 1.676683641529856661e-02
1.883859999999999854e+04 1.725576046680153339e-02
1.884179999999999927e+04 1.774509740553830914e-02
1.884509999999999854e+04 1.823260741986557770e-02
1.884840000000000146e+04 1.867753269197207702e-02
1.885170000000000073e+04 1.912867920072309005e-02
1.885500000000000000e+04 1.958993687730976874e-02
1.885829999999999927e+04 2.001664198204370151e-02
1.886159999999999854e+04 2.044701769696664201e-02
1.886490000000000146e+04 2.098692789235980308e-02
1.886820000000000073e+04 2.154994623600890030e-02
1.887150000000000000e+04 2.203749584775316350e-02
1.887479999999999927e+04 2.242457460492790558e-02
1.887809999999999854e+04 2.289511904412185744e-02
1.888140000000000146e+04 2.341904624772382301e-02
1.888470000000000073e+04 2.393459767755608952e-02
1.888800000000000000e+04 2.445082491868594970e-02
1.889129999999999927e+04 2.495876582095005528e-02
1.889459999999999854e+04 2.552434875482806342e-02
1.889790000000000146e+04 2.605723668090832029e-02
1.890120000000000073e+04 2.660197266509968864e-02
1.890440000000000146e+04 2.709257806550077058e-02
1.890770000000000073e+04 2.773581631575233741e-02
1.891100000000000000e+04 2.826682071201879268e-02
1.891429999999999927e+04 2.891505770478711504e-02
1.891759999999999854e+04 2.955040917170245404e-02
1.892090000000000146e+04 3.018709090167672263e-02
1.892420000000000073e+04 3.077581435595150294e-02
1.892750000000000000e+04 3.137082367430912844e-02
1.893079999999999927e+04 3.198222213239185902e-02
1.893409999999999854e+04 3.260799513768936064e-02
1.893740000000000146e+04 3.321541368510106534e-02
1.894070000000000073e+04 3.373314508680629736e-02
1.894400000000000000e+04 3.434752403802309589e-02
1.894729999999999927e+04 3.489870848971672601e-02
1.895059999999999854e+04 3.546086345338995971e-02
1.895390000000000146e+04 3.599104381553214216e-02
1.895720000000000073e+04 3.648940534825442783e-02
1.896050000000000000e+04 3.697908317104621478e-02
1.896379999999999927e+04 3.743777939604909372e-02
1.896709999999999854e+04 3.786701540821383466e-02
1.897029999999999927e+04 3.826501769794149466e-02
1.897359999999999854e+04 3.867678185672386582e-02
1.897690000000000146e+04 3.910320342093343698e-02
1.898020000000000073e+04 3.948582765789446225e-02
1.898350000000000000e+04 3.987975315148611227e-02
1.898679999999999927e+04 4.026039491844173729e-02
1.899009999999999854e+04 4.065736997599782993e-02
1.899340000000000146e+04 4.102523877606580049e-02
1.899670000000000073e+04 4.137630953367849723e-02
1.900000000000000000e+04 4.174657515103714911e-02
1.900329999999999927e+04 4.207903134742439766e-02
1.900659999999999854e+04 4.241665469942770827e-02
1.900990000000000146e+04 4.272328348813297927e-02
1.901320000000000073e+04 4.302501465691691007e-02
1.901650000000000000e+04 4.331979934914000768e-02
1.901979999999999927e+04 4.363580912070022522e-02
1.902309999999999854e+04 4.392913981905480214e-02
1.902640000000000146e+04 4.422159599978149613e-02
1.902970000000000073e+04 4.445111647023525930e-02
1.903290000000000146e+04 4.465751464186868552e-02
1.903620000000000073e+04 4.488346766788219033e-02
1.903950000000000000e+04 4.510006069157174863e-02
1.904279999999999927e+04 4.532610750016905637e-02
1.904609999999999854e+04 4.553224500799711583e-02
1.904940000000000146e+04 4.574831659866845229e-02
1.905270000000000073e+04 4.594332676888326916e-02
1.905600000000000000e+04 4.610110349601377611e-02
1.905929999999999927e+04 4.624196017164794448e-02
1.906259999999999854e+04 4.637057622513869604e-02
1.906590000000000146e+04 4.650290825256656047e-02
1.906920000000000073e+04 4.661261841803975708e-02
1.907250000000000000e+04 4.669785621010759391e-02
1.907579999999999927e+04 4.680648204139846447e-02
1.907909999999999854e+04 4.690389162193585315e-02
1.908240000000000146e+04 4.700431201113712543e-02
1.908570000000000073e+04 4.707516425790104347e-02
1.908900000000000000e+04 4.711035049634096361e-02
1.909229999999999927e+04 4.715662283682106604e-02
1.909559999999999854e+04 4.719533590898145059e-02
1.909879999999999927e+04 4.723056556774721942e-02
1.910209999999999854e+04 4.720931166266338630e-02
1.910540000000000146e+04 4.722444275465509378e-02
1.910870000000000073e+04 4.724673763018694128e-02
1.911200000000000000e+04 4.722213557599271722e-02
1.911529999999999927e+04 4.719027174574533245e-02
1.911859999999999854e+04 4.710801161359515904e-02
1.912190000000000146e+04 4.704941001431280079e-02
1.912520000000000073e+04 4.694770843275435784e-02
1.912850000000000000e+04 4.683244788021383165e-02
1.913179999999999927e+04 4.672482087441760801e-02
1.913509999999999854e+04 4.663121001129869048e-02
1.913840000000000146e+04 4.651790663881060633e-02
1.914170000000000073e+04 4.635116398636891788e-02
1.914500000000000000e+04 4.622201527589381992e-02
1.914829999999999927e+04 4.605403253704558331e-02
1.915159999999999854e+04 4.591012411314129155e-02
1.915490000000000146e+04 4.571960236303700131e-02
1.915820000000000073e+04 4.551520780150867390e-02
1.916140000000000146e+04 4.535468499337959314e-02
1.916470000000000073e+04 4.515050903045517844e-02
1.916800000000000000e+04 4.497177382791804623e-02
1.917129999999999927e+04 4.475090978234313316e-02
1.917459999999999854e+04 4.453156775678505930e-02
1.917790000000000146e+04 4.428368056429239641e-02
1.918120000000000073e+04 4.403201556831939228e-02
1.918450000000000000e+04 4.376949987491049465e-02
1.918779999999999927e+04 4.349951760662237876e-02
1.919109999999999854e+04 4.322291350562743051e-02
1.919440000000000146e+04 4.297848363453221632e-02
1.919770000000000073e+04 4.273778927240932252e-02
1.920100000000000000e+04 4.245588195294060924e-02
1.920429999999999927e+04 4.216806162180587736e-02
1.920759999999999854e+04 4.186257844848623177e-02
1.921090000000000146e+04 4.153703662867482688e-02
1.921420000000000073e+04 4.121623955814958384e-02
1.921750000000000000e+04 4.090334756676577282e-02
1.922079999999999927e+04 4.059294280903325003e-02
1.922409999999999854e+04 4.026557637932216133e-02
1.922729999999999927e+04 3.992796760675410006e-02
1.923059999999999854e+04 3.957089982041796933e-02
1.923390000000000146e+04 3.925439164712581086e-02
1.923720000000000073e+04 3.891870626059205224e-02
1.924050000000000000e+04 3.852993933763136647e-02
1.924379999999999927e+04 3.814292758536928785e-02
1.924709999999999854e+04 3.778073305123270248e-02
1.925040000000000146e+04 3.739303272128344235e-02
1.925370000000000073e+04 3.699327692906206194e-02
1.925700000000000000e+04 3.661520289836979469e-02
1.926029999999999927e+04 3.621162776759671853e-02
1.926359999999999854e+04 3.580216007617064572e-02
1.926690000000000146e+04 3.543335394815855938e-02
1.927020000000000073e+04 3.501999579796601092e-02
1.927350000000000000e+04 3.460648771350983283e-02
1.927679999999999927e+04 3.421297680150681142e-02
1.928009999999999854e+04 3.381069809448977725e-02
1.928340000000000146e+04 3.341005489730432265e-02
1.928670000000000073e+04 3.298434419359665137e-02
1.929000000000000000e+04 3.256794382810389299e-02
1.929320000000000073e+04 3.216961412599238235e-02
1.929650000000000000e+04 3.176838496908764714e-02
1.929979999999999927e+04 3.136448439875338945e-02
1.930309999999999854e+04 3.096322184691610233e-02
1.930640000000000146e+04 3.056671221335845526e-02
1.930970000000000073e+04 3.017732796970378634e-02
1.931300000000000000e+04 2.978078839707873002e-02
1.931629999999999927e+04 2.934191154773395718e-02
1.931959999999999854e+04 2.893936012466212168e-02
1.932290000000000146e+04 2.852079213533755681e-02
1.932620000000000073e+04 2.808686363258072055e-02
1.932950000000000000e+04 2.767322860256372918e-02
1.933279999999999927e+04 2.724427404933572536e-02
1.933609999999999854e+04 2.684516292819741357e-02
1.933940000000000146e+04 2.643711596507154413e-02
1.934270000000000073e+04 2.604962232431109678e-02
1.934600000000000000e+04 2.564993535165690716e-02
1.934929999999999927e+04 2.524074748923344283e-02
1.935259999999999854e+04 2.484005193117195739e-02
1.935579999999999927e+04 2.444772898349636264e-02
1.935909999999999854e+04 2.402930863832099945e-02
1.936240000000000146e+04 2.361741123197081543e-02
1.936570000000000073e+04 2.322481410612784597e-02
1.936900000000000000e+04 2.283645059812297248e-02
1.937229999999999927e+04 2.243914165044072484e-02
1.937559999999999854e+04 2.205455826369207353e-02
1.937890000000000146e+04 2.166647104679915448e-02
1.938220000000000073e+04 2.127311491635007837e-02
1.938550000000000000e+04 2.089608232999969409e-02
1.938879999999999927e+04 2.052748666011063039e-02
1.939209999999999854e+04 2.014729076563211499e-02
1.939540000000000146e+04 1.978583058404459125e-02
1.939870000000000073e+04 1.941105540962648202e-02
1.940200000000000000e+04 1.903187174581680297e-02
1.940529999999999927e+04 1.868200085736372584e-02
1.940859999999999854e+04 1.833146253005859747e-02
1.941190000000000146e+04 1.795500341161163430e-02
1.941520000000000073e+04 1.761939797724503681e-02
1.941850000000000000e+04 1.727819954101204175e-02
1.942170000000000073e+04 1.691356008013979520e-02
1.942500000000000000e+04 1.657068543473435435e-02
1.942829999999999927e+04 1.623813816843007810e-02
1.943159999999999854e+04 1.590932846308135487e-02
1.943490000000000146e+04 1.556770096672288779e-02
1.943820000000000073e+04 1.522198735852173419e-02
1.944150000000000000e+04 1.488227202758317727e-02
1.944479999999999927e+04 1.455384537831675047e-02
1.944809999999999854e+04 1.423569964116958020e-02
1.945140000000000146e+04 1.391653036041575614e-02
1.945470000000000073e+04 1.360081802002880737e-02
1.945800000000000000e+04 1.329224801757711641e-02
1.946129999999999927e+04 1.299352499556768320e-02
1.946459999999999854e+04 1.267041389991114923e-02
1.946790000000000146e+04 1.235584943069481870e-02
1.947120000000000073e+04 1.206630849220726234e-02
1.947450000000000000e+04 1.175046023027920446e-02
1.947779999999999927e+04 1.145924972225941668e-02
1.948109999999999854e+04 1.116569024245898760e-02
1.948429999999999927e+04 1.086453915364017815e-02
1.948759999999999854e+04 1.060536236647042184e-02
1.949090000000000146e+04 1.034997760277712661e-02
1.949420000000000073e+04 1.006843292400694256e-02
1.949750000000000000e+04 9.802879612294382317e-03
1.950079999999999927e+04 9.523934326813504603e-03
1.950409999999999854e+04 9.243011717018929235e-03
1.950740000000000146e+04 8.971782078642191044e-03
1.951070000000000073e+04 8.686687620464624351e-03
1.951400000000000000e+04 8.406693826706754941e-03
1.951729999999999927e+04 8.114030702318369634e-03
1.952059999999999854e+04 7.836146868501063165e-03
1.952390000000000146e+04 7.589613860257278868e-03
1.952720000000000073e+04 7.335041797655933102e-03
1.953050000000000000e+04 7.074283121926917134e-03
1.953379999999999927e+04 6.818284528211515302e-03
1.953709999999999854e+04 6.585148784078538944e-03
1.954040000000000146e+04 6.343428478715049286e-03
1.954370000000000073e+04 6.085404666004595210e-03
1.954700000000000000e+04 5.834610969849812062e-03
1.955020000000000073e+04 5.579758398625899417e-03
1.955350000000000000e+04 5.334201743327123164e-03
1.955679999999999927e+04 5.091000119202767488e-03
1.956009999999999854e+04 4.851077065143360838e-03
1.956340000000000146e+04 4.593316805963271882e-03
1.956670000000000073e+04 4.359256035842934245e-03
1.957000000000000000e+04 4.131392761764121624e-03
1.957329999999999927e+04 3.901542624258569347e-03
1.957659999999999854e+04 3.675465776787069285e-03
1.957990000000000146e+04 3.437372244410897507e-03
1.958320000000000073e+04 3.216990869475256851e-03
1.958650000000000000e+04 2.979766178399088482e-03
1.958979999999999927e+04 2.779119793466795774e-03
1.959309999999999854e+04 2.565566915261924871e-03
1.959640000000000146e+04 2.345425182085345440e-03
1.959970000000000073e+04 2.145479247037257453e-03
1.960300000000000000e+04 1.941530730137208845e-03
1.960629999999999927e+04 1.741777997834402470e-03
1.960959999999999854e+04 1.528368818807723881e-03
1.961290000000000146e+04 1.331238543527278953e-03
1.961609999999999854e+04 1.141175519494397285e-03
1.961940000000000146e+04 9.664405443179787617e-04
1.962270000000000073e+04 7.637129005749846442e-04
1.962600000000000000e+04 5.594420458091499317e-04
1.962929999999999927e+04 3.820520487058577273e-04
1.963259999999999854e+04 2.145939138708892382e-04
1.963590000000000146e+04 4.633363922745818871e-05
1.963920000000000073e+04 -1.654377967330263911e-04
1.964250000000000000e+04 -3.379299940254722277e-04
1.964579999999999927e+04 -5.211488899902766035e-04
1.964909999999999854e+04 -7.167399738159065852e-04
1.965240000000000146e+04 -9.276979679050646960e-04
1.965570000000000073e+04 -1.127224523232825144e-03
1.965900000000000000e+04 -1.298513860629734850e-03
1.966229999999999927e+04 -1.460733399807373489e-03
1.966559999999999854e+04 -1.622800678160414740e-03
1.966890000000000146e+04 -1.796726364405964397e-03
1.967220000000000073e+04 -1.966225956766009999e-03
1.967550000000000000e+04 -2.108195073052333921e-03
1.967870000000000073e+04 -2.251485049404222585e-03
1.968200000000000000e+04 -2.358805355396433046e-03
1.968529999999999927e+04 -2.486553882469310153e-03
1.968859999999999854e+04 -2.609419301514818296e-03
1.969190000000000146e+04 -2.728575936441835111e-03
1.969520000000000073e+04 -2.879194625337074941e-03
1.969850000000000000e+04 -3.005209965480660269e-03
1.970179999999999927e+04 -3.119547312880127914e-03
1.970509999999999854e+04 -3.268107688518490182e-03
1.970840000000000146e+04 -3.415278256177253346e-03
1.971170000000000073e+04 -3.560681003636880296e-03
1.971500000000000000e+04 -3.678572652073159970e-03
1.971829999999999927e+04 -3.822896614838369560e-03
1.972159999999999854e+04 -3.888829348173499477e-03
1.972490000000000146e+04 -3.973823826234595957e-03
1.972820000000000073e+04 -4.086024504726661240e-03
1.973150000000000000e+04 -4.213539662664970292e-03
1.973479999999999927e+04 -4.325841596214008260e-03
1.973809999999999854e+04 -4.436853219981834982e-03
1.974140000000000146e+04 -4.546613614316380447e-03
1.974459999999999854e+04 -4.657321733901031817e-03
1.974790000000000146e+04 -4.752627015892177051e-03
1.975120000000000073e+04 -4.811902126645967864e-03
1.975450000000000000e+04 -4.896513745492376939e-03
1.975779999999999927e+04 -4.974747206557838392e-03
1.976109999999999854e+04 -5.059710359616846967e-03
1.976440000000000146e+04 -5.143296115723714791e-03
1.976770000000000073e+04 -5.235989128375803832e-03
1.977100000000000000e+04 -5.339451401770762759e-03
1.977429999999999927e+04 -5.424124538961998081e-03
1.977759999999999854e+04 -5.527567067724798583e-03
1.978090000000000146e+04 -5.626704317036883458e-03
1.978420000000000073e+04 -5.740128880976613432e-03
1.978750000000000000e+04 -5.804204857175247756e-03
1.979079999999999927e+04 -5.912809335799768841e-03
1.979409999999999854e+04 -5.984965031063814792e-03
1.979740000000000146e+04 -6.058272562781784679e-03
1.980070000000000073e+04 -6.171543212553199688e-03
1.980400000000000000e+04 -6.245357672520612108e-03
1.980720000000000073e+04 -6.334020032761892259e-03
1.981050000000000000e+04 -6.382405788142756636e-03
1.981379999999999927e+04 -6.411443815238018762e-03
1.981709999999999854e+04 -6.476369146974359815e-03
1.982040000000000146e+04 -6.506553047532491821e-03
1.982370000000000073e+04 -6.543955645724863941e-03
1.982700000000000000e+04 -6.615028776438013937e-03
1.983029999999999927e+04 -6.652409058447093272e-03
1.983359999999999854e+04 -6.660629054308098325e-03
1.983690000000000146e+04 -6.687517517775000420e-03
1.984020000000000073e+04 -6.710211630715789272e-03
1.984350000000000000e+04 -6.756485622243386599e-03
1.984679999999999927e+04 -6.807867638848300214e-03
1.985009999999999854e+04 -6.873882858552875924e-03
1.985340000000000146e+04 -6.937956197595953819e-03
1.985670000000000073e+04 -7.014626716995656791e-03
1.986000000000000000e+04 -7.054517545153041365e-03
1.986329999999999927e+04 -7.121813402730191485e-03
1.986659999999999854e+04 -7.191690104100350450e-03
1.986990000000000146e+04 -7.227335436989023622e-03
1.987309999999999854e+04 -7.240172561840356805e-03
1.987640000000000146e+04 -7.250950321098546120e-03
1.987970000000000073e+04 -7.303561042433222815e-03
1.988300000000000000e+04 -7.296560397982357685e-03
1.988629999999999927e+04 -7.390046236261784383e-03
1.988959999999999854e+04 -7.472763609580413378e-03
1.989290000000000146e+04 -7.504684396745912346e-03
1.989620000000000073e+04 -7.500519111336302787e-03
1.989950000000000000e+04 -7.503488471603645023e-03
1.990279999999999927e+04 -7.512319921530614779e-03
1.990609999999999854e+04 -7.528737758996252756e-03
1.990940000000000146e+04 -7.537856604151592366e-03
1.991270000000000073e+04 -7.587316524283625394e-03
1.991600000000000000e+04 -7.608599433502714372e-03
1.991929999999999927e+04 -7.646258233784271850e-03
1.992259999999999854e+04 -7.676615850526342412e-03
1.992590000000000146e+04 -7.711335072758977380e-03
