1.716800000000000000e+04 3.688197588699692448e-04
1.717129999999999927e+04 3.768529904957087845e-04
1.717459999999999854e+04 3.664383458008222392e-04
1.717790000000000146e+04 3.686065875018697995e-04
1.718120000000000073e+04 3.808693296398382006e-04
1.718450000000000000e+04 3.836563156745727049e-04
1.718779999999999927e+04 3.770059513871689967e-04
1.719109999999999854e+04 3.841343614555048011e-04
1.719440000000000146e+04 3.582026347780720762e-04
1.719770000000000073e+04 3.513275262915554402e-04
1.720100000000000000e+04 3.717359986051333083e-04
1.720429999999999927e+04 3.715440713388380137e-04
1.720759999999999854e+04 3.685935710775669759e-04
1.721090000000000146e+04 3.492606528355041346e-04
1.721420000000000073e+04 3.513401675360156668e-04
1.721750000000000000e+04 3.592589537307282308e-04
1.722079999999999927e+04 3.594027901761027576e-04
1.722409999999999854e+04 3.637183413457565815e-04
1.722729999999999927e+04 3.673469976073637450e-04
1.723059999999999854e+04 3.628583898313242589e-04
1.723390000000000146e+04 3.652708461172393738e-04
1.723720000000000073e+04 3.697979678620094473e-04
1.724050000000000000e+04 3.629671219589996581e-04
1.724379999999999927e+04 3.542283996940890755e-04
1.724709999999999854e+04 3.777487104395389739e-04
1.725040000000000146e+04 3.854236151210382790e-04
1.725370000000000073e+04 3.938421739947208541e-04
1.725700000000000000e+04 4.017628662097657601e-04
1.726029999999999927e+04 3.872733729271234169e-04
1.726359999999999854e+04 3.906817930879500581e-04
1.726690000000000146e+04 3.964416865469603765e-04
1.727020000000000073e+04 3.835695812466978537e-04
1.727350000000000000e+04 3.796414095790676081e-04
1.727679999999999927e+04 3.828221962579157365e-04
1.728009999999999854e+04 3.846946388963833215e-04
1.728340000000000146e+04 3.856278732005371992e-04
1.728670000000000073e+04 3.947720336748400914e-04
1.729000000000000000e+04 3.985605022499825491e-04
1.729320000000000073e+04 4.033922344531878511e-04
1.729650000000000000e+04 4.162911286483168285e-04
1.729979999999999927e+04 4.178017999217030205e-04
1.730309999999999854e+04 4.295448490419419155e-04
1.730640000000000146e+04 4.482030810152727151e-04
1.730970000000000073e+04 4.558942138007445605e-04
1.731300000000000000e+04 4.589122188557822517e-04
1.731629999999999927e+04 4.704735061192826667e-04
1.731959999999999854e+04 4.695291993378088971e-04
1.732290000000000146e+04 4.824619674047633399e-04
1.732620000000000073e+04 4.745675277473127137e-04
1.732950000000000000e+04 4.939707252451502190e-04
1.733279999999999927e+04 5.000357214638025648e-04
1.733609999999999854e+04 5.105536671425593654e-04
1.733940000000000146e+04 5.008936424261813472e-04
1.734270000000000073e+04 4.959423047249735287e-04
1.734600000000000000e+04 4.885514154898981751e-04
1.734929999999999927e+04 4.913943676782089832e-04
1.735259999999999854e+04 4.983461391879317852e-04
1.735579999999999927e+04 5.018363804068341500e-04
1.735909999999999854e+04 5.206935835735308857e-04
1.736240000000000146e+04 5.273003577272127301e-04
1.736570000000000073e+04 5.203921098475159041e-04
1.736900000000000000e+04 5.268212609881526556e-04
1.737229999999999927e+04 5.227912666643123657e-04
1.737559999999999854e+04 5.231413671859238895e-04
1.737890000000000146e+04 5.253929165668456015e-04
1.738220000000000073e+04 5.372515835752678451e-04
1.738550000000000000e+04 5.290762860796967846e-04
1.738879999999999927e+04 5.218453380708564134e-04
1.739209999999999854e+04 5.211228780854794927e-04
1.739540000000000146e+04 5.209679556420594108e-04
1.739870000000000073e+04 5.125713810196033150e-04
1.740200000000000000e+04 5.150814819193113387e-04
1.740529999999999927e+04 5.185330830180021446e-04
1.740859999999999854e+04 5.218911621174962068e-04
1.741190000000000146e+04 5.076443799509804209e-04
1.741520000000000073e+04 5.064476526679621404e-04
1.741850000000000000e+04 5.153998387548267045e-04
1.742170000000000073e+04 5.065329880235094374e-04
1.742500000000000000e+04 5.065001085480596524e-04
1.742829999999999927e+04 5.044751590384304258e-04
1.743159999999999854e+04 5.054820254996337863e-04
1.743490000000000146e+04 5.115299855420781102e-04
1.743820000000000073e+04 5.118032101300744926e-04
1.744150000000000000e+04 5.086148034208653242e-04
1.744479999999999927e+04 5.109192012417531660e-04
1.744809999999999854e+04 5.152524784065247963e-04
1.745140000000000146e+04 5.136832458984830208e-04
1.745470000000000073e+04 5.143940663360314436e-04
1.745800000000000000e+04 5.173598611113376221e-04
1.746129999999999927e+04 5.235592712157485827e-04
1.746459999999999854e+04 5.261295273511502326e-04
1.746790000000000146e+04 5.190190737313641256e-04
1.747120000000000073e+04 5.205227257442932628e-04
1.747450000000000000e+04 5.250798397844993375e-04
1.747779999999999927e+04 5.317767265369706398e-04
1.748109999999999854e+04 5.250138870273591803e-04
1.748429999999999927e+04 5.326533790233679323e-04
1.748759999999999854e+04 5.294920513111992183e-04
1.749090000000000146e+04 5.405246297846030661e-04
1.749420000000000073e+04 5.412721484895327128e-04
1.749750000000000000e+04 5.453562702799884818e-04
1.750079999999999927e+04 5.461041023855938738e-04
1.750409999999999854e+04 5.501227178603212108e-04
1.750740000000000146e+04 5.587512941319574145e-04
1.751070000000000073e+04 5.718925084969291939e-04
1.751400000000000000e+04 5.831017476011179880e-04
1.751729999999999927e+04 5.898995031408939228e-04
1.752059999999999854e+04 5.925328714034049440e-04
1.752390000000000146e+04 5.902651870778063449e-04
1.752720000000000073e+04 5.917748897348985935e-04
1.753050000000000000e+04 5.934923763561745667e-04
1.753379999999999927e+04 5.970362970083245178e-04
1.753709999999999854e+04 5.994587769239437779e-04
1.754040000000000146e+04 6.085655198389350665e-04
1.754370000000000073e+04 6.086250469049323117e-04
1.754700000000000000e+04 5.989610088957499816e-04
1.755020000000000073e+04 6.068907526133746283e-04
1.755350000000000000e+04 6.151114471112261893e-04
1.755679999999999927e+04 6.225395936210406395e-04
1.756009999999999854e+04 6.280174328856703717e-04
1.756340000000000146e+04 6.316651572218040479e-04
1.756670000000000073e+04 6.326348483617779371e-04
1.757000000000000000e+04 6.392596473120778404e-04
1.757329999999999927e+04 6.368656126581898275e-04
1.757659999999999854e+04 6.430576516172804716e-04
1.757990000000000146e+04 6.475000949019169092e-04
1.758320000000000073e+04 6.402727102306609566e-04
1.758650000000000000e+04 6.379145239193390700e-04
1.758979999999999927e+04 6.390325610258618247e-04
1.759309999999999854e+04 6.465064384530537370e-04
1.759640000000000146e+04 6.433016958188655108e-04
1.759970000000000073e+04 6.414520233855805107e-04
1.760300000000000000e+04 6.454756049328441150e-04
1.760629999999999927e+04 6.466031885478045827e-04
1.760959999999999854e+04 6.410688189774371454e-04
1.761290000000000146e+04 6.411370798396412570e-04
1.761609999999999854e+04 6.424855836392842938e-04
1.761940000000000146e+04 6.353803992825678973e-04
1.762270000000000073e+04 6.333048635106323628e-04
1.762600000000000000e+04 6.315613018851695248e-04
1.762929999999999927e+04 6.333673845241464878e-04
1.763259999999999854e+04 6.469154281739766029e-04
1.763590000000000146e+04 6.469432777042152848e-04
1.763920000000000073e+04 6.499857384168620036e-04
1.764250000000000000e+04 6.475382883289861405e-04
1.764579999999999927e+04 6.570745916056961854e-04
1.764909999999999854e+04 6.539493437458418186e-04
1.765240000000000146e+04 6.517070213503461463e-04
1.765570000000000073e+04 6.500413911266225914e-04
1.765900000000000000e+04 6.504612494585846130e-04
1.766229999999999927e+04 6.503415547683650622e-04
1.766559999999999854e+04 6.507019645510483561e-04
1.766890000000000146e+04 6.512520033614358633e-04
1.767220000000000073e+04 6.451638911027784019e-04
1.767550000000000000e+04 6.425950177845163010e-04
1.767870000000000073e+04 6.379289211553237395e-04
1.768200000000000000e+04 6.306484470773815552e-04
1.768529999999999927e+04 6.267819909053530796e-04
1.768859999999999854e+04 6.267370247504184437e-04
1.769190000000000146e+04 6.287283239011854426e-04
1.769520000000000073e+04 6.232610300483579615e-04
1.769850000000000000e+04 6.239326176551905591e-04
1.770179999999999927e+04 6.270653112119415262e-04
1.770509999999999854e+04 6.208972383223611150e-04
1.770840000000000146e+04 6.324629921471673502e-04
1.771170000000000073e+04 6.385730770916478709e-04
1.771500000000000000e+04 6.394289712280348901e-04
1.771829999999999927e+04 6.447400686168964362e-04
1.772159999999999854e+04 6.426586127820203831e-04
1.772490000000000146e+04 6.386646986137087083e-04
1.772820000000000073e+04 6.281960384810424906e-04
1.773150000000000000e+04 6.258999603244336544e-04
1.773479999999999927e+04 6.282127528625014619e-04
1.773809999999999854e+04 6.305266168030098858e-04
1.774140000000000146e+04 6.259670547977654520e-04
1.774459999999999854e+04 6.240126979995818139e-04
1.774790000000000146e+04 6.345986760607586971e-04
1.775120000000000073e+04 6.429472186938177706e-04
1.775450000000000000e+04 6.520102055930474287e-04
1.775779999999999927e+04 6.539400670773873629e-04
1.776109999999999854e+04 6.584761745179330524e-04
1.776440000000000146e+04 6.630894167369333261e-04
1.776770000000000073e+04 6.674753068012634870e-04
1.777100000000000000e+04 6.716355160896677083e-04
1.777429999999999927e+04 6.771186024942285435e-04
1.777759999999999854e+04 6.760185305138139951e-04
1.778090000000000146e+04 6.769648332051333116e-04
1.778420000000000073e+04 6.897521221911255638e-04
1.778750000000000000e+04 6.987807775545436207e-04
1.779079999999999927e+04 7.010061540724180215e-04
1.779409999999999854e+04 7.074942505266696401e-04
1.779740000000000146e+04 7.059466608947482635e-04
1.780070000000000073e+04 7.092634057662003865e-04
1.780400000000000000e+04 7.127617321116345691e-04
1.780720000000000073e+04 7.195132214668407099e-04
1.781050000000000000e+04 7.168288071417759167e-04
1.781379999999999927e+04 7.110889309977374726e-04
1.781709999999999854e+04 7.142286088868837497e-04
1.782040000000000146e+04 7.174629575334529009e-04
1.782370000000000073e+04 7.218687492805414422e-04
1.782700000000000000e+04 7.178512185734812904e-04
1.783029999999999927e+04 7.204859074808273381e-04
1.783359999999999854e+04 7.241588818814761845e-04
1.783690000000000146e+04 7.338439188250300317e-04
1.784020000000000073e+04 7.424927173343090102e-04
1.784350000000000000e+04 7.505780896082662372e-04
1.784679999999999927e+04 7.595861923933679757e-04
1.785009999999999854e+04 7.724239937493728846e-04
1.785340000000000146e+04 7.811567000701474415e-04
1.785670000000000073e+04 7.832720723476481678e-04
1.786000000000000000e+04 7.914060360955352301e-04
1.786329999999999927e+04 7.969273853553907267e-04
1.786659999999999854e+04 8.008162349232430611e-04
1.786990000000000146e+04 8.092668954003169341e-04
1.787309999999999854e+04 8.020366390779091938e-04
1.787640000000000146e+04 8.014757228557079687e-04
1.787970000000000073e+04 8.107873759297119353e-04
1.788300000000000000e+04 8.132719672212823008e-04
1.788629999999999927e+04 8.263033147055509186e-04
1.788959999999999854e+04 8.388248731136826487e-04
1.789290000000000146e+04 8.501015938921450141e-04
1.789620000000000073e+04 8.546103106207975347e-04
1.789950000000000000e+04 8.600819809005859698e-04
1.790279999999999927e+04 8.655425269789117490e-04
1.790609999999999854e+04 8.794159165120291749e-04
1.790940000000000146e+04 8.911000620106235542e-04
1.791270000000000073e+04 8.970198261049668617e-04
1.791600000000000000e+04 9.009849532737833344e-04
1.791929999999999927e+04 8.999132693838370837e-04
1.792259999999999854e+04 9.003246267413914051e-04
1.792590000000000146e+04 9.067732200728740276e-04
1.792920000000000073e+04 9.053967638454216366e-04
1.793250000000000000e+04 9.053172751308019225e-04
1.793570000000000073e+04 9.116722443882602613e-04
1.793900000000000000e+04 9.237983114503841263e-04
1.794229999999999927e+04 9.311453449616479815e-04
1.794559999999999854e+04 9.434438066133260178e-04
1.794890000000000146e+04 9.474313127974382225e-04
1.795220000000000073e+04 9.503632663995665447e-04
1.795550000000000000e+04 9.577957655140083033e-04
1.795879999999999927e+04 9.576753550704883737e-04
1.796209999999999854e+04 9.655604108496108071e-04
1.796540000000000146e+04 9.730902868158265370e-04
1.796870000000000073e+04 9.846165240309269484e-04
1.797200000000000000e+04 9.883788750918354096e-04
1.797529999999999927e+04 9.919600065173784977e-04
1.797859999999999854e+04 1.007475773199672988e-03
1.798190000000000146e+04 1.012683333507486500e-03
1.798520000000000073e+04 1.018739818158992654e-03
1.798850000000000000e+04 1.022160459053745576e-03
1.799179999999999927e+04 1.037170688851849496e-03
1.799509999999999854e+04 1.039190894947858825e-03
1.799840000000000146e+04 1.040262858392586309e-03
1.800159999999999854e+04 1.038754553985102823e-03
1.800490000000000146e+04 1.036925169145629967e-03
1.800820000000000073e+04 1.029323387443515595e-03
1.801150000000000000e+04 1.030106036679766029e-03
1.801479999999999927e+04 1.027808604804281156e-03
1.801809999999999854e+04 1.031038617490759443e-03
1.802140000000000146e+04 1.036490120719543457e-03
1.802470000000000073e+04 1.046298702477171678e-03
1.802800000000000000e+04 1.049040891940607526e-03
1.803129999999999927e+04 1.058086828353979993e-03
1.803459999999999854e+04 1.061898851779541136e-03
1.803790000000000146e+04 1.077852745983850884e-03
1.804120000000000073e+04 1.088569759412387960e-03
1.804450000000000000e+04 1.085958559509607848e-03
1.804779999999999927e+04 1.093835821386840521e-03
1.805109999999999854e+04 1.095794238408676893e-03
1.805440000000000146e+04 1.093444416159734117e-03
1.805770000000000073e+04 1.099375030474293753e-03
1.806100000000000000e+04 1.110469822750374987e-03
1.806429999999999927e+04 1.120415909707236446e-03
1.806750000000000000e+04 1.125933578740296540e-03
1.807079999999999927e+04 1.123602717256301899e-03
1.807409999999999854e+04 1.120148622343549805e-03
1.807740000000000146e+04 1.119690581000205203e-03
1.808070000000000073e+04 1.132870952525218437e-03
1.808400000000000000e+04 1.145702008311555399e-03
1.808729999999999927e+04 1.157045334737814716e-03
1.809059999999999854e+04 1.161149149554633209e-03
1.809390000000000146e+04 1.167175497575410458e-03
1.809720000000000073e+04 1.171148106348224175e-03
1.810050000000000000e+04 1.172004641659082132e-03
1.810379999999999927e+04 1.161251652551036290e-03
1.810709999999999854e+04 1.158324178735144813e-03
1.811040000000000146e+04 1.153191166763878339e-03
1.811370000000000073e+04 1.155990617854553947e-03
1.811700000000000000e+04 1.159047031824136063e-03
1.812029999999999927e+04 1.165744357711381591e-03
1.812359999999999854e+04 1.166590207130483673e-03
1.812690000000000146e+04 1.162822806032765260e-03
1.813009999999999854e+04 1.165462385295727970e-03
1.813340000000000146e+04 1.171437125606689111e-03
1.813670000000000073e+04 1.164584702709557619e-03
1.814000000000000000e+04 1.168546546232842069e-03
1.814329999999999927e+04 1.169007710101847017e-03
1.814659999999999854e+04 1.177116715745580612e-03
1.814990000000000146e+04 1.181769639415779487e-03
1.815320000000000073e+04 1.179637592103227215e-03
1.815650000000000000e+04 1.176489917313848542e-03
1.815979999999999927e+04 1.172758187331997010e-03
1.816309999999999854e+04 1.170063630407078802e-03
1.816640000000000146e+04 1.182805196805522931e-03
1.816970000000000073e+04 1.189607077954234074e-03
1.817300000000000000e+04 1.196540701608565143e-03
1.817629999999999927e+04 1.196177959003447925e-03
1.817959999999999854e+04 1.192258365019001429e-03
1.818290000000000146e+04 1.205010282320452238e-03
1.818620000000000073e+04 1.199894195511834330e-03
1.818950000000000000e+04 1.196174475262750747e-03
1.819279999999999927e+04 1.194715885013711461e-03
1.819600000000000000e+04 1.190528095334118797e-03
1.819929999999999927e+04 1.193397471439682552e-03
1.820259999999999854e+04 1.197322167881415596e-03
1.820590000000000146e+04 1.190467736516211909e-03
1.820920000000000073e+04 1.193868893724133167e-03
1.821250000000000000e+04 1.187986938595650454e-03
1.821579999999999927e+04 1.187985938953721324e-03
1.821909999999999854e+04 1.190916274953594811e-03
1.822240000000000146e+04 1.183923366672238499e-03
1.822570000000000073e+04 1.180613253023699927e-03
1.822900000000000000e+04 1.189377097372578893e-03
1.823229999999999927e+04 1.201665613003605540e-03
1.823559999999999854e+04 1.212487780837365192e-03
1.823890000000000146e+04 1.220618805359304773e-03
1.824220000000000073e+04 1.230824248887844950e-03
1.824550000000000000e+04 1.239764770412920278e-03
1.824879999999999927e+04 1.245155561759078450e-03
1.825209999999999854e+04 1.250167505820371861e-03
1.825540000000000146e+04 1.254375352383535610e-03
1.825859999999999854e+04 1.266952501795240134e-03
1.826190000000000146e+04 1.278939224645580120e-03
1.826520000000000073e+04 1.293007282567135586e-03
1.826850000000000000e+04 1.315897973944492663e-03
1.827179999999999927e+04 1.339105693978584824e-03
1.827509999999999854e+04 1.373612560605875057e-03
1.827840000000000146e+04 1.391994368185895531e-03
1.828170000000000073e+04 1.409937004163081334e-03
1.828500000000000000e+04 1.418720430805589169e-03
1.828829999999999927e+04 1.441589068395718407e-03
1.829159999999999854e+04 1.457534467089357339e-03
1.829490000000000146e+04 1.475222787691031533e-03
1.829820000000000073e+04 1.490631292352996053e-03
1.830150000000000000e+04 1.529892519590613951e-03
1.830479999999999927e+04 1.558925114840181703e-03
1.830809999999999854e+04 1.569078504046378213e-03
1.831140000000000146e+04 1.578162354848905392e-03
1.831470000000000073e+04 1.596696837132921673e-03
1.831800000000000000e+04 1.605678149733476626e-03
1.832129999999999927e+04 1.616050356531145704e-03
1.832450000000000000e+04 1.626241612469790437e-03
1.832779999999999927e+04 1.634627722363587608e-03
1.833109999999999854e+04 1.647056534713583782e-03
1.833440000000000146e+04 1.650995828680246538e-03
1.833770000000000073e+04 1.661986387760161282e-03
1.834100000000000000e+04 1.675883680371669784e-03
1.834429999999999927e+04 1.679223226282346030e-03
1.834759999999999854e+04 1.687250367057066981e-03
1.835090000000000146e+04 1.713668731889632672e-03
1.835420000000000073e+04 1.735155700462897481e-03
1.835750000000000000e+04 1.764074575164855220e-03
1.836079999999999927e+04 1.803916025876425378e-03
1.836409999999999854e+04 1.834230208769658740e-03
1.836740000000000146e+04 1.848907255808053020e-03
1.837070000000000073e+04 1.883139048271278721e-03
1.837400000000000000e+04 1.924043949416520075e-03
1.837729999999999927e+04 1.949868255453559998e-03
1.838059999999999854e+04 1.964987131070993105e-03
1.838390000000000146e+04 1.999720452053104121e-03
1.838709999999999854e+04 2.040950845187785787e-03
1.839040000000000146e+04 2.078056280334888550e-03
1.839370000000000073e+04 2.091129037337737667e-03
1.839700000000000000e+04 2.113753385221429741e-03
1.840029999999999927e+04 2.141797493213398046e-03
1.840359999999999854e+04 2.176836495205496536e-03
1.840690000000000146e+04 2.203639221635664541e-03
1.841020000000000073e+04 2.216859497397293769e-03
1.841350000000000000e+04 2.245742497668687734e-03
1.841679999999999927e+04 2.270240800019252859e-03
1.842009999999999854e+04 2.281506372693927354e-03
1.842340000000000146e+04 2.300361989534132918e-03
1.842670000000000073e+04 2.322600104864092855e-03
1.843000000000000000e+04 2.340184739465133584e-03
1.843329999999999927e+04 2.360991207198409256e-03
1.843659999999999854e+04 2.389106304214151915e-03
1.843990000000000146e+04 2.397669222130835703e-03
1.844320000000000073e+04 2.429999851622198070e-03
1.844650000000000000e+04 2.452829381695804858e-03
1.844979999999999927e+04 2.489309848757846003e-03
1.845300000000000000e+04 2.504239739089197947e-03
1.845629999999999927e+04 2.521392488783231241e-03
1.845959999999999854e+04 2.517220713909602576e-03
1.846290000000000146e+04 2.534816836820340952e-03
1.846620000000000073e+04 2.515840492443983251e-03
1.846950000000000000e+04 2.505303394670074790e-03
1.847279999999999927e+04 2.519450812304761551e-03
1.847609999999999854e+04 2.525281477927567627e-03
1.847940000000000146e+04 2.520806412417800867e-03
1.848270000000000073e+04 2.533192542855206616e-03
1.848600000000000000e+04 2.548164928577530738e-03
1.848929999999999927e+04 2.571209159628172307e-03
1.849259999999999854e+04 2.599023658138582479e-03
1.849590000000000146e+04 2.608655772346146328e-03
1.849920000000000073e+04 2.645258776849380988e-03
1.850250000000000000e+04 2.681285725255550326e-03
1.850579999999999927e+04 2.723969885161053525e-03
1.850909999999999854e+04 2.779380869215839194e-03
1.851240000000000146e+04 2.793851120862095912e-03
1.851570000000000073e+04 2.798106962433326468e-03
1.851890000000000146e+04 2.813148984184706512e-03
1.852220000000000073e+04 2.832756054926438040e-03
1.852550000000000000e+04 2.851980113297363298e-03
1.852879999999999927e+04 2.886215980845760216e-03
1.853209999999999854e+04 2.921646901203447770e-03
1.853540000000000146e+04 2.951737366515688309e-03
1.853870000000000073e+04 2.979218051539228238e-03
1.854200000000000000e+04 3.021385835179924480e-03
1.854529999999999927e+04 3.075610630884818668e-03
1.854859999999999854e+04 3.106619262956111013e-03
1.855190000000000146e+04 3.148472368783932895e-03
1.855520000000000073e+04 3.193205822557779010e-03
1.855850000000000000e+04 3.244775516041213757e-03
1.856179999999999927e+04 3.287244832680533829e-03
1.856509999999999854e+04 3.326851545224691377e-03
1.856840000000000146e+04 3.360002997292960841e-03
1.857170000000000073e+04 3.376850504950840506e-03
1.857500000000000000e+04 3.428099276327947927e-03
1.857829999999999927e+04 3.480995027612626344e-03
1.858150000000000000e+04 3.529671784781524772e-03
1.858479999999999927e+04 3.574957435751984110e-03
1.858809999999999854e+04 3.605479445608655419e-03
1.859140000000000146e+04 3.643803043576334527e-03
1.859470000000000073e+04 3.699000527711145212e-03
1.859800000000000000e+04 3.744644730206937982e-03
1.860129999999999927e+04 3.768667952882142833e-03
1.860459999999999854e+04 3.834534430147756943e-03
1.860790000000000146e+04 3.879831670213085802e-03
1.861120000000000073e+04 3.957604636337415903e-03
1.861450000000000000e+04 4.037150342113804934e-03
1.861779999999999927e+04 4.108640718547955720e-03
1.862109999999999854e+04 4.160032791368255788e-03
1.862440000000000146e+04 4.232525162950284345e-03
1.862770000000000073e+04 4.310492270560131560e-03
1.863100000000000000e+04 4.411464519898275830e-03
1.863429999999999927e+04 4.507402507026184689e-03
1.863759999999999854e+04 4.577787529589667087e-03
1.864090000000000146e+04 4.680332265910630042e-03
1.864420000000000073e+04 4.838507739791337268e-03
1.864740000000000146e+04 4.936840738968470248e-03
1.865070000000000073e+04 5.028282534881422378e-03
1.865400000000000000e+04 5.131683437973487937e-03
1.865729999999999927e+04 5.222497946391272197e-03
1.866059999999999854e+04 5.315425364306897507e-03
1.866390000000000146e+04 5.421409498474751357e-03
1.866720000000000073e+04 5.504522002467211739e-03
1.867050000000000000e+04 5.571324453819122800e-03
1.867379999999999927e+04 5.652725691250141266e-03
1.867709999999999854e+04 5.768039743893310645e-03
1.868040000000000146e+04 5.920656791666581951e-03
1.868370000000000073e+04 6.121058991883866242e-03
1.868700000000000000e+04 6.311068447570685781e-03
1.869029999999999927e+04 6.454052700467103644e-03
1.869359999999999854e+04 6.667175463722672252e-03
1.869690000000000146e+04 6.841615774390135025e-03
1.870020000000000073e+04 6.911609854025686957e-03
1.870350000000000000e+04 6.955511651316794060e-03
1.870679999999999927e+04 7.087868724632710379e-03
1.871000000000000000e+04 7.336512805298464092e-03
1.871329999999999927e+04 7.467210024269970749e-03
1.871659999999999854e+04 7.559618876939998636e-03
1.871990000000000146e+04 7.648222947301964829e-03
1.872320000000000073e+04 7.739843175401637382e-03
1.872650000000000000e+04 7.851349932947261634e-03
1.872979999999999927e+04 7.922880366075982228e-03
1.873309999999999854e+04 8.023234858107804179e-03
1.873640000000000146e+04 8.134843433606642887e-03
1.873970000000000073e+04 8.253023176983453890e-03
1.874300000000000000e+04 8.282585034418126629e-03
1.874629999999999927e+04 8.369253172506934194e-03
1.874959999999999854e+04 8.428245508822877069e-03
1.875290000000000146e+04 8.498822276326775324e-03
1.875620000000000073e+04 8.575955143648847714e-03
1.875950000000000000e+04 8.694262029026223609e-03
1.876279999999999927e+04 8.795228147118402950e-03
1.876609999999999854e+04 8.901670046139963793e-03
1.876940000000000146e+04 8.952025360031583279e-03
1.877270000000000073e+04 9.061975209025328187e-03
1.877590000000000146e+04 9.197744215277785934e-03
1.877920000000000073e+04 9.240120541661385120e-03
1.878250000000000000e+04 9.374397930978382518e-03
1.878579999999999927e+04 9.531957631056067401e-03
1.878909999999999854e+04 9.709025028611196345e-03
1.879240000000000146e+04 9.873380444090645511e-03
1.879570000000000073e+04 1.006470673522441919e-02
1.879900000000000000e+04 1.026476345535504847e-02
1.880229999999999927e+04 1.049951993063370261e-02
1.880559999999999854e+04 1.070598671608443894e-02
1.880890000000000146e+04 1.087336901348388840e-02
1.881220000000000073e+04 1.107702610214355600e-02
1.881550000000000000e+04 1.130750694785836140e-02
1.881879999999999927e+04 1.153504858414235341e-02
1.882209999999999854e+04 1.176240412691069090e-02
1.882540000000000146e+04 1.200469158629847294e-02
1.882870000000000073e+04 1.223322170034837723e-02
1.883200000000000000e+04 1.245489807720024170e-02
1.883529999999999927e+04 1.270817873430934650e-02
1.883859999999999854e+04 1.294272990879963975e-02
1.884179999999999927e+04 1.315671665120026097e-02
1.884509999999999854e+04 1.337529356173308009e-02
1.884840000000000146e+04 1.353376735997391736e-02
1.885170000000000073e+04 1.369034751401504782e-02
1.885500000000000000e+04 1.390281269007480683e-02
1.885829999999999927e+04 1.402988316568497956e-02
1.886159999999999854e+04 1.417797282452254969e-02
1.886490000000000146e+04 1.446042445358652027e-02
1.886820000000000073e+04 1.477772374362100113e-02
1.887150000000000000e+04 1.501399327528988963e-02
1.887479999999999927e+04 1.511608343492044752e-02
1.887809999999999854e+04 1.534131169492173284e-02
1.888140000000000146e+04 1.561508356401156671e-02
1.888470000000000073e+04 1.588209249621067021e-02
1.888800000000000000e+04 1.612785805867666955e-02
1.889129999999999927e+04 1.637073978819603842e-02
1.889459999999999854e+04 1.665997582166952456e-02
1.889790000000000146e+04 1.694305077544431409e-02
1.890120000000000073e+04 1.722407370014755745e-02
1.890440000000000146e+04 1.748721515209732472e-02
1.890770000000000073e+04 1.782311201756965266e-02
1.891100000000000000e+04 1.812558037723584550e-02
1.891429999999999927e+04 1.845667442943906694e-02
1.891759999999999854e+04 1.878191934841356991e-02
1.892090000000000146e+04 1.911739271583785815e-02
1.892420000000000073e+04 1.941091976256628659e-02
1.892750000000000000e+04 1.970653069508039590e-02
1.893079999999999927e+04 2.002848104582825861e-02
1.893409999999999854e+04 2.034055891143389874e-02
1.893740000000000146e+04 2.063500439728055413e-02
1.894070000000000073e+04 2.087931211722577826e-02
1.894400000000000000e+04 2.118020491001793362e-02
1.894729999999999927e+04 2.142467558935167576e-02
1.895059999999999854e+04 2.166353211130756656e-02
1.895390000000000146e+04 2.191223568373025163e-02
1.895720000000000073e+04 2.211722852583548546e-02
1.896050000000000000e+04 2.233468826347235342e-02
1.896379999999999927e+04 2.254672658204846108e-02
1.896709999999999854e+04 2.273330948361933224e-02
1.897029999999999927e+04 2.288808864424915143e-02
1.897359999999999854e+04 2.304425204678105937e-02
1.897690000000000146e+04 2.324190818048499363e-02
1.898020000000000073e+04 2.340442689728131076e-02
1.898350000000000000e+04 2.356950124833030041e-02
1.898679999999999927e+04 2.375331045816637954e-02
1.899009999999999854e+04 2.390570124797805271e-02
1.899340000000000146e+04 2.405764386439215516e-02
1.899670000000000073e+04 2.420381090180609429e-02
1.900000000000000000e+04 2.434563796425439144e-02
1.900329999999999927e+04 2.449242842809206192e-02
1.900659999999999854e+04 2.464516560042760707e-02
1.900990000000000146e+04 2.474086231561771834e-02
1.901320000000000073e+04 2.483301880094367781e-02
1.901650000000000000e+04 2.492664990575427925e-02
1.901979999999999927e+04 2.502281175017388726e-02
1.902309999999999854e+04 2.513443495611734566e-02
1.902640000000000146e+04 2.526046162586960062e-02
1.902970000000000073e+04 2.533148644300177790e-02
1.903290000000000146e+04 2.539648037224625371e-02
1.903620000000000073e+04 2.544188635741704077e-02
1.903950000000000000e+04 2.548169952882133743e-02
1.904279999999999927e+04 2.554487723694548462e-02
1.904609999999999854e+04 2.557204527171006922e-02
1.904940000000000146e+04 2.561342776771865365e-02
1.905270000000000073e+04 2.568621054853900340e-02
1.905600000000000000e+04 2.573788449780156640e-02
1.905929999999999927e+04 2.578507012740654039e-02
1.906259999999999854e+04 2.579996994098865404e-02
1.906590000000000146e+04 2.581867831569802096e-02
1.906920000000000073e+04 2.582271890997327179e-02
1.907250000000000000e+04 2.580915472557331058e-02
1.907579999999999927e+04 2.578169657236658446e-02
1.907909999999999854e+04 2.576711976788925371e-02
1.908240000000000146e+04 2.576662415467138867e-02
1.908570000000000073e+04 2.573671239142168513e-02
1.908900000000000000e+04 2.571431163516516016e-02
1.909229999999999927e+04 2.566912994340494678e-02
1.909559999999999854e+04 2.562219216358616741e-02
1.909879999999999927e+04 2.559882613062149440e-02
1.910209999999999854e+04 2.552962547665446960e-02
1.910540000000000146e+04 2.546975375548534565e-02
1.910870000000000073e+04 2.543072426018525012e-02
1.911200000000000000e+04 2.537634833787656696e-02
1.911529999999999927e+04 2.532922900710731298e-02
1.911859999999999854e+04 2.520019011389740965e-02
1.912190000000000146e+04 2.509997988872256919e-02
1.912520000000000073e+04 2.496593479013880026e-02
1.912850000000000000e+04 2.482270599107054554e-02
1.913179999999999927e+04 2.471423194099419199e-02
1.913509999999999854e+04 2.462113108259336020e-02
1.913840000000000146e+04 2.448867938630404015e-02
1.914170000000000073e+04 2.432773577968557963e-02
1.914500000000000000e+04 2.418537466682814038e-02
1.914829999999999927e+04 2.401581591621668871e-02
1.915159999999999854e+04 2.385082563682657669e-02
1.915490000000000146e+04 2.369641237952153229e-02
1.915820000000000073e+04 2.351429862183665800e-02
1.916140000000000146e+04 2.337113808548762703e-02
1.916470000000000073e+04 2.320423337957129573e-02
1.916800000000000000e+04 2.302498550110749359e-02
1.917129999999999927e+04 2.283018225464774828e-02
1.917459999999999854e+04 2.266087217499450010e-02
1.917790000000000146e+04 2.250252711342817444e-02
1.918120000000000073e+04 2.233843937460983434e-02
1.918450000000000000e+04 2.213634485996331114e-02
1.918779999999999927e+04 2.192206264371063945e-02
1.919109999999999854e+04 2.171915011081413868e-02
1.919440000000000146e+04 2.153546452921867305e-02
1.919770000000000073e+04 2.133219324609298903e-02
1.920100000000000000e+04 2.113398894864648020e-02
1.920429999999999927e+04 2.094546468438573603e-02
1.920759999999999854e+04 2.074178456435027407e-02
1.921090000000000146e+04 2.054566581452614213e-02
1.921420000000000073e+04 2.033610609541396108e-02
1.921750000000000000e+04 2.011237533036375202e-02
1.922079999999999927e+04 1.989280148452381852e-02
1.922409999999999854e+04 1.967175522724267517e-02
1.922729999999999927e+04 1.943399097775039969e-02
1.923059999999999854e+04 1.919810352209203042e-02
1.923390000000000146e+04 1.897165129102081071e-02
1.923720000000000073e+04 1.875284633555118416e-02
1.924050000000000000e+04 1.852110919705663578e-02
1.924379999999999927e+04 1.829080891903593978e-02
1.924709999999999854e+04 1.804749660593175584e-02
1.925040000000000146e+04 1.778856402904268816e-02
1.925370000000000073e+04 1.750993545921577729e-02
1.925700000000000000e+04 1.729045345941158593e-02
1.926029999999999927e+04 1.702779466102648936e-02
1.926359999999999854e+04 1.676707539071486605e-02
1.926690000000000146e+04 1.651601039367651957e-02
1.927020000000000073e+04 1.626295799753018148e-02
1.927350000000000000e+04 1.601361337939959800e-02
1.927679999999999927e+04 1.574926643222638104e-02
1.928009999999999854e+04 1.548234540715212604e-02
1.928340000000000146e+04 1.524560733844548301e-02
1.928670000000000073e+04 1.500075956417318973e-02
1.929000000000000000e+04 1.475488442430001983e-02
1.929320000000000073e+04 1.452055231371999870e-02
1.929650000000000000e+04 1.426325543981018899e-02
1.929979999999999927e+04 1.401913101420393035e-02
1.930309999999999854e+04 1.378877714793836501e-02
1.930640000000000146e+04 1.355798154919159865e-02
1.930970000000000073e+04 1.332056171765720783e-02
1.931300000000000000e+04 1.309660959957544696e-02
1.931629999999999927e+04 1.285264443965017725e-02
1.931959999999999854e+04 1.260768896300747469e-02
1.932290000000000146e+04 1.235895999216433082e-02
1.932620000000000073e+04 1.210181153601715132e-02
1.932950000000000000e+04 1.185722701167802109e-02
1.933279999999999927e+04 1.161132138956913473e-02
1.933609999999999854e+04 1.139420115008399001e-02
1.933940000000000146e+04 1.115969825207045567e-02
1.934270000000000073e+04 1.091880556072131504e-02
1.934600000000000000e+04 1.067258654653320711e-02
1.934929999999999927e+04 1.044722005972933097e-02
1.935259999999999854e+04 1.021060878586968826e-02
1.935579999999999927e+04 9.981190713448617052e-03
1.935909999999999854e+04 9.736090573535092010e-03
1.936240000000000146e+04 9.499076703441392336e-03
1.936570000000000073e+04 9.271466158564519930e-03
1.936900000000000000e+04 9.046256026649192317e-03
1.937229999999999927e+04 8.815868040702338343e-03
1.937559999999999854e+04 8.589687205571907083e-03
1.937890000000000146e+04 8.370851756994573262e-03
1.938220000000000073e+04 8.146628114173834825e-03
1.938550000000000000e+04 7.924408820091030647e-03
1.938879999999999927e+04 7.696651964885999758e-03
1.939209999999999854e+04 7.484121908398330345e-03
1.939540000000000146e+04 7.280860652458063381e-03
1.939870000000000073e+04 7.058266835243509445e-03
1.940200000000000000e+04 6.851960472795406813e-03
1.940529999999999927e+04 6.659666476607124276e-03
1.940859999999999854e+04 6.475099530690360365e-03
1.941190000000000146e+04 6.269789140735691768e-03
1.941520000000000073e+04 6.084492434645493580e-03
1.941850000000000000e+04 5.898304934668631601e-03
1.942170000000000073e+04 5.680104556721693974e-03
1.942500000000000000e+04 5.488476084334688483e-03
1.942829999999999927e+04 5.304340399580792335e-03
1.943159999999999854e+04 5.110994620328332752e-03
1.943490000000000146e+04 4.907420434326239915e-03
1.943820000000000073e+04 4.711041112942541617e-03
1.944150000000000000e+04 4.523724506793315447e-03
1.944479999999999927e+04 4.340967039071443392e-03
1.944809999999999854e+04 4.166377922133025075e-03
1.945140000000000146e+04 3.998976544057339551e-03
1.945470000000000073e+04 3.823116174240667135e-03
1.945800000000000000e+04 3.642206530294506920e-03
1.946129999999999927e+04 3.452218138493101489e-03
1.946459999999999854e+04 3.268335534576828367e-03
1.946790000000000146e+04 3.089749657913418331e-03
1.947120000000000073e+04 2.913849000257300297e-03
1.947450000000000000e+04 2.735462184725052665e-03
1.947779999999999927e+04 2.557933330121796734e-03
1.948109999999999854e+04 2.393635708744930226e-03
1.948429999999999927e+04 2.223094856945033709e-03
1.948759999999999854e+04 2.074555247525038289e-03
1.949090000000000146e+04 1.927781262778510479e-03
1.949420000000000073e+04 1.762214467188482356e-03
1.949750000000000000e+04 1.617844723603753965e-03
1.950079999999999927e+04 1.436795598078675386e-03
1.950409999999999854e+04 1.283316393384818050e-03
1.950740000000000146e+04 1.128362198159295554e-03
1.951070000000000073e+04 9.798480409787925852e-04
1.951400000000000000e+04 8.395598623734393988e-04
1.951729999999999927e+04 7.029830772747013012e-04
1.952059999999999854e+04 5.344162808668167976e-04
1.952390000000000146e+04 3.976479385891834215e-04
1.952720000000000073e+04 2.653910248019651901e-04
1.953050000000000000e+04 1.284175382576019017e-04
1.953379999999999927e+04 -5.185183427173840857e-06
1.953709999999999854e+04 -1.445736632685924196e-04
1.954040000000000146e+04 -2.802324334634996280e-04
1.954370000000000073e+04 -4.040955361897130040e-04
1.954700000000000000e+04 -5.117428376672511362e-04
1.955020000000000073e+04 -6.341091620937001124e-04
1.955350000000000000e+04 -7.400227882648797040e-04
1.955679999999999927e+04 -8.438577525816050480e-04
1.956009999999999854e+04 -9.426272143393749428e-04
1.956340000000000146e+04 -1.036862396580996281e-03
1.956670000000000073e+04 -1.138119306033744289e-03
1.957000000000000000e+04 -1.237279085773644247e-03
1.957329999999999927e+04 -1.363116028106078816e-03
1.957659999999999854e+04 -1.452293915656158218e-03
1.957990000000000146e+04 -1.549037514699540437e-03
1.958320000000000073e+04 -1.658405014308214935e-03
1.958650000000000000e+04 -1.775768964979909182e-03
1.958979999999999927e+04 -1.860380955706432415e-03
1.959309999999999854e+04 -1.944544370003225414e-03
1.959640000000000146e+04 -2.025962416763351336e-03
1.959970000000000073e+04 -2.097379990883581260e-03
1.960300000000000000e+04 -2.179608864449188860e-03
1.960629999999999927e+04 -2.272427422464888633e-03
1.960959999999999854e+04 -2.353385662520040070e-03
1.961290000000000146e+04 -2.442594591112660311e-03
1.961609999999999854e+04 -2.532204391290867034e-03
1.961940000000000146e+04 -2.586300123214053687e-03
1.962270000000000073e+04 -2.663818835232457938e-03
1.962600000000000000e+04 -2.728541091358924024e-03
1.962929999999999927e+04 -2.789597342671399499e-03
1.963259999999999854e+04 -2.844434776618568785e-03
1.963590000000000146e+04 -2.881523787496181963e-03
1.963920000000000073e+04 -2.968085316281826765e-03
1.964250000000000000e+04 -3.001969398137852713e-03
1.964579999999999927e+04 -3.091158096621505168e-03
1.964909999999999854e+04 -3.165501148446172707e-03
1.965240000000000146e+04 -3.248332054197278218e-03
1.965570000000000073e+04 -3.339594835707161442e-03
1.965900000000000000e+04 -3.404900008078014587e-03
1.966229999999999927e+04 -3.461784004683639629e-03
1.966559999999999854e+04 -3.514477420207606350e-03
1.966890000000000146e+04 -3.570889420015731230e-03
1.967220000000000073e+04 -3.633348708912062519e-03
1.967550000000000000e+04 -3.692364085453602590e-03
1.967870000000000073e+04 -3.764646667855240259e-03
1.968200000000000000e+04 -3.799052905880532724e-03
1.968529999999999927e+04 -3.820040793590742407e-03
1.968859999999999854e+04 -3.851503286765790846e-03
1.969190000000000146e+04 -3.885357157607616501e-03
1.969520000000000073e+04 -3.939051578727505859e-03
1.969850000000000000e+04 -3.975534570672466066e-03
1.970179999999999927e+04 -3.984054024050023152e-03
1.970509999999999854e+04 -4.044083075170878602e-03
1.970840000000000146e+04 -4.113376459517883998e-03
1.971170000000000073e+04 -4.192240415169946020e-03
1.971500000000000000e+04 -4.245729290181538690e-03
1.971829999999999927e+04 -4.344904170733724161e-03
1.972159999999999854e+04 -4.358896215730405019e-03
1.972490000000000146e+04 -4.397612157078642156e-03
1.972820000000000073e+04 -4.471109507655992785e-03
1.973150000000000000e+04 -4.531738043575369440e-03
1.973479999999999927e+04 -4.587707149905971213e-03
1.973809999999999854e+04 -4.631197307557689477e-03
1.974140000000000146e+04 -4.688666728435762418e-03
1.974459999999999854e+04 -4.749886210466773388e-03
1.974790000000000146e+04 -4.771743048735890488e-03
1.975120000000000073e+04 -4.766811938569509577e-03
1.975450000000000000e+04 -4.793459242539319272e-03
1.975779999999999927e+04 -4.814791091787206864e-03
1.976109999999999854e+04 -4.847908171866824323e-03
1.976440000000000146e+04 -4.886733865533276870e-03
1.976770000000000073e+04 -4.938273605687903446e-03
1.977100000000000000e+04 -4.973290861408494017e-03
1.977429999999999927e+04 -5.010376738501115708e-03
1.977759999999999854e+04 -5.044721596533198980e-03
1.978090000000000146e+04 -5.081443824400095656e-03
1.978420000000000073e+04 -5.149480678752609356e-03
1.978750000000000000e+04 -5.159201415844885848e-03
1.979079999999999927e+04 -5.210762079994876901e-03
1.979409999999999854e+04 -5.242818393086866660e-03
1.979740000000000146e+04 -5.271817210544706492e-03
1.980070000000000073e+04 -5.326318508826450616e-03
1.980400000000000000e+04 -5.343882230585253468e-03
1.980720000000000073e+04 -5.384351526134254114e-03
1.981050000000000000e+04 -5.373342326688068660e-03
1.981379999999999927e+04 -5.366546441891643753e-03
1.981709999999999854e+04 -5.402701784374367745e-03
1.982040000000000146e+04 -5.382215017872471821e-03
1.982370000000000073e+04 -5.376524400208033093e-03
1.982700000000000000e+04 -5.408288341198982073e-03
1.983029999999999927e+04 -5.398457933543035145e-03
1.983359999999999854e+04 -5.387628527407901415e-03
1.983690000000000146e+04 -5.377402876506698695e-03
1.984020000000000073e+04 -5.362020687870994867e-03
1.984350000000000000e+04 -5.358835432528696180e-03
1.984679999999999927e+04 -5.371773542375442127e-03
1.985009999999999854e+04 -5.386081431816590326e-03
1.985340000000000146e+04 -5.400949226695946244e-03
1.985670000000000073e+04 -5.436345964594138484e-03
1.986000000000000000e+04 -5.432001349035563142e-03
1.986329999999999927e+04 -5.459624491752691246e-03
1.986659999999999854e+04 -5.494193202530539728e-03
1.986990000000000146e+04 -5.478939080388784549e-03
1.987309999999999854e+04 -5.463373983294225224e-03
1.987640000000000146e+04 -5.448513787325192335e-03
1.987970000000000073e+04 -5.456143943254799025e-03
1.988300000000000000e+04 -5.409538342313275142e-03
1.988629999999999927e+04 -5.468708447603162943e-03
1.988959999999999854e+04 -5.518037920921118819e-03
1.989290000000000146e+04 -5.513598853456325340e-03
1.989620000000000073e+04 -5.504820089611316310e-03
1.989950000000000000e+04 -5.496848478686418120e-03
1.990279999999999927e+04 -5.479301567422158528e-03
1.990609999999999854e+04 -5.454776154140734620e-03
1.990940000000000146e+04 -5.439281827635703698e-03
1.991270000000000073e+04 -5.467387209889426787e-03
1.991600000000000000e+04 -5.479850535023374214e-03
1.991929999999999927e+04 -5.486688615430897198e-03
1.992259999999999854e+04 -5.510131055811679640e-03
1.992590000000000146e+04 -5.508561378900922283e-03
