1.716800000000000000e+04 3.608624987447637384e-04
1.717129999999999927e+04 3.637569740286153777e-04
1.717459999999999854e+04 3.533185384903586210e-04
1.717790000000000146e+04 3.664218778336186420e-04
1.718120000000000073e+04 3.837713103171670726e-04
1.718450000000000000e+04 3.968944669785081747e-04
1.718779999999999927e+04 3.987140496340334738e-04
1.719109999999999854e+04 3.951360021787142735e-04
1.719440000000000146e+04 3.892620943619387011e-04
1.719770000000000073e+04 3.903006387559279254e-04
1.720100000000000000e+04 3.875449736531727638e-04
1.720429999999999927e+04 3.870305147047958870e-04
1.720759999999999854e+04 3.989403734052265785e-04
1.721090000000000146e+04 4.128744008475212775e-04
1.721420000000000073e+04 4.145040241881963686e-04
1.721750000000000000e+04 4.217116487053292149e-04
1.722079999999999927e+04 4.280022165706904983e-04
1.722409999999999854e+04 4.381460809412484302e-04
1.722729999999999927e+04 4.575503621223123694e-04
1.723059999999999854e+04 4.635447545840866543e-04
1.723390000000000146e+04 4.688843472073702550e-04
1.723720000000000073e+04 4.636976811136181995e-04
1.724050000000000000e+04 4.775638257703114183e-04
1.724379999999999927e+04 4.779035917740584211e-04
1.724709999999999854e+04 4.717474756751834412e-04
1.725040000000000146e+04 4.660656229795579592e-04
1.725370000000000073e+04 4.597169622995203836e-04
1.725700000000000000e+04 4.742214214991996232e-04
1.726029999999999927e+04 4.945318061372127412e-04
1.726359999999999854e+04 4.924382220747975606e-04
1.726690000000000146e+04 4.891434757428396972e-04
1.727020000000000073e+04 4.951026183547262323e-04
1.727350000000000000e+04 4.947604501299724799e-04
1.727679999999999927e+04 4.977463823096061474e-04
1.728009999999999854e+04 4.958573040916428639e-04
1.728340000000000146e+04 4.965622671164539358e-04
1.728670000000000073e+04 4.957415628239755312e-04
1.729000000000000000e+04 4.943532654777780004e-04
1.729320000000000073e+04 5.020410814584314171e-04
1.729650000000000000e+04 5.163112946735113782e-04
1.729979999999999927e+04 5.153670879534380175e-04
1.730309999999999854e+04 5.130208964275614035e-04
1.730640000000000146e+04 5.173697238686283950e-04
1.730970000000000073e+04 5.324350298686759400e-04
1.731300000000000000e+04 5.325811267372946656e-04
1.731629999999999927e+04 5.316553747559660779e-04
1.731959999999999854e+04 5.389579638575191451e-04
1.732290000000000146e+04 5.398984526616951553e-04
1.732620000000000073e+04 5.437784223264934078e-04
1.732950000000000000e+04 5.557210562171468375e-04
1.733279999999999927e+04 5.640281681947417183e-04
1.733609999999999854e+04 5.613539400834486985e-04
1.733940000000000146e+04 5.595747390927005268e-04
1.734270000000000073e+04 5.527702547991579637e-04
1.734600000000000000e+04 5.504227490236997906e-04
1.734929999999999927e+04 5.494878363469471883e-04
1.735259999999999854e+04 5.465860692296195967e-04
1.735579999999999927e+04 5.451957012971201484e-04
1.735909999999999854e+04 5.507812025754799069e-04
1.736240000000000146e+04 5.479186402114310638e-04
1.736570000000000073e+04 5.555701283333125320e-04
1.736900000000000000e+04 5.660137822089218512e-04
1.737229999999999927e+04 5.640489198267324049e-04
1.737559999999999854e+04 5.709894540559493515e-04
1.737890000000000146e+04 5.696857840515621779e-04
1.738220000000000073e+04 5.735304067778831255e-04
1.738550000000000000e+04 5.731484956212350200e-04
1.738879999999999927e+04 5.655673461552158205e-04
1.739209999999999854e+04 5.670605171713333009e-04
1.739540000000000146e+04 5.708564425878457239e-04
1.739870000000000073e+04 5.742414110139099385e-04
1.740200000000000000e+04 5.802057889033752219e-04
1.740529999999999927e+04 5.795502167397280184e-04
1.740859999999999854e+04 5.801186585948458867e-04
1.741190000000000146e+04 5.796515645260011786e-04
1.741520000000000073e+04 5.818282445642509581e-04
1.741850000000000000e+04 5.915451987821903224e-04
1.742170000000000073e+04 5.941366822339640835e-04
1.742500000000000000e+04 5.967057561079909967e-04
1.742829999999999927e+04 5.987239468294859156e-04
1.743159999999999854e+04 6.010780257584326120e-04
1.743490000000000146e+04 6.069241410145801178e-04
1.743820000000000073e+04 6.116233911277760499e-04
1.744150000000000000e+04 6.180148860560311271e-04
1.744479999999999927e+04 6.209289008359002073e-04
1.744809999999999854e+04 6.268237739667147047e-04
1.745140000000000146e+04 6.361704979955810002e-04
1.745470000000000073e+04 6.475045157679386928e-04
1.745800000000000000e+04 6.501165165882392613e-04
1.746129999999999927e+04 6.516521839610361433e-04
1.746459999999999854e+04 6.637692472716159777e-04
1.746790000000000146e+04 6.707852874429892469e-04
1.747120000000000073e+04 6.726459179679704446e-04
1.747450000000000000e+04 6.671467775771801334e-04
1.747779999999999927e+04 6.706729060905238784e-04
1.748109999999999854e+04 6.782503623942607923e-04
1.748429999999999927e+04 6.790026025662193078e-04
1.748759999999999854e+04 6.813379874692601819e-04
1.749090000000000146e+04 6.866218958764223066e-04
1.749420000000000073e+04 6.854013610827058151e-04
1.749750000000000000e+04 6.796583216318296530e-04
1.750079999999999927e+04 6.865929184535596004e-04
1.750409999999999854e+04 6.908219319937334820e-04
1.750740000000000146e+04 7.006155866832271999e-04
1.751070000000000073e+04 6.958512271329185279e-04
1.751400000000000000e+04 6.972232500085291402e-04
1.751729999999999927e+04 6.973502676542969562e-04
1.752059999999999854e+04 7.061789430717600215e-04
1.752390000000000146e+04 7.132738014986540667e-04
1.752720000000000073e+04 7.227456266504446490e-04
1.753050000000000000e+04 7.217450436654350735e-04
1.753379999999999927e+04 7.253324243610030165e-04
1.753709999999999854e+04 7.277080613487772742e-04
1.754040000000000146e+04 7.273478284653455209e-04
1.754370000000000073e+04 7.346790667226169242e-04
1.754700000000000000e+04 7.333410281039443946e-04
1.755020000000000073e+04 7.390575431335846520e-04
1.755350000000000000e+04 7.410636169018275030e-04
1.755679999999999927e+04 7.434946437795682088e-04
1.756009999999999854e+04 7.429333000340607304e-04
1.756340000000000146e+04 7.522440488647463451e-04
1.756670000000000073e+04 7.614315812586243707e-04
1.757000000000000000e+04 7.592142553325208860e-04
1.757329999999999927e+04 7.644709872658355483e-04
1.757659999999999854e+04 7.712520615268371677e-04
1.757990000000000146e+04 7.726288456962771434e-04
1.758320000000000073e+04 7.733738075666321066e-04
1.758650000000000000e+04 7.723609404276443255e-04
1.758979999999999927e+04 7.713277969844497184e-04
1.759309999999999854e+04 7.743896894251988978e-04
1.759640000000000146e+04 7.828628364770616075e-04
1.759970000000000073e+04 7.796535027568568142e-04
1.760300000000000000e+04 7.801547339237949186e-04
1.760629999999999927e+04 7.813768446751145425e-04
1.760959999999999854e+04 7.808410409252784659e-04
1.761290000000000146e+04 7.831685320599765824e-04
1.761609999999999854e+04 7.811094038223915332e-04
1.761940000000000146e+04 7.836997954872566927e-04
1.762270000000000073e+04 7.793818705965990410e-04
1.762600000000000000e+04 7.866048405041917374e-04
1.762929999999999927e+04 7.935126105378968384e-04
1.763259999999999854e+04 7.959768921180865407e-04
1.763590000000000146e+04 8.056908904524799457e-04
1.763920000000000073e+04 8.085175690051239674e-04
1.764250000000000000e+04 8.129157963638691548e-04
1.764579999999999927e+04 8.154485349126671962e-04
1.764909999999999854e+04 8.243597487786141851e-04
1.765240000000000146e+04 8.391548621379027852e-04
1.765570000000000073e+04 8.424075891398839994e-04
1.765900000000000000e+04 8.466459147570402259e-04
1.766229999999999927e+04 8.533552358248750131e-04
1.766559999999999854e+04 8.615886049108566940e-04
1.766890000000000146e+04 8.748883226341784775e-04
1.767220000000000073e+04 8.727488836437364292e-04
1.767550000000000000e+04 8.808276434104700186e-04
1.767870000000000073e+04 8.849802812833524593e-04
1.768200000000000000e+04 8.871949163294981771e-04
1.768529999999999927e+04 8.867381340249237340e-04
1.768859999999999854e+04 8.832278807824114073e-04
1.769190000000000146e+04 8.830216371727522785e-04
1.769520000000000073e+04 8.836121226732613970e-04
1.769850000000000000e+04 8.937433899633235798e-04
1.770179999999999927e+04 9.025530695480134561e-04
1.770509999999999854e+04 9.065909334110426642e-04
1.770840000000000146e+04 9.085305471258884897e-04
1.771170000000000073e+04 9.188409173451280061e-04
1.771500000000000000e+04 9.150990629778099801e-04
1.771829999999999927e+04 9.187689629878744834e-04
1.772159999999999854e+04 9.247577464682623207e-04
1.772490000000000146e+04 9.313803497656709517e-04
1.772820000000000073e+04 9.289839971290958509e-04
1.773150000000000000e+04 9.344331885197058440e-04
1.773479999999999927e+04 9.499658820202541319e-04
1.773809999999999854e+04 9.595097180394914632e-04
1.774140000000000146e+04 9.668053749581547460e-04
1.774459999999999854e+04 9.804503862500507216e-04
1.774790000000000146e+04 9.898724302910472984e-04
1.775120000000000073e+04 9.958044320937699256e-04
1.775450000000000000e+04 1.000854730184427485e-03
1.775779999999999927e+04 1.009385755443499002e-03
1.776109999999999854e+04 1.016684092887625013e-03
1.776440000000000146e+04 1.023002536533249539e-03
1.776770000000000073e+04 1.020042092149326448e-03
1.777100000000000000e+04 1.021800988220533841e-03
1.777429999999999927e+04 1.029518852999385418e-03
1.777759999999999854e+04 1.029221218576406626e-03
1.778090000000000146e+04 1.029815805265736585e-03
1.778420000000000073e+04 1.023841830739434001e-03
1.778750000000000000e+04 1.032655976698209450e-03
1.779079999999999927e+04 1.033912383319224781e-03
1.779409999999999854e+04 1.035884647479618035e-03
1.779740000000000146e+04 1.043659529449765229e-03
1.780070000000000073e+04 1.047314837444888319e-03
1.780400000000000000e+04 1.060912532017611399e-03
1.780720000000000073e+04 1.065219919282404167e-03
1.781050000000000000e+04 1.065130201553940708e-03
1.781379999999999927e+04 1.071604493331072914e-03
1.781709999999999854e+04 1.070419667385590339e-03
1.782040000000000146e+04 1.072015448268792042e-03
1.782370000000000073e+04 1.071058249100680787e-03
1.782700000000000000e+04 1.077957937058737076e-03
1.783029999999999927e+04 1.078090751174123202e-03
1.783359999999999854e+04 1.064015055600535213e-03
1.783690000000000146e+04 1.075668704167937395e-03
1.784020000000000073e+04 1.084661726954412250e-03
1.784350000000000000e+04 1.096650672705425447e-03
1.784679999999999927e+04 1.101366537541379354e-03
1.785009999999999854e+04 1.108122892409348905e-03
1.785340000000000146e+04 1.113026578175906490e-03
1.785670000000000073e+04 1.113501962398521800e-03
1.786000000000000000e+04 1.124246902495105310e-03
1.786329999999999927e+04 1.123445852639063129e-03
1.786659999999999854e+04 1.132826979042772823e-03
1.786990000000000146e+04 1.145068647461880721e-03
1.787309999999999854e+04 1.150764037957507663e-03
1.787640000000000146e+04 1.152119686471553923e-03
1.787970000000000073e+04 1.160896455441799962e-03
1.788300000000000000e+04 1.173810871718000692e-03
1.788629999999999927e+04 1.178744990381167066e-03
1.788959999999999854e+04 1.187354925856472058e-03
1.789290000000000146e+04 1.200600995828597552e-03
1.789620000000000073e+04 1.202966513100103829e-03
1.789950000000000000e+04 1.202559459432702132e-03
1.790279999999999927e+04 1.202406394719213092e-03
1.790609999999999854e+04 1.199876855794282772e-03
1.790940000000000146e+04 1.199850460661506255e-03
1.791270000000000073e+04 1.192965761011898721e-03
1.791600000000000000e+04 1.200430365887169464e-03
1.791929999999999927e+04 1.210784417528246474e-03
1.792259999999999854e+04 1.215217313143659430e-03
1.792590000000000146e+04 1.218824033098070154e-03
1.792920000000000073e+04 1.225808175608072243e-03
1.793250000000000000e+04 1.237153432571729255e-03
1.793570000000000073e+04 1.250318670923864905e-03
1.793900000000000000e+04 1.254914479867142102e-03
1.794229999999999927e+04 1.270856371404583199e-03
1.794559999999999854e+04 1.275023037306894248e-03
1.794890000000000146e+04 1.282486496844823963e-03
1.795220000000000073e+04 1.291993037842274414e-03
1.795550000000000000e+04 1.298115337214922728e-03
1.795879999999999927e+04 1.300461133735269538e-03
1.796209999999999854e+04 1.301890168955403479e-03
1.796540000000000146e+04 1.301669671577498130e-03
1.796870000000000073e+04 1.296196275902695332e-03
1.797200000000000000e+04 1.300554532433428933e-03
1.797529999999999927e+04 1.308361773811602324e-03
1.797859999999999854e+04 1.313185023800338570e-03
1.798190000000000146e+04 1.321372393306013537e-03
1.798520000000000073e+04 1.327275662052955583e-03
1.798850000000000000e+04 1.335877592432859135e-03
1.799179999999999927e+04 1.351346795716681362e-03
1.799509999999999854e+04 1.366447718754081010e-03
1.799840000000000146e+04 1.383087742874344580e-03
1.800159999999999854e+04 1.383913112675041459e-03
1.800490000000000146e+04 1.385906326943171655e-03
1.800820000000000073e+04 1.389380754761277304e-03
1.801150000000000000e+04 1.393355009555563356e-03
1.801479999999999927e+04 1.400084563487665607e-03
1.801809999999999854e+04 1.416053417949474091e-03
1.802140000000000146e+04 1.424897823068155787e-03
1.802470000000000073e+04 1.432057113957160583e-03
1.802800000000000000e+04 1.444257172900354630e-03
1.803129999999999927e+04 1.451558738363231378e-03
1.803459999999999854e+04 1.448336715629178250e-03
1.803790000000000146e+04 1.453128218200971759e-03
1.804120000000000073e+04 1.456205539212767231e-03
1.804450000000000000e+04 1.458662011616306551e-03
1.804779999999999927e+04 1.469129225137657657e-03
1.805109999999999854e+04 1.477585928035742230e-03
1.805440000000000146e+04 1.481565399991148502e-03
1.805770000000000073e+04 1.480233202550644512e-03
1.806100000000000000e+04 1.485472534154022714e-03
1.806429999999999927e+04 1.495231382052307186e-03
1.806750000000000000e+04 1.501228425800634403e-03
1.807079999999999927e+04 1.504256244524761373e-03
1.807409999999999854e+04 1.509432172136548509e-03
1.807740000000000146e+04 1.515655711389910605e-03
1.808070000000000073e+04 1.523204705071332056e-03
1.808400000000000000e+04 1.527670486747276235e-03
1.808729999999999927e+04 1.533537575710865446e-03
1.809059999999999854e+04 1.534126470322095311e-03
1.809390000000000146e+04 1.529330491609936756e-03
1.809720000000000073e+04 1.525085883549277604e-03
1.810050000000000000e+04 1.520270684496206892e-03
1.810379999999999927e+04 1.515608474578747930e-03
1.810709999999999854e+04 1.504391422689098021e-03
1.811040000000000146e+04 1.501437000578561285e-03
1.811370000000000073e+04 1.501306395577825916e-03
1.811700000000000000e+04 1.498573740321494652e-03
1.812029999999999927e+04 1.497639645989822877e-03
1.812359999999999854e+04 1.500469155197611208e-03
1.812690000000000146e+04 1.506260788727039560e-03
1.813009999999999854e+04 1.511170399230846780e-03
1.813340000000000146e+04 1.522881388048774555e-03
1.813670000000000073e+04 1.521855217909277337e-03
1.814000000000000000e+04 1.529495090710471976e-03
1.814329999999999927e+04 1.522049928535278542e-03
1.814659999999999854e+04 1.520113288073380925e-03
1.814990000000000146e+04 1.519141617029494884e-03
1.815320000000000073e+04 1.513545754103813069e-03
1.815650000000000000e+04 1.501463377356247134e-03
1.815979999999999927e+04 1.490394220950431482e-03
1.816309999999999854e+04 1.489854557246782230e-03
1.816640000000000146e+04 1.493889773608404964e-03
1.816970000000000073e+04 1.498253611799196111e-03
1.817300000000000000e+04 1.490139664167081926e-03
1.817629999999999927e+04 1.485724087018737601e-03
1.817959999999999854e+04 1.481947702839863084e-03
1.818290000000000146e+04 1.495991567738362950e-03
1.818620000000000073e+04 1.513472282980306803e-03
1.818950000000000000e+04 1.509322905976157817e-03
1.819279999999999927e+04 1.498709446196406191e-03
1.819600000000000000e+04 1.495723714727416375e-03
1.819929999999999927e+04 1.498822641740619761e-03
1.820259999999999854e+04 1.504439915200526685e-03
1.820590000000000146e+04 1.510913278172683468e-03
1.820920000000000073e+04 1.511532920847448750e-03
1.821250000000000000e+04 1.496651424547200447e-03
1.821579999999999927e+04 1.491393400695535058e-03
1.821909999999999854e+04 1.488451503338930658e-03
1.822240000000000146e+04 1.505167773043052061e-03
1.822570000000000073e+04 1.520513032822117449e-03
1.822900000000000000e+04 1.544794097876494394e-03
1.823229999999999927e+04 1.574236700304451706e-03
1.823559999999999854e+04 1.599429739516909817e-03
1.823890000000000146e+04 1.606610405705936797e-03
1.824220000000000073e+04 1.637385364426621574e-03
1.824550000000000000e+04 1.667783332004842394e-03
1.824879999999999927e+04 1.690651119102805572e-03
1.825209999999999854e+04 1.696805668003095345e-03
1.825540000000000146e+04 1.743430423510638474e-03
1.825859999999999854e+04 1.777607798171261999e-03
1.826190000000000146e+04 1.806852341695334855e-03
1.826520000000000073e+04 1.827645508956819969e-03
1.826850000000000000e+04 1.861846357119960240e-03
1.827179999999999927e+04 1.902382867940198650e-03
1.827509999999999854e+04 1.928203460907194217e-03
1.827840000000000146e+04 1.966972000653142896e-03
1.828170000000000073e+04 1.994987824228480755e-03
1.828500000000000000e+04 2.021227946677424826e-03
1.828829999999999927e+04 2.057789771018430497e-03
1.829159999999999854e+04 2.088275690913475851e-03
1.829490000000000146e+04 2.121514777529224290e-03
1.829820000000000073e+04 2.137700011161238790e-03
1.830150000000000000e+04 2.166577422572596098e-03
1.830479999999999927e+04 2.199727489063178689e-03
1.830809999999999854e+04 2.225188963288581619e-03
1.831140000000000146e+04 2.239532423538700447e-03
1.831470000000000073e+04 2.266521545164722467e-03
1.831800000000000000e+04 2.284007816717974725e-03
1.832129999999999927e+04 2.301494222278133248e-03
1.832450000000000000e+04 2.325476897395384931e-03
1.832779999999999927e+04 2.343350651859754663e-03
1.833109999999999854e+04 2.372109147953157388e-03
1.833440000000000146e+04 2.386689592367180913e-03
1.833770000000000073e+04 2.409739870789193942e-03
1.834100000000000000e+04 2.444917044883276359e-03
1.834429999999999927e+04 2.462361760740070047e-03
1.834759999999999854e+04 2.466202130742097074e-03
1.835090000000000146e+04 2.474874090076533643e-03
1.835420000000000073e+04 2.505478378218321464e-03
1.835750000000000000e+04 2.541561347719790802e-03
1.836079999999999927e+04 2.572161518297986886e-03
1.836409999999999854e+04 2.603485739169206312e-03
1.836740000000000146e+04 2.629739742277713115e-03
1.837070000000000073e+04 2.655882432927237063e-03
1.837400000000000000e+04 2.697883873006092208e-03
1.837729999999999927e+04 2.735232872029565512e-03
1.838059999999999854e+04 2.763194655139820932e-03
1.838390000000000146e+04 2.803626261647536571e-03
1.838709999999999854e+04 2.825927616081022348e-03
1.839040000000000146e+04 2.841722626224264369e-03
1.839370000000000073e+04 2.845687948188695918e-03
1.839700000000000000e+04 2.853719172034824541e-03
1.840029999999999927e+04 2.871123612693733586e-03
1.840359999999999854e+04 2.903761301631132760e-03
1.840690000000000146e+04 2.925138348546892607e-03
1.841020000000000073e+04 2.928521658638971823e-03
1.841350000000000000e+04 2.945547033043762353e-03
1.841679999999999927e+04 2.971594224487894131e-03
1.842009999999999854e+04 2.963539432919445795e-03
1.842340000000000146e+04 2.977910957391585994e-03
1.842670000000000073e+04 2.998844488382329445e-03
1.843000000000000000e+04 3.019343062507857250e-03
1.843329999999999927e+04 3.035719057033815695e-03
1.843659999999999854e+04 3.051492538154920199e-03
1.843990000000000146e+04 3.075964171054771084e-03
1.844320000000000073e+04 3.094392738707274233e-03
1.844650000000000000e+04 3.123338636108022402e-03
1.844979999999999927e+04 3.149140170855647264e-03
1.845300000000000000e+04 3.154457731376830026e-03
1.845629999999999927e+04 3.160310352855801377e-03
1.845959999999999854e+04 3.155692624938684007e-03
1.846290000000000146e+04 3.184411016619282612e-03
1.846620000000000073e+04 3.186685010987494633e-03
1.846950000000000000e+04 3.184413086669715329e-03
1.847279999999999927e+04 3.203678067887686092e-03
1.847609999999999854e+04 3.224660660820387846e-03
1.847940000000000146e+04 3.238058906043562481e-03
1.848270000000000073e+04 3.259231210246948344e-03
1.848600000000000000e+04 3.285999803093870436e-03
1.848929999999999927e+04 3.312679940978537074e-03
1.849259999999999854e+04 3.346271927191133821e-03
1.849590000000000146e+04 3.366809779338295842e-03
1.849920000000000073e+04 3.406640264202907224e-03
1.850250000000000000e+04 3.441831009982833367e-03
1.850579999999999927e+04 3.475706636060988449e-03
1.850909999999999854e+04 3.526546797411702402e-03
1.851240000000000146e+04 3.555122023335884410e-03
1.851570000000000073e+04 3.581046886129242088e-03
1.851890000000000146e+04 3.608488222914411729e-03
1.852220000000000073e+04 3.650316087153476947e-03
1.852550000000000000e+04 3.695605021903210392e-03
1.852879999999999927e+04 3.742749812651331286e-03
1.853209999999999854e+04 3.789585043711362483e-03
1.853540000000000146e+04 3.835523019376438358e-03
1.853870000000000073e+04 3.871320513484217095e-03
1.854200000000000000e+04 3.924953250671822831e-03
1.854529999999999927e+04 3.985050611810743090e-03
1.854859999999999854e+04 4.023651569138630806e-03
1.855190000000000146e+04 4.069569320026605354e-03
1.855520000000000073e+04 4.134771656576805704e-03
1.855850000000000000e+04 4.199162141778527493e-03
1.856179999999999927e+04 4.264227449756158306e-03
1.856509999999999854e+04 4.318699452734113715e-03
1.856840000000000146e+04 4.375968333022986836e-03
1.857170000000000073e+04 4.425387561222452436e-03
1.857500000000000000e+04 4.493994869747473982e-03
1.857829999999999927e+04 4.571890898161641743e-03
1.858150000000000000e+04 4.651554637095579869e-03
1.858479999999999927e+04 4.727577284027188222e-03
1.858809999999999854e+04 4.787937748163452120e-03
1.859140000000000146e+04 4.845979051909385903e-03
1.859470000000000073e+04 4.936743388827225139e-03
1.859800000000000000e+04 5.019327924559805094e-03
1.860129999999999927e+04 5.088312924689029557e-03
1.860459999999999854e+04 5.187274520483451008e-03
1.860790000000000146e+04 5.272256270539704692e-03
1.861120000000000073e+04 5.375295599459088691e-03
1.861450000000000000e+04 5.495842376143299582e-03
1.861779999999999927e+04 5.593773154723788270e-03
1.862109999999999854e+04 5.682970918095892575e-03
1.862440000000000146e+04 5.796632800068735568e-03
1.862770000000000073e+04 5.908744307138857378e-03
1.863100000000000000e+04 6.051320354453601676e-03
1.863429999999999927e+04 6.173141110760119871e-03
1.863759999999999854e+04 6.286478479539624013e-03
1.864090000000000146e+04 6.434309930132539601e-03
1.864420000000000073e+04 6.615087823089303709e-03
1.864740000000000146e+04 6.764602706975384253e-03
1.865070000000000073e+04 6.886372879373236534e-03
1.865400000000000000e+04 7.003843891069638262e-03
1.865729999999999927e+04 7.116917408192987606e-03
1.866059999999999854e+04 7.223291120101595943e-03
1.866390000000000146e+04 7.361834783323555585e-03
1.866720000000000073e+04 7.501953359606902856e-03
1.867050000000000000e+04 7.630306020836548526e-03
1.867379999999999927e+04 7.758960555146394641e-03
1.867709999999999854e+04 7.927020176600647200e-03
1.868040000000000146e+04 8.129765211930251728e-03
1.868370000000000073e+04 8.357442510745497627e-03
1.868700000000000000e+04 8.574857525971894476e-03
1.869029999999999927e+04 8.732599070670799685e-03
1.869359999999999854e+04 8.983083787577166024e-03
1.869690000000000146e+04 9.178895925257900962e-03
1.870020000000000073e+04 9.259570988497747152e-03
1.870350000000000000e+04 9.339919575670487320e-03
1.870679999999999927e+04 9.490656952552776332e-03
1.871000000000000000e+04 9.755516157967342866e-03
1.871329999999999927e+04 9.903924040340817206e-03
1.871659999999999854e+04 1.001818388801972541e-02
1.871990000000000146e+04 1.013466777085163251e-02
1.872320000000000073e+04 1.024593988975905888e-02
1.872650000000000000e+04 1.037333055439166804e-02
1.872979999999999927e+04 1.046302996907262119e-02
1.873309999999999854e+04 1.057947835949118488e-02
1.873640000000000146e+04 1.068914372456155649e-02
1.873970000000000073e+04 1.081751461634729988e-02
1.874300000000000000e+04 1.087216114538775043e-02
1.874629999999999927e+04 1.096917580976669755e-02
1.874959999999999854e+04 1.102823763009719640e-02
1.875290000000000146e+04 1.110476238159551106e-02
1.875620000000000073e+04 1.120324346765408374e-02
1.875950000000000000e+04 1.132934625943233034e-02
1.876279999999999927e+04 1.144453835941463757e-02
1.876609999999999854e+04 1.156590968850627725e-02
1.876940000000000146e+04 1.162331737866128915e-02
1.877270000000000073e+04 1.174898874425892373e-02
1.877590000000000146e+04 1.191647770436182405e-02
1.877920000000000073e+04 1.197872391127508679e-02
1.878250000000000000e+04 1.214437594808997524e-02
1.878579999999999927e+04 1.231975931609654087e-02
1.878909999999999854e+04 1.252164318737426091e-02
1.879240000000000146e+04 1.272064442801892035e-02
1.879570000000000073e+04 1.293430325213852129e-02
1.879900000000000000e+04 1.317854061354732827e-02
1.880229999999999927e+04 1.342587066378398905e-02
1.880559999999999854e+04 1.364984813592044592e-02
1.880890000000000146e+04 1.384375120921166498e-02
1.881220000000000073e+04 1.405991794000571900e-02
1.881550000000000000e+04 1.431311762750690948e-02
1.881879999999999927e+04 1.457421564522392785e-02
1.882209999999999854e+04 1.483596727449076023e-02
1.882540000000000146e+04 1.513170566208466537e-02
1.882870000000000073e+04 1.538747475063211891e-02
1.883200000000000000e+04 1.563729940058621384e-02
1.883529999999999927e+04 1.590892238981131065e-02
1.883859999999999854e+04 1.617811448035653271e-02
1.884179999999999927e+04 1.641042459234353518e-02
1.884509999999999854e+04 1.663991359321442473e-02
1.884840000000000146e+04 1.684078541300228563e-02
1.885170000000000073e+04 1.704109979601061906e-02
1.885500000000000000e+04 1.730816483533559672e-02
1.885829999999999927e+04 1.747617239906443590e-02
1.886159999999999854e+04 1.768554973214599493e-02
1.886490000000000146e+04 1.804001800441064340e-02
1.886820000000000073e+04 1.840110073818282399e-02
1.887150000000000000e+04 1.868583562204655796e-02
1.887479999999999927e+04 1.886045454366169771e-02
1.887809999999999854e+04 1.915660669270098648e-02
1.888140000000000146e+04 1.950034684842613664e-02
1.888470000000000073e+04 1.982597976311685148e-02
1.888800000000000000e+04 2.015075057324315980e-02
1.889129999999999927e+04 2.045114365981128696e-02
1.889459999999999854e+04 2.080830735170492371e-02
1.889790000000000146e+04 2.113641968082918821e-02
1.890120000000000073e+04 2.147563435966528753e-02
1.890440000000000146e+04 2.180123769525761993e-02
1.890770000000000073e+04 2.218664515889461411e-02
1.891100000000000000e+04 2.255020667205292692e-02
1.891429999999999927e+04 2.294498872731103381e-02
1.891759999999999854e+04 2.333859846806558488e-02
1.892090000000000146e+04 2.373310776552406409e-02
1.892420000000000073e+04 2.407720712125009654e-02
1.892750000000000000e+04 2.442527103983028677e-02
1.893079999999999927e+04 2.479954399574509777e-02
1.893409999999999854e+04 2.518340485013026778e-02
1.893740000000000146e+04 2.552807315792285717e-02
1.894070000000000073e+04 2.580208914080354271e-02
1.894400000000000000e+04 2.615157324886079743e-02
1.894729999999999927e+04 2.643145393790463649e-02
1.895059999999999854e+04 2.671487353744996657e-02
1.895390000000000146e+04 2.699090175108615278e-02
1.895720000000000073e+04 2.723007666301739682e-02
1.896050000000000000e+04 2.748451162155387748e-02
1.896379999999999927e+04 2.771783502622845313e-02
1.896709999999999854e+04 2.794574053496430219e-02
1.897029999999999927e+04 2.812828649835341296e-02
1.897359999999999854e+04 2.831973033344707680e-02
1.897690000000000146e+04 2.854724104341042207e-02
1.898020000000000073e+04 2.873731642076316969e-02
1.898350000000000000e+04 2.893440232611283261e-02
1.898679999999999927e+04 2.914886371210352947e-02
1.899009999999999854e+04 2.932088230416992833e-02
1.899340000000000146e+04 2.949552601831423662e-02
1.899670000000000073e+04 2.965441328698118287e-02
1.900000000000000000e+04 2.981468828372246804e-02
1.900329999999999927e+04 2.996527589508411402e-02
1.900659999999999854e+04 3.013177065989696563e-02
1.900990000000000146e+04 3.025005138678542316e-02
1.901320000000000073e+04 3.035513583572736762e-02
1.901650000000000000e+04 3.044808035829111095e-02
1.901979999999999927e+04 3.055727912220609910e-02
1.902309999999999854e+04 3.067748263940725875e-02
1.902640000000000146e+04 3.080953027856470419e-02
1.902970000000000073e+04 3.088377765697644661e-02
1.903290000000000146e+04 3.096724738488319806e-02
1.903620000000000073e+04 3.103281741001222283e-02
1.903950000000000000e+04 3.108571654723402133e-02
1.904279999999999927e+04 3.114280144190761240e-02
1.904609999999999854e+04 3.115964913321449259e-02
1.904940000000000146e+04 3.118991662087106445e-02
1.905270000000000073e+04 3.124831360836308886e-02
1.905600000000000000e+04 3.129862962520994080e-02
1.905929999999999927e+04 3.134304853300218935e-02
1.906259999999999854e+04 3.136807385555535205e-02
1.906590000000000146e+04 3.138506998035372336e-02
1.906920000000000073e+04 3.138209619739495276e-02
1.907250000000000000e+04 3.136378153647677303e-02
1.907579999999999927e+04 3.132389987756672295e-02
1.907909999999999854e+04 3.128401171461438202e-02
1.908240000000000146e+04 3.125454944825927645e-02
1.908570000000000073e+04 3.119909699921980667e-02
1.908900000000000000e+04 3.114833162383769116e-02
1.909229999999999927e+04 3.107276204689063057e-02
1.909559999999999854e+04 3.098645123147411931e-02
1.909879999999999927e+04 3.093601377061928892e-02
1.910209999999999854e+04 3.084240877455159818e-02
1.910540000000000146e+04 3.077445462013974481e-02
1.910870000000000073e+04 3.071257470724610486e-02
1.911200000000000000e+04 3.064949838945620758e-02
1.911529999999999927e+04 3.056786570632304134e-02
1.911859999999999854e+04 3.041360141163850991e-02
1.912190000000000146e+04 3.027957379118073264e-02
1.912520000000000073e+04 3.009775146499047913e-02
1.912850000000000000e+04 2.992448595083921359e-02
1.913179999999999927e+04 2.978607475280979286e-02
1.913509999999999854e+04 2.965631307479187073e-02
1.913840000000000146e+04 2.949780890090520150e-02
1.914170000000000073e+04 2.930580006858039821e-02
1.914500000000000000e+04 2.913898416830248972e-02
1.914829999999999927e+04 2.893616359015395781e-02
1.915159999999999854e+04 2.873338081332691210e-02
1.915490000000000146e+04 2.854552107338707845e-02
1.915820000000000073e+04 2.835298643407835675e-02
1.916140000000000146e+04 2.817336081155232680e-02
1.916470000000000073e+04 2.796568905009779588e-02
1.916800000000000000e+04 2.774752430708608483e-02
1.917129999999999927e+04 2.750153626330806289e-02
1.917459999999999854e+04 2.727664376974603053e-02
1.917790000000000146e+04 2.706975625220068779e-02
1.918120000000000073e+04 2.687386202338098995e-02
1.918450000000000000e+04 2.662433640546622154e-02
1.918779999999999927e+04 2.637667450569934971e-02
1.919109999999999854e+04 2.612522463491570232e-02
1.919440000000000146e+04 2.588610340716330713e-02
1.919770000000000073e+04 2.562038063479618946e-02
1.920100000000000000e+04 2.535586740617138887e-02
1.920429999999999927e+04 2.509827753201650247e-02
1.920759999999999854e+04 2.484349727930442592e-02
1.921090000000000146e+04 2.460973278328038374e-02
1.921420000000000073e+04 2.435553917939295432e-02
1.921750000000000000e+04 2.406031705182242256e-02
1.922079999999999927e+04 2.378943678754005808e-02
1.922409999999999854e+04 2.352244935768482356e-02
1.922729999999999927e+04 2.323342623993350856e-02
1.923059999999999854e+04 2.294161866550852025e-02
1.923390000000000146e+04 2.266043276240912660e-02
1.923720000000000073e+04 2.238882516563433719e-02
1.924050000000000000e+04 2.210726601677538705e-02
1.924379999999999927e+04 2.182644523899798794e-02
1.924709999999999854e+04 2.153870349106208268e-02
1.925040000000000146e+04 2.123217792697930373e-02
1.925370000000000073e+04 2.091642388568320729e-02
1.925700000000000000e+04 2.065102846045768423e-02
1.926029999999999927e+04 2.035280875858511834e-02
1.926359999999999854e+04 2.003672108842835184e-02
1.926690000000000146e+04 1.974867214851290520e-02
1.927020000000000073e+04 1.944014626959980965e-02
1.927350000000000000e+04 1.913574562283295449e-02
1.927679999999999927e+04 1.881950265830344485e-02
1.928009999999999854e+04 1.850073793876223782e-02
1.928340000000000146e+04 1.820640550624181078e-02
1.928670000000000073e+04 1.791345429071100268e-02
1.929000000000000000e+04 1.761935896394507470e-02
1.929320000000000073e+04 1.732675143494618805e-02
1.929650000000000000e+04 1.701009076449086499e-02
1.929979999999999927e+04 1.670908286371571710e-02
1.930309999999999854e+04 1.642136548090170414e-02
1.930640000000000146e+04 1.613548114924606355e-02
1.930970000000000073e+04 1.584579999637622180e-02
1.931300000000000000e+04 1.556997460676062296e-02
1.931629999999999927e+04 1.527367699357350811e-02
1.931959999999999854e+04 1.497923853488175756e-02
1.932290000000000146e+04 1.465883302648580792e-02
1.932620000000000073e+04 1.434627308968188311e-02
1.932950000000000000e+04 1.404500793122702602e-02
1.933279999999999927e+04 1.375712910595063357e-02
1.933609999999999854e+04 1.350438804797357908e-02
1.933940000000000146e+04 1.323518164604570516e-02
1.934270000000000073e+04 1.295444383927403000e-02
1.934600000000000000e+04 1.267118782246782344e-02
1.934929999999999927e+04 1.239164987679598241e-02
1.935259999999999854e+04 1.210438292918212741e-02
1.935579999999999927e+04 1.182387697422810843e-02
1.935909999999999854e+04 1.154285760431527329e-02
1.936240000000000146e+04 1.127664629402073786e-02
1.936570000000000073e+04 1.102578903384618045e-02
1.936900000000000000e+04 1.076477354981236409e-02
1.937229999999999927e+04 1.049508636991792511e-02
1.937559999999999854e+04 1.022086857362451869e-02
1.937890000000000146e+04 9.962313022283918185e-03
1.938220000000000073e+04 9.705465061964528919e-03
1.938550000000000000e+04 9.433801632601207868e-03
1.938879999999999927e+04 9.157799746577488520e-03
1.939209999999999854e+04 8.910205511341471804e-03
1.939540000000000146e+04 8.662276131235839907e-03
1.939870000000000073e+04 8.408501843426464603e-03
1.940200000000000000e+04 8.153731944316497393e-03
1.940529999999999927e+04 7.925163243863183812e-03
1.940859999999999854e+04 7.684258244313955585e-03
1.941190000000000146e+04 7.438770678664166462e-03
1.941520000000000073e+04 7.220057968015228082e-03
1.941850000000000000e+04 6.988811884118807834e-03
1.942170000000000073e+04 6.740106134742900913e-03
1.942500000000000000e+04 6.499789216126290216e-03
1.942829999999999927e+04 6.264770068055906631e-03
1.943159999999999854e+04 6.020292954133489235e-03
1.943490000000000146e+04 5.782710612573049511e-03
1.943820000000000073e+04 5.544705292959289239e-03
1.944150000000000000e+04 5.311637387450796402e-03
1.944479999999999927e+04 5.090937539525373402e-03
1.944809999999999854e+04 4.886098624568152582e-03
1.945140000000000146e+04 4.673471321866604772e-03
1.945470000000000073e+04 4.475648748889352047e-03
1.945800000000000000e+04 4.266347521273357139e-03
1.946129999999999927e+04 4.048469829249484037e-03
1.946459999999999854e+04 3.829162149616388393e-03
1.946790000000000146e+04 3.619608028164791966e-03
1.947120000000000073e+04 3.403597746541412849e-03
1.947450000000000000e+04 3.191720593952211520e-03
1.947779999999999927e+04 2.986859644059468646e-03
1.948109999999999854e+04 2.786121120369204097e-03
1.948429999999999927e+04 2.580118177843243772e-03
1.948759999999999854e+04 2.403456796692839733e-03
1.949090000000000146e+04 2.238980840624971765e-03
1.949420000000000073e+04 2.058113219549496942e-03
1.949750000000000000e+04 1.871757411735393327e-03
1.950079999999999927e+04 1.664168555357073203e-03
1.950409999999999854e+04 1.473915227545041957e-03
1.950740000000000146e+04 1.285636425335512411e-03
1.951070000000000073e+04 1.086931858256349201e-03
1.951400000000000000e+04 9.165271985863557899e-04
1.951729999999999927e+04 7.370694583466653365e-04
1.952059999999999854e+04 5.364998243633663753e-04
1.952390000000000146e+04 3.663228146786740025e-04
1.952720000000000073e+04 2.008849813051936755e-04
1.953050000000000000e+04 1.888830768650255078e-05
1.953379999999999927e+04 -1.508222705095276471e-04
1.953709999999999854e+04 -3.200915381101412938e-04
1.954040000000000146e+04 -4.667875435288000672e-04
1.954370000000000073e+04 -6.174732336125360018e-04
1.954700000000000000e+04 -7.430483459042931151e-04
1.955020000000000073e+04 -8.906846994197672052e-04
1.955350000000000000e+04 -1.028620809937662349e-03
1.955679999999999927e+04 -1.158338753935697803e-03
1.956009999999999854e+04 -1.275234472040774614e-03
1.956340000000000146e+04 -1.401422700660829527e-03
1.956670000000000073e+04 -1.514478457780192534e-03
1.957000000000000000e+04 -1.627982899608537877e-03
1.957329999999999927e+04 -1.761018634561849075e-03
1.957659999999999854e+04 -1.869691786413626424e-03
1.957990000000000146e+04 -1.990797941686414923e-03
1.958320000000000073e+04 -2.122827537334355270e-03
1.958650000000000000e+04 -2.285703498321685605e-03
1.958979999999999927e+04 -2.374918787772335380e-03
1.959309999999999854e+04 -2.465961696916736147e-03
1.959640000000000146e+04 -2.561026411315874690e-03
1.959970000000000073e+04 -2.644830311116823634e-03
1.960300000000000000e+04 -2.738578152814214600e-03
1.960629999999999927e+04 -2.840722807177201333e-03
1.960959999999999854e+04 -2.924177120445516434e-03
1.961290000000000146e+04 -3.048087755034149457e-03
1.961609999999999854e+04 -3.144851583358666651e-03
1.961940000000000146e+04 -3.213101870517321747e-03
1.962270000000000073e+04 -3.316107389214173039e-03
1.962600000000000000e+04 -3.398558888463071217e-03
1.962929999999999927e+04 -3.473368947084046719e-03
1.963259999999999854e+04 -3.539220201330645337e-03
1.963590000000000146e+04 -3.583820455777271541e-03
1.963920000000000073e+04 -3.694564615065094350e-03
1.964250000000000000e+04 -3.751693209526730122e-03
1.964579999999999927e+04 -3.855055211793814718e-03
1.964909999999999854e+04 -3.965751409647217188e-03
1.965240000000000146e+04 -4.087492643664821824e-03
1.965570000000000073e+04 -4.206478448580468384e-03
1.965900000000000000e+04 -4.278660021602431751e-03
1.966229999999999927e+04 -4.325313849521293490e-03
1.966559999999999854e+04 -4.388132356534954655e-03
1.966890000000000146e+04 -4.483477299182145673e-03
1.967220000000000073e+04 -4.578942755448395588e-03
1.967550000000000000e+04 -4.656645263919258898e-03
1.967870000000000073e+04 -4.761904847175866748e-03
1.968200000000000000e+04 -4.790931308042400624e-03
1.968529999999999927e+04 -4.806268215879501600e-03
1.968859999999999854e+04 -4.837272176414224474e-03
1.969190000000000146e+04 -4.866277297502061630e-03
1.969520000000000073e+04 -4.907926836829502350e-03
1.969850000000000000e+04 -4.936289956972652986e-03
1.970179999999999927e+04 -4.957881691402891457e-03
1.970509999999999854e+04 -5.058267713107730823e-03
1.970840000000000146e+04 -5.158835210069239417e-03
1.971170000000000073e+04 -5.266554011329596663e-03
1.971500000000000000e+04 -5.334570401641883231e-03
1.971829999999999927e+04 -5.431198546885392803e-03
1.972159999999999854e+04 -5.453406368676717679e-03
1.972490000000000146e+04 -5.486754124401169858e-03
1.972820000000000073e+04 -5.579097883224341629e-03
1.973150000000000000e+04 -5.673940733760378559e-03
1.973479999999999927e+04 -5.767595655858007153e-03
1.973809999999999854e+04 -5.833558894016903883e-03
1.974140000000000146e+04 -5.926131862421586682e-03
1.974459999999999854e+04 -6.021164253358884944e-03
1.974790000000000146e+04 -6.034645822253510011e-03
1.975120000000000073e+04 -6.008979887040674650e-03
1.975450000000000000e+04 -6.047638365430371872e-03
1.975779999999999927e+04 -6.075088564497225195e-03
1.976109999999999854e+04 -6.125119012463042800e-03
1.976440000000000146e+04 -6.198900023705765892e-03
1.976770000000000073e+04 -6.285613210334617569e-03
1.977100000000000000e+04 -6.366158812181792540e-03
1.977429999999999927e+04 -6.427027054821954355e-03
1.977759999999999854e+04 -6.484002066735278756e-03
1.978090000000000146e+04 -6.553597800004091166e-03
1.978420000000000073e+04 -6.662753559059935923e-03
1.978750000000000000e+04 -6.663389929827987640e-03
1.979079999999999927e+04 -6.734784800112004165e-03
1.979409999999999854e+04 -6.758883151748489894e-03
1.979740000000000146e+04 -6.782173193343841652e-03
1.980070000000000073e+04 -6.859307113238277513e-03
1.980400000000000000e+04 -6.871044191535435712e-03
1.980720000000000073e+04 -6.913804673216263075e-03
1.981050000000000000e+04 -6.897194056426265291e-03
1.981379999999999927e+04 -6.859480677752593028e-03
1.981709999999999854e+04 -6.885076125230981357e-03
1.982040000000000146e+04 -6.845138174146239707e-03
1.982370000000000073e+04 -6.845713611079804611e-03
1.982700000000000000e+04 -6.884077699928511582e-03
1.983029999999999927e+04 -6.881736248978197711e-03
1.983359999999999854e+04 -6.843844788982778385e-03
1.983690000000000146e+04 -6.814035495701272968e-03
1.984020000000000073e+04 -6.777506528924237723e-03
1.984350000000000000e+04 -6.752875084948331552e-03
1.984679999999999927e+04 -6.760809945069661854e-03
1.985009999999999854e+04 -6.767584095565831390e-03
1.985340000000000146e+04 -6.798664706577303880e-03
1.985670000000000073e+04 -6.867250669249105877e-03
1.986000000000000000e+04 -6.889000937717881801e-03
1.986329999999999927e+04 -6.950566158730714372e-03
1.986659999999999854e+04 -6.968553383737943058e-03
1.986990000000000146e+04 -6.935917494811044345e-03
1.987309999999999854e+04 -6.893788113235065941e-03
1.987640000000000146e+04 -6.869137042533435093e-03
1.987970000000000073e+04 -6.894253379271002985e-03
1.988300000000000000e+04 -6.850007201189568448e-03
1.988629999999999927e+04 -6.923262264104544129e-03
1.988959999999999854e+04 -7.013319096082811475e-03
1.989290000000000146e+04 -6.987332479496132648e-03
1.989620000000000073e+04 -6.944022709098005355e-03
1.989950000000000000e+04 -6.903772404423971602e-03
1.990279999999999927e+04 -6.857581470396761220e-03
1.990609999999999854e+04 -6.821140952820380597e-03
1.990940000000000146e+04 -6.769247437341736548e-03
1.991270000000000073e+04 -6.823600360431705293e-03
1.991600000000000000e+04 -6.826174093559542883e-03
1.991929999999999927e+04 -6.824082350471382362e-03
1.992259999999999854e+04 -6.835314376656106798e-03
1.992590000000000146e+04 -6.810694234619894642e-03
