1.716800000000000000e+04 4.450901425145136815e-04
1.717129999999999927e+04 4.439135085059614494e-04
1.717459999999999854e+04 4.434226779941061267e-04
1.717790000000000146e+04 4.491922809501440678e-04
1.718120000000000073e+04 4.656954442699030037e-04
1.718450000000000000e+04 4.692854338936075704e-04
1.718779999999999927e+04 4.688975450456834117e-04
1.719109999999999854e+04 4.797825462851487309e-04
1.719440000000000146e+04 4.838540555204148504e-04
1.719770000000000073e+04 4.917686836920764351e-04
1.720100000000000000e+04 5.027861638656867197e-04
1.720429999999999927e+04 5.055192991674722176e-04
1.720759999999999854e+04 5.170395065908891998e-04
1.721090000000000146e+04 5.194749119074901873e-04
1.721420000000000073e+04 5.373638676612489586e-04
1.721750000000000000e+04 5.326923306002961369e-04
1.722079999999999927e+04 5.337118897907427951e-04
1.722409999999999854e+04 5.365119660499394118e-04
1.722729999999999927e+04 5.406524416566099115e-04
1.723059999999999854e+04 5.311712619627339356e-04
1.723390000000000146e+04 5.338903471896225099e-04
1.723720000000000073e+04 5.358699849861906081e-04
1.724050000000000000e+04 5.463242062579038187e-04
1.724379999999999927e+04 5.380859179834696169e-04
1.724709999999999854e+04 5.402873081172247403e-04
1.725040000000000146e+04 5.346757770992208820e-04
1.725370000000000073e+04 5.333534288036448009e-04
1.725700000000000000e+04 5.327476790347548301e-04
1.726029999999999927e+04 5.381744352100166669e-04
1.726359999999999854e+04 5.310101273605516295e-04
1.726690000000000146e+04 5.358570967085722917e-04
1.727020000000000073e+04 5.353354326571654756e-04
1.727350000000000000e+04 5.337957558038793288e-04
1.727679999999999927e+04 5.224059640175718073e-04
1.728009999999999854e+04 5.286570042336378311e-04
1.728340000000000146e+04 5.323520245456372663e-04
1.728670000000000073e+04 5.313359070099346821e-04
1.729000000000000000e+04 5.305227869847495715e-04
1.729320000000000073e+04 5.294586110760456793e-04
1.729650000000000000e+04 5.315733082212640778e-04
1.729979999999999927e+04 5.282407046615653426e-04
1.730309999999999854e+04 5.220468299551193556e-04
1.730640000000000146e+04 5.246377744477541882e-04
1.730970000000000073e+04 5.304230486531490282e-04
1.731300000000000000e+04 5.433861423553854866e-04
1.731629999999999927e+04 5.496198586826065704e-04
1.731959999999999854e+04 5.514194549374805236e-04
1.732290000000000146e+04 5.610163097125565011e-04
1.732620000000000073e+04 5.565010562008088080e-04
1.732950000000000000e+04 5.576081628907267503e-04
1.733279999999999927e+04 5.594910786208649863e-04
1.733609999999999854e+04 5.669849646367980433e-04
1.733940000000000146e+04 5.644226766553890259e-04
1.734270000000000073e+04 5.668807564866905303e-04
1.734600000000000000e+04 5.680155264567625720e-04
1.734929999999999927e+04 5.718160127717496427e-04
1.735259999999999854e+04 5.740878761591699901e-04
1.735579999999999927e+04 5.733467617565494090e-04
1.735909999999999854e+04 5.689269930645495183e-04
1.736240000000000146e+04 5.633461867470991721e-04
1.736570000000000073e+04 5.626774186462157098e-04
1.736900000000000000e+04 5.562746651729021585e-04
1.737229999999999927e+04 5.514431115199106958e-04
1.737559999999999854e+04 5.461138171460043792e-04
1.737890000000000146e+04 5.465239197839276636e-04
1.738220000000000073e+04 5.613585051055656376e-04
1.738550000000000000e+04 5.537117585578805968e-04
1.738879999999999927e+04 5.464552864556381255e-04
1.739209999999999854e+04 5.437983973145636956e-04
1.739540000000000146e+04 5.504985274940294273e-04
1.739870000000000073e+04 5.455808594781502621e-04
1.740200000000000000e+04 5.417282714661421014e-04
1.740529999999999927e+04 5.439152758702789445e-04
1.740859999999999854e+04 5.437582570022277476e-04
1.741190000000000146e+04 5.395690943314550249e-04
1.741520000000000073e+04 5.396342811834799191e-04
1.741850000000000000e+04 5.437487430842835980e-04
1.742170000000000073e+04 5.444803636914198261e-04
1.742500000000000000e+04 5.469527724368914313e-04
1.742829999999999927e+04 5.518226183338389816e-04
1.743159999999999854e+04 5.581067018098353431e-04
1.743490000000000146e+04 5.583056002832600994e-04
1.743820000000000073e+04 5.515969914935628252e-04
1.744150000000000000e+04 5.541088438844903779e-04
1.744479999999999927e+04 5.447484941631449296e-04
1.744809999999999854e+04 5.393100374307223518e-04
1.745140000000000146e+04 5.350657596029216199e-04
1.745470000000000073e+04 5.275928652295130495e-04
1.745800000000000000e+04 5.215131980339457202e-04
1.746129999999999927e+04 5.241278395648639107e-04
1.746459999999999854e+04 5.218524375383739710e-04
1.746790000000000146e+04 5.196605469277493141e-04
1.747120000000000073e+04 5.091913352548069725e-04
1.747450000000000000e+04 5.058929296322038725e-04
1.747779999999999927e+04 4.990670159799052898e-04
1.748109999999999854e+04 4.936455961804974606e-04
1.748429999999999927e+04 4.902946455036153546e-04
1.748759999999999854e+04 4.795763917050158663e-04
1.749090000000000146e+04 4.769105320854353223e-04
1.749420000000000073e+04 4.730152887236852835e-04
1.749750000000000000e+04 4.664287185808735294e-04
1.750079999999999927e+04 4.623169519779308893e-04
1.750409999999999854e+04 4.643319832776192217e-04
1.750740000000000146e+04 4.590670023924348433e-04
1.751070000000000073e+04 4.557310210935116668e-04
1.751400000000000000e+04 4.514886796555837639e-04
1.751729999999999927e+04 4.421923133205879508e-04
1.752059999999999854e+04 4.347536909027838940e-04
1.752390000000000146e+04 4.347021952716475656e-04
1.752720000000000073e+04 4.323373487688851147e-04
1.753050000000000000e+04 4.269449448216379298e-04
1.753379999999999927e+04 4.232664843733949050e-04
1.753709999999999854e+04 4.248241113710660936e-04
1.754040000000000146e+04 4.256310905849679574e-04
1.754370000000000073e+04 4.181923275410023063e-04
1.754700000000000000e+04 4.106876789524610593e-04
1.755020000000000073e+04 4.104695518760822170e-04
1.755350000000000000e+04 4.156883264737306401e-04
1.755679999999999927e+04 4.130017809095102590e-04
1.756009999999999854e+04 4.062016762658040669e-04
1.756340000000000146e+04 4.002740214040810865e-04
1.756670000000000073e+04 3.980481330510675267e-04
1.757000000000000000e+04 3.914216001828401455e-04
1.757329999999999927e+04 3.855670859508615166e-04
1.757659999999999854e+04 3.892830257215381057e-04
1.757990000000000146e+04 3.878426047194204846e-04
1.758320000000000073e+04 3.819241653069234887e-04
1.758650000000000000e+04 3.860239237385673953e-04
1.758979999999999927e+04 3.745348592051772640e-04
1.759309999999999854e+04 3.702095685492319782e-04
1.759640000000000146e+04 3.707703747393648400e-04
1.759970000000000073e+04 3.629227227254859631e-04
1.760300000000000000e+04 3.599565142895419230e-04
1.760629999999999927e+04 3.578463967668984590e-04
1.760959999999999854e+04 3.562431888195669808e-04
1.761290000000000146e+04 3.554253614513704952e-04
1.761609999999999854e+04 3.545392987044891642e-04
1.761940000000000146e+04 3.564130144198537431e-04
1.762270000000000073e+04 3.574042490618250059e-04
1.762600000000000000e+04 3.530704520134421171e-04
1.762929999999999927e+04 3.607378157660869771e-04
1.763259999999999854e+04 3.656729040027657026e-04
1.763590000000000146e+04 3.687931619645397796e-04
1.763920000000000073e+04 3.637588958457764086e-04
1.764250000000000000e+04 3.644417188477343380e-04
1.764579999999999927e+04 3.633807052575353217e-04
1.764909999999999854e+04 3.585363879786707944e-04
1.765240000000000146e+04 3.626021162014597047e-04
1.765570000000000073e+04 3.606752567303366137e-04
1.765900000000000000e+04 3.588904755414914940e-04
1.766229999999999927e+04 3.605015746691552490e-04
1.766559999999999854e+04 3.592305955347430352e-04
1.766890000000000146e+04 3.507895457021091568e-04
1.767220000000000073e+04 3.578679651897155264e-04
1.767550000000000000e+04 3.474502839933497943e-04
1.767870000000000073e+04 3.433668683676801767e-04
1.768200000000000000e+04 3.427677465837670372e-04
1.768529999999999927e+04 3.443166255062526438e-04
1.768859999999999854e+04 3.398800560990861293e-04
1.769190000000000146e+04 3.369905179816222321e-04
1.769520000000000073e+04 3.345459080778281588e-04
1.769850000000000000e+04 3.360305603321050083e-04
1.770179999999999927e+04 3.277257829951534256e-04
1.770509999999999854e+04 3.309357449963617223e-04
1.770840000000000146e+04 3.292046945145387488e-04
1.771170000000000073e+04 3.289783768374386478e-04
1.771500000000000000e+04 3.264937636356321244e-04
1.771829999999999927e+04 3.214461223815476840e-04
1.772159999999999854e+04 3.288315221535015580e-04
1.772490000000000146e+04 3.294491785133103583e-04
1.772820000000000073e+04 3.310264167917407129e-04
1.773150000000000000e+04 3.291951220300610320e-04
1.773479999999999927e+04 3.322725796468240758e-04
1.773809999999999854e+04 3.263680810174688870e-04
1.774140000000000146e+04 3.231522294950240032e-04
1.774459999999999854e+04 3.267961265443803005e-04
1.774790000000000146e+04 3.273647775638008003e-04
1.775120000000000073e+04 3.162355849470330281e-04
1.775450000000000000e+04 3.168730551387508921e-04
1.775779999999999927e+04 3.101755777637492687e-04
1.776109999999999854e+04 3.011306308444803171e-04
1.776440000000000146e+04 2.978543769641171595e-04
1.776770000000000073e+04 2.963430395091021718e-04
1.777100000000000000e+04 2.961406159653712862e-04
1.777429999999999927e+04 2.928813345495651782e-04
1.777759999999999854e+04 2.865701249827502122e-04
1.778090000000000146e+04 2.843497487327794281e-04
1.778420000000000073e+04 2.771214167379921155e-04
1.778750000000000000e+04 2.674485952672085091e-04
1.779079999999999927e+04 2.608823615988219982e-04
1.779409999999999854e+04 2.523436370045391568e-04
1.779740000000000146e+04 2.492321745259731564e-04
1.780070000000000073e+04 2.532119643358889593e-04
1.780400000000000000e+04 2.548295805838023164e-04
1.780720000000000073e+04 2.488698019836033115e-04
1.781050000000000000e+04 2.459549543446001960e-04
1.781379999999999927e+04 2.476352556996011512e-04
1.781709999999999854e+04 2.408343292952047838e-04
1.782040000000000146e+04 2.403031467948440276e-04
1.782370000000000073e+04 2.361446874700733349e-04
1.782700000000000000e+04 2.343216602613093665e-04
1.783029999999999927e+04 2.323178029765747500e-04
1.783359999999999854e+04 2.277860204698600234e-04
1.783690000000000146e+04 2.223372075537672461e-04
1.784020000000000073e+04 2.230357574109003913e-04
1.784350000000000000e+04 2.200710911872853304e-04
1.784679999999999927e+04 2.202944165676034660e-04
1.785009999999999854e+04 2.148883349557999874e-04
1.785340000000000146e+04 2.103255734027728032e-04
1.785670000000000073e+04 2.099746310507954192e-04
1.786000000000000000e+04 2.095364676040166723e-04
1.786329999999999927e+04 2.048742723771603132e-04
1.786659999999999854e+04 2.021298365569472249e-04
1.786990000000000146e+04 1.916907442915537392e-04
1.787309999999999854e+04 1.851559689757730984e-04
1.787640000000000146e+04 1.795250321838027553e-04
1.787970000000000073e+04 1.770561144118326354e-04
1.788300000000000000e+04 1.731822867070414323e-04
1.788629999999999927e+04 1.644791418070813314e-04
1.788959999999999854e+04 1.619513001130268727e-04
1.789290000000000146e+04 1.583830303423559925e-04
1.789620000000000073e+04 1.582333628840838400e-04
1.789950000000000000e+04 1.548925235463915497e-04
1.790279999999999927e+04 1.551545419880819769e-04
1.790609999999999854e+04 1.494241885147315192e-04
1.790940000000000146e+04 1.387343307902885292e-04
1.791270000000000073e+04 1.343507540333108467e-04
1.791600000000000000e+04 1.318131708668821868e-04
1.791929999999999927e+04 1.257819512721799181e-04
1.792259999999999854e+04 1.242046864868435454e-04
1.792590000000000146e+04 1.139396247948884960e-04
1.792920000000000073e+04 1.125651769410050375e-04
1.793250000000000000e+04 1.080955518320942489e-04
1.793570000000000073e+04 1.013929969162039062e-04
1.793900000000000000e+04 9.813769750058578471e-05
1.794229999999999927e+04 8.684181847036143609e-05
1.794559999999999854e+04 8.158418515431974300e-05
1.794890000000000146e+04 7.485753813612449324e-05
1.795220000000000073e+04 7.358592836183985722e-05
1.795550000000000000e+04 6.728414050581928835e-05
1.795879999999999927e+04 5.898062425253752138e-05
1.796209999999999854e+04 4.628954967781640347e-05
1.796540000000000146e+04 3.109975470951954448e-05
1.796870000000000073e+04 2.288378406365810275e-05
1.797200000000000000e+04 1.730339833005562283e-05
1.797529999999999927e+04 1.177643091098338420e-05
1.797859999999999854e+04 5.945845302883211530e-06
1.798190000000000146e+04 2.576238764815287855e-06
1.798520000000000073e+04 -4.156707069063421239e-06
1.798850000000000000e+04 -1.049639746157316940e-05
1.799179999999999927e+04 -1.880379328125587250e-05
1.799509999999999854e+04 -2.840473730836584829e-05
1.799840000000000146e+04 -3.206548978621622876e-05
1.800159999999999854e+04 -4.775814855470994822e-05
1.800490000000000146e+04 -4.939668828888705941e-05
1.800820000000000073e+04 -5.928484177756038653e-05
1.801150000000000000e+04 -6.919660919901903624e-05
1.801479999999999927e+04 -9.269484036761443534e-05
1.801809999999999854e+04 -1.052355216024905744e-04
1.802140000000000146e+04 -1.156441022350718548e-04
1.802470000000000073e+04 -1.263733218970832255e-04
1.802800000000000000e+04 -1.355538864361938243e-04
1.803129999999999927e+04 -1.511584362289408604e-04
1.803459999999999854e+04 -1.677640186071732990e-04
1.803790000000000146e+04 -1.806261043226380406e-04
1.804120000000000073e+04 -1.877364418342064621e-04
1.804450000000000000e+04 -2.039378743104211631e-04
1.804779999999999927e+04 -2.116660545151551422e-04
1.805109999999999854e+04 -2.277336630186877322e-04
1.805440000000000146e+04 -2.373708706270441851e-04
1.805770000000000073e+04 -2.538505293248196704e-04
1.806100000000000000e+04 -2.672077484126374647e-04
1.806429999999999927e+04 -2.818377681692553699e-04
1.806750000000000000e+04 -2.908514138819759572e-04
1.807079999999999927e+04 -3.040829231427243790e-04
1.807409999999999854e+04 -3.171208958181395026e-04
1.807740000000000146e+04 -3.371730958100270861e-04
1.808070000000000073e+04 -3.501393219097282197e-04
1.808400000000000000e+04 -3.669538455310121712e-04
1.808729999999999927e+04 -3.786241964083866102e-04
1.809059999999999854e+04 -3.877617677375459304e-04
1.809390000000000146e+04 -3.940196180942390496e-04
1.809720000000000073e+04 -4.025103829968562012e-04
1.810050000000000000e+04 -4.103420269356832938e-04
1.810379999999999927e+04 -4.201888730755221936e-04
1.810709999999999854e+04 -4.235537366027141695e-04
1.811040000000000146e+04 -4.310401788540467460e-04
1.811370000000000073e+04 -4.392319118286117986e-04
1.811700000000000000e+04 -4.513014811341615725e-04
1.812029999999999927e+04 -4.543307881663422726e-04
1.812359999999999854e+04 -4.616992622046912128e-04
1.812690000000000146e+04 -4.682690911244193695e-04
1.813009999999999854e+04 -4.741006664593984963e-04
1.813340000000000146e+04 -4.913092185021695861e-04
1.813670000000000073e+04 -5.060432407811262315e-04
1.814000000000000000e+04 -5.261803628688123706e-04
1.814329999999999927e+04 -5.399838090035138753e-04
1.814659999999999854e+04 -5.658852677910246190e-04
1.814990000000000146e+04 -5.815503822096545648e-04
1.815320000000000073e+04 -5.933986489958559436e-04
1.815650000000000000e+04 -6.019306713186936466e-04
1.815979999999999927e+04 -6.110105606368981725e-04
1.816309999999999854e+04 -6.203346114233688037e-04
1.816640000000000146e+04 -6.300235457087880082e-04
1.816970000000000073e+04 -6.459200286629389071e-04
1.817300000000000000e+04 -6.534314102818869138e-04
1.817629999999999927e+04 -6.599180255109123993e-04
1.817959999999999854e+04 -6.598143246601504298e-04
1.818290000000000146e+04 -6.900059401220219428e-04
1.818620000000000073e+04 -7.132065015516299549e-04
1.818950000000000000e+04 -7.252135005758013472e-04
1.819279999999999927e+04 -7.337754450749973522e-04
1.819600000000000000e+04 -7.395279737974371327e-04
1.819929999999999927e+04 -7.498412907358271290e-04
1.820259999999999854e+04 -7.603182126232243187e-04
1.820590000000000146e+04 -7.729760803232147478e-04
1.820920000000000073e+04 -7.834376566450965878e-04
1.821250000000000000e+04 -7.971717380512761833e-04
1.821579999999999927e+04 -8.033516307455413003e-04
1.821909999999999854e+04 -8.220198953945005195e-04
1.822240000000000146e+04 -8.413884567302319650e-04
1.822570000000000073e+04 -8.712550287914023464e-04
1.822900000000000000e+04 -9.075921199254304060e-04
1.823229999999999927e+04 -9.366166565066802148e-04
1.823559999999999854e+04 -9.549896173948106779e-04
1.823890000000000146e+04 -9.680173433181232237e-04
1.824220000000000073e+04 -9.895637055963911553e-04
1.824550000000000000e+04 -1.001265505531142219e-03
1.824879999999999927e+04 -1.015494124288524600e-03
1.825209999999999854e+04 -1.025448472915386090e-03
1.825540000000000146e+04 -1.044921490472408435e-03
1.825859999999999854e+04 -1.085141764738820633e-03
1.826190000000000146e+04 -1.114224999285368025e-03
1.826520000000000073e+04 -1.141132557492460396e-03
1.826850000000000000e+04 -1.169048976641808880e-03
1.827179999999999927e+04 -1.202282802973889250e-03
1.827509999999999854e+04 -1.237546925824691826e-03
1.827840000000000146e+04 -1.265776075257030999e-03
1.828170000000000073e+04 -1.292817779071627014e-03
1.828500000000000000e+04 -1.327098461270261867e-03
1.828829999999999927e+04 -1.364799856476662469e-03
1.829159999999999854e+04 -1.399581306765268138e-03
1.829490000000000146e+04 -1.430402194498277399e-03
1.829820000000000073e+04 -1.459752000970814282e-03
1.830150000000000000e+04 -1.484163103815378535e-03
1.830479999999999927e+04 -1.510191631990217024e-03
1.830809999999999854e+04 -1.538480289527396254e-03
1.831140000000000146e+04 -1.546561739224007644e-03
1.831470000000000073e+04 -1.574635540345589897e-03
1.831800000000000000e+04 -1.591374273284561864e-03
1.832129999999999927e+04 -1.615993806583989082e-03
1.832450000000000000e+04 -1.636161802318502343e-03
1.832779999999999927e+04 -1.661471290116650406e-03
1.833109999999999854e+04 -1.693614276957872838e-03
1.833440000000000146e+04 -1.717285831484647012e-03
1.833770000000000073e+04 -1.737608393049580374e-03
1.834100000000000000e+04 -1.775562262390673919e-03
1.834429999999999927e+04 -1.790355862654785047e-03
1.834759999999999854e+04 -1.808612949524381021e-03
1.835090000000000146e+04 -1.827609205125471734e-03
1.835420000000000073e+04 -1.860439665798843548e-03
1.835750000000000000e+04 -1.901775891522471161e-03
1.836079999999999927e+04 -1.923788494556380934e-03
1.836409999999999854e+04 -1.946167756303502630e-03
1.836740000000000146e+04 -1.966207759554227871e-03
1.837070000000000073e+04 -1.998879164136445168e-03
1.837400000000000000e+04 -2.039598418024163567e-03
1.837729999999999927e+04 -2.072764526313442424e-03
1.838059999999999854e+04 -2.104352407955363807e-03
1.838390000000000146e+04 -2.129337146306103327e-03
1.838709999999999854e+04 -2.159369967751178631e-03
1.839040000000000146e+04 -2.169658309893019322e-03
1.839370000000000073e+04 -2.168441727453861156e-03
1.839700000000000000e+04 -2.182137979647358252e-03
1.840029999999999927e+04 -2.197912052384360087e-03
1.840359999999999854e+04 -2.223724067222037672e-03
1.840690000000000146e+04 -2.227786871639280547e-03
1.841020000000000073e+04 -2.246157769303513616e-03
1.841350000000000000e+04 -2.267443116939662009e-03
1.841679999999999927e+04 -2.305953730066010159e-03
1.842009999999999854e+04 -2.313426765272338925e-03
1.842340000000000146e+04 -2.309484006909000384e-03
1.842670000000000073e+04 -2.318086019407346841e-03
1.843000000000000000e+04 -2.324361715298629404e-03
1.843329999999999927e+04 -2.330789963468636247e-03
1.843659999999999854e+04 -2.327616661951176832e-03
1.843990000000000146e+04 -2.324247162025955358e-03
1.844320000000000073e+04 -2.328768582541713809e-03
1.844650000000000000e+04 -2.327367811038630677e-03
1.844979999999999927e+04 -2.331374205838337033e-03
1.845300000000000000e+04 -2.317891297351517849e-03
1.845629999999999927e+04 -2.307469203510033404e-03
1.845959999999999854e+04 -2.290860133235044557e-03
1.846290000000000146e+04 -2.295611036641713454e-03
1.846620000000000073e+04 -2.274376874149366436e-03
1.846950000000000000e+04 -2.249886159072424924e-03
1.847279999999999927e+04 -2.228882729777396671e-03
1.847609999999999854e+04 -2.211596771841211739e-03
1.847940000000000146e+04 -2.184125162756210287e-03
1.848270000000000073e+04 -2.165640020582988365e-03
1.848600000000000000e+04 -2.142553708874310545e-03
1.848929999999999927e+04 -2.121575662245505506e-03
1.849259999999999854e+04 -2.097572663618720110e-03
1.849590000000000146e+04 -2.059620433776474229e-03
1.849920000000000073e+04 -2.033762451018176088e-03
1.850250000000000000e+04 -2.011982215587549815e-03
1.850579999999999927e+04 -1.970689650238872156e-03
1.850909999999999854e+04 -1.945265098254161159e-03
1.851240000000000146e+04 -1.891510461602330688e-03
1.851570000000000073e+04 -1.842886951705795511e-03
1.851890000000000146e+04 -1.799321314649033384e-03
1.852220000000000073e+04 -1.744094526574607338e-03
1.852550000000000000e+04 -1.710872668630967217e-03
1.852879999999999927e+04 -1.660545933204543405e-03
1.853209999999999854e+04 -1.616443910751136359e-03
1.853540000000000146e+04 -1.567781981575384204e-03
1.853870000000000073e+04 -1.500044723821105340e-03
1.854200000000000000e+04 -1.436967275390589821e-03
1.854529999999999927e+04 -1.370727974041745885e-03
1.854859999999999854e+04 -1.300714980459140432e-03
1.855190000000000146e+04 -1.220576626568270918e-03
1.855520000000000073e+04 -1.152054739039890495e-03
1.855850000000000000e+04 -1.077145543689187043e-03
1.856179999999999927e+04 -9.877056727504961164e-04
1.856509999999999854e+04 -9.161815628891803237e-04
1.856840000000000146e+04 -8.335994407053656189e-04
1.857170000000000073e+04 -7.634291466994824618e-04
1.857500000000000000e+04 -6.778153085196836651e-04
1.857829999999999927e+04 -5.701390786085341758e-04
1.858150000000000000e+04 -4.692750573604256631e-04
1.858479999999999927e+04 -3.876877845965370491e-04
1.858809999999999854e+04 -3.019580401764498522e-04
1.859140000000000146e+04 -2.017461333058780712e-04
1.859470000000000073e+04 -9.721456214937747081e-05
1.859800000000000000e+04 6.009425634938724300e-06
1.860129999999999927e+04 1.083083601859639882e-04
1.860459999999999854e+04 2.184622038857979168e-04
1.860790000000000146e+04 3.322177757208716461e-04
1.861120000000000073e+04 4.546844173253474690e-04
1.861450000000000000e+04 6.047556209916031978e-04
1.861779999999999927e+04 7.256342440091353378e-04
1.862109999999999854e+04 8.402315793114091590e-04
1.862440000000000146e+04 9.549007693225125505e-04
1.862770000000000073e+04 1.110818324319711456e-03
1.863100000000000000e+04 1.242464636643162215e-03
1.863429999999999927e+04 1.369680761079937643e-03
1.863759999999999854e+04 1.499940099037407352e-03
1.864090000000000146e+04 1.625323743158212401e-03
1.864420000000000073e+04 1.799318480342689073e-03
1.864740000000000146e+04 1.941829394878209726e-03
1.865070000000000073e+04 2.084908920500839948e-03
1.865400000000000000e+04 2.241578605700901474e-03
1.865729999999999927e+04 2.390710163163401944e-03
1.866059999999999854e+04 2.555220106384172712e-03
1.866390000000000146e+04 2.726209124625920532e-03
1.866720000000000073e+04 2.899958902753782541e-03
1.867050000000000000e+04 3.070183226042009095e-03
1.867379999999999927e+04 3.242426757177692583e-03
1.867709999999999854e+04 3.430404992401355282e-03
1.868040000000000146e+04 3.651157856068271319e-03
1.868370000000000073e+04 3.925395154642855738e-03
1.868700000000000000e+04 4.197231656362708160e-03
1.869029999999999927e+04 4.437634386215081814e-03
1.869359999999999854e+04 4.754721845139199890e-03
1.869690000000000146e+04 5.051752149658893416e-03
1.870020000000000073e+04 5.233456653498935567e-03
1.870350000000000000e+04 5.402150125138742778e-03
1.870679999999999927e+04 5.649987456945337883e-03
1.871000000000000000e+04 6.008716071799584391e-03
1.871329999999999927e+04 6.258724385193879629e-03
1.871659999999999854e+04 6.476184716346020977e-03
1.871990000000000146e+04 6.710426082379869657e-03
1.872320000000000073e+04 6.926082147693130367e-03
1.872650000000000000e+04 7.169611820963982772e-03
1.872979999999999927e+04 7.368459692866723143e-03
1.873309999999999854e+04 7.605573633318439379e-03
1.873640000000000146e+04 7.830610309076833572e-03
1.873970000000000073e+04 8.091776028406600166e-03
1.874300000000000000e+04 8.238291413668833579e-03
1.874629999999999927e+04 8.470113089291424549e-03
1.874959999999999854e+04 8.622916534971745289e-03
1.875290000000000146e+04 8.786534092959302072e-03
1.875620000000000073e+04 8.949852737910379830e-03
1.875950000000000000e+04 9.180137679189398839e-03
1.876279999999999927e+04 9.399953085777672246e-03
1.876609999999999854e+04 9.604128207283639876e-03
1.876940000000000146e+04 9.773136526548924230e-03
1.877270000000000073e+04 9.998876593816721781e-03
1.877590000000000146e+04 1.027997485715880822e-02
1.877920000000000073e+04 1.044221951889860202e-02
1.878250000000000000e+04 1.069744343010215447e-02
1.878579999999999927e+04 1.096944837272232839e-02
1.878909999999999854e+04 1.127474258671341475e-02
1.879240000000000146e+04 1.159623722163133190e-02
1.879570000000000073e+04 1.192866635992598234e-02
1.879900000000000000e+04 1.228601991765373297e-02
1.880229999999999927e+04 1.266114607746395178e-02
1.880559999999999854e+04 1.305165527880240879e-02
1.880890000000000146e+04 1.339571361539491738e-02
1.881220000000000073e+04 1.376322428953132178e-02
1.881550000000000000e+04 1.416244256542107532e-02
1.881879999999999927e+04 1.455589656504902366e-02
1.882209999999999854e+04 1.495688242969623293e-02
1.882540000000000146e+04 1.535679186966467345e-02
1.882870000000000073e+04 1.576335295551411012e-02
1.883200000000000000e+04 1.615139592927989157e-02
1.883529999999999927e+04 1.655198497962125093e-02
1.883859999999999854e+04 1.696314606973650663e-02
1.884179999999999927e+04 1.735762583352097252e-02
1.884509999999999854e+04 1.775597420423015438e-02
1.884840000000000146e+04 1.809951662743090883e-02
1.885170000000000073e+04 1.845156727374035882e-02
1.885500000000000000e+04 1.884032612928808123e-02
1.885829999999999927e+04 1.916523236616269818e-02
1.886159999999999854e+04 1.948503188037318049e-02
1.886490000000000146e+04 1.996398355730247265e-02
1.886820000000000073e+04 2.045402560468612130e-02
1.887150000000000000e+04 2.086904545440827416e-02
1.887479999999999927e+04 2.116368895026223690e-02
1.887809999999999854e+04 2.157223280976222277e-02
1.888140000000000146e+04 2.202244935486541780e-02
1.888470000000000073e+04 2.246076933538374010e-02
1.888800000000000000e+04 2.290010549363828349e-02
1.889129999999999927e+04 2.331736232487386512e-02
1.889459999999999854e+04 2.380670785675891368e-02
1.889790000000000146e+04 2.426759465111908223e-02
1.890120000000000073e+04 2.473956744360163509e-02
1.890440000000000146e+04 2.515678424001523139e-02
1.890770000000000073e+04 2.570818324498072918e-02
1.891100000000000000e+04 2.617806847772690890e-02
1.891429999999999927e+04 2.672711113456169296e-02
1.891759999999999854e+04 2.727184843497381175e-02
1.892090000000000146e+04 2.781987969566907665e-02
1.892420000000000073e+04 2.832432866492786208e-02
1.892750000000000000e+04 2.881282737207702116e-02
1.893079999999999927e+04 2.934324440866597355e-02
1.893409999999999854e+04 2.987978226738255416e-02
1.893740000000000146e+04 3.037757262231534361e-02
1.894070000000000073e+04 3.080522298765879172e-02
1.894400000000000000e+04 3.131788301323469581e-02
1.894729999999999927e+04 3.177014644568068591e-02
1.895059999999999854e+04 3.221101876148946969e-02
1.895390000000000146e+04 3.264661271491651334e-02
1.895720000000000073e+04 3.302415447560561046e-02
1.896050000000000000e+04 3.343271955799481665e-02
1.896379999999999927e+04 3.381441724229349716e-02
1.896709999999999854e+04 3.416763356112067357e-02
1.897029999999999927e+04 3.447997565572598344e-02
1.897359999999999854e+04 3.479577982789824192e-02
1.897690000000000146e+04 3.515961598545395278e-02
1.898020000000000073e+04 3.545678789960333283e-02
1.898350000000000000e+04 3.577558173557581628e-02
1.898679999999999927e+04 3.609923088640942801e-02
1.899009999999999854e+04 3.641247492414451115e-02
1.899340000000000146e+04 3.671267373704087400e-02
1.899670000000000073e+04 3.698396245358790552e-02
1.900000000000000000e+04 3.726830329024765492e-02
1.900329999999999927e+04 3.751500145515962448e-02
1.900659999999999854e+04 3.779604143139927985e-02
1.900990000000000146e+04 3.801545918715375921e-02
1.901320000000000073e+04 3.823962923610770004e-02
1.901650000000000000e+04 3.845952569088220696e-02
1.901979999999999927e+04 3.869288558915463111e-02
1.902309999999999854e+04 3.891984286225040612e-02
1.902640000000000146e+04 3.916976889936076012e-02
1.902970000000000073e+04 3.932033130501290386e-02
1.903290000000000146e+04 3.947352643326895727e-02
1.903620000000000073e+04 3.962680797006382094e-02
1.903950000000000000e+04 3.977093405944906457e-02
1.904279999999999927e+04 3.993576735234428271e-02
1.904609999999999854e+04 4.007905185598460707e-02
1.904940000000000146e+04 4.023439064190001413e-02
1.905270000000000073e+04 4.038587431378187070e-02
1.905600000000000000e+04 4.048404356116164921e-02
1.905929999999999927e+04 4.057921446581062158e-02
1.906259999999999854e+04 4.067179421927242383e-02
1.906590000000000146e+04 4.076288978339781544e-02
1.906920000000000073e+04 4.082743218185610340e-02
1.907250000000000000e+04 4.085885698087776685e-02
1.907579999999999927e+04 4.091552511670602799e-02
1.907909999999999854e+04 4.096829588184993515e-02
1.908240000000000146e+04 4.102315301211895832e-02
1.908570000000000073e+04 4.104867466087178118e-02
1.908900000000000000e+04 4.105838156505553505e-02
1.909229999999999927e+04 4.106994160089288276e-02
1.909559999999999854e+04 4.107565540664972342e-02
1.909879999999999927e+04 4.108173592043486144e-02
1.910209999999999854e+04 4.103256522545543905e-02
1.910540000000000146e+04 4.102125290568095495e-02
1.910870000000000073e+04 4.100682467157070604e-02
1.911200000000000000e+04 4.095694202933367750e-02
1.911529999999999927e+04 4.091610967912320124e-02
1.911859999999999854e+04 4.079150944857319605e-02
1.912190000000000146e+04 4.071730982667991910e-02
1.912520000000000073e+04 4.058495120975395831e-02
1.912850000000000000e+04 4.043393575130308643e-02
1.913179999999999927e+04 4.031055986641611522e-02
1.913509999999999854e+04 4.020705993510644005e-02
1.913840000000000146e+04 4.007200149863825861e-02
1.914170000000000073e+04 3.988418978681257387e-02
1.914500000000000000e+04 3.974830077597311245e-02
1.914829999999999927e+04 3.956725977504325226e-02
1.915159999999999854e+04 3.940014177521778543e-02
1.915490000000000146e+04 3.919916898778236930e-02
1.915820000000000073e+04 3.898230021645652382e-02
1.916140000000000146e+04 3.881884143354349254e-02
1.916470000000000073e+04 3.861320728655021073e-02
1.916800000000000000e+04 3.843256390357286528e-02
1.917129999999999927e+04 3.819607363255992510e-02
1.917459999999999854e+04 3.797369513802954094e-02
1.917790000000000146e+04 3.774260602699445327e-02
1.918120000000000073e+04 3.750401704534033626e-02
1.918450000000000000e+04 3.724445974397402881e-02
1.918779999999999927e+04 3.696443628845421520e-02
1.919109999999999854e+04 3.669092272518037490e-02
1.919440000000000146e+04 3.645424448257677391e-02
1.919770000000000073e+04 3.620491428059172123e-02
1.920100000000000000e+04 3.593444111161452764e-02
1.920429999999999927e+04 3.566013082063568262e-02
1.920759999999999854e+04 3.536210601517721097e-02
1.921090000000000146e+04 3.506629669267689875e-02
1.921420000000000073e+04 3.476420573542757936e-02
1.921750000000000000e+04 3.445649555728252239e-02
1.922079999999999927e+04 3.417331973082807228e-02
1.922409999999999854e+04 3.386112624622081985e-02
1.922729999999999927e+04 3.352803249564800109e-02
1.923059999999999854e+04 3.317904528935162328e-02
1.923390000000000146e+04 3.288384198578887113e-02
1.923720000000000073e+04 3.257363015961228098e-02
1.924050000000000000e+04 3.221564916528272399e-02
1.924379999999999927e+04 3.186009380243254308e-02
1.924709999999999854e+04 3.151481941695339489e-02
1.925040000000000146e+04 3.114592850670483762e-02
1.925370000000000073e+04 3.076217721846703085e-02
1.925700000000000000e+04 3.042088469234954101e-02
1.926029999999999927e+04 3.002970864821396385e-02
1.926359999999999854e+04 2.964873789856516811e-02
1.926690000000000146e+04 2.930607435299391675e-02
1.927020000000000073e+04 2.891899093177979774e-02
1.927350000000000000e+04 2.854108746385516232e-02
1.927679999999999927e+04 2.817137761054221146e-02
1.928009999999999854e+04 2.779046644873311295e-02
1.928340000000000146e+04 2.743091134950183599e-02
1.928670000000000073e+04 2.703934887278183763e-02
1.929000000000000000e+04 2.665702281927541037e-02
1.929320000000000073e+04 2.629803696346066574e-02
1.929650000000000000e+04 2.593324171476448989e-02
1.929979999999999927e+04 2.556093478855722342e-02
1.930309999999999854e+04 2.520141298448002817e-02
1.930640000000000146e+04 2.484141297292154910e-02
1.930970000000000073e+04 2.448034772627647598e-02
1.931300000000000000e+04 2.412245872400928595e-02
1.931629999999999927e+04 2.372746598642055949e-02
1.931959999999999854e+04 2.337901693780810100e-02
1.932290000000000146e+04 2.300305376936702742e-02
1.932620000000000073e+04 2.261059912645313127e-02
1.932950000000000000e+04 2.223881115419599694e-02
1.933279999999999927e+04 2.185567430108952686e-02
1.933609999999999854e+04 2.151133645669268957e-02
1.933940000000000146e+04 2.115527454702339702e-02
1.934270000000000073e+04 2.080465198448064323e-02
1.934600000000000000e+04 2.044543563620223464e-02
1.934929999999999927e+04 2.008404310099984325e-02
1.935259999999999854e+04 1.971906323885565943e-02
1.935579999999999927e+04 1.936592745004416666e-02
1.935909999999999854e+04 1.899816671557319134e-02
1.936240000000000146e+04 1.863170301173846036e-02
1.936570000000000073e+04 1.828349231593720189e-02
1.936900000000000000e+04 1.794522461547480921e-02
1.937229999999999927e+04 1.760292096148957999e-02
1.937559999999999854e+04 1.725202466014716732e-02
1.937890000000000146e+04 1.689701917513511051e-02
1.938220000000000073e+04 1.654951222715507139e-02
1.938550000000000000e+04 1.621567909969560614e-02
1.938879999999999927e+04 1.588580162051548075e-02
1.939209999999999854e+04 1.554776990594531998e-02
1.939540000000000146e+04 1.522706009775312390e-02
1.939870000000000073e+04 1.489075520548617353e-02
1.940200000000000000e+04 1.455463487436790132e-02
1.940529999999999927e+04 1.425199485790253941e-02
1.940859999999999854e+04 1.394637946101566148e-02
1.941190000000000146e+04 1.361444374475456916e-02
1.941520000000000073e+04 1.332152421929564193e-02
1.941850000000000000e+04 1.301617296267309348e-02
1.942170000000000073e+04 1.268525230783316797e-02
1.942500000000000000e+04 1.238151185394665600e-02
1.942829999999999927e+04 1.208067353322846670e-02
1.943159999999999854e+04 1.178846816375940867e-02
1.943490000000000146e+04 1.148610794306331208e-02
1.943820000000000073e+04 1.118876151290351326e-02
1.944150000000000000e+04 1.089027144016665831e-02
1.944479999999999927e+04 1.060610260375365217e-02
1.944809999999999854e+04 1.033325248378850862e-02
1.945140000000000146e+04 1.005971515857832441e-02
1.945470000000000073e+04 9.797956702010578167e-03
1.945800000000000000e+04 9.534415751004259726e-03
1.946129999999999927e+04 9.254600961326443775e-03
1.946459999999999854e+04 8.975557267539638340e-03
1.946790000000000146e+04 8.699476659690712904e-03
1.947120000000000073e+04 8.430652561573754797e-03
1.947450000000000000e+04 8.147630757323462078e-03
1.947779999999999927e+04 7.875607283364012556e-03
1.948109999999999854e+04 7.610487599120995851e-03
1.948429999999999927e+04 7.330830542655287878e-03
1.948759999999999854e+04 7.095604948923008026e-03
1.949090000000000146e+04 6.868888645693670483e-03
1.949420000000000073e+04 6.610359071320015545e-03
1.949750000000000000e+04 6.361639315485998099e-03
1.950079999999999927e+04 6.089571751986751734e-03
1.950409999999999854e+04 5.836826836898333440e-03
1.950740000000000146e+04 5.587389233391423272e-03
1.951070000000000073e+04 5.337486464179307631e-03
1.951400000000000000e+04 5.100346702989397990e-03
1.951729999999999927e+04 4.866109788267002426e-03
1.952059999999999854e+04 4.616551121831844080e-03
1.952390000000000146e+04 4.394469895408373988e-03
1.952720000000000073e+04 4.173109374054922820e-03
1.953050000000000000e+04 3.949186348907856095e-03
1.953379999999999927e+04 3.726343927029376890e-03
1.953709999999999854e+04 3.503966120347653136e-03
1.954040000000000146e+04 3.298135057250377832e-03
1.954370000000000073e+04 3.082737384487879359e-03
1.954700000000000000e+04 2.874930755592024212e-03
1.955020000000000073e+04 2.647045825260684656e-03
1.955350000000000000e+04 2.441545306052601491e-03
1.955679999999999927e+04 2.242624541801785214e-03
1.956009999999999854e+04 2.043688013346905714e-03
1.956340000000000146e+04 1.832571081629787851e-03
1.956670000000000073e+04 1.643899120778787026e-03
1.957000000000000000e+04 1.461957403841897696e-03
1.957329999999999927e+04 1.264884643921421366e-03
1.957659999999999854e+04 1.085143281434301863e-03
1.957990000000000146e+04 9.050474892265050883e-04
1.958320000000000073e+04 7.153182970227560519e-04
1.958650000000000000e+04 5.185079246830227254e-04
1.958979999999999927e+04 3.591245504225889086e-04
1.959309999999999854e+04 2.066973285795419284e-04
1.959640000000000146e+04 3.276787851532769779e-05
1.959970000000000073e+04 -1.238909060606830325e-04
1.960300000000000000e+04 -2.831430702701803227e-04
1.960629999999999927e+04 -4.446539831947087938e-04
1.960959999999999854e+04 -6.111301520780880632e-04
1.961290000000000146e+04 -7.804899163191799175e-04
1.961609999999999854e+04 -9.355178886817242054e-04
1.961940000000000146e+04 -1.091588262708777799e-03
1.962270000000000073e+04 -1.258777920717701502e-03
1.962600000000000000e+04 -1.412685275816972456e-03
1.962929999999999927e+04 -1.555114257014803339e-03
1.963259999999999854e+04 -1.672699689293273215e-03
1.963590000000000146e+04 -1.783899544600472606e-03
1.963920000000000073e+04 -1.950757449887106096e-03
1.964250000000000000e+04 -2.070353507604857923e-03
1.964579999999999927e+04 -2.235829960907537075e-03
1.964909999999999854e+04 -2.396783297137152543e-03
1.965240000000000146e+04 -2.569896391586928147e-03
1.965570000000000073e+04 -2.731951659542188049e-03
1.965900000000000000e+04 -2.847010803601121055e-03
1.966229999999999927e+04 -2.954632689789922235e-03
1.966559999999999854e+04 -3.061184648375429515e-03
1.966890000000000146e+04 -3.187287913473842160e-03
1.967220000000000073e+04 -3.320854061240790037e-03
1.967550000000000000e+04 -3.424945721612879680e-03
1.967870000000000073e+04 -3.548817900103069019e-03
1.968200000000000000e+04 -3.636085065033588162e-03
1.968529999999999927e+04 -3.727521443758093338e-03
1.968859999999999854e+04 -3.816593734592126346e-03
1.969190000000000146e+04 -3.903146174675324251e-03
1.969520000000000073e+04 -4.023957690503985468e-03
1.969850000000000000e+04 -4.111462464987608069e-03
1.970179999999999927e+04 -4.177921897324504870e-03
1.970509999999999854e+04 -4.297274491607688818e-03
1.970840000000000146e+04 -4.418835804090037907e-03
1.971170000000000073e+04 -4.551276320271919161e-03
1.971500000000000000e+04 -4.644089044294603258e-03
1.971829999999999927e+04 -4.768020267132646282e-03
1.972159999999999854e+04 -4.808297095091473329e-03
1.972490000000000146e+04 -4.858059833423071516e-03
1.972820000000000073e+04 -4.957403676373869222e-03
1.973150000000000000e+04 -5.064922128497905372e-03
1.973479999999999927e+04 -5.170688207854092118e-03
1.973809999999999854e+04 -5.256466535293356085e-03
1.974140000000000146e+04 -5.358043369679021603e-03
1.974459999999999854e+04 -5.466637802083668465e-03
1.974790000000000146e+04 -5.533003693003251885e-03
1.975120000000000073e+04 -5.566714664237475303e-03
1.975450000000000000e+04 -5.627082168803138398e-03
1.975779999999999927e+04 -5.684832143489275055e-03
1.976109999999999854e+04 -5.746968788282111329e-03
1.976440000000000146e+04 -5.819664763115724691e-03
1.976770000000000073e+04 -5.921809730031477211e-03
1.977100000000000000e+04 -6.010594398710400812e-03
1.977429999999999927e+04 -6.080934571734904724e-03
1.977759999999999854e+04 -6.159809798490346357e-03
1.978090000000000146e+04 -6.233823070281307999e-03
1.978420000000000073e+04 -6.319584539155878415e-03
1.978750000000000000e+04 -6.370440272453307094e-03
1.979079999999999927e+04 -6.465708209486950055e-03
1.979409999999999854e+04 -6.523898655134417399e-03
1.979740000000000146e+04 -6.601651621891197440e-03
1.980070000000000073e+04 -6.691672095809128064e-03
1.980400000000000000e+04 -6.736856941580228117e-03
1.980720000000000073e+04 -6.804528461766397480e-03
1.981050000000000000e+04 -6.815210584434651213e-03
1.981379999999999927e+04 -6.821095632032253900e-03
1.981709999999999854e+04 -6.864071840178557170e-03
1.982040000000000146e+04 -6.869055657701803388e-03
1.982370000000000073e+04 -6.894427858063685056e-03
1.982700000000000000e+04 -6.953692142421541607e-03
1.983029999999999927e+04 -6.978320057737873172e-03
1.983359999999999854e+04 -6.984551508183577985e-03
1.983690000000000146e+04 -6.991795542738270426e-03
1.984020000000000073e+04 -7.007481031981508020e-03
1.984350000000000000e+04 -7.037971537448992933e-03
1.984679999999999927e+04 -7.063040232616569700e-03
1.985009999999999854e+04 -7.119778135533673911e-03
1.985340000000000146e+04 -7.169955421732055953e-03
1.985670000000000073e+04 -7.243009685868117414e-03
1.986000000000000000e+04 -7.279260807339116637e-03
1.986329999999999927e+04 -7.366551933223398560e-03
1.986659999999999854e+04 -7.413667321183063305e-03
1.986990000000000146e+04 -7.413176146800325855e-03
1.987309999999999854e+04 -7.408167712633919981e-03
1.987640000000000146e+04 -7.416899978607427966e-03
1.987970000000000073e+04 -7.454611372985624901e-03
1.988300000000000000e+04 -7.440149974834515262e-03
1.988629999999999927e+04 -7.526149484203164750e-03
1.988959999999999854e+04 -7.607168714181797124e-03
1.989290000000000146e+04 -7.620043120428407653e-03
1.989620000000000073e+04 -7.598828780019949852e-03
1.989950000000000000e+04 -7.587541342286873922e-03
1.990279999999999927e+04 -7.576089353698980088e-03
1.990609999999999854e+04 -7.569414475486217243e-03
1.990940000000000146e+04 -7.553315792043083579e-03
1.991270000000000073e+04 -7.585022485459672753e-03
1.991600000000000000e+04 -7.598329052278100272e-03
1.991929999999999927e+04 -7.627325418777931507e-03
1.992259999999999854e+04 -7.656823562462750088e-03
1.992590000000000146e+04 -7.679245104338253657e-03
