1.716800000000000000e+04 5.044631027670770998e-04
1.717129999999999927e+04 5.104036067966221573e-04
1.717459999999999854e+04 5.119777579808894741e-04
1.717790000000000146e+04 4.965273788796980940e-04
1.718120000000000073e+04 4.987131554759470248e-04
1.718450000000000000e+04 5.075156299899532663e-04
1.718779999999999927e+04 5.119778263334900719e-04
1.719109999999999854e+04 5.221518380304741120e-04
1.719440000000000146e+04 5.126029061291770316e-04
1.719770000000000073e+04 5.222777593110203374e-04
1.720100000000000000e+04 5.212984135812830534e-04
1.720429999999999927e+04 5.397563552552577882e-04
1.720759999999999854e+04 5.440310609775994306e-04
1.721090000000000146e+04 5.498526753984090548e-04
1.721420000000000073e+04 5.470150244555108381e-04
1.721750000000000000e+04 5.428233994137603158e-04
1.722079999999999927e+04 5.587033401144009650e-04
1.722409999999999854e+04 5.777927782916995750e-04
1.722729999999999927e+04 5.858486119714725535e-04
1.723059999999999854e+04 6.002073768109405854e-04
1.723390000000000146e+04 6.163416962416122828e-04
1.723720000000000073e+04 6.223790211501923275e-04
1.724050000000000000e+04 6.265693435184870909e-04
1.724379999999999927e+04 6.185241908158911530e-04
1.724709999999999854e+04 6.216048570631261920e-04
1.725040000000000146e+04 6.167838806657968860e-04
1.725370000000000073e+04 6.108558857956845152e-04
1.725700000000000000e+04 6.143750888772607065e-04
1.726029999999999927e+04 5.987488527286491608e-04
1.726359999999999854e+04 5.983665588226497450e-04
1.726690000000000146e+04 6.038164627720011331e-04
1.727020000000000073e+04 5.907628896398383527e-04
1.727350000000000000e+04 5.864810869550629666e-04
1.727679999999999927e+04 5.986153240666363057e-04
1.728009999999999854e+04 6.070662186397078651e-04
1.728340000000000146e+04 6.207286434868919964e-04
1.728670000000000073e+04 6.266836452157734452e-04
1.729000000000000000e+04 6.462958558072664887e-04
1.729320000000000073e+04 6.504540946949671082e-04
1.729650000000000000e+04 6.525588029790294281e-04
1.729979999999999927e+04 6.666327082276293304e-04
1.730309999999999854e+04 6.802842347342492576e-04
1.730640000000000146e+04 6.818657990125093996e-04
1.730970000000000073e+04 6.868688133270045787e-04
1.731300000000000000e+04 6.870554719490254338e-04
1.731629999999999927e+04 6.899513724308607363e-04
1.731959999999999854e+04 6.812602732086600610e-04
1.732290000000000146e+04 6.890254623790326421e-04
1.732620000000000073e+04 6.816857305242827927e-04
1.732950000000000000e+04 6.844234297390541051e-04
1.733279999999999927e+04 6.804748097766528817e-04
1.733609999999999854e+04 6.874879477663192826e-04
1.733940000000000146e+04 6.836221987010651993e-04
1.734270000000000073e+04 6.870277090182217317e-04
1.734600000000000000e+04 6.830031346715503392e-04
1.734929999999999927e+04 6.846458328512763361e-04
1.735259999999999854e+04 6.901257546418615701e-04
1.735579999999999927e+04 6.845819845175281273e-04
1.735909999999999854e+04 6.804032849161148954e-04
1.736240000000000146e+04 6.768244649899357937e-04
1.736570000000000073e+04 6.814061808185345849e-04
1.736900000000000000e+04 6.836434053271491776e-04
1.737229999999999927e+04 6.884474120723365568e-04
1.737559999999999854e+04 6.848466171479215478e-04
1.737890000000000146e+04 6.809047145833384360e-04
1.738220000000000073e+04 6.790215232339952235e-04
1.738550000000000000e+04 6.731165513076874064e-04
1.738879999999999927e+04 6.689175626122132118e-04
1.739209999999999854e+04 6.684787632643294716e-04
1.739540000000000146e+04 6.677525438750282110e-04
1.739870000000000073e+04 6.663847055266734418e-04
1.740200000000000000e+04 6.682946958870017180e-04
1.740529999999999927e+04 6.721113822332980487e-04
1.740859999999999854e+04 6.749459561149941805e-04
1.741190000000000146e+04 6.782733281403846180e-04
1.741520000000000073e+04 6.797619915692556039e-04
1.741850000000000000e+04 6.811203421704304555e-04
1.742170000000000073e+04 6.862911371922309975e-04
1.742500000000000000e+04 6.883903972757479846e-04
1.742829999999999927e+04 6.964486190880781217e-04
1.743159999999999854e+04 7.014399523333955102e-04
1.743490000000000146e+04 7.044824887113916492e-04
1.743820000000000073e+04 7.074653537216629663e-04
1.744150000000000000e+04 7.113340122460395671e-04
1.744479999999999927e+04 7.053133470010565249e-04
1.744809999999999854e+04 7.108150112802069697e-04
1.745140000000000146e+04 7.167716471007908648e-04
1.745470000000000073e+04 7.164110611025371151e-04
1.745800000000000000e+04 7.154068630883143876e-04
1.746129999999999927e+04 7.129843257883250853e-04
1.746459999999999854e+04 7.138959245313180203e-04
1.746790000000000146e+04 7.137535940440437954e-04
1.747120000000000073e+04 7.180485794306020169e-04
1.747450000000000000e+04 7.228778810886416330e-04
1.747779999999999927e+04 7.219545254675068750e-04
1.748109999999999854e+04 7.214786764638140074e-04
1.748429999999999927e+04 7.238373416054072257e-04
1.748759999999999854e+04 7.169772945525901536e-04
1.749090000000000146e+04 7.142806760092924607e-04
1.749420000000000073e+04 7.171494650104820933e-04
1.749750000000000000e+04 7.195042038551158810e-04
1.750079999999999927e+04 7.190431281349820561e-04
1.750409999999999854e+04 7.226123439031756574e-04
1.750740000000000146e+04 7.236218007450817081e-04
1.751070000000000073e+04 7.231239522811419573e-04
1.751400000000000000e+04 7.255206642327154945e-04
1.751729999999999927e+04 7.195580601753234079e-04
1.752059999999999854e+04 7.208537175213124712e-04
1.752390000000000146e+04 7.235639851371599828e-04
1.752720000000000073e+04 7.285251390428420680e-04
1.753050000000000000e+04 7.320656037449236892e-04
1.753379999999999927e+04 7.270609104110477327e-04
1.753709999999999854e+04 7.234798254529197382e-04
1.754040000000000146e+04 7.232175360113924549e-04
1.754370000000000073e+04 7.279051982216931194e-04
1.754700000000000000e+04 7.307623602134626084e-04
1.755020000000000073e+04 7.351960480379611139e-04
1.755350000000000000e+04 7.444750594938344228e-04
1.755679999999999927e+04 7.421980916954300147e-04
1.756009999999999854e+04 7.402476453786594520e-04
1.756340000000000146e+04 7.371634504672599456e-04
1.756670000000000073e+04 7.330838790907599723e-04
1.757000000000000000e+04 7.318282324973967830e-04
1.757329999999999927e+04 7.320641996158916767e-04
1.757659999999999854e+04 7.377582757912797126e-04
1.757990000000000146e+04 7.441773313564502539e-04
1.758320000000000073e+04 7.473157535359580472e-04
1.758650000000000000e+04 7.497334069104128482e-04
1.758979999999999927e+04 7.533017510733685954e-04
1.759309999999999854e+04 7.590257330442695769e-04
1.759640000000000146e+04 7.578551489397004036e-04
1.759970000000000073e+04 7.665891910413600609e-04
1.760300000000000000e+04 7.664524411990620255e-04
1.760629999999999927e+04 7.609902926462078481e-04
1.760959999999999854e+04 7.681514949158218782e-04
1.761290000000000146e+04 7.686682858638399984e-04
1.761609999999999854e+04 7.709573751217374494e-04
1.761940000000000146e+04 7.739791173413932725e-04
1.762270000000000073e+04 7.845073090759434840e-04
1.762600000000000000e+04 7.960070528194391950e-04
1.762929999999999927e+04 7.968311095162396249e-04
1.763259999999999854e+04 8.003828120952832543e-04
1.763590000000000146e+04 8.023740560004708746e-04
1.763920000000000073e+04 8.036716754855356129e-04
1.764250000000000000e+04 8.067909089646843829e-04
1.764579999999999927e+04 8.155608882079795011e-04
1.764909999999999854e+04 8.226620623038532034e-04
1.765240000000000146e+04 8.320745514363313061e-04
1.765570000000000073e+04 8.422584883235809247e-04
1.765900000000000000e+04 8.425876151446815053e-04
1.766229999999999927e+04 8.513148500487046451e-04
1.766559999999999854e+04 8.589386953984163220e-04
1.766890000000000146e+04 8.691636328722361160e-04
1.767220000000000073e+04 8.770871472877885466e-04
1.767550000000000000e+04 8.825227551384351313e-04
1.767870000000000073e+04 8.874720099416794680e-04
1.768200000000000000e+04 8.925678457764422979e-04
1.768529999999999927e+04 8.966783547672968480e-04
1.768859999999999854e+04 9.036541313398236113e-04
1.769190000000000146e+04 9.068737982136040356e-04
1.769520000000000073e+04 9.068754713243036081e-04
1.769850000000000000e+04 9.161078856040241313e-04
1.770179999999999927e+04 9.196719543162633261e-04
1.770509999999999854e+04 9.273730385257115917e-04
1.770840000000000146e+04 9.335459832673176448e-04
1.771170000000000073e+04 9.409190543728969403e-04
1.771500000000000000e+04 9.446886815772915190e-04
1.771829999999999927e+04 9.463254127985110077e-04
1.772159999999999854e+04 9.503201702677797425e-04
1.772490000000000146e+04 9.630574049494913845e-04
1.772820000000000073e+04 9.752367119254269070e-04
1.773150000000000000e+04 9.856662072523106419e-04
1.773479999999999927e+04 9.921616079141804510e-04
1.773809999999999854e+04 9.960650240710628225e-04
1.774140000000000146e+04 1.000273562446835291e-03
1.774459999999999854e+04 9.979365995936397612e-04
1.774790000000000146e+04 1.005664980720606151e-03
1.775120000000000073e+04 1.010649914559159489e-03
1.775450000000000000e+04 1.018210025081856158e-03
1.775779999999999927e+04 1.017956571016231026e-03
1.776109999999999854e+04 1.028115437345934443e-03
1.776440000000000146e+04 1.029641459973649640e-03
1.776770000000000073e+04 1.039354966327173373e-03
1.777100000000000000e+04 1.047550375423274673e-03
1.777429999999999927e+04 1.054271698617625843e-03
1.777759999999999854e+04 1.057737939100956070e-03
1.778090000000000146e+04 1.071030166519123519e-03
1.778420000000000073e+04 1.073220815802398021e-03
1.778750000000000000e+04 1.077911454170514538e-03
1.779079999999999927e+04 1.082944052705714106e-03
1.779409999999999854e+04 1.088708672636062597e-03
1.779740000000000146e+04 1.102436283208182424e-03
1.780070000000000073e+04 1.113026508637252792e-03
1.780400000000000000e+04 1.116548755811568039e-03
1.780720000000000073e+04 1.120311060605458289e-03
1.781050000000000000e+04 1.124660827560585580e-03
1.781379999999999927e+04 1.129550742447746293e-03
1.781709999999999854e+04 1.136064905964742243e-03
1.782040000000000146e+04 1.143806435961846734e-03
1.782370000000000073e+04 1.151890766546206533e-03
1.782700000000000000e+04 1.157117051031213368e-03
1.783029999999999927e+04 1.165389262721617429e-03
1.783359999999999854e+04 1.171832918656131673e-03
1.783690000000000146e+04 1.178392893752338091e-03
1.784020000000000073e+04 1.184935409471914300e-03
1.784350000000000000e+04 1.195429597787169831e-03
1.784679999999999927e+04 1.206527150620260395e-03
1.785009999999999854e+04 1.215721012484726913e-03
1.785340000000000146e+04 1.221699937867424916e-03
1.785670000000000073e+04 1.230553254893897988e-03
1.786000000000000000e+04 1.234391682182274692e-03
1.786329999999999927e+04 1.243235669339624178e-03
1.786659999999999854e+04 1.256283479880727352e-03
1.786990000000000146e+04 1.261042554039476602e-03
1.787309999999999854e+04 1.270089887289743919e-03
1.787640000000000146e+04 1.274240416169677547e-03
1.787970000000000073e+04 1.287544989680588191e-03
1.788300000000000000e+04 1.295780863004335377e-03
1.788629999999999927e+04 1.310317792160423491e-03
1.788959999999999854e+04 1.313530400303788851e-03
1.789290000000000146e+04 1.319820644646909399e-03
1.789620000000000073e+04 1.325081806554485398e-03
1.789950000000000000e+04 1.334937675266679178e-03
1.790279999999999927e+04 1.346405584957025480e-03
1.790609999999999854e+04 1.353524323680171688e-03
1.790940000000000146e+04 1.371033190642536714e-03
1.791270000000000073e+04 1.372540100226996625e-03
1.791600000000000000e+04 1.375414535533074850e-03
1.791929999999999927e+04 1.376043642000014102e-03
1.792259999999999854e+04 1.381563774810647214e-03
1.792590000000000146e+04 1.384773130549781439e-03
1.792920000000000073e+04 1.388351115015804297e-03
1.793250000000000000e+04 1.390850099442769022e-03
1.793570000000000073e+04 1.399792879414723731e-03
1.793900000000000000e+04 1.403710400492528751e-03
1.794229999999999927e+04 1.409001026491143701e-03
1.794559999999999854e+04 1.412325416205394884e-03
1.794890000000000146e+04 1.417938655188060587e-03
1.795220000000000073e+04 1.417378940126968198e-03
1.795550000000000000e+04 1.422088273710570439e-03
1.795879999999999927e+04 1.430848856131423973e-03
1.796209999999999854e+04 1.432715310417124500e-03
1.796540000000000146e+04 1.439221713411081589e-03
1.796870000000000073e+04 1.449952463438058557e-03
1.797200000000000000e+04 1.458446471927082877e-03
1.797529999999999927e+04 1.462879797347585789e-03
1.797859999999999854e+04 1.467128756796862860e-03
1.798190000000000146e+04 1.474726546143044189e-03
1.798520000000000073e+04 1.472558704558430808e-03
1.798850000000000000e+04 1.478781222269778079e-03
1.799179999999999927e+04 1.492624873239322986e-03
1.799509999999999854e+04 1.501896258272340974e-03
1.799840000000000146e+04 1.506445490625022950e-03
1.800159999999999854e+04 1.498429802946982248e-03
1.800490000000000146e+04 1.514887639223528627e-03
1.800820000000000073e+04 1.516867430293248817e-03
1.801150000000000000e+04 1.518072407524082706e-03
1.801479999999999927e+04 1.525583913634631769e-03
1.801809999999999854e+04 1.529009407781444906e-03
1.802140000000000146e+04 1.539867323076638895e-03
1.802470000000000073e+04 1.557352895674194229e-03
1.802800000000000000e+04 1.560951586884837261e-03
1.803129999999999927e+04 1.559540686412387534e-03
1.803459999999999854e+04 1.566283079886992332e-03
1.803790000000000146e+04 1.565948296674358640e-03
1.804120000000000073e+04 1.568885300871593162e-03
1.804450000000000000e+04 1.568259002902135145e-03
1.804779999999999927e+04 1.574450668283616838e-03
1.805109999999999854e+04 1.574200704942498681e-03
1.805440000000000146e+04 1.581585642940938488e-03
1.805770000000000073e+04 1.584290046557130897e-03
1.806100000000000000e+04 1.596541305520111529e-03
1.806429999999999927e+04 1.604342728985646942e-03
1.806750000000000000e+04 1.611071420834037917e-03
1.807079999999999927e+04 1.615940808139077964e-03
1.807409999999999854e+04 1.609827911004571999e-03
1.807740000000000146e+04 1.602748939873588222e-03
1.808070000000000073e+04 1.609067341338344141e-03
1.808400000000000000e+04 1.621028285899639085e-03
1.808729999999999927e+04 1.635382103600978168e-03
1.809059999999999854e+04 1.635783516516477838e-03
1.809390000000000146e+04 1.633143547889041305e-03
1.809720000000000073e+04 1.632043081674154541e-03
1.810050000000000000e+04 1.629754192463102281e-03
1.810379999999999927e+04 1.628180185230396031e-03
1.810709999999999854e+04 1.627591343374504675e-03
1.811040000000000146e+04 1.611218358399381986e-03
1.811370000000000073e+04 1.613047292301044962e-03
1.811700000000000000e+04 1.612783549972804722e-03
1.812029999999999927e+04 1.613814649018104974e-03
1.812359999999999854e+04 1.608032387123769797e-03
1.812690000000000146e+04 1.612538051986898459e-03
1.813009999999999854e+04 1.604601640332500552e-03
1.813340000000000146e+04 1.603669117230330536e-03
1.813670000000000073e+04 1.596560871068431918e-03
1.814000000000000000e+04 1.593891169298434054e-03
1.814329999999999927e+04 1.593565919339426980e-03
1.814659999999999854e+04 1.596579081849623747e-03
1.814990000000000146e+04 1.600805409526654191e-03
1.815320000000000073e+04 1.591654425102812399e-03
1.815650000000000000e+04 1.578867281554027563e-03
1.815979999999999927e+04 1.563204534545762150e-03
1.816309999999999854e+04 1.560545369609124110e-03
1.816640000000000146e+04 1.576731490823291351e-03
1.816970000000000073e+04 1.562803728918879661e-03
1.817300000000000000e+04 1.559553148516278683e-03
1.817629999999999927e+04 1.556880056184655739e-03
1.817959999999999854e+04 1.544608609913565231e-03
1.818290000000000146e+04 1.577803593405685935e-03
1.818620000000000073e+04 1.576508261186264359e-03
1.818950000000000000e+04 1.561464229857035353e-03
1.819279999999999927e+04 1.553891425285712849e-03
1.819600000000000000e+04 1.554126124738682349e-03
1.819929999999999927e+04 1.548795977143865984e-03
1.820259999999999854e+04 1.553103349825718646e-03
1.820590000000000146e+04 1.559507161711248683e-03
1.820920000000000073e+04 1.559476705458395004e-03
1.821250000000000000e+04 1.554433342716231726e-03
1.821579999999999927e+04 1.553759661216143730e-03
1.821909999999999854e+04 1.547651127633248953e-03
1.822240000000000146e+04 1.557913183408485844e-03
1.822570000000000073e+04 1.556110303603106719e-03
1.822900000000000000e+04 1.574033176627152864e-03
1.823229999999999927e+04 1.597155779198342843e-03
1.823559999999999854e+04 1.613432990570419674e-03
1.823890000000000146e+04 1.614447644213336730e-03
1.824220000000000073e+04 1.638716136179884340e-03
1.824550000000000000e+04 1.666002508086176842e-03
1.824879999999999927e+04 1.678421653740759046e-03
1.825209999999999854e+04 1.669329154414663560e-03
1.825540000000000146e+04 1.685281590638479376e-03
1.825859999999999854e+04 1.706726062558104736e-03
1.826190000000000146e+04 1.723445840824853852e-03
1.826520000000000073e+04 1.733532126156329825e-03
1.826850000000000000e+04 1.761339731688770990e-03
1.827179999999999927e+04 1.791304976236048887e-03
1.827509999999999854e+04 1.833267294328343785e-03
1.827840000000000146e+04 1.861016092322817853e-03
1.828170000000000073e+04 1.900577517142499262e-03
1.828500000000000000e+04 1.914592135988649278e-03
1.828829999999999927e+04 1.952005605203802150e-03
1.829159999999999854e+04 1.972928736454283068e-03
1.829490000000000146e+04 2.001247389820357252e-03
1.829820000000000073e+04 2.036627440437336397e-03
1.830150000000000000e+04 2.077641521214973388e-03
1.830479999999999927e+04 2.114431749137937397e-03
1.830809999999999854e+04 2.143792881569473938e-03
1.831140000000000146e+04 2.161589101581646525e-03
1.831470000000000073e+04 2.199633700490569079e-03
1.831800000000000000e+04 2.230209933060895832e-03
1.832129999999999927e+04 2.266721280756354116e-03
1.832450000000000000e+04 2.302694536600829404e-03
1.832779999999999927e+04 2.329016423818061534e-03
1.833109999999999854e+04 2.360736663947268690e-03
1.833440000000000146e+04 2.390297245644503431e-03
1.833770000000000073e+04 2.427908878627570762e-03
1.834100000000000000e+04 2.467042875537202220e-03
1.834429999999999927e+04 2.498085328817158546e-03
1.834759999999999854e+04 2.507790465987252450e-03
1.835090000000000146e+04 2.544216360199442941e-03
1.835420000000000073e+04 2.584860690356113443e-03
1.835750000000000000e+04 2.628045213634900863e-03
1.836079999999999927e+04 2.676134399836847810e-03
1.836409999999999854e+04 2.722582335005141116e-03
1.836740000000000146e+04 2.759990884601077211e-03
1.837070000000000073e+04 2.808849693107608181e-03
1.837400000000000000e+04 2.855290123216434363e-03
1.837729999999999927e+04 2.890759790902007204e-03
1.838059999999999854e+04 2.932184960523854036e-03
1.838390000000000146e+04 2.983278463365529338e-03
1.838709999999999854e+04 3.022606867225222354e-03
1.839040000000000146e+04 3.064743962591338650e-03
1.839370000000000073e+04 3.080812117430553609e-03
1.839700000000000000e+04 3.102840398652187155e-03
1.840029999999999927e+04 3.136325601941294689e-03
1.840359999999999854e+04 3.192097049665020003e-03
1.840690000000000146e+04 3.232865811965363132e-03
1.841020000000000073e+04 3.252410678601885038e-03
1.841350000000000000e+04 3.289250437383487140e-03
1.841679999999999927e+04 3.338810369447683165e-03
1.842009999999999854e+04 3.366034539882910032e-03
1.842340000000000146e+04 3.401474272543601653e-03
1.842670000000000073e+04 3.438140806538929079e-03
1.843000000000000000e+04 3.481398655913530218e-03
1.843329999999999927e+04 3.511200756534221031e-03
1.843659999999999854e+04 3.544373483697464428e-03
1.843990000000000146e+04 3.574729031209433489e-03
1.844320000000000073e+04 3.610008830263420135e-03
1.844650000000000000e+04 3.635873492641069835e-03
1.844979999999999927e+04 3.690934468627458769e-03
1.845300000000000000e+04 3.713600496378824823e-03
1.845629999999999927e+04 3.741030548561489425e-03
1.845959999999999854e+04 3.764381460431366448e-03
1.846290000000000146e+04 3.783143417481866881e-03
1.846620000000000073e+04 3.790500744681976706e-03
1.846950000000000000e+04 3.808496549617692694e-03
1.847279999999999927e+04 3.834578681923156776e-03
1.847609999999999854e+04 3.863517488584317875e-03
1.847940000000000146e+04 3.879187163113246954e-03
1.848270000000000073e+04 3.908368654354866037e-03
1.848600000000000000e+04 3.936349736317650526e-03
1.848929999999999927e+04 3.973204978305033483e-03
1.849259999999999854e+04 4.010254411790962863e-03
1.849590000000000146e+04 4.031675306321241999e-03
1.849920000000000073e+04 4.081399568898437351e-03
1.850250000000000000e+04 4.122305829721846504e-03
1.850579999999999927e+04 4.171212003812180269e-03
1.850909999999999854e+04 4.235365034834862041e-03
1.851240000000000146e+04 4.263549499096651318e-03
1.851570000000000073e+04 4.287997399635550336e-03
1.851890000000000146e+04 4.324576428333747058e-03
1.852220000000000073e+04 4.368065968274322669e-03
1.852550000000000000e+04 4.409508442369191976e-03
1.852879999999999927e+04 4.460555552590019478e-03
1.853209999999999854e+04 4.507766912733581280e-03
1.853540000000000146e+04 4.544714725253693952e-03
1.853870000000000073e+04 4.598546513767956360e-03
1.854200000000000000e+04 4.668454485383728703e-03
1.854529999999999927e+04 4.737852097388604855e-03
1.854859999999999854e+04 4.784950740391152521e-03
1.855190000000000146e+04 4.843396387505815442e-03
1.855520000000000073e+04 4.905725437553411575e-03
1.855850000000000000e+04 4.980618112960217593e-03
1.856179999999999927e+04 5.054177053399121905e-03
1.856509999999999854e+04 5.110249411696317530e-03
1.856840000000000146e+04 5.179392883466101168e-03
1.857170000000000073e+04 5.245206780044750668e-03
1.857500000000000000e+04 5.336187913490466478e-03
1.857829999999999927e+04 5.422480817841401728e-03
1.858150000000000000e+04 5.511544258664317561e-03
1.858479999999999927e+04 5.614217214107837702e-03
1.858809999999999854e+04 5.693575329809905279e-03
1.859140000000000146e+04 5.791703294771103835e-03
1.859470000000000073e+04 5.897802494903259599e-03
1.859800000000000000e+04 5.998661990050791100e-03
1.860129999999999927e+04 6.093097650025734204e-03
1.860459999999999854e+04 6.205307014942912543e-03
1.860790000000000146e+04 6.310568130451739595e-03
1.861120000000000073e+04 6.429469030970788590e-03
1.861450000000000000e+04 6.548663401551536520e-03
1.861779999999999927e+04 6.670950438412174763e-03
1.862109999999999854e+04 6.794169732360873411e-03
1.862440000000000146e+04 6.934120301131884399e-03
1.862770000000000073e+04 7.068659841358455702e-03
1.863100000000000000e+04 7.227995958485422187e-03
1.863429999999999927e+04 7.365990157986280519e-03
1.863759999999999854e+04 7.510269250789590456e-03
1.864090000000000146e+04 7.665885323814380578e-03
1.864420000000000073e+04 7.855767094182054128e-03
1.864740000000000146e+04 8.021618708180945634e-03
1.865070000000000073e+04 8.169414143939958753e-03
1.865400000000000000e+04 8.327089768781959292e-03
1.865729999999999927e+04 8.472922458821030567e-03
1.866059999999999854e+04 8.631439109771526369e-03
1.866390000000000146e+04 8.797961796842420149e-03
1.866720000000000073e+04 8.966131613555328519e-03
1.867050000000000000e+04 9.123045685682611150e-03
1.867379999999999927e+04 9.270752122488888983e-03
1.867709999999999854e+04 9.466428104749130198e-03
1.868040000000000146e+04 9.698182827937537609e-03
1.868370000000000073e+04 9.957141141739558540e-03
1.868700000000000000e+04 1.019077450538401902e-02
1.869029999999999927e+04 1.036723199780268702e-02
1.869359999999999854e+04 1.061255567027914910e-02
1.869690000000000146e+04 1.081777828091312101e-02
1.870020000000000073e+04 1.092074856586455582e-02
1.870350000000000000e+04 1.100497373323955017e-02
1.870679999999999927e+04 1.116509871359487940e-02
1.871000000000000000e+04 1.144172200124756594e-02
1.871329999999999927e+04 1.160136869779952208e-02
1.871659999999999854e+04 1.172369804433506975e-02
1.871990000000000146e+04 1.186136163444883110e-02
1.872320000000000073e+04 1.199221723009913192e-02
1.872650000000000000e+04 1.212829389178451088e-02
1.872979999999999927e+04 1.223955467096393690e-02
1.873309999999999854e+04 1.236469379943496046e-02
1.873640000000000146e+04 1.248444559087092884e-02
1.873970000000000073e+04 1.262187626605414288e-02
1.874300000000000000e+04 1.268201262619853172e-02
1.874629999999999927e+04 1.280161708774630279e-02
1.874959999999999854e+04 1.285933470672627824e-02
1.875290000000000146e+04 1.294546012578368620e-02
1.875620000000000073e+04 1.302983555574557112e-02
1.875950000000000000e+04 1.317500224521849471e-02
1.876279999999999927e+04 1.330397340561804802e-02
1.876609999999999854e+04 1.342044031375703300e-02
1.876940000000000146e+04 1.350038254535012271e-02
1.877270000000000073e+04 1.364694838934604228e-02
1.877590000000000146e+04 1.383456876270121663e-02
1.877920000000000073e+04 1.391643130136357639e-02
1.878250000000000000e+04 1.408657360232749151e-02
1.878579999999999927e+04 1.426226239846926057e-02
1.878909999999999854e+04 1.446745002992929491e-02
1.879240000000000146e+04 1.469011188817868560e-02
1.879570000000000073e+04 1.492151607413795371e-02
1.879900000000000000e+04 1.517647740539831459e-02
1.880229999999999927e+04 1.543685932382624949e-02
1.880559999999999854e+04 1.569472051589498873e-02
1.880890000000000146e+04 1.591944034915175957e-02
1.881220000000000073e+04 1.615236081650974279e-02
1.881550000000000000e+04 1.643092297829477216e-02
1.881879999999999927e+04 1.670530851261170860e-02
1.882209999999999854e+04 1.698358324185980650e-02
1.882540000000000146e+04 1.727139711185101886e-02
1.882870000000000073e+04 1.753777801109764056e-02
1.883200000000000000e+04 1.779167847513297984e-02
1.883529999999999927e+04 1.806240889782997905e-02
1.883859999999999854e+04 1.834439347209231019e-02
1.884179999999999927e+04 1.859719921731698561e-02
1.884509999999999854e+04 1.884797690598343997e-02
1.884840000000000146e+04 1.905761674946498604e-02
1.885170000000000073e+04 1.929163790667818082e-02
1.885500000000000000e+04 1.958862494522325276e-02
1.885829999999999927e+04 1.981333128234741281e-02
1.886159999999999854e+04 2.006226172043772127e-02
1.886490000000000146e+04 2.044001411676822644e-02
1.886820000000000073e+04 2.083810488072023598e-02
1.887150000000000000e+04 2.115028041508468584e-02
1.887479999999999927e+04 2.135020727911101507e-02
1.887809999999999854e+04 2.167879717484508598e-02
1.888140000000000146e+04 2.205381477077177771e-02
1.888470000000000073e+04 2.241495944944520147e-02
1.888800000000000000e+04 2.275791499606521356e-02
1.889129999999999927e+04 2.310120664141887548e-02
1.889459999999999854e+04 2.348214512671545351e-02
1.889790000000000146e+04 2.384901344698121123e-02
1.890120000000000073e+04 2.421980491520966949e-02
1.890440000000000146e+04 2.456355611496044422e-02
1.890770000000000073e+04 2.499168794366792012e-02
1.891100000000000000e+04 2.537896770065965757e-02
1.891429999999999927e+04 2.580117905495302177e-02
1.891759999999999854e+04 2.621254578737488780e-02
1.892090000000000146e+04 2.663080399545397076e-02
1.892420000000000073e+04 2.700726815802573580e-02
1.892750000000000000e+04 2.738001217449067756e-02
1.893079999999999927e+04 2.778506380694396524e-02
1.893409999999999854e+04 2.817824006384333363e-02
1.893740000000000146e+04 2.853322342216429996e-02
1.894070000000000073e+04 2.883111009621461968e-02
1.894400000000000000e+04 2.920546852075035435e-02
1.894729999999999927e+04 2.950834053032631507e-02
1.895059999999999854e+04 2.980381296987305931e-02
1.895390000000000146e+04 3.010612343079122760e-02
1.895720000000000073e+04 3.036421420012756084e-02
1.896050000000000000e+04 3.063916830307751929e-02
1.896379999999999927e+04 3.089970996857232741e-02
1.896709999999999854e+04 3.113576335361847164e-02
1.897029999999999927e+04 3.132315293616025342e-02
1.897359999999999854e+04 3.152804292610471987e-02
1.897690000000000146e+04 3.177330589204420408e-02
1.898020000000000073e+04 3.197977458453749727e-02
1.898350000000000000e+04 3.217738045463838792e-02
1.898679999999999927e+04 3.239012164362631285e-02
1.899009999999999854e+04 3.257106618564295508e-02
1.899340000000000146e+04 3.276191672042514519e-02
1.899670000000000073e+04 3.292753951350836650e-02
1.900000000000000000e+04 3.311127443848232987e-02
1.900329999999999927e+04 3.327218347562432149e-02
1.900659999999999854e+04 3.344457531577566672e-02
1.900990000000000146e+04 3.355344673060217664e-02
1.901320000000000073e+04 3.366124949425054746e-02
1.901650000000000000e+04 3.376687725337486345e-02
1.901979999999999927e+04 3.388483418038834571e-02
1.902309999999999854e+04 3.400876713311089261e-02
1.902640000000000146e+04 3.414122681140362853e-02
1.902970000000000073e+04 3.422042916127653739e-02
1.903290000000000146e+04 3.430655103714495141e-02
1.903620000000000073e+04 3.437263599825315930e-02
1.903950000000000000e+04 3.442022151643508998e-02
1.904279999999999927e+04 3.448092362845631142e-02
1.904609999999999854e+04 3.451336141014598596e-02
1.904940000000000146e+04 3.454797878931005484e-02
1.905270000000000073e+04 3.460681731973665881e-02
1.905600000000000000e+04 3.464726098332628068e-02
1.905929999999999927e+04 3.468284621632290732e-02
1.906259999999999854e+04 3.470164860076876273e-02
1.906590000000000146e+04 3.470957066123823292e-02
1.906920000000000073e+04 3.471388729500550496e-02
1.907250000000000000e+04 3.467578004069560987e-02
1.907579999999999927e+04 3.462266926595700123e-02
1.907909999999999854e+04 3.459031874272436996e-02
1.908240000000000146e+04 3.457088577081718350e-02
1.908570000000000073e+04 3.451338224026922336e-02
1.908900000000000000e+04 3.443875779554322197e-02
1.909229999999999927e+04 3.434973888937543213e-02
1.909559999999999854e+04 3.425315470766334552e-02
1.909879999999999927e+04 3.419838096172247294e-02
1.910209999999999854e+04 3.410124161918758057e-02
1.910540000000000146e+04 3.402319863164905700e-02
1.910870000000000073e+04 3.395436269115783418e-02
1.911200000000000000e+04 3.387918477230801584e-02
1.911529999999999927e+04 3.379560146039568141e-02
1.911859999999999854e+04 3.361680308931314087e-02
1.912190000000000146e+04 3.347219891745480819e-02
1.912520000000000073e+04 3.328177262180140317e-02
1.912850000000000000e+04 3.308750088272479489e-02
1.913179999999999927e+04 3.293198415582495459e-02
1.913509999999999854e+04 3.279051963741215492e-02
1.913840000000000146e+04 3.262414106723972307e-02
1.914170000000000073e+04 3.241387305643567140e-02
1.914500000000000000e+04 3.221310214549005096e-02
1.914829999999999927e+04 3.199318382869557886e-02
1.915159999999999854e+04 3.177751185637622128e-02
1.915490000000000146e+04 3.157866203084692958e-02
1.915820000000000073e+04 3.135728865191983461e-02
1.916140000000000146e+04 3.116478632634923918e-02
1.916470000000000073e+04 3.092539291709511806e-02
1.916800000000000000e+04 3.069275136307945268e-02
1.917129999999999927e+04 3.043417303660852016e-02
1.917459999999999854e+04 3.020028051139283382e-02
1.917790000000000146e+04 2.997513656879813998e-02
1.918120000000000073e+04 2.975420827387217221e-02
1.918450000000000000e+04 2.948773889066389278e-02
1.918779999999999927e+04 2.921656878765173382e-02
1.919109999999999854e+04 2.894781592292725719e-02
1.919440000000000146e+04 2.869098469785556771e-02
1.919770000000000073e+04 2.840644091755465880e-02
1.920100000000000000e+04 2.813797587243593856e-02
1.920429999999999927e+04 2.786376433507879377e-02
1.920759999999999854e+04 2.757343780225366206e-02
1.921090000000000146e+04 2.729793482955024039e-02
1.921420000000000073e+04 2.700865182621031355e-02
1.921750000000000000e+04 2.670271854641963205e-02
1.922079999999999927e+04 2.640012376502506516e-02
1.922409999999999854e+04 2.609937180188294861e-02
1.922729999999999927e+04 2.578495532170685389e-02
1.923059999999999854e+04 2.547696414419270763e-02
1.923390000000000146e+04 2.516663879862667333e-02
1.923720000000000073e+04 2.488526271383568328e-02
1.924050000000000000e+04 2.458000705601798286e-02
1.924379999999999927e+04 2.427313024442315226e-02
1.924709999999999854e+04 2.395126493005179241e-02
1.925040000000000146e+04 2.362840889640466582e-02
1.925370000000000073e+04 2.328900414984743858e-02
1.925700000000000000e+04 2.300538569375507048e-02
1.926029999999999927e+04 2.269120992506927156e-02
1.926359999999999854e+04 2.235572385798570427e-02
1.926690000000000146e+04 2.204045243902805901e-02
1.927020000000000073e+04 2.170373780590081209e-02
1.927350000000000000e+04 2.137356355360629442e-02
1.927679999999999927e+04 2.103307571918854382e-02
1.928009999999999854e+04 2.069151379193449880e-02
1.928340000000000146e+04 2.038306465370457940e-02
1.928670000000000073e+04 2.005750292316638150e-02
1.929000000000000000e+04 1.973595937179760396e-02
1.929320000000000073e+04 1.941854731589572752e-02
1.929650000000000000e+04 1.908653107517501585e-02
1.929979999999999927e+04 1.876477869291325387e-02
1.930309999999999854e+04 1.844543388582649268e-02
1.930640000000000146e+04 1.813528685132016413e-02
1.930970000000000073e+04 1.783064817844859373e-02
1.931300000000000000e+04 1.752947608087445514e-02
1.931629999999999927e+04 1.720218466800672863e-02
1.931959999999999854e+04 1.687633421208500906e-02
1.932290000000000146e+04 1.653892994795327920e-02
1.932620000000000073e+04 1.620690402755998322e-02
1.932950000000000000e+04 1.588337627239189143e-02
1.933279999999999927e+04 1.556624169635210941e-02
1.933609999999999854e+04 1.527464568335100588e-02
1.933940000000000146e+04 1.498035296281739412e-02
1.934270000000000073e+04 1.467461077012446706e-02
1.934600000000000000e+04 1.435319357305291435e-02
1.934929999999999927e+04 1.405282464842623306e-02
1.935259999999999854e+04 1.374065325673523054e-02
1.935579999999999927e+04 1.344060380933958208e-02
1.935909999999999854e+04 1.312919287498035166e-02
1.936240000000000146e+04 1.282770224884918764e-02
1.936570000000000073e+04 1.254196421573974124e-02
1.936900000000000000e+04 1.226030323344815334e-02
1.937229999999999927e+04 1.197927588207034662e-02
1.937559999999999854e+04 1.167861535794399545e-02
1.937890000000000146e+04 1.139095327749355471e-02
1.938220000000000073e+04 1.110117646330806458e-02
1.938550000000000000e+04 1.082023788854411667e-02
1.938879999999999927e+04 1.052939340447644513e-02
1.939209999999999854e+04 1.025448297302110866e-02
1.939540000000000146e+04 9.984551243545157495e-03
1.939870000000000073e+04 9.703444428834551508e-03
1.940200000000000000e+04 9.425356711580205535e-03
1.940529999999999927e+04 9.164818032710769780e-03
1.940859999999999854e+04 8.904452064235769682e-03
1.941190000000000146e+04 8.639168005904045503e-03
1.941520000000000073e+04 8.386176666316179709e-03
1.941850000000000000e+04 8.129556051823113097e-03
1.942170000000000073e+04 7.847829523855468295e-03
1.942500000000000000e+04 7.580666016866806356e-03
1.942829999999999927e+04 7.320159843919358568e-03
1.943159999999999854e+04 7.060975953278015270e-03
1.943490000000000146e+04 6.799544908968443296e-03
1.943820000000000073e+04 6.535831798664502347e-03
1.944150000000000000e+04 6.278868991721777565e-03
1.944479999999999927e+04 6.037161657122256872e-03
1.944809999999999854e+04 5.804410475902905923e-03
1.945140000000000146e+04 5.575775420910733179e-03
1.945470000000000073e+04 5.348574089620758767e-03
1.945800000000000000e+04 5.121763624919247089e-03
1.946129999999999927e+04 4.874511357308060518e-03
1.946459999999999854e+04 4.633037394611892214e-03
1.946790000000000146e+04 4.384874301356611083e-03
1.947120000000000073e+04 4.146062550310823658e-03
1.947450000000000000e+04 3.904025909078969857e-03
1.947779999999999927e+04 3.674550690500174785e-03
1.948109999999999854e+04 3.453051405029718482e-03
1.948429999999999927e+04 3.228366780122781353e-03
1.948759999999999854e+04 3.022370044069943359e-03
1.949090000000000146e+04 2.817557149162305818e-03
1.949420000000000073e+04 2.607468856065829708e-03
1.949750000000000000e+04 2.396202916191080088e-03
1.950079999999999927e+04 2.167141731610080276e-03
1.950409999999999854e+04 1.950595650147283512e-03
1.950740000000000146e+04 1.751810078384888336e-03
1.951070000000000073e+04 1.542711856850815990e-03
1.951400000000000000e+04 1.345347763077349998e-03
1.951729999999999927e+04 1.146539136749105334e-03
1.952059999999999854e+04 9.315534045701567845e-04
1.952390000000000146e+04 7.440734852079119782e-04
1.952720000000000073e+04 5.640552046150372001e-04
1.953050000000000000e+04 3.721727246970676418e-04
1.953379999999999927e+04 1.842481666848080207e-04
1.953709999999999854e+04 -3.701678667417468525e-06
1.954040000000000146e+04 -1.799575075022924540e-04
1.954370000000000073e+04 -3.415175038349150356e-04
1.954700000000000000e+04 -4.907976001794077565e-04
1.955020000000000073e+04 -6.714039134081241974e-04
1.955350000000000000e+04 -8.129885975441622113e-04
1.955679999999999927e+04 -9.651846834316664099e-04
1.956009999999999854e+04 -1.113625541205875502e-03
1.956340000000000146e+04 -1.268688461206666845e-03
1.956670000000000073e+04 -1.406861484052022559e-03
1.957000000000000000e+04 -1.540715299095894979e-03
1.957329999999999927e+04 -1.689896439101851427e-03
1.957659999999999854e+04 -1.818144661511025915e-03
1.957990000000000146e+04 -1.956004033339203262e-03
1.958320000000000073e+04 -2.103550195265758462e-03
1.958650000000000000e+04 -2.256841773581316508e-03
1.958979999999999927e+04 -2.365276792545479689e-03
1.959309999999999854e+04 -2.476193534589446726e-03
1.959640000000000146e+04 -2.598659632384046295e-03
1.959970000000000073e+04 -2.699582288782890246e-03
1.960300000000000000e+04 -2.807641306228888210e-03
1.960629999999999927e+04 -2.942654878492221952e-03
1.960959999999999854e+04 -3.052870856658395325e-03
1.961290000000000146e+04 -3.191680872767038452e-03
1.961609999999999854e+04 -3.311301351618294812e-03
1.961940000000000146e+04 -3.410254236028685028e-03
1.962270000000000073e+04 -3.543132229566453139e-03
1.962600000000000000e+04 -3.643061356087650641e-03
1.962929999999999927e+04 -3.738775540063576496e-03
1.963259999999999854e+04 -3.823504686612260242e-03
1.963590000000000146e+04 -3.893922614192832626e-03
1.963920000000000073e+04 -4.010149591899811461e-03
1.964250000000000000e+04 -4.088409419721258931e-03
1.964579999999999927e+04 -4.208033936333904421e-03
1.964909999999999854e+04 -4.334991815445443653e-03
1.965240000000000146e+04 -4.449979561197390382e-03
1.965570000000000073e+04 -4.568610687308822561e-03
1.965900000000000000e+04 -4.632676905061260814e-03
1.966229999999999927e+04 -4.669432290530113258e-03
1.966559999999999854e+04 -4.721056249029671401e-03
1.966890000000000146e+04 -4.812403250671123435e-03
1.967220000000000073e+04 -4.914582164786735277e-03
1.967550000000000000e+04 -4.984422515150805331e-03
1.967870000000000073e+04 -5.098913691078600652e-03
1.968200000000000000e+04 -5.150172008782854388e-03
1.968529999999999927e+04 -5.197861249929354790e-03
1.968859999999999854e+04 -5.252741288657866714e-03
1.969190000000000146e+04 -5.291609618621404172e-03
1.969520000000000073e+04 -5.347389417189556474e-03
1.969850000000000000e+04 -5.386027548357514606e-03
1.970179999999999927e+04 -5.419669274775420521e-03
1.970509999999999854e+04 -5.504553979566960235e-03
1.970840000000000146e+04 -5.624771106681091676e-03
1.971170000000000073e+04 -5.734733602238054236e-03
1.971500000000000000e+04 -5.794700715943896033e-03
1.971829999999999927e+04 -5.897433475839565335e-03
1.972159999999999854e+04 -5.926059454564336706e-03
1.972490000000000146e+04 -5.948014378877244414e-03
1.972820000000000073e+04 -6.020122394953407799e-03
1.973150000000000000e+04 -6.120457994549638979e-03
1.973479999999999927e+04 -6.217568092662802484e-03
1.973809999999999854e+04 -6.299474246126239400e-03
1.974140000000000146e+04 -6.394877005427926538e-03
1.974459999999999854e+04 -6.482974178774739658e-03
1.974790000000000146e+04 -6.506763294331729605e-03
1.975120000000000073e+04 -6.516111219009838688e-03
1.975450000000000000e+04 -6.570133918782144686e-03
1.975779999999999927e+04 -6.613694326856424562e-03
1.976109999999999854e+04 -6.676647453563415088e-03
1.976440000000000146e+04 -6.772022467349698809e-03
1.976770000000000073e+04 -6.873419143423652698e-03
1.977100000000000000e+04 -6.931946092568942556e-03
1.977429999999999927e+04 -6.974939615192870916e-03
1.977759999999999854e+04 -7.020755789462052206e-03
1.978090000000000146e+04 -7.085814938041349632e-03
1.978420000000000073e+04 -7.163208327613492660e-03
1.978750000000000000e+04 -7.183423745617873411e-03
1.979079999999999927e+04 -7.274999954783806580e-03
1.979409999999999854e+04 -7.300393261674142931e-03
1.979740000000000146e+04 -7.326931041441901195e-03
1.980070000000000073e+04 -7.378573535946928580e-03
1.980400000000000000e+04 -7.383232005417537068e-03
1.980720000000000073e+04 -7.425883569577736848e-03
1.981050000000000000e+04 -7.404304813678871250e-03
1.981379999999999927e+04 -7.372667661706423445e-03
1.981709999999999854e+04 -7.401798223040290461e-03
1.982040000000000146e+04 -7.389872128573833458e-03
1.982370000000000073e+04 -7.413871354933202450e-03
1.982700000000000000e+04 -7.463245341735947128e-03
1.983029999999999927e+04 -7.501963857480592988e-03
1.983359999999999854e+04 -7.491342058088514694e-03
1.983690000000000146e+04 -7.492103261332678545e-03
1.984020000000000073e+04 -7.476672673038358731e-03
1.984350000000000000e+04 -7.487552496695108403e-03
1.984679999999999927e+04 -7.492494577953751414e-03
1.985009999999999854e+04 -7.511742024465281435e-03
1.985340000000000146e+04 -7.552831002885085701e-03
1.985670000000000073e+04 -7.625848869285167461e-03
1.986000000000000000e+04 -7.674227934211659899e-03
1.986329999999999927e+04 -7.747366100451265683e-03
1.986659999999999854e+04 -7.756271067150495580e-03
1.986990000000000146e+04 -7.725990845019761917e-03
1.987309999999999854e+04 -7.680605651246607928e-03
1.987640000000000146e+04 -7.677067447775911928e-03
1.987970000000000073e+04 -7.704469877756266356e-03
1.988300000000000000e+04 -7.696130479939168080e-03
1.988629999999999927e+04 -7.753488881252532973e-03
1.988959999999999854e+04 -7.854090651214376897e-03
1.989290000000000146e+04 -7.831897993014728596e-03
1.989620000000000073e+04 -7.799239001747145308e-03
1.989950000000000000e+04 -7.764689762959989423e-03
1.990279999999999927e+04 -7.749060212415203805e-03
1.990609999999999854e+04 -7.735063056526630954e-03
1.990940000000000146e+04 -7.699192238669511773e-03
1.991270000000000073e+04 -7.717567933597900207e-03
1.991600000000000000e+04 -7.716098819557856703e-03
1.991929999999999927e+04 -7.725511813510962597e-03
1.992259999999999854e+04 -7.728352526053985927e-03
1.992590000000000146e+04 -7.713736191161600121e-03
