1.716800000000000000e+04 4.198218938000147045e-04
1.717129999999999927e+04 4.318345624249734279e-04
1.717459999999999854e+04 4.222139997860151032e-04
1.717790000000000146e+04 4.331095553715967367e-04
1.718120000000000073e+04 4.410743527044565823e-04
1.718450000000000000e+04 4.358221016052835832e-04
1.718779999999999927e+04 4.386503199672798950e-04
1.719109999999999854e+04 4.316787124818436609e-04
1.719440000000000146e+04 4.211447955974288986e-04
1.719770000000000073e+04 4.299043060823661000e-04
1.720100000000000000e+04 4.279709645707244106e-04
1.720429999999999927e+04 4.233470326674415303e-04
1.720759999999999854e+04 4.371077500061411238e-04
1.721090000000000146e+04 4.287964296118670828e-04
1.721420000000000073e+04 4.374118954371197603e-04
1.721750000000000000e+04 4.243427177034455266e-04
1.722079999999999927e+04 4.263563001308716210e-04
1.722409999999999854e+04 4.398954640600329026e-04
1.722729999999999927e+04 4.509947883032091936e-04
1.723059999999999854e+04 4.455551055620635245e-04
1.723390000000000146e+04 4.541698279484840590e-04
1.723720000000000073e+04 4.593489253850999762e-04
1.724050000000000000e+04 4.612578229146621048e-04
1.724379999999999927e+04 4.583583287277457263e-04
1.724709999999999854e+04 4.579285080730482842e-04
1.725040000000000146e+04 4.578079672090674111e-04
1.725370000000000073e+04 4.538227876473607380e-04
1.725700000000000000e+04 4.451188958767619244e-04
1.726029999999999927e+04 4.452113386534613292e-04
1.726359999999999854e+04 4.516655015719423113e-04
1.726690000000000146e+04 4.723530778358659083e-04
1.727020000000000073e+04 4.669890034077358015e-04
1.727350000000000000e+04 4.699736343390800643e-04
1.727679999999999927e+04 4.653141881932917716e-04
1.728009999999999854e+04 4.817042344979593615e-04
1.728340000000000146e+04 4.931711049711346882e-04
1.728670000000000073e+04 5.066020714222665240e-04
1.729000000000000000e+04 5.145216404219005038e-04
1.729320000000000073e+04 5.190650141408616365e-04
1.729650000000000000e+04 5.166772771285105693e-04
1.729979999999999927e+04 5.318840506773111348e-04
1.730309999999999854e+04 5.428024918056763683e-04
1.730640000000000146e+04 5.508129690195434506e-04
1.730970000000000073e+04 5.580265695107383597e-04
1.731300000000000000e+04 5.658008228529486311e-04
1.731629999999999927e+04 5.741132852973879382e-04
1.731959999999999854e+04 5.728784651531314796e-04
1.732290000000000146e+04 5.821063196349236584e-04
1.732620000000000073e+04 5.871992819636074647e-04
1.732950000000000000e+04 6.013631100387832563e-04
1.733279999999999927e+04 6.122921834135507980e-04
1.733609999999999854e+04 6.158165847969714144e-04
1.733940000000000146e+04 6.221915503866020910e-04
1.734270000000000073e+04 6.295132465859307669e-04
1.734600000000000000e+04 6.341022441562288664e-04
1.734929999999999927e+04 6.417345606304549616e-04
1.735259999999999854e+04 6.490559597799239926e-04
1.735579999999999927e+04 6.521929838066272073e-04
1.735909999999999854e+04 6.532342457486336150e-04
1.736240000000000146e+04 6.502361965257571477e-04
1.736570000000000073e+04 6.569396943803867874e-04
1.736900000000000000e+04 6.606255639131755663e-04
1.737229999999999927e+04 6.465537643191342568e-04
1.737559999999999854e+04 6.516910021647683970e-04
1.737890000000000146e+04 6.533480696472873878e-04
1.738220000000000073e+04 6.653894444292612507e-04
1.738550000000000000e+04 6.660915880872893182e-04
1.738879999999999927e+04 6.609630545709772745e-04
1.739209999999999854e+04 6.703277705739663648e-04
1.739540000000000146e+04 6.877451793727278485e-04
1.739870000000000073e+04 6.893842034857673240e-04
1.740200000000000000e+04 6.907178087257286178e-04
1.740529999999999927e+04 6.954853260669928774e-04
1.740859999999999854e+04 7.080878454737410789e-04
1.741190000000000146e+04 7.128862684316139911e-04
1.741520000000000073e+04 7.244328542644529103e-04
1.741850000000000000e+04 7.312728439675889990e-04
1.742170000000000073e+04 7.446876038191354869e-04
1.742500000000000000e+04 7.525766844173438974e-04
1.742829999999999927e+04 7.495996664691080818e-04
1.743159999999999854e+04 7.428097994982973008e-04
1.743490000000000146e+04 7.481057910627768011e-04
1.743820000000000073e+04 7.571272470059576968e-04
1.744150000000000000e+04 7.589075692562706650e-04
1.744479999999999927e+04 7.540113644716200545e-04
1.744809999999999854e+04 7.557778425236226028e-04
1.745140000000000146e+04 7.618639485015123516e-04
1.745470000000000073e+04 7.608416378311051546e-04
1.745800000000000000e+04 7.646759517595586768e-04
1.746129999999999927e+04 7.695325274386456737e-04
1.746459999999999854e+04 7.607050182545623332e-04
1.746790000000000146e+04 7.603186584570728905e-04
1.747120000000000073e+04 7.646111961276130667e-04
1.747450000000000000e+04 7.643761989232029843e-04
1.747779999999999927e+04 7.638957749750933252e-04
1.748109999999999854e+04 7.705490967108448832e-04
1.748429999999999927e+04 7.766996683307233898e-04
1.748759999999999854e+04 7.744706166854200451e-04
1.749090000000000146e+04 7.715039935412283363e-04
1.749420000000000073e+04 7.731703681474650942e-04
1.749750000000000000e+04 7.723145286888023374e-04
1.750079999999999927e+04 7.720999798496130636e-04
1.750409999999999854e+04 7.801611078470041408e-04
1.750740000000000146e+04 7.797853900301100587e-04
1.751070000000000073e+04 7.752964611528942711e-04
1.751400000000000000e+04 7.785304158419130297e-04
1.751729999999999927e+04 7.709577364372384055e-04
1.752059999999999854e+04 7.671713473603568182e-04
1.752390000000000146e+04 7.674744943503963163e-04
1.752720000000000073e+04 7.668733809554026956e-04
1.753050000000000000e+04 7.700449601016904266e-04
1.753379999999999927e+04 7.697738189450382658e-04
1.753709999999999854e+04 7.782256276754613133e-04
1.754040000000000146e+04 7.821507785801921908e-04
1.754370000000000073e+04 7.844045541579497188e-04
1.754700000000000000e+04 7.829925621765286775e-04
1.755020000000000073e+04 7.837770017666239979e-04
1.755350000000000000e+04 7.906707131659001858e-04
1.755679999999999927e+04 7.892684946716719847e-04
1.756009999999999854e+04 7.831149568464843263e-04
1.756340000000000146e+04 7.846985824747449920e-04
1.756670000000000073e+04 7.838129729196931022e-04
1.757000000000000000e+04 7.852718820343856715e-04
1.757329999999999927e+04 7.837617374330331553e-04
1.757659999999999854e+04 7.798147075514271550e-04
1.757990000000000146e+04 7.839973573938672493e-04
1.758320000000000073e+04 7.841949839334171578e-04
1.758650000000000000e+04 7.817825867269070396e-04
1.758979999999999927e+04 7.823704673358872251e-04
1.759309999999999854e+04 7.895666128071364247e-04
1.759640000000000146e+04 7.947269668253948566e-04
1.759970000000000073e+04 7.965675402115176412e-04
1.760300000000000000e+04 7.969545180862133617e-04
1.760629999999999927e+04 7.955712822594538909e-04
1.760959999999999854e+04 7.975253808429572057e-04
1.761290000000000146e+04 7.983060322977799392e-04
1.761609999999999854e+04 7.906729191408543240e-04
1.761940000000000146e+04 7.957712027190824277e-04
1.762270000000000073e+04 8.031123457951685725e-04
1.762600000000000000e+04 8.038576085333128769e-04
1.762929999999999927e+04 8.053867355724101144e-04
1.763259999999999854e+04 8.104182207959646604e-04
1.763590000000000146e+04 8.115339462569356793e-04
1.763920000000000073e+04 8.159895654533156099e-04
1.764250000000000000e+04 8.115398837919300581e-04
1.764579999999999927e+04 8.094746071311953841e-04
1.764909999999999854e+04 8.121894450960646591e-04
1.765240000000000146e+04 8.150741051475206235e-04
1.765570000000000073e+04 8.220952362327204601e-04
1.765900000000000000e+04 8.202584205263279858e-04
1.766229999999999927e+04 8.232022041407322964e-04
1.766559999999999854e+04 8.219750580329754147e-04
1.766890000000000146e+04 8.191686043688851254e-04
1.767220000000000073e+04 8.197978065619497545e-04
1.767550000000000000e+04 8.261481874741087930e-04
1.767870000000000073e+04 8.292344163587390266e-04
1.768200000000000000e+04 8.352839450591968392e-04
1.768529999999999927e+04 8.443612398871492772e-04
1.768859999999999854e+04 8.527109983566115870e-04
1.769190000000000146e+04 8.605878210505768164e-04
1.769520000000000073e+04 8.596309677596242899e-04
1.769850000000000000e+04 8.600931619907307589e-04
1.770179999999999927e+04 8.689368850972686463e-04
1.770509999999999854e+04 8.710806280894658419e-04
1.770840000000000146e+04 8.797010481637675561e-04
1.771170000000000073e+04 8.812620645056926235e-04
1.771500000000000000e+04 8.765920966700032051e-04
1.771829999999999927e+04 8.721751450616126687e-04
1.772159999999999854e+04 8.729087677217183764e-04
1.772490000000000146e+04 8.836351591894007216e-04
1.772820000000000073e+04 8.872429509817427893e-04
1.773150000000000000e+04 8.954505125621134128e-04
1.773479999999999927e+04 9.025717249127327216e-04
1.773809999999999854e+04 9.065901054863027223e-04
1.774140000000000146e+04 9.071089795962161044e-04
1.774459999999999854e+04 9.021830473349593893e-04
1.774790000000000146e+04 9.052812859591481470e-04
1.775120000000000073e+04 9.145377689945095520e-04
1.775450000000000000e+04 9.187052126334601223e-04
1.775779999999999927e+04 9.175661154156519467e-04
1.776109999999999854e+04 9.167038433714337197e-04
1.776440000000000146e+04 9.222284662471131635e-04
1.776770000000000073e+04 9.273951324752942099e-04
1.777100000000000000e+04 9.347500795804836215e-04
1.777429999999999927e+04 9.374417102199922042e-04
1.777759999999999854e+04 9.426371661270149978e-04
1.778090000000000146e+04 9.551519491227416668e-04
1.778420000000000073e+04 9.566547862603870175e-04
1.778750000000000000e+04 9.584480299125349963e-04
1.779079999999999927e+04 9.631767448226779757e-04
1.779409999999999854e+04 9.689175998682514465e-04
1.779740000000000146e+04 9.706911715432873676e-04
1.780070000000000073e+04 9.751786250234884164e-04
1.780400000000000000e+04 9.799273164325110648e-04
1.780720000000000073e+04 9.946463318342606622e-04
1.781050000000000000e+04 1.001553516430789921e-03
1.781379999999999927e+04 1.005892549014710414e-03
1.781709999999999854e+04 1.010370892055736805e-03
1.782040000000000146e+04 1.019906495826690363e-03
1.782370000000000073e+04 1.028227953526377261e-03
1.782700000000000000e+04 1.031289407720812094e-03
1.783029999999999927e+04 1.040265997402899708e-03
1.783359999999999854e+04 1.045801867399025935e-03
1.783690000000000146e+04 1.054307464770039065e-03
1.784020000000000073e+04 1.059913204121002003e-03
1.784350000000000000e+04 1.061405731997225061e-03
1.784679999999999927e+04 1.068316285726393427e-03
1.785009999999999854e+04 1.068327402768514713e-03
1.785340000000000146e+04 1.070714406059970758e-03
1.785670000000000073e+04 1.069924621359697944e-03
1.786000000000000000e+04 1.078006647915469816e-03
1.786329999999999927e+04 1.088502984724793983e-03
1.786659999999999854e+04 1.089506272238737264e-03
1.786990000000000146e+04 1.095408296669193740e-03
1.787309999999999854e+04 1.094329723350879850e-03
1.787640000000000146e+04 1.095814808632069801e-03
1.787970000000000073e+04 1.107986559322330896e-03
1.788300000000000000e+04 1.119848482527225318e-03
1.788629999999999927e+04 1.123254031969657570e-03
1.788959999999999854e+04 1.126466361694161830e-03
1.789290000000000146e+04 1.137996709131816261e-03
1.789620000000000073e+04 1.142441495821926167e-03
1.789950000000000000e+04 1.144500213120527420e-03
1.790279999999999927e+04 1.154357768926657325e-03
1.790609999999999854e+04 1.165477655957387199e-03
1.790940000000000146e+04 1.172333781534226236e-03
1.791270000000000073e+04 1.176601775119710596e-03
1.791600000000000000e+04 1.179772968642383039e-03
1.791929999999999927e+04 1.183380991387112530e-03
1.792259999999999854e+04 1.188316182591403394e-03
1.792590000000000146e+04 1.194037722909665729e-03
1.792920000000000073e+04 1.198213644437172301e-03
1.793250000000000000e+04 1.200212964011963552e-03
1.793570000000000073e+04 1.208335039325981759e-03
1.793900000000000000e+04 1.219641413296047167e-03
1.794229999999999927e+04 1.222448836728533359e-03
1.794559999999999854e+04 1.231155493989061949e-03
1.794890000000000146e+04 1.234991561942577060e-03
1.795220000000000073e+04 1.232885466792412853e-03
1.795550000000000000e+04 1.240712647253231632e-03
1.795879999999999927e+04 1.249709350941666025e-03
1.796209999999999854e+04 1.253842558836539131e-03
1.796540000000000146e+04 1.255251033131686393e-03
1.796870000000000073e+04 1.258030501731855107e-03
1.797200000000000000e+04 1.262197681424100798e-03
1.797529999999999927e+04 1.265658303174123627e-03
1.797859999999999854e+04 1.265673895232765885e-03
1.798190000000000146e+04 1.273169976094798515e-03
1.798520000000000073e+04 1.271434004293592063e-03
1.798850000000000000e+04 1.277735548991335360e-03
1.799179999999999927e+04 1.278607677015335467e-03
1.799509999999999854e+04 1.287634358892073569e-03
1.799840000000000146e+04 1.286311610501483403e-03
1.800159999999999854e+04 1.282818346119481839e-03
1.800490000000000146e+04 1.286129397718037979e-03
1.800820000000000073e+04 1.296033394032235914e-03
1.801150000000000000e+04 1.300710166643171111e-03
1.801479999999999927e+04 1.305852266659894177e-03
1.801809999999999854e+04 1.310739982969166134e-03
1.802140000000000146e+04 1.319179716923004654e-03
1.802470000000000073e+04 1.311176435461184958e-03
1.802800000000000000e+04 1.318529324749691690e-03
1.803129999999999927e+04 1.322212195461963365e-03
1.803459999999999854e+04 1.317261246256298465e-03
1.803790000000000146e+04 1.328963084789201981e-03
1.804120000000000073e+04 1.343360681879991097e-03
1.804450000000000000e+04 1.349951646618386498e-03
1.804779999999999927e+04 1.350681539657220447e-03
1.805109999999999854e+04 1.358864467042037198e-03
1.805440000000000146e+04 1.364676825891840157e-03
1.805770000000000073e+04 1.363688554360552307e-03
1.806100000000000000e+04 1.368591608528044309e-03
1.806429999999999927e+04 1.381593747816964573e-03
1.806750000000000000e+04 1.373355742744588855e-03
1.807079999999999927e+04 1.374705194449990552e-03
1.807409999999999854e+04 1.381816263650648092e-03
1.807740000000000146e+04 1.384919217709334799e-03
1.808070000000000073e+04 1.389179021213297329e-03
1.808400000000000000e+04 1.394094537805704503e-03
1.808729999999999927e+04 1.389583533453419900e-03
1.809059999999999854e+04 1.396355063366397148e-03
1.809390000000000146e+04 1.391109329322060039e-03
1.809720000000000073e+04 1.393998027180574223e-03
1.810050000000000000e+04 1.393123353968095087e-03
1.810379999999999927e+04 1.386031247108169455e-03
1.810709999999999854e+04 1.385077404621978901e-03
1.811040000000000146e+04 1.370521565037881914e-03
1.811370000000000073e+04 1.375368374408408867e-03
1.811700000000000000e+04 1.386351280385454731e-03
1.812029999999999927e+04 1.385603664176186713e-03
1.812359999999999854e+04 1.384927338132728837e-03
1.812690000000000146e+04 1.395488411960645351e-03
1.813009999999999854e+04 1.397578427152394416e-03
1.813340000000000146e+04 1.396184088411557339e-03
1.813670000000000073e+04 1.394543356122672842e-03
1.814000000000000000e+04 1.384787092843324345e-03
1.814329999999999927e+04 1.380842481002052605e-03
1.814659999999999854e+04 1.387892429417926076e-03
1.814990000000000146e+04 1.391940051994928259e-03
1.815320000000000073e+04 1.384476713771178816e-03
1.815650000000000000e+04 1.386289598741675564e-03
1.815979999999999927e+04 1.385188785981386400e-03
1.816309999999999854e+04 1.391534395311728707e-03
1.816640000000000146e+04 1.397591063080427277e-03
1.816970000000000073e+04 1.400736301977344904e-03
1.817300000000000000e+04 1.398671122755103594e-03
1.817629999999999927e+04 1.395999587063382046e-03
1.817959999999999854e+04 1.391411181830233329e-03
1.818290000000000146e+04 1.398864821250840216e-03
1.818620000000000073e+04 1.399160700444536777e-03
1.818950000000000000e+04 1.401773128160194734e-03
1.819279999999999927e+04 1.394319348298291017e-03
1.819600000000000000e+04 1.393066600175200649e-03
1.819929999999999927e+04 1.399044865579856384e-03
1.820259999999999854e+04 1.399966747092095537e-03
1.820590000000000146e+04 1.398306693796408763e-03
1.820920000000000073e+04 1.398344655166971606e-03
1.821250000000000000e+04 1.398106243952858653e-03
1.821579999999999927e+04 1.395237740065086163e-03
1.821909999999999854e+04 1.384527172352176131e-03
1.822240000000000146e+04 1.385457958680674870e-03
1.822570000000000073e+04 1.389399314348975815e-03
1.822900000000000000e+04 1.389939493481732883e-03
1.823229999999999927e+04 1.412070981438470502e-03
1.823559999999999854e+04 1.417688460841500441e-03
1.823890000000000146e+04 1.413507490322664893e-03
1.824220000000000073e+04 1.418422110066672268e-03
1.824550000000000000e+04 1.434396770490714958e-03
1.824879999999999927e+04 1.441555787522750534e-03
1.825209999999999854e+04 1.450556374582501716e-03
1.825540000000000146e+04 1.457568691602432239e-03
1.825859999999999854e+04 1.476685723602898020e-03
1.826190000000000146e+04 1.484455037947267917e-03
1.826520000000000073e+04 1.492679649575790737e-03
1.826850000000000000e+04 1.504955749401949879e-03
1.827179999999999927e+04 1.522615218473347435e-03
1.827509999999999854e+04 1.555675594758178975e-03
1.827840000000000146e+04 1.567208975857000515e-03
1.828170000000000073e+04 1.578965078582782308e-03
1.828500000000000000e+04 1.587111150731045474e-03
1.828829999999999927e+04 1.605225567993680356e-03
1.829159999999999854e+04 1.605473091968216953e-03
1.829490000000000146e+04 1.623289344237049655e-03
1.829820000000000073e+04 1.640163116786374446e-03
1.830150000000000000e+04 1.670973683903282606e-03
1.830479999999999927e+04 1.704151644824087458e-03
1.830809999999999854e+04 1.738875971389290372e-03
1.831140000000000146e+04 1.751475666119594547e-03
1.831470000000000073e+04 1.777537842685873596e-03
1.831800000000000000e+04 1.799040752848365260e-03
1.832129999999999927e+04 1.835668735627706471e-03
1.832450000000000000e+04 1.859229874735869245e-03
1.832779999999999927e+04 1.876165572832133675e-03
1.833109999999999854e+04 1.914481875360094735e-03
1.833440000000000146e+04 1.943843604316636232e-03
1.833770000000000073e+04 1.966022000120659988e-03
1.834100000000000000e+04 2.004282184493375030e-03
1.834429999999999927e+04 2.030470625312016508e-03
1.834759999999999854e+04 2.060569922660219436e-03
1.835090000000000146e+04 2.101019565740705562e-03
1.835420000000000073e+04 2.149204257708323476e-03
1.835750000000000000e+04 2.194532367321362469e-03
1.836079999999999927e+04 2.238276417161540535e-03
1.836409999999999854e+04 2.280219144824467952e-03
1.836740000000000146e+04 2.312213535423302078e-03
1.837070000000000073e+04 2.361212130223844415e-03
1.837400000000000000e+04 2.402260682278489160e-03
1.837729999999999927e+04 2.446371322795522218e-03
1.838059999999999854e+04 2.489814450625028961e-03
1.838390000000000146e+04 2.545655756469410950e-03
1.838709999999999854e+04 2.588287745037198048e-03
1.839040000000000146e+04 2.629915911525522627e-03
1.839370000000000073e+04 2.660347240217258383e-03
1.839700000000000000e+04 2.695864034052497006e-03
1.840029999999999927e+04 2.729746747161443735e-03
1.840359999999999854e+04 2.784956165944660247e-03
1.840690000000000146e+04 2.829733210034810365e-03
1.841020000000000073e+04 2.860506277653010031e-03
1.841350000000000000e+04 2.905922979441253381e-03
1.841679999999999927e+04 2.958671434951485376e-03
1.842009999999999854e+04 3.003103212394332613e-03
1.842340000000000146e+04 3.051501692909524329e-03
1.842670000000000073e+04 3.102545938426286287e-03
1.843000000000000000e+04 3.155551591170224681e-03
1.843329999999999927e+04 3.201332731370016508e-03
1.843659999999999854e+04 3.255441142532771587e-03
1.843990000000000146e+04 3.297778092819530615e-03
1.844320000000000073e+04 3.352513891621208830e-03
1.844650000000000000e+04 3.398343853378596371e-03
1.844979999999999927e+04 3.455310454049645603e-03
1.845300000000000000e+04 3.501209670692645003e-03
1.845629999999999927e+04 3.560960498393071338e-03
1.845959999999999854e+04 3.590881870199466065e-03
1.846290000000000146e+04 3.644334139341693073e-03
1.846620000000000073e+04 3.639669041185842821e-03
1.846950000000000000e+04 3.673179291669425098e-03
1.847279999999999927e+04 3.707395657869369272e-03
1.847609999999999854e+04 3.730569954543822009e-03
1.847940000000000146e+04 3.735869499834872445e-03
1.848270000000000073e+04 3.757834290018979579e-03
1.848600000000000000e+04 3.765379799844623815e-03
1.848929999999999927e+04 3.778043139132030142e-03
1.849259999999999854e+04 3.801861672240794410e-03
1.849590000000000146e+04 3.802184166894329205e-03
1.849920000000000073e+04 3.826699637628120688e-03
1.850250000000000000e+04 3.862877911283659014e-03
1.850579999999999927e+04 3.907347621165686846e-03
1.850909999999999854e+04 3.958078800434793390e-03
1.851240000000000146e+04 3.969007679272513328e-03
1.851570000000000073e+04 3.973628642184168572e-03
1.851890000000000146e+04 3.981553239554608443e-03
1.852220000000000073e+04 4.005100569598764142e-03
1.852550000000000000e+04 4.035330390643395403e-03
1.852879999999999927e+04 4.074518328770386846e-03
1.853209999999999854e+04 4.113633463287094671e-03
1.853540000000000146e+04 4.143078754018642354e-03
1.853870000000000073e+04 4.190323784378103406e-03
1.854200000000000000e+04 4.239373212338325148e-03
1.854529999999999927e+04 4.300821296283891329e-03
1.854859999999999854e+04 4.326156494354157708e-03
1.855190000000000146e+04 4.378920946664069738e-03
1.855520000000000073e+04 4.436284650208741423e-03
1.855850000000000000e+04 4.503854138638831162e-03
1.856179999999999927e+04 4.569658698745763387e-03
1.856509999999999854e+04 4.631095510776728208e-03
1.856840000000000146e+04 4.690037865823420103e-03
1.857170000000000073e+04 4.735521940881112953e-03
1.857500000000000000e+04 4.796823987858799508e-03
1.857829999999999927e+04 4.870351407834564925e-03
1.858150000000000000e+04 4.926760880754142008e-03
1.858479999999999927e+04 4.984048224422610307e-03
1.858809999999999854e+04 5.034173122933177820e-03
1.859140000000000146e+04 5.097274402363646470e-03
1.859470000000000073e+04 5.159962189757968595e-03
1.859800000000000000e+04 5.223896693489250842e-03
1.860129999999999927e+04 5.280625942911816931e-03
1.860459999999999854e+04 5.358017199153321079e-03
1.860790000000000146e+04 5.426225304428928913e-03
1.861120000000000073e+04 5.516166785307275236e-03
1.861450000000000000e+04 5.620603478121092254e-03
1.861779999999999927e+04 5.702296950708958534e-03
1.862109999999999854e+04 5.786740522172303079e-03
1.862440000000000146e+04 5.888894601427974683e-03
1.862770000000000073e+04 5.977854453735374253e-03
1.863100000000000000e+04 6.128717898663362147e-03
1.863429999999999927e+04 6.231934093947071214e-03
1.863759999999999854e+04 6.335192695332061801e-03
1.864090000000000146e+04 6.457704707755266595e-03
1.864420000000000073e+04 6.646823623990619212e-03
1.864740000000000146e+04 6.789374352690515611e-03
1.865070000000000073e+04 6.925236447490375029e-03
1.865400000000000000e+04 7.090351361112384732e-03
1.865729999999999927e+04 7.242030426868676686e-03
1.866059999999999854e+04 7.399074061626306764e-03
1.866390000000000146e+04 7.545623371178549268e-03
1.866720000000000073e+04 7.674540180954357929e-03
1.867050000000000000e+04 7.792076966053536856e-03
1.867379999999999927e+04 7.923383625818916642e-03
1.867709999999999854e+04 8.098906659800311075e-03
1.868040000000000146e+04 8.304819243221295277e-03
1.868370000000000073e+04 8.557922493469890743e-03
1.868700000000000000e+04 8.801667419384616442e-03
1.869029999999999927e+04 9.020413186591601240e-03
1.869359999999999854e+04 9.286641231302709618e-03
1.869690000000000146e+04 9.538767607723781100e-03
1.870020000000000073e+04 9.658785416780878499e-03
1.870350000000000000e+04 9.758664362644864018e-03
1.870679999999999927e+04 9.965250433025693577e-03
1.871000000000000000e+04 1.025845704377296649e-02
1.871329999999999927e+04 1.046945470847952808e-02
1.871659999999999854e+04 1.061660351665537697e-02
1.871990000000000146e+04 1.077898592213924998e-02
1.872320000000000073e+04 1.093110826904993005e-02
1.872650000000000000e+04 1.110252418133992995e-02
1.872979999999999927e+04 1.123578548601926810e-02
1.873309999999999854e+04 1.139379488483295046e-02
1.873640000000000146e+04 1.155059390820490674e-02
1.873970000000000073e+04 1.173140905395390378e-02
1.874300000000000000e+04 1.179258894226823361e-02
1.874629999999999927e+04 1.195342772217478783e-02
1.874959999999999854e+04 1.202725684175782322e-02
1.875290000000000146e+04 1.211637979457091084e-02
1.875620000000000073e+04 1.220434733204166927e-02
1.875950000000000000e+04 1.236166713623304721e-02
1.876279999999999927e+04 1.251525601082387369e-02
1.876609999999999854e+04 1.264368070395853819e-02
1.876940000000000146e+04 1.273903712531314694e-02
1.877270000000000073e+04 1.289198176715825213e-02
1.877590000000000146e+04 1.309958005399299019e-02
1.877920000000000073e+04 1.318617820101070787e-02
1.878250000000000000e+04 1.336350337716020811e-02
1.878579999999999927e+04 1.354119182712902950e-02
1.878909999999999854e+04 1.376871912691448978e-02
1.879240000000000146e+04 1.400797858863329741e-02
1.879570000000000073e+04 1.424768882097521630e-02
1.879900000000000000e+04 1.452351227340365966e-02
1.880229999999999927e+04 1.480560776353724572e-02
1.880559999999999854e+04 1.509388989574786920e-02
1.880890000000000146e+04 1.533054900363178819e-02
1.881220000000000073e+04 1.559902158232108309e-02
1.881550000000000000e+04 1.589816595799142460e-02
1.881879999999999927e+04 1.617818589857314415e-02
1.882209999999999854e+04 1.645941691247942290e-02
1.882540000000000146e+04 1.675587441986641987e-02
1.882870000000000073e+04 1.705603065766767359e-02
1.883200000000000000e+04 1.736448695001814591e-02
1.883529999999999927e+04 1.767558269121139586e-02
1.883859999999999854e+04 1.798594714007769810e-02
1.884179999999999927e+04 1.826733475247063754e-02
1.884509999999999854e+04 1.855370364696419874e-02
1.884840000000000146e+04 1.878795408225957322e-02
1.885170000000000073e+04 1.902153637088286817e-02
1.885500000000000000e+04 1.928168653230741963e-02
1.885829999999999927e+04 1.948415804370724064e-02
1.886159999999999854e+04 1.969291426150359889e-02
1.886490000000000146e+04 2.005166882747679361e-02
1.886820000000000073e+04 2.043590785244795566e-02
1.887150000000000000e+04 2.071833625002883483e-02
1.887479999999999927e+04 2.089774630345086343e-02
1.887809999999999854e+04 2.119427921832063924e-02
1.888140000000000146e+04 2.154761298612075868e-02
1.888470000000000073e+04 2.187602721162295802e-02
1.888800000000000000e+04 2.220204377970292145e-02
1.889129999999999927e+04 2.251293476996108281e-02
1.889459999999999854e+04 2.288230080782311521e-02
1.889790000000000146e+04 2.322380756662142595e-02
1.890120000000000073e+04 2.358502804557717145e-02
1.890440000000000146e+04 2.390894380591108981e-02
1.890770000000000073e+04 2.435031982243529569e-02
1.891100000000000000e+04 2.471797253257657090e-02
1.891429999999999927e+04 2.516680634298543162e-02
1.891759999999999854e+04 2.559427814286282035e-02
1.892090000000000146e+04 2.603609789189640505e-02
1.892420000000000073e+04 2.642683463457013576e-02
1.892750000000000000e+04 2.681237900780579150e-02
1.893079999999999927e+04 2.723813571787772267e-02
1.893409999999999854e+04 2.764613634115089050e-02
1.893740000000000146e+04 2.802796740582425353e-02
1.894070000000000073e+04 2.833969332616908393e-02
1.894400000000000000e+04 2.872866135661485826e-02
1.894729999999999927e+04 2.905767451213542643e-02
1.895059999999999854e+04 2.938151983455790373e-02
1.895390000000000146e+04 2.969937093992555330e-02
1.895720000000000073e+04 2.997627329401107710e-02
1.896050000000000000e+04 3.026296060961780263e-02
1.896379999999999927e+04 3.052277953010219119e-02
1.896709999999999854e+04 3.076282314230220985e-02
1.897029999999999927e+04 3.096861324170333343e-02
1.897359999999999854e+04 3.118148056504588955e-02
1.897690000000000146e+04 3.142893923810904239e-02
1.898020000000000073e+04 3.163558027993620958e-02
1.898350000000000000e+04 3.184564910841263669e-02
1.898679999999999927e+04 3.206370196394067035e-02
1.899009999999999854e+04 3.225910612942659711e-02
1.899340000000000146e+04 3.245273741610840701e-02
1.899670000000000073e+04 3.262022616952171827e-02
1.900000000000000000e+04 3.280877637905661032e-02
1.900329999999999927e+04 3.297998644142267899e-02
1.900659999999999854e+04 3.316002570613082318e-02
1.900990000000000146e+04 3.329016326688169491e-02
1.901320000000000073e+04 3.341255539910564787e-02
1.901650000000000000e+04 3.351842562262439401e-02
1.901979999999999927e+04 3.364676946779381062e-02
1.902309999999999854e+04 3.377978901166467374e-02
1.902640000000000146e+04 3.392817492408297525e-02
1.902970000000000073e+04 3.402606868338910878e-02
1.903290000000000146e+04 3.411920596888116941e-02
1.903620000000000073e+04 3.418665329642701922e-02
1.903950000000000000e+04 3.426162409621079374e-02
1.904279999999999927e+04 3.432703080872186174e-02
1.904609999999999854e+04 3.436902674704405553e-02
1.904940000000000146e+04 3.441689124408076755e-02
1.905270000000000073e+04 3.448200369794826581e-02
1.905600000000000000e+04 3.453467422323887315e-02
1.905929999999999927e+04 3.458278482343124516e-02
1.906259999999999854e+04 3.460616772925448337e-02
1.906590000000000146e+04 3.462361946657026984e-02
1.906920000000000073e+04 3.464331091776419458e-02
1.907250000000000000e+04 3.461560028650376847e-02
1.907579999999999927e+04 3.459380667091053324e-02
1.907909999999999854e+04 3.456556335177760758e-02
1.908240000000000146e+04 3.455832772439254574e-02
1.908570000000000073e+04 3.450480096885161913e-02
1.908900000000000000e+04 3.443970485769361212e-02
1.909229999999999927e+04 3.436341956626132177e-02
1.909559999999999854e+04 3.427940310044572808e-02
1.909879999999999927e+04 3.423176572663307049e-02
1.910209999999999854e+04 3.413813417631032104e-02
1.910540000000000146e+04 3.406468539263306228e-02
1.910870000000000073e+04 3.399523581240421893e-02
1.911200000000000000e+04 3.392367363155127102e-02
1.911529999999999927e+04 3.384046444035383738e-02
1.911859999999999854e+04 3.367510341872870239e-02
1.912190000000000146e+04 3.353780135882261648e-02
1.912520000000000073e+04 3.336764248248728915e-02
1.912850000000000000e+04 3.320056580982270328e-02
1.913179999999999927e+04 3.305059695584278839e-02
1.913509999999999854e+04 3.291036111354667115e-02
1.913840000000000146e+04 3.275200789872455276e-02
1.914170000000000073e+04 3.254980658093157425e-02
1.914500000000000000e+04 3.236175204939035349e-02
1.914829999999999927e+04 3.214548800722713540e-02
1.915159999999999854e+04 3.193847229565671686e-02
1.915490000000000146e+04 3.174673666607393668e-02
1.915820000000000073e+04 3.156034711500509127e-02
1.916140000000000146e+04 3.136772625781653057e-02
1.916470000000000073e+04 3.113924503126094465e-02
1.916800000000000000e+04 3.090714654446516385e-02
1.917129999999999927e+04 3.065533192042408858e-02
1.917459999999999854e+04 3.041542366012146489e-02
1.917790000000000146e+04 3.018926224156084914e-02
1.918120000000000073e+04 2.997705399761442860e-02
1.918450000000000000e+04 2.972028948151538702e-02
1.918779999999999927e+04 2.946340367711454758e-02
1.919109999999999854e+04 2.919540394122261198e-02
1.919440000000000146e+04 2.894317033873799669e-02
1.919770000000000073e+04 2.866650298632676674e-02
1.920100000000000000e+04 2.841152972853825884e-02
1.920429999999999927e+04 2.814253662415534124e-02
1.920759999999999854e+04 2.786169265128791289e-02
1.921090000000000146e+04 2.760125592150048518e-02
1.921420000000000073e+04 2.731084992476037407e-02
1.921750000000000000e+04 2.700795597115286661e-02
1.922079999999999927e+04 2.670354511514852133e-02
1.922409999999999854e+04 2.640319013544676144e-02
1.922729999999999927e+04 2.609672698642914040e-02
1.923059999999999854e+04 2.580144518967288428e-02
1.923390000000000146e+04 2.549202083555533044e-02
1.923720000000000073e+04 2.520280397327614996e-02
1.924050000000000000e+04 2.489243155288613576e-02
1.924379999999999927e+04 2.458297938694476228e-02
1.924709999999999854e+04 2.426958313848047444e-02
1.925040000000000146e+04 2.396483265956364517e-02
1.925370000000000073e+04 2.363830548451706023e-02
1.925700000000000000e+04 2.334158849584437589e-02
1.926029999999999927e+04 2.302990570276371857e-02
1.926359999999999854e+04 2.269478768683112074e-02
1.926690000000000146e+04 2.238432369582037812e-02
1.927020000000000073e+04 2.205341589176232006e-02
1.927350000000000000e+04 2.174454049261754021e-02
1.927679999999999927e+04 2.141543906551899093e-02
1.928009999999999854e+04 2.108266328958533289e-02
1.928340000000000146e+04 2.078063183574210132e-02
1.928670000000000073e+04 2.045228363951527573e-02
1.929000000000000000e+04 2.012633242356235905e-02
1.929320000000000073e+04 1.980812205706745238e-02
1.929650000000000000e+04 1.948596247734617204e-02
1.929979999999999927e+04 1.915782233320190153e-02
1.930309999999999854e+04 1.884406735346085340e-02
1.930640000000000146e+04 1.853732790008605358e-02
1.930970000000000073e+04 1.823273277814475152e-02
1.931300000000000000e+04 1.794016875292159252e-02
1.931629999999999927e+04 1.762315044852414553e-02
1.931959999999999854e+04 1.729170147139113406e-02
1.932290000000000146e+04 1.694161667151567949e-02
1.932620000000000073e+04 1.662542970546098883e-02
1.932950000000000000e+04 1.629466825439750827e-02
1.933279999999999927e+04 1.597905193494102843e-02
1.933609999999999854e+04 1.569115222181862238e-02
1.933940000000000146e+04 1.540434095241859785e-02
1.934270000000000073e+04 1.510586611530205341e-02
1.934600000000000000e+04 1.479803493868446333e-02
1.934929999999999927e+04 1.449668565976416044e-02
1.935259999999999854e+04 1.418768606957811727e-02
1.935579999999999927e+04 1.388370967197496628e-02
1.935909999999999854e+04 1.357777087680262819e-02
1.936240000000000146e+04 1.327565855841735497e-02
1.936570000000000073e+04 1.297761369387086944e-02
1.936900000000000000e+04 1.268846443529245832e-02
1.937229999999999927e+04 1.240536617307735727e-02
1.937559999999999854e+04 1.210101818159274763e-02
1.937890000000000146e+04 1.182402292829854915e-02
1.938220000000000073e+04 1.154744536737389166e-02
1.938550000000000000e+04 1.126394535312491563e-02
1.938879999999999927e+04 1.096854118555125497e-02
1.939209999999999854e+04 1.068641099713849886e-02
1.939540000000000146e+04 1.039652554727570240e-02
1.939870000000000073e+04 1.011453773899155875e-02
1.940200000000000000e+04 9.848016585457726804e-03
1.940529999999999927e+04 9.584530126460526905e-03
1.940859999999999854e+04 9.323964499512010437e-03
1.941190000000000146e+04 9.058390602336832687e-03
1.941520000000000073e+04 8.795226635774691312e-03
1.941850000000000000e+04 8.540571136993295454e-03
1.942170000000000073e+04 8.265260998716114985e-03
1.942500000000000000e+04 7.989638057355433198e-03
1.942829999999999927e+04 7.738297088003666738e-03
1.943159999999999854e+04 7.485149396035641750e-03
1.943490000000000146e+04 7.217327662613006942e-03
1.943820000000000073e+04 6.946757798668685459e-03
1.944150000000000000e+04 6.686321454701917889e-03
1.944479999999999927e+04 6.441181603098888354e-03
1.944809999999999854e+04 6.201420231774274275e-03
1.945140000000000146e+04 5.971653519573454083e-03
1.945470000000000073e+04 5.748775248039104252e-03
1.945800000000000000e+04 5.511880276931422490e-03
1.946129999999999927e+04 5.268140718893067620e-03
1.946459999999999854e+04 5.036377436097311776e-03
1.946790000000000146e+04 4.789689967127989424e-03
1.947120000000000073e+04 4.540768263281791915e-03
1.947450000000000000e+04 4.309496567540028328e-03
1.947779999999999927e+04 4.070458032118156114e-03
1.948109999999999854e+04 3.843787718380993566e-03
1.948429999999999927e+04 3.623965808939421784e-03
1.948759999999999854e+04 3.414443614564363454e-03
1.949090000000000146e+04 3.207941404081741336e-03
1.949420000000000073e+04 3.005473477703145962e-03
1.949750000000000000e+04 2.795587372734587971e-03
1.950079999999999927e+04 2.575113712005784594e-03
1.950409999999999854e+04 2.363172484971294215e-03
1.950740000000000146e+04 2.158316729180334136e-03
1.951070000000000073e+04 1.955965060395299052e-03
1.951400000000000000e+04 1.766331916429103935e-03
1.951729999999999927e+04 1.579735519691660662e-03
1.952059999999999854e+04 1.368508386851451531e-03
1.952390000000000146e+04 1.172960811443172222e-03
1.952720000000000073e+04 9.952407746661724557e-04
1.953050000000000000e+04 8.127112667076207561e-04
1.953379999999999927e+04 6.285276975817675593e-04
1.953709999999999854e+04 4.441793909119947270e-04
1.954040000000000146e+04 2.833614513182771701e-04
1.954370000000000073e+04 1.154246156468404443e-04
1.954700000000000000e+04 -5.964428208532677697e-05
1.955020000000000073e+04 -2.407481779003197125e-04
1.955350000000000000e+04 -3.973668843754628527e-04
1.955679999999999927e+04 -5.536506551186039368e-04
1.956009999999999854e+04 -7.054208982891653880e-04
1.956340000000000146e+04 -8.535531655257999400e-04
1.956670000000000073e+04 -1.012110529269291247e-03
1.957000000000000000e+04 -1.155592994966889902e-03
1.957329999999999927e+04 -1.300004068046344821e-03
1.957659999999999854e+04 -1.445746672479260569e-03
1.957990000000000146e+04 -1.586827323059130301e-03
1.958320000000000073e+04 -1.733625501319785954e-03
1.958650000000000000e+04 -1.867205738372824724e-03
1.958979999999999927e+04 -1.993544066469042381e-03
1.959309999999999854e+04 -2.136752351961561901e-03
1.959640000000000146e+04 -2.268920578055896777e-03
1.959970000000000073e+04 -2.377335207124413926e-03
1.960300000000000000e+04 -2.510011380334890678e-03
1.960629999999999927e+04 -2.651017693723037218e-03
1.960959999999999854e+04 -2.798146085636379551e-03
1.961290000000000146e+04 -2.942583826915305678e-03
1.961609999999999854e+04 -3.081461079211030712e-03
1.961940000000000146e+04 -3.191845768171501681e-03
1.962270000000000073e+04 -3.327879422206438381e-03
1.962600000000000000e+04 -3.452020816913792776e-03
1.962929999999999927e+04 -3.565912963680893406e-03
1.963259999999999854e+04 -3.667458820596519731e-03
1.963590000000000146e+04 -3.743878694525137017e-03
1.963920000000000073e+04 -3.862550193806935529e-03
1.964250000000000000e+04 -3.955669131764027839e-03
1.964579999999999927e+04 -4.062984308846787074e-03
1.964909999999999854e+04 -4.187849023379590363e-03
1.965240000000000146e+04 -4.303913730779985493e-03
1.965570000000000073e+04 -4.427790421227632660e-03
1.965900000000000000e+04 -4.493600655465918026e-03
1.966229999999999927e+04 -4.534748851642490808e-03
1.966559999999999854e+04 -4.584441518411943445e-03
1.966890000000000146e+04 -4.668055360868672565e-03
1.967220000000000073e+04 -4.767868150170126960e-03
1.967550000000000000e+04 -4.835144941523131581e-03
1.967870000000000073e+04 -4.944942086149733962e-03
1.968200000000000000e+04 -5.029144916589226542e-03
1.968529999999999927e+04 -5.093754838476502456e-03
1.968859999999999854e+04 -5.165079320896734036e-03
1.969190000000000146e+04 -5.212768045744315022e-03
1.969520000000000073e+04 -5.279892719129421381e-03
1.969850000000000000e+04 -5.329305947931055158e-03
1.970179999999999927e+04 -5.386438807523991588e-03
1.970509999999999854e+04 -5.489871283267305779e-03
1.970840000000000146e+04 -5.596000839634272112e-03
1.971170000000000073e+04 -5.679886488856017608e-03
1.971500000000000000e+04 -5.707289440958343563e-03
1.971829999999999927e+04 -5.767178603715595285e-03
1.972159999999999854e+04 -5.796471144323991215e-03
1.972490000000000146e+04 -5.821885165428198651e-03
1.972820000000000073e+04 -5.906948593649073015e-03
1.973150000000000000e+04 -5.996066905726907086e-03
1.973479999999999927e+04 -6.084576191437399313e-03
1.973809999999999854e+04 -6.170101360255138105e-03
1.974140000000000146e+04 -6.258380154912234969e-03
1.974459999999999854e+04 -6.342806732376750703e-03
1.974790000000000146e+04 -6.372653312563962384e-03
1.975120000000000073e+04 -6.402721669108381655e-03
1.975450000000000000e+04 -6.447241812138884177e-03
1.975779999999999927e+04 -6.486235341832285485e-03
1.976109999999999854e+04 -6.553507160286454331e-03
1.976440000000000146e+04 -6.639068833314987032e-03
1.976770000000000073e+04 -6.703175196378921390e-03
1.977100000000000000e+04 -6.749933650456390634e-03
1.977429999999999927e+04 -6.751953980277660035e-03
1.977759999999999854e+04 -6.787962790109904401e-03
1.978090000000000146e+04 -6.828328128036904691e-03
1.978420000000000073e+04 -6.897741625277333151e-03
1.978750000000000000e+04 -6.918361294582609650e-03
1.979079999999999927e+04 -6.989711894257627164e-03
1.979409999999999854e+04 -7.009601578091838141e-03
1.979740000000000146e+04 -7.038890098169465516e-03
1.980070000000000073e+04 -7.076125618328089201e-03
1.980400000000000000e+04 -7.077731937160325337e-03
1.980720000000000073e+04 -7.124753019361031170e-03
1.981050000000000000e+04 -7.135108361055695139e-03
1.981379999999999927e+04 -7.114437433149076867e-03
1.981709999999999854e+04 -7.131700774689350361e-03
1.982040000000000146e+04 -7.132645360463642399e-03
1.982370000000000073e+04 -7.163650779564369360e-03
1.982700000000000000e+04 -7.209254168577585928e-03
1.983029999999999927e+04 -7.264950063182239876e-03
1.983359999999999854e+04 -7.283786948050368672e-03
1.983690000000000146e+04 -7.294325344262518607e-03
1.984020000000000073e+04 -7.319057054071731808e-03
1.984350000000000000e+04 -7.345607498304963789e-03
1.984679999999999927e+04 -7.348910799479123693e-03
1.985009999999999854e+04 -7.381643870639581495e-03
1.985340000000000146e+04 -7.425726204605248224e-03
1.985670000000000073e+04 -7.493835102971195712e-03
1.986000000000000000e+04 -7.550126423983170507e-03
1.986329999999999927e+04 -7.626928815192576469e-03
1.986659999999999854e+04 -7.614747560921520005e-03
1.986990000000000146e+04 -7.580072605136107221e-03
1.987309999999999854e+04 -7.553551732876992095e-03
1.987640000000000146e+04 -7.562628115024718975e-03
1.987970000000000073e+04 -7.603691276223312548e-03
1.988300000000000000e+04 -7.625002130207997678e-03
1.988629999999999927e+04 -7.669379779750288249e-03
1.988959999999999854e+04 -7.750537380705706594e-03
1.989290000000000146e+04 -7.728381908520778019e-03
1.989620000000000073e+04 -7.698841274644618350e-03
1.989950000000000000e+04 -7.674413611723562151e-03
1.990279999999999927e+04 -7.665482395055640483e-03
1.990609999999999854e+04 -7.665388115232167100e-03
1.990940000000000146e+04 -7.633965581114045273e-03
1.991270000000000073e+04 -7.656834862350026839e-03
1.991600000000000000e+04 -7.668230925713257623e-03
1.991929999999999927e+04 -7.682947698285061584e-03
1.992259999999999854e+04 -7.667205389707353047e-03
1.992590000000000146e+04 -7.657177880064534523e-03
