1.716800000000000000e+04 6.066981592916890218e-04
1.717129999999999927e+04 5.954921860051239383e-04
1.717459999999999854e+04 6.025288242496045117e-04
1.717790000000000146e+04 6.024730808494023308e-04
1.718120000000000073e+04 5.933206326427307824e-04
1.718450000000000000e+04 6.097049002232989836e-04
1.718779999999999927e+04 6.267958565801236498e-04
1.719109999999999854e+04 6.350087276923891506e-04
1.719440000000000146e+04 6.451164615566103632e-04
1.719770000000000073e+04 6.564796553981659287e-04
1.720100000000000000e+04 6.524746247980764500e-04
1.720429999999999927e+04 6.692524001065688162e-04
1.720759999999999854e+04 6.648807564641572281e-04
1.721090000000000146e+04 6.702767282928419725e-04
1.721420000000000073e+04 6.599758801959780975e-04
1.721750000000000000e+04 6.678215783051727125e-04
1.722079999999999927e+04 6.637329081742051034e-04
1.722409999999999854e+04 6.637954830013698126e-04
1.722729999999999927e+04 6.665793522421469518e-04
1.723059999999999854e+04 6.516367138195889750e-04
1.723390000000000146e+04 6.594249605032946647e-04
1.723720000000000073e+04 6.808577381732230580e-04
1.724050000000000000e+04 6.879097050880426424e-04
1.724379999999999927e+04 6.792630300112619673e-04
1.724709999999999854e+04 6.709933841737054797e-04
1.725040000000000146e+04 6.660499430482849084e-04
1.725370000000000073e+04 6.624614376141009205e-04
1.725700000000000000e+04 6.643415153113192652e-04
1.726029999999999927e+04 6.730726432563415669e-04
1.726359999999999854e+04 6.759075841336187589e-04
1.726690000000000146e+04 6.827378097728915287e-04
1.727020000000000073e+04 6.786464759888891259e-04
1.727350000000000000e+04 6.581300774215491410e-04
1.727679999999999927e+04 6.513427891378912758e-04
1.728009999999999854e+04 6.569112290268702085e-04
1.728340000000000146e+04 6.491138984925125862e-04
1.728670000000000073e+04 6.342054544434632107e-04
1.729000000000000000e+04 6.408837997596250309e-04
1.729320000000000073e+04 6.316422375327256609e-04
1.729650000000000000e+04 6.251480655147066820e-04
1.729979999999999927e+04 6.155427268783612762e-04
1.730309999999999854e+04 6.354741651804848715e-04
1.730640000000000146e+04 6.236304735837500330e-04
1.730970000000000073e+04 6.172540629045838003e-04
1.731300000000000000e+04 5.991657591116179935e-04
1.731629999999999927e+04 6.025921367759424531e-04
1.731959999999999854e+04 5.910063100317725386e-04
1.732290000000000146e+04 5.791686501414888442e-04
1.732620000000000073e+04 5.763732186423338715e-04
1.732950000000000000e+04 5.814770796223063098e-04
1.733279999999999927e+04 5.834654884249914492e-04
1.733609999999999854e+04 5.942438186942583783e-04
1.733940000000000146e+04 5.850985191067956765e-04
1.734270000000000073e+04 5.797663452147177113e-04
1.734600000000000000e+04 5.791781975583438873e-04
1.734929999999999927e+04 5.548561319583098948e-04
1.735259999999999854e+04 5.503948282872867968e-04
1.735579999999999927e+04 5.476747428397976507e-04
1.735909999999999854e+04 5.397329031911923163e-04
1.736240000000000146e+04 5.312634930933541515e-04
1.736570000000000073e+04 5.336598362772084197e-04
1.736900000000000000e+04 5.165989170956597791e-04
1.737229999999999927e+04 5.169397675448684885e-04
1.737559999999999854e+04 5.175347349283996538e-04
1.737890000000000146e+04 5.159795417450205486e-04
1.738220000000000073e+04 5.112134786407789748e-04
1.738550000000000000e+04 5.060748433621279838e-04
1.738879999999999927e+04 4.996305960648259005e-04
1.739209999999999854e+04 4.992299936018721254e-04
1.739540000000000146e+04 5.023006729757479487e-04
1.739870000000000073e+04 4.941904977213540774e-04
1.740200000000000000e+04 4.818000265997153249e-04
1.740529999999999927e+04 4.698833942035271212e-04
1.740859999999999854e+04 4.616241607710644813e-04
1.741190000000000146e+04 4.582572904423225907e-04
1.741520000000000073e+04 4.532317923431618506e-04
1.741850000000000000e+04 4.481458463345550634e-04
1.742170000000000073e+04 4.416316741453157977e-04
1.742500000000000000e+04 4.397962780272936267e-04
1.742829999999999927e+04 4.415315606782542024e-04
1.743159999999999854e+04 4.447774832868154476e-04
1.743490000000000146e+04 4.441436904934522169e-04
1.743820000000000073e+04 4.439138042895701014e-04
1.744150000000000000e+04 4.467005615553289459e-04
1.744479999999999927e+04 4.409121268634631037e-04
1.744809999999999854e+04 4.419211018261670317e-04
1.745140000000000146e+04 4.476514265018733426e-04
1.745470000000000073e+04 4.465092822543861948e-04
1.745800000000000000e+04 4.437873686852929732e-04
1.746129999999999927e+04 4.414777960559856853e-04
1.746459999999999854e+04 4.471547716890051315e-04
1.746790000000000146e+04 4.342290196448150234e-04
1.747120000000000073e+04 4.301821709796577143e-04
1.747450000000000000e+04 4.356508953528087039e-04
1.747779999999999927e+04 4.417106358905104925e-04
1.748109999999999854e+04 4.421135274478661995e-04
1.748429999999999927e+04 4.472111242226450671e-04
1.748759999999999854e+04 4.528231739035670951e-04
1.749090000000000146e+04 4.610280840894444916e-04
1.749420000000000073e+04 4.632763780410707115e-04
1.749750000000000000e+04 4.702604327499543746e-04
1.750079999999999927e+04 4.644233315101174210e-04
1.750409999999999854e+04 4.592470711644912134e-04
1.750740000000000146e+04 4.543434092299718599e-04
1.751070000000000073e+04 4.577764796324937315e-04
1.751400000000000000e+04 4.576646002652062892e-04
1.751729999999999927e+04 4.497259095030329938e-04
1.752059999999999854e+04 4.467260358325499179e-04
1.752390000000000146e+04 4.498283438057133266e-04
1.752720000000000073e+04 4.532123820012316285e-04
1.753050000000000000e+04 4.522141951375735708e-04
1.753379999999999927e+04 4.602470102632677746e-04
1.753709999999999854e+04 4.594310181642210491e-04
1.754040000000000146e+04 4.519422679329245895e-04
1.754370000000000073e+04 4.514276466286174178e-04
1.754700000000000000e+04 4.511613931836075246e-04
1.755020000000000073e+04 4.553472022377708984e-04
1.755350000000000000e+04 4.619604038760837016e-04
1.755679999999999927e+04 4.594387758096102402e-04
1.756009999999999854e+04 4.610063913153583420e-04
1.756340000000000146e+04 4.641442864007458858e-04
1.756670000000000073e+04 4.604388170517535912e-04
1.757000000000000000e+04 4.705860952777526983e-04
1.757329999999999927e+04 4.761755105364361661e-04
1.757659999999999854e+04 4.856045364631903253e-04
1.757990000000000146e+04 4.836207575449637513e-04
1.758320000000000073e+04 4.901335074829611628e-04
1.758650000000000000e+04 4.938468603678361534e-04
1.758979999999999927e+04 4.921340341388801736e-04
1.759309999999999854e+04 4.974438241121729000e-04
1.759640000000000146e+04 4.946737313248852517e-04
1.759970000000000073e+04 4.995295783741041107e-04
1.760300000000000000e+04 5.049400265790945572e-04
1.760629999999999927e+04 5.083530608933577557e-04
1.760959999999999854e+04 5.089485667138422560e-04
1.761290000000000146e+04 5.074159324150124889e-04
1.761609999999999854e+04 5.116432103991633631e-04
1.761940000000000146e+04 5.154710062160992347e-04
1.762270000000000073e+04 5.147468058680493286e-04
1.762600000000000000e+04 5.203038058409258440e-04
1.762929999999999927e+04 5.248940487926279574e-04
1.763259999999999854e+04 5.373799099824664877e-04
1.763590000000000146e+04 5.524645436763317256e-04
1.763920000000000073e+04 5.603639048463652898e-04
1.764250000000000000e+04 5.577639871470336770e-04
1.764579999999999927e+04 5.587509965014225049e-04
1.764909999999999854e+04 5.570972323271581586e-04
1.765240000000000146e+04 5.601316608564555584e-04
1.765570000000000073e+04 5.559583163410361083e-04
1.765900000000000000e+04 5.576102544709843735e-04
1.766229999999999927e+04 5.569629584916828717e-04
1.766559999999999854e+04 5.609999007780561630e-04
1.766890000000000146e+04 5.639174877551708220e-04
1.767220000000000073e+04 5.729441128611853853e-04
1.767550000000000000e+04 5.767093809938197285e-04
1.767870000000000073e+04 5.836200990497076441e-04
1.768200000000000000e+04 5.851445820063034013e-04
1.768529999999999927e+04 5.945878357583381235e-04
1.768859999999999854e+04 5.946582483925087889e-04
1.769190000000000146e+04 5.941826921795888847e-04
1.769520000000000073e+04 5.981760261932818779e-04
1.769850000000000000e+04 5.975237439225211103e-04
1.770179999999999927e+04 6.012317669254493933e-04
1.770509999999999854e+04 6.040725614644213825e-04
1.770840000000000146e+04 6.141692585658004109e-04
1.771170000000000073e+04 6.187587519070026579e-04
1.771500000000000000e+04 6.258640290611247733e-04
1.771829999999999927e+04 6.250813522864735261e-04
1.772159999999999854e+04 6.342762790124175775e-04
1.772490000000000146e+04 6.333856638835636639e-04
1.772820000000000073e+04 6.338719328149318953e-04
1.773150000000000000e+04 6.373238888601589483e-04
1.773479999999999927e+04 6.374419502433474258e-04
1.773809999999999854e+04 6.494956586787101411e-04
1.774140000000000146e+04 6.589528372297526236e-04
1.774459999999999854e+04 6.742695331065392920e-04
1.774790000000000146e+04 6.828485637789744652e-04
1.775120000000000073e+04 6.925233368694412063e-04
1.775450000000000000e+04 7.086636655365424363e-04
1.775779999999999927e+04 7.186188436862653512e-04
1.776109999999999854e+04 7.253787615789766873e-04
1.776440000000000146e+04 7.316943382740269180e-04
1.776770000000000073e+04 7.365416029191473955e-04
1.777100000000000000e+04 7.366833650618589101e-04
1.777429999999999927e+04 7.450661065484667301e-04
1.777759999999999854e+04 7.547066627606895985e-04
1.778090000000000146e+04 7.612555917392360228e-04
1.778420000000000073e+04 7.616153545201871785e-04
1.778750000000000000e+04 7.708093174866894031e-04
1.779079999999999927e+04 7.778957623886809591e-04
1.779409999999999854e+04 7.784088911526169420e-04
1.779740000000000146e+04 7.928523567512110693e-04
1.780070000000000073e+04 7.950858234604553767e-04
1.780400000000000000e+04 8.015669131838778832e-04
1.780720000000000073e+04 8.106089605067148427e-04
1.781050000000000000e+04 8.201938156675168045e-04
1.781379999999999927e+04 8.280878261765687014e-04
1.781709999999999854e+04 8.315145698628746565e-04
1.782040000000000146e+04 8.421348507795222696e-04
1.782370000000000073e+04 8.503315243728459946e-04
1.782700000000000000e+04 8.625698925808309575e-04
1.783029999999999927e+04 8.692238985332150858e-04
1.783359999999999854e+04 8.745671236637714199e-04
1.783690000000000146e+04 8.830613532603542176e-04
1.784020000000000073e+04 8.800122320419283186e-04
1.784350000000000000e+04 8.855702750409481534e-04
1.784679999999999927e+04 8.955247045272136681e-04
1.785009999999999854e+04 9.047038673820116759e-04
1.785340000000000146e+04 9.156801844897198214e-04
1.785670000000000073e+04 9.279145748267292456e-04
1.786000000000000000e+04 9.423359751536271008e-04
1.786329999999999927e+04 9.529857990276535554e-04
1.786659999999999854e+04 9.631392657678600937e-04
1.786990000000000146e+04 9.780657566244035060e-04
1.787309999999999854e+04 9.851198845227744812e-04
1.787640000000000146e+04 9.935404701206665759e-04
1.787970000000000073e+04 9.970607265398024124e-04
1.788300000000000000e+04 1.007902174628879256e-03
1.788629999999999927e+04 1.018508375221246435e-03
1.788959999999999854e+04 1.028087958497447005e-03
1.789290000000000146e+04 1.036854489033607911e-03
1.789620000000000073e+04 1.048732660732776137e-03
1.789950000000000000e+04 1.057911124060514170e-03
1.790279999999999927e+04 1.060972920173117260e-03
1.790609999999999854e+04 1.059920879395595409e-03
1.790940000000000146e+04 1.064761100220714546e-03
1.791270000000000073e+04 1.068942830884661013e-03
1.791600000000000000e+04 1.072627313881099323e-03
1.791929999999999927e+04 1.079946548319000261e-03
1.792259999999999854e+04 1.084892003351656036e-03
1.792590000000000146e+04 1.095175075646186678e-03
1.792920000000000073e+04 1.094370443593578428e-03
1.793250000000000000e+04 1.098420395270072441e-03
1.793570000000000073e+04 1.111371543193032975e-03
1.793900000000000000e+04 1.122346542236643150e-03
1.794229999999999927e+04 1.122431716679072548e-03
1.794559999999999854e+04 1.128917232405630446e-03
1.794890000000000146e+04 1.133088647486099436e-03
1.795220000000000073e+04 1.137459469350329605e-03
1.795550000000000000e+04 1.140505606398004067e-03
1.795879999999999927e+04 1.143480341109968500e-03
1.796209999999999854e+04 1.139728573074543123e-03
1.796540000000000146e+04 1.148813735739353170e-03
1.796870000000000073e+04 1.158711894025844661e-03
1.797200000000000000e+04 1.171543031915885449e-03
1.797529999999999927e+04 1.174733207798049454e-03
1.797859999999999854e+04 1.183877326881633153e-03
1.798190000000000146e+04 1.193619686368315629e-03
1.798520000000000073e+04 1.199563942836298028e-03
1.798850000000000000e+04 1.199120935599630672e-03
1.799179999999999927e+04 1.207115967756818183e-03
1.799509999999999854e+04 1.206999917490050563e-03
1.799840000000000146e+04 1.213851909800049483e-03
1.800159999999999854e+04 1.222200474284429331e-03
1.800490000000000146e+04 1.237595531438889177e-03
1.800820000000000073e+04 1.258712648161481890e-03
1.801150000000000000e+04 1.279891249807657647e-03
1.801479999999999927e+04 1.292603710258310740e-03
1.801809999999999854e+04 1.297598544258374547e-03
1.802140000000000146e+04 1.301470487053261104e-03
1.802470000000000073e+04 1.297531670505021068e-03
1.802800000000000000e+04 1.301709777572868359e-03
1.803129999999999927e+04 1.301350691291493829e-03
1.803459999999999854e+04 1.293766842237858679e-03
1.803790000000000146e+04 1.294145824508678363e-03
1.804120000000000073e+04 1.303650667844407978e-03
1.804450000000000000e+04 1.313661622033823143e-03
1.804779999999999927e+04 1.325095709075129217e-03
1.805109999999999854e+04 1.334535527600800263e-03
1.805440000000000146e+04 1.348596298549556470e-03
1.805770000000000073e+04 1.355571545589322711e-03
1.806100000000000000e+04 1.364406317774234743e-03
1.806429999999999927e+04 1.372546936482808714e-03
1.806750000000000000e+04 1.377743035185190765e-03
1.807079999999999927e+04 1.379530644406046008e-03
1.807409999999999854e+04 1.376981561319349720e-03
1.807740000000000146e+04 1.379431819110755325e-03
1.808070000000000073e+04 1.384077560327109848e-03
1.808400000000000000e+04 1.379940565457928817e-03
1.808729999999999927e+04 1.378367116418600371e-03
1.809059999999999854e+04 1.378902288230727038e-03
1.809390000000000146e+04 1.381384000568076659e-03
1.809720000000000073e+04 1.376486553549880745e-03
1.810050000000000000e+04 1.374801699033046005e-03
1.810379999999999927e+04 1.366633234065800073e-03
1.810709999999999854e+04 1.376143743746888323e-03
1.811040000000000146e+04 1.374332686779544503e-03
1.811370000000000073e+04 1.379696472089838710e-03
1.811700000000000000e+04 1.376678173528966907e-03
1.812029999999999927e+04 1.375876098435729238e-03
1.812359999999999854e+04 1.380766759338425756e-03
1.812690000000000146e+04 1.382930616537471780e-03
1.813009999999999854e+04 1.380327969360091748e-03
1.813340000000000146e+04 1.377496451319749123e-03
1.813670000000000073e+04 1.364886850794786452e-03
1.814000000000000000e+04 1.370114151802971853e-03
1.814329999999999927e+04 1.365892534180709493e-03
1.814659999999999854e+04 1.362750496840058924e-03
1.814990000000000146e+04 1.362234898491879566e-03
1.815320000000000073e+04 1.365310088837418329e-03
1.815650000000000000e+04 1.363009433449159256e-03
1.815979999999999927e+04 1.365693005427435699e-03
1.816309999999999854e+04 1.374727684831792904e-03
1.816640000000000146e+04 1.365104976567081772e-03
1.816970000000000073e+04 1.357215862338365152e-03
1.817300000000000000e+04 1.343101765000728753e-03
1.817629999999999927e+04 1.320050507556375964e-03
1.817959999999999854e+04 1.307382813505426162e-03
1.818290000000000146e+04 1.323472168011279385e-03
1.818620000000000073e+04 1.321456137102363032e-03
1.818950000000000000e+04 1.329320562164117278e-03
1.819279999999999927e+04 1.324060547216580810e-03
1.819600000000000000e+04 1.324343010694002719e-03
1.819929999999999927e+04 1.337802976088808002e-03
1.820259999999999854e+04 1.341361909102265805e-03
1.820590000000000146e+04 1.338667157700871224e-03
1.820920000000000073e+04 1.331126758862855334e-03
1.821250000000000000e+04 1.322382041450430963e-03
1.821579999999999927e+04 1.314048758383885591e-03
1.821909999999999854e+04 1.299327226762667532e-03
1.822240000000000146e+04 1.303871475037314672e-03
1.822570000000000073e+04 1.309106343591091327e-03
1.822900000000000000e+04 1.324452763907294460e-03
1.823229999999999927e+04 1.344245081222210586e-03
1.823559999999999854e+04 1.359852696782365899e-03
1.823890000000000146e+04 1.372893128786269439e-03
1.824220000000000073e+04 1.392574957987675020e-03
1.824550000000000000e+04 1.425221727870499503e-03
1.824879999999999927e+04 1.451341103268861000e-03
1.825209999999999854e+04 1.456223768453207513e-03
1.825540000000000146e+04 1.475911846033912305e-03
1.825859999999999854e+04 1.490615912840554487e-03
1.826190000000000146e+04 1.516204197996791000e-03
1.826520000000000073e+04 1.532970490349748255e-03
1.826850000000000000e+04 1.557812984230201462e-03
1.827179999999999927e+04 1.583462977768995651e-03
1.827509999999999854e+04 1.602184855467391573e-03
1.827840000000000146e+04 1.638598017604012223e-03
1.828170000000000073e+04 1.674740877120775399e-03
1.828500000000000000e+04 1.697270828201642321e-03
1.828829999999999927e+04 1.723140200377747773e-03
1.829159999999999854e+04 1.740735527612800003e-03
1.829490000000000146e+04 1.752119959971192497e-03
1.829820000000000073e+04 1.769993244081824067e-03
1.830150000000000000e+04 1.808326163241534513e-03
1.830479999999999927e+04 1.836244517878448572e-03
1.830809999999999854e+04 1.850807936349271009e-03
1.831140000000000146e+04 1.863598601273993216e-03
1.831470000000000073e+04 1.888306640512673901e-03
1.831800000000000000e+04 1.895007070351322626e-03
1.832129999999999927e+04 1.903978606228036484e-03
1.832450000000000000e+04 1.917357966559870728e-03
1.832779999999999927e+04 1.916433381721818156e-03
1.833109999999999854e+04 1.938295902554546110e-03
1.833440000000000146e+04 1.951115880226646140e-03
1.833770000000000073e+04 1.964230282902356458e-03
1.834100000000000000e+04 1.995371104848115123e-03
1.834429999999999927e+04 2.008262547052664694e-03
1.834759999999999854e+04 2.012994812061831128e-03
1.835090000000000146e+04 2.039255175922182004e-03
1.835420000000000073e+04 2.047230154599699072e-03
1.835750000000000000e+04 2.074879968116899107e-03
1.836079999999999927e+04 2.116195601753626931e-03
1.836409999999999854e+04 2.148704368790751388e-03
1.836740000000000146e+04 2.180872103982137503e-03
1.837070000000000073e+04 2.208269244099102160e-03
1.837400000000000000e+04 2.253429837507275706e-03
1.837729999999999927e+04 2.275362159936953396e-03
1.838059999999999854e+04 2.295278616302359829e-03
1.838390000000000146e+04 2.330022482993803108e-03
1.838709999999999854e+04 2.360370877241420220e-03
1.839040000000000146e+04 2.390329096132640541e-03
1.839370000000000073e+04 2.412566382162020014e-03
1.839700000000000000e+04 2.426120981745078387e-03
1.840029999999999927e+04 2.456588581626883375e-03
1.840359999999999854e+04 2.485230617027955804e-03
1.840690000000000146e+04 2.508629112056879468e-03
1.841020000000000073e+04 2.502248095736063493e-03
1.841350000000000000e+04 2.512057256791823314e-03
1.841679999999999927e+04 2.537508897879059248e-03
1.842009999999999854e+04 2.535474869288894574e-03
1.842340000000000146e+04 2.549874028270603457e-03
1.842670000000000073e+04 2.564063876004355532e-03
1.843000000000000000e+04 2.573218278958042810e-03
1.843329999999999927e+04 2.584527528766723207e-03
1.843659999999999854e+04 2.599744289829718138e-03
1.843990000000000146e+04 2.614692005598353002e-03
1.844320000000000073e+04 2.624640879287316701e-03
1.844650000000000000e+04 2.635428679432995098e-03
1.844979999999999927e+04 2.660499024543976857e-03
1.845300000000000000e+04 2.664832312635503648e-03
1.845629999999999927e+04 2.674817804158847925e-03
1.845959999999999854e+04 2.687019407914508287e-03
1.846290000000000146e+04 2.707415069660983921e-03
1.846620000000000073e+04 2.703231728078141563e-03
1.846950000000000000e+04 2.695709822209471640e-03
1.847279999999999927e+04 2.710302464961263872e-03
1.847609999999999854e+04 2.725943246181779158e-03
1.847940000000000146e+04 2.726201472311849065e-03
1.848270000000000073e+04 2.748691583731082289e-03
1.848600000000000000e+04 2.777778909470398575e-03
1.848929999999999927e+04 2.801153106893612254e-03
1.849259999999999854e+04 2.840272580423946775e-03
1.849590000000000146e+04 2.870423970301583423e-03
1.849920000000000073e+04 2.915184625487787784e-03
1.850250000000000000e+04 2.962076127161788162e-03
1.850579999999999927e+04 2.990453558786015410e-03
1.850909999999999854e+04 3.031186214096898580e-03
1.851240000000000146e+04 3.058210281224845069e-03
1.851570000000000073e+04 3.074628321887980936e-03
1.851890000000000146e+04 3.119747356303832330e-03
1.852220000000000073e+04 3.160439475519575669e-03
1.852550000000000000e+04 3.195184457255001876e-03
1.852879999999999927e+04 3.233212447369903340e-03
1.853209999999999854e+04 3.270810905543613482e-03
1.853540000000000146e+04 3.311851945662309948e-03
1.853870000000000073e+04 3.326033761351317002e-03
1.854200000000000000e+04 3.377867771111499415e-03
1.854529999999999927e+04 3.429715362419280197e-03
1.854859999999999854e+04 3.473302769566160089e-03
1.855190000000000146e+04 3.525187854082510817e-03
1.855520000000000073e+04 3.569272515547920396e-03
1.855850000000000000e+04 3.624612729143461901e-03
1.856179999999999927e+04 3.666205829288390200e-03
1.856509999999999854e+04 3.713689961956677561e-03
1.856840000000000146e+04 3.751459290591317459e-03
1.857170000000000073e+04 3.775938958545689388e-03
1.857500000000000000e+04 3.865102400923990222e-03
1.857829999999999927e+04 3.960322382929726617e-03
1.858150000000000000e+04 4.045415156040494016e-03
1.858479999999999927e+04 4.132651227499666881e-03
1.858809999999999854e+04 4.189055636002809134e-03
1.859140000000000146e+04 4.231579592832890487e-03
1.859470000000000073e+04 4.329245317499821367e-03
1.859800000000000000e+04 4.408995213504725806e-03
1.860129999999999927e+04 4.481252503325501742e-03
1.860459999999999854e+04 4.594711120039401617e-03
1.860790000000000146e+04 4.683593304140564947e-03
1.861120000000000073e+04 4.798935043911455901e-03
1.861450000000000000e+04 4.929096247590766464e-03
1.861779999999999927e+04 5.038995722259422515e-03
1.862109999999999854e+04 5.126333369967207322e-03
1.862440000000000146e+04 5.234773785978521707e-03
1.862770000000000073e+04 5.352213674340700229e-03
1.863100000000000000e+04 5.506261943557713874e-03
1.863429999999999927e+04 5.638740579712167751e-03
1.863759999999999854e+04 5.751984378603136605e-03
1.864090000000000146e+04 5.896578798121005459e-03
1.864420000000000073e+04 6.079372796297887425e-03
1.864740000000000146e+04 6.220148658169208367e-03
1.865070000000000073e+04 6.324877299073282215e-03
1.865400000000000000e+04 6.421191839226287126e-03
1.865729999999999927e+04 6.506693003512776900e-03
1.866059999999999854e+04 6.583694363409095529e-03
1.866390000000000146e+04 6.729671026367627269e-03
1.866720000000000073e+04 6.856788239391745088e-03
1.867050000000000000e+04 6.978685602729563404e-03
1.867379999999999927e+04 7.105464242978366297e-03
1.867709999999999854e+04 7.271424915257321611e-03
1.868040000000000146e+04 7.454713207176716719e-03
1.868370000000000073e+04 7.688103798162621016e-03
1.868700000000000000e+04 7.890994272405022283e-03
1.869029999999999927e+04 7.999940646504184044e-03
1.869359999999999854e+04 8.223821753376339694e-03
1.869690000000000146e+04 8.380232797286349400e-03
1.870020000000000073e+04 8.427000408252782737e-03
1.870350000000000000e+04 8.491706712742991270e-03
1.870679999999999927e+04 8.604758963589363360e-03
1.871000000000000000e+04 8.863375989716634762e-03
1.871329999999999927e+04 8.973869421785017272e-03
1.871659999999999854e+04 9.044477153359334332e-03
1.871990000000000146e+04 9.138138016948325199e-03
1.872320000000000073e+04 9.207933912682738156e-03
1.872650000000000000e+04 9.318877100680418579e-03
1.872979999999999927e+04 9.380674196789036759e-03
1.873309999999999854e+04 9.481768716919225168e-03
1.873640000000000146e+04 9.578306066512247072e-03
1.873970000000000073e+04 9.649994312264429872e-03
1.874300000000000000e+04 9.671786066747315933e-03
1.874629999999999927e+04 9.725557122819496886e-03
1.874959999999999854e+04 9.771247632546834622e-03
1.875290000000000146e+04 9.852541980344632980e-03
1.875620000000000073e+04 9.960049496113216813e-03
1.875950000000000000e+04 1.007391572255686776e-02
1.876279999999999927e+04 1.018671695576395253e-02
1.876609999999999854e+04 1.028471540301798340e-02
1.876940000000000146e+04 1.032988755309397627e-02
1.877270000000000073e+04 1.043518517675512229e-02
1.877590000000000146e+04 1.057613862622601777e-02
1.877920000000000073e+04 1.061864812836694517e-02
1.878250000000000000e+04 1.075890766954355413e-02
1.878579999999999927e+04 1.092128183331668966e-02
1.878909999999999854e+04 1.110288325859820624e-02
1.879240000000000146e+04 1.128463757718286067e-02
1.879570000000000073e+04 1.145410179073219799e-02
1.879900000000000000e+04 1.166376950285265800e-02
1.880229999999999927e+04 1.189263091406286832e-02
1.880559999999999854e+04 1.209274390682920329e-02
1.880890000000000146e+04 1.226583794142326392e-02
1.881220000000000073e+04 1.245435612511722016e-02
1.881550000000000000e+04 1.270260130898368499e-02
1.881879999999999927e+04 1.297389558946077971e-02
1.882209999999999854e+04 1.322734244125158345e-02
1.882540000000000146e+04 1.350872394319574919e-02
1.882870000000000073e+04 1.371810440883071067e-02
1.883200000000000000e+04 1.393607648927528385e-02
1.883529999999999927e+04 1.417984483139709748e-02
1.883859999999999854e+04 1.442501372352448727e-02
1.884179999999999927e+04 1.462598975204273954e-02
1.884509999999999854e+04 1.484597727359645430e-02
1.884840000000000146e+04 1.499469750205168449e-02
1.885170000000000073e+04 1.516960217468142635e-02
1.885500000000000000e+04 1.544986264062338764e-02
1.885829999999999927e+04 1.560464222099875072e-02
1.886159999999999854e+04 1.580948016216914345e-02
1.886490000000000146e+04 1.615355707144876599e-02
1.886820000000000073e+04 1.651140083696035071e-02
1.887150000000000000e+04 1.680793704264348792e-02
1.887479999999999927e+04 1.696192807855432735e-02
1.887809999999999854e+04 1.725794285614134713e-02
1.888140000000000146e+04 1.759912965954911132e-02
1.888470000000000073e+04 1.791889922464613358e-02
1.888800000000000000e+04 1.823242457863604588e-02
1.889129999999999927e+04 1.853031551331173199e-02
1.889459999999999854e+04 1.887293342796308310e-02
1.889790000000000146e+04 1.920140276304418969e-02
1.890120000000000073e+04 1.954377265042833017e-02
1.890440000000000146e+04 1.987364370748439385e-02
1.890770000000000073e+04 2.023540239550136385e-02
1.891100000000000000e+04 2.060164369276629159e-02
1.891429999999999927e+04 2.096604177722101794e-02
1.891759999999999854e+04 2.131730272368089277e-02
1.892090000000000146e+04 2.167884388461698356e-02
1.892420000000000073e+04 2.199877024344244064e-02
1.892750000000000000e+04 2.231666755704317731e-02
1.893079999999999927e+04 2.267246022080475140e-02
1.893409999999999854e+04 2.300728088700304888e-02
1.893740000000000146e+04 2.332822029367117092e-02
1.894070000000000073e+04 2.358375804137636395e-02
1.894400000000000000e+04 2.390078048819629583e-02
1.894729999999999927e+04 2.415323826920913464e-02
1.895059999999999854e+04 2.441879279609344977e-02
1.895390000000000146e+04 2.468265281667981689e-02
1.895720000000000073e+04 2.489965097609750724e-02
1.896050000000000000e+04 2.513733054201838443e-02
1.896379999999999927e+04 2.536010000306714030e-02
1.896709999999999854e+04 2.557044451973823629e-02
1.897029999999999927e+04 2.574515244977508902e-02
1.897359999999999854e+04 2.591759058007088445e-02
1.897690000000000146e+04 2.613607542249270568e-02
1.898020000000000073e+04 2.630780353131340413e-02
1.898350000000000000e+04 2.648264987219357131e-02
1.898679999999999927e+04 2.668537654257507191e-02
1.899009999999999854e+04 2.684722909764163459e-02
1.899340000000000146e+04 2.702483500314170964e-02
1.899670000000000073e+04 2.717230077169948202e-02
1.900000000000000000e+04 2.733230330274646555e-02
1.900329999999999927e+04 2.747541340497010667e-02
1.900659999999999854e+04 2.763138941823461286e-02
1.900990000000000146e+04 2.773071303006860444e-02
1.901320000000000073e+04 2.782801572021623149e-02
1.901650000000000000e+04 2.791913853148911967e-02
1.901979999999999927e+04 2.801973281985702807e-02
1.902309999999999854e+04 2.813694822822260938e-02
1.902640000000000146e+04 2.827277357584683307e-02
1.902970000000000073e+04 2.835090221936170315e-02
1.903290000000000146e+04 2.841995568058838795e-02
1.903620000000000073e+04 2.847294894981684810e-02
1.903950000000000000e+04 2.851686158198368098e-02
1.904279999999999927e+04 2.857401966386272779e-02
1.904609999999999854e+04 2.859406946787330234e-02
1.904940000000000146e+04 2.862500749365296665e-02
1.905270000000000073e+04 2.868335634633719863e-02
1.905600000000000000e+04 2.872662182410227680e-02
1.905929999999999927e+04 2.877198523959090606e-02
1.906259999999999854e+04 2.878706301243510665e-02
1.906590000000000146e+04 2.879928408471555193e-02
1.906920000000000073e+04 2.879976096784805234e-02
1.907250000000000000e+04 2.877965553739033483e-02
1.907579999999999927e+04 2.874340434704891409e-02
1.907909999999999854e+04 2.872159709291864996e-02
1.908240000000000146e+04 2.870974409320465465e-02
1.908570000000000073e+04 2.866141963253844224e-02
1.908900000000000000e+04 2.862109307374538503e-02
1.909229999999999927e+04 2.855507424448950476e-02
1.909559999999999854e+04 2.847448960473170781e-02
1.909879999999999927e+04 2.843326755986309851e-02
1.910209999999999854e+04 2.834411945767718877e-02
1.910540000000000146e+04 2.828051703172609205e-02
1.910870000000000073e+04 2.821437506092830394e-02
1.911200000000000000e+04 2.815531655936453007e-02
1.911529999999999927e+04 2.808193722062289968e-02
1.911859999999999854e+04 2.793848766296624236e-02
1.912190000000000146e+04 2.781478918957230873e-02
1.912520000000000073e+04 2.765360325062724348e-02
1.912850000000000000e+04 2.749172632605044117e-02
1.913179999999999927e+04 2.736003514884337295e-02
1.913509999999999854e+04 2.723589916709435316e-02
1.913840000000000146e+04 2.709498403805783370e-02
1.914170000000000073e+04 2.691381196894148189e-02
1.914500000000000000e+04 2.675267943871968701e-02
1.914829999999999927e+04 2.656990533141866465e-02
1.915159999999999854e+04 2.637983442175878199e-02
1.915490000000000146e+04 2.621644475322092160e-02
1.915820000000000073e+04 2.602959057756361674e-02
1.916140000000000146e+04 2.585889104611854492e-02
1.916470000000000073e+04 2.566306715406209416e-02
1.916800000000000000e+04 2.545931020712048978e-02
1.917129999999999927e+04 2.524173491680547707e-02
1.917459999999999854e+04 2.504496097110218283e-02
1.917790000000000146e+04 2.485905610890638828e-02
1.918120000000000073e+04 2.468018231006807728e-02
1.918450000000000000e+04 2.445232109392124140e-02
1.918779999999999927e+04 2.421656944703152320e-02
1.919109999999999854e+04 2.398344931458310653e-02
1.919440000000000146e+04 2.375687431853345730e-02
1.919770000000000073e+04 2.351736234665840683e-02
1.920100000000000000e+04 2.328953793198529007e-02
1.920429999999999927e+04 2.306206380954510526e-02
1.920759999999999854e+04 2.282701865879832245e-02
1.921090000000000146e+04 2.260770222791591913e-02
1.921420000000000073e+04 2.235836948194903223e-02
1.921750000000000000e+04 2.209173466401762043e-02
1.922079999999999927e+04 2.184980029764141754e-02
1.922409999999999854e+04 2.160090796818345260e-02
1.922729999999999927e+04 2.133412465474977468e-02
1.923059999999999854e+04 2.107085790864138969e-02
1.923390000000000146e+04 2.080628844879885489e-02
1.923720000000000073e+04 2.056040063168630347e-02
1.924050000000000000e+04 2.029773880825062882e-02
1.924379999999999927e+04 2.003206973493725646e-02
1.924709999999999854e+04 1.976087106331385346e-02
1.925040000000000146e+04 1.948839620070386483e-02
1.925370000000000073e+04 1.918593711120555531e-02
1.925700000000000000e+04 1.893735788294236694e-02
1.926029999999999927e+04 1.866687393077379534e-02
1.926359999999999854e+04 1.838323438458811313e-02
1.926690000000000146e+04 1.812580898565297610e-02
1.927020000000000073e+04 1.784251668096153640e-02
1.927350000000000000e+04 1.757760914703838245e-02
1.927679999999999927e+04 1.729645599135074679e-02
1.928009999999999854e+04 1.700273284012587469e-02
1.928340000000000146e+04 1.674529484191830675e-02
1.928670000000000073e+04 1.647580489966126924e-02
1.929000000000000000e+04 1.620090131779849257e-02
1.929320000000000073e+04 1.593740285055534472e-02
1.929650000000000000e+04 1.565348256369871252e-02
1.929979999999999927e+04 1.538563674406739912e-02
1.930309999999999854e+04 1.512017142288903278e-02
1.930640000000000146e+04 1.486912767934164999e-02
1.930970000000000073e+04 1.459836906232939678e-02
1.931300000000000000e+04 1.434077672230064417e-02
1.931629999999999927e+04 1.407975917798836782e-02
1.931959999999999854e+04 1.380054347098833706e-02
1.932290000000000146e+04 1.351600979718078910e-02
1.932620000000000073e+04 1.324433842985137284e-02
1.932950000000000000e+04 1.296572627245621764e-02
1.933279999999999927e+04 1.270418819016408928e-02
1.933609999999999854e+04 1.245753255021494685e-02
1.933940000000000146e+04 1.220460244402212131e-02
1.934270000000000073e+04 1.194759249432545724e-02
1.934600000000000000e+04 1.168125144254481343e-02
1.934929999999999927e+04 1.142203761370861811e-02
1.935259999999999854e+04 1.116238878648888148e-02
1.935579999999999927e+04 1.090082212045295242e-02
1.935909999999999854e+04 1.065042065298449359e-02
1.936240000000000146e+04 1.040649832169093444e-02
1.936570000000000073e+04 1.016270826956110380e-02
1.936900000000000000e+04 9.917370100782420608e-03
1.937229999999999927e+04 9.671595119638595750e-03
1.937559999999999854e+04 9.419648002837559264e-03
1.937890000000000146e+04 9.190071240934597971e-03
1.938220000000000073e+04 8.961348771299530377e-03
1.938550000000000000e+04 8.706970065632811326e-03
1.938879999999999927e+04 8.451354416418137283e-03
1.939209999999999854e+04 8.219565571012228677e-03
1.939540000000000146e+04 7.989654768427070786e-03
1.939870000000000073e+04 7.760695415152974244e-03
1.940200000000000000e+04 7.536329897461366105e-03
1.940529999999999927e+04 7.321354123632356492e-03
1.940859999999999854e+04 7.109637608357119269e-03
1.941190000000000146e+04 6.891270996241292274e-03
1.941520000000000073e+04 6.681413010710533784e-03
1.941850000000000000e+04 6.473170008689442707e-03
1.942170000000000073e+04 6.241823820421618305e-03
1.942500000000000000e+04 6.026664356578174259e-03
1.942829999999999927e+04 5.816017971825426271e-03
1.943159999999999854e+04 5.585293292076437544e-03
1.943490000000000146e+04 5.360329729003117903e-03
1.943820000000000073e+04 5.138417078618110444e-03
1.944150000000000000e+04 4.920740751566690663e-03
1.944479999999999927e+04 4.728737028276603499e-03
1.944809999999999854e+04 4.527525285508453810e-03
1.945140000000000146e+04 4.334472255140118906e-03
1.945470000000000073e+04 4.154308810725493468e-03
1.945800000000000000e+04 3.960265060563422472e-03
1.946129999999999927e+04 3.752998099766323252e-03
1.946459999999999854e+04 3.535256376518959315e-03
1.946790000000000146e+04 3.338421310540154192e-03
1.947120000000000073e+04 3.127443722062872751e-03
1.947450000000000000e+04 2.948087821500275634e-03
1.947779999999999927e+04 2.759188865940742381e-03
1.948109999999999854e+04 2.572934613713225450e-03
1.948429999999999927e+04 2.381257423029223101e-03
1.948759999999999854e+04 2.216693423500012451e-03
1.949090000000000146e+04 2.050751509225222282e-03
1.949420000000000073e+04 1.877879132427865165e-03
1.949750000000000000e+04 1.708204357537764645e-03
1.950079999999999927e+04 1.524435881201395906e-03
1.950409999999999854e+04 1.367552782830068090e-03
1.950740000000000146e+04 1.204267593901689514e-03
1.951070000000000073e+04 1.041690710463305438e-03
1.951400000000000000e+04 9.039132440439706911e-04
1.951729999999999927e+04 7.567497313481222820e-04
1.952059999999999854e+04 5.858793116561045481e-04
1.952390000000000146e+04 4.280495516093009954e-04
1.952720000000000073e+04 2.657892033300218726e-04
1.953050000000000000e+04 1.108390990680917975e-04
1.953379999999999927e+04 -4.454049700445868995e-05
1.953709999999999854e+04 -2.057811596748686375e-04
1.954040000000000146e+04 -3.400357222522312544e-04
1.954370000000000073e+04 -4.707762122145052529e-04
1.954700000000000000e+04 -5.954911057722405429e-04
1.955020000000000073e+04 -7.387667449142085174e-04
1.955350000000000000e+04 -8.644823379823954020e-04
1.955679999999999927e+04 -9.779487301848392104e-04
1.956009999999999854e+04 -1.097462043982013998e-03
1.956340000000000146e+04 -1.212450691212356131e-03
1.956670000000000073e+04 -1.332778116896775420e-03
1.957000000000000000e+04 -1.444200313635077629e-03
1.957329999999999927e+04 -1.549490059162823667e-03
1.957659999999999854e+04 -1.657032688500456206e-03
1.957990000000000146e+04 -1.755725931444014880e-03
1.958320000000000073e+04 -1.875756571130045292e-03
1.958650000000000000e+04 -1.993429601026696415e-03
1.958979999999999927e+04 -2.089981923388382554e-03
1.959309999999999854e+04 -2.185800309862531363e-03
1.959640000000000146e+04 -2.262428679157714798e-03
1.959970000000000073e+04 -2.334229124280824078e-03
1.960300000000000000e+04 -2.423442065537192470e-03
1.960629999999999927e+04 -2.532573186016437265e-03
1.960959999999999854e+04 -2.634750959422552195e-03
1.961290000000000146e+04 -2.745228567008550519e-03
1.961609999999999854e+04 -2.850065417696662565e-03
1.961940000000000146e+04 -2.930613789442921939e-03
1.962270000000000073e+04 -3.025526923028204387e-03
1.962600000000000000e+04 -3.107085701233278357e-03
1.962929999999999927e+04 -3.171425726840341238e-03
1.963259999999999854e+04 -3.240050342746493475e-03
1.963590000000000146e+04 -3.279282311553513140e-03
1.963920000000000073e+04 -3.377725650847867613e-03
1.964250000000000000e+04 -3.434239904692777245e-03
1.964579999999999927e+04 -3.538659208302432149e-03
1.964909999999999854e+04 -3.621652011444966013e-03
1.965240000000000146e+04 -3.716617319990670430e-03
1.965570000000000073e+04 -3.822514504080078406e-03
1.965900000000000000e+04 -3.868707879293881938e-03
1.966229999999999927e+04 -3.909887290161802482e-03
1.966559999999999854e+04 -3.943933299343625569e-03
1.966890000000000146e+04 -4.010873413755552258e-03
1.967220000000000073e+04 -4.092335131954612931e-03
1.967550000000000000e+04 -4.152564377892834294e-03
1.967870000000000073e+04 -4.235868743043399651e-03
1.968200000000000000e+04 -4.295453197156927361e-03
1.968529999999999927e+04 -4.333111871406527399e-03
1.968859999999999854e+04 -4.375721916226528625e-03
1.969190000000000146e+04 -4.400982480384870235e-03
1.969520000000000073e+04 -4.447650342481224844e-03
1.969850000000000000e+04 -4.471852933861725915e-03
1.970179999999999927e+04 -4.498734148042566813e-03
1.970509999999999854e+04 -4.589783349027598547e-03
1.970840000000000146e+04 -4.674664977761748552e-03
1.971170000000000073e+04 -4.760993934649194667e-03
1.971500000000000000e+04 -4.799068307013300283e-03
1.971829999999999927e+04 -4.870884963900579817e-03
1.972159999999999854e+04 -4.885273971980248764e-03
1.972490000000000146e+04 -4.907273326275414863e-03
1.972820000000000073e+04 -4.966058030255311034e-03
1.973150000000000000e+04 -5.036222802822040538e-03
1.973479999999999927e+04 -5.095895179932449608e-03
1.973809999999999854e+04 -5.164123492446806053e-03
1.974140000000000146e+04 -5.232670266491867665e-03
1.974459999999999854e+04 -5.307530890180696057e-03
1.974790000000000146e+04 -5.326347096746890386e-03
1.975120000000000073e+04 -5.336349881481565471e-03
1.975450000000000000e+04 -5.379988059606065354e-03
1.975779999999999927e+04 -5.409470174880539294e-03
1.976109999999999854e+04 -5.462389671664175453e-03
1.976440000000000146e+04 -5.521675217119391237e-03
1.976770000000000073e+04 -5.592195995248940878e-03
1.977100000000000000e+04 -5.636992741911432854e-03
1.977429999999999927e+04 -5.676205178410898174e-03
1.977759999999999854e+04 -5.717024225475702583e-03
1.978090000000000146e+04 -5.764665402739510558e-03
1.978420000000000073e+04 -5.837923252511024313e-03
1.978750000000000000e+04 -5.853444236600920461e-03
1.979079999999999927e+04 -5.900872027087194181e-03
1.979409999999999854e+04 -5.919258663907672920e-03
1.979740000000000146e+04 -5.943371380452493538e-03
1.980070000000000073e+04 -5.986843109737430453e-03
1.980400000000000000e+04 -5.991019804096537824e-03
1.980720000000000073e+04 -6.027081069040459219e-03
1.981050000000000000e+04 -6.018994462189210248e-03
1.981379999999999927e+04 -6.001951340929488794e-03
1.981709999999999854e+04 -6.025236189383296158e-03
1.982040000000000146e+04 -6.010536244303981909e-03
1.982370000000000073e+04 -6.024903515228604428e-03
1.982700000000000000e+04 -6.050572504787878753e-03
1.983029999999999927e+04 -6.087630253544100770e-03
1.983359999999999854e+04 -6.094094113845044056e-03
1.983690000000000146e+04 -6.081811038752263886e-03
1.984020000000000073e+04 -6.077481762286375544e-03
1.984350000000000000e+04 -6.095442311378037464e-03
1.984679999999999927e+04 -6.083227097388613745e-03
1.985009999999999854e+04 -6.089013230777357184e-03
1.985340000000000146e+04 -6.108761525012862924e-03
1.985670000000000073e+04 -6.164084696509490938e-03
1.986000000000000000e+04 -6.201194973990611405e-03
1.986329999999999927e+04 -6.251837331559172151e-03
1.986659999999999854e+04 -6.252408844577088919e-03
1.986990000000000146e+04 -6.235609575141825255e-03
1.987309999999999854e+04 -6.221266709149062858e-03
1.987640000000000146e+04 -6.219106892888022486e-03
1.987970000000000073e+04 -6.238981352734208376e-03
1.988300000000000000e+04 -6.239142765472806273e-03
1.988629999999999927e+04 -6.287103360525350508e-03
1.988959999999999854e+04 -6.360310555346826780e-03
1.989290000000000146e+04 -6.359985913972276625e-03
1.989620000000000073e+04 -6.339700634947519238e-03
1.989950000000000000e+04 -6.330164302538326092e-03
1.990279999999999927e+04 -6.322079383385616203e-03
1.990609999999999854e+04 -6.311384158700024220e-03
1.990940000000000146e+04 -6.293829106751026338e-03
1.991270000000000073e+04 -6.319901253736138168e-03
1.991600000000000000e+04 -6.317009762173383600e-03
1.991929999999999927e+04 -6.311746856959752315e-03
1.992259999999999854e+04 -6.300486991600049574e-03
1.992590000000000146e+04 -6.288565232733069228e-03
