1.716800000000000000e+04 4.170191653957227521e-04
1.717129999999999927e+04 4.197398861929325410e-04
1.717459999999999854e+04 4.294198191731537920e-04
1.717790000000000146e+04 4.284593717156496466e-04
1.718120000000000073e+04 4.388213670143829067e-04
1.718450000000000000e+04 4.463989968721324532e-04
1.718779999999999927e+04 4.425421980674718535e-04
1.719109999999999854e+04 4.315696114463118504e-04
1.719440000000000146e+04 4.220662074908761185e-04
1.719770000000000073e+04 4.240817941387952316e-04
1.720100000000000000e+04 4.264902647644339194e-04
1.720429999999999927e+04 4.221852350734327220e-04
1.720759999999999854e+04 4.350083718279117422e-04
1.721090000000000146e+04 4.512784935484003349e-04
1.721420000000000073e+04 4.631879999777627536e-04
1.721750000000000000e+04 4.663438461274620173e-04
1.722079999999999927e+04 4.589660414817119420e-04
1.722409999999999854e+04 4.710688661925071488e-04
1.722729999999999927e+04 4.755311377244050798e-04
1.723059999999999854e+04 4.738256114752473192e-04
1.723390000000000146e+04 4.764533059116429141e-04
1.723720000000000073e+04 4.858101785530712395e-04
1.724050000000000000e+04 4.906091959618779415e-04
1.724379999999999927e+04 4.946802481724017373e-04
1.724709999999999854e+04 5.024230700156146140e-04
1.725040000000000146e+04 5.073567925893650559e-04
1.725370000000000073e+04 5.234496473590724303e-04
1.725700000000000000e+04 5.288208718846494887e-04
1.726029999999999927e+04 5.364351140096901803e-04
1.726359999999999854e+04 5.504604479966831651e-04
1.726690000000000146e+04 5.549125425229117564e-04
1.727020000000000073e+04 5.518246432905506236e-04
1.727350000000000000e+04 5.634016771466408922e-04
1.727679999999999927e+04 5.668958751949670482e-04
1.728009999999999854e+04 5.763159504571327982e-04
1.728340000000000146e+04 5.821739257298120997e-04
1.728670000000000073e+04 5.968022662592156399e-04
1.729000000000000000e+04 6.089097208914356647e-04
1.729320000000000073e+04 6.161599102123257793e-04
1.729650000000000000e+04 6.192782843953375908e-04
1.729979999999999927e+04 6.240373718851310089e-04
1.730309999999999854e+04 6.369405686747924879e-04
1.730640000000000146e+04 6.523606111328595367e-04
1.730970000000000073e+04 6.642450544933047735e-04
1.731300000000000000e+04 6.679908843597858479e-04
1.731629999999999927e+04 6.855310789301541537e-04
1.731959999999999854e+04 6.906131665414016237e-04
1.732290000000000146e+04 7.022739099899827841e-04
1.732620000000000073e+04 7.131363573201596369e-04
1.732950000000000000e+04 7.317386366830069952e-04
1.733279999999999927e+04 7.423293575034688998e-04
1.733609999999999854e+04 7.514263822025975042e-04
1.733940000000000146e+04 7.590950792221053253e-04
1.734270000000000073e+04 7.638997719173160495e-04
1.734600000000000000e+04 7.656322495634881788e-04
1.734929999999999927e+04 7.686029552239135969e-04
1.735259999999999854e+04 7.733593027478854022e-04
1.735579999999999927e+04 7.744524810097229558e-04
1.735909999999999854e+04 7.773415979664522564e-04
1.736240000000000146e+04 7.876605254782656409e-04
1.736570000000000073e+04 7.919743089380454782e-04
1.736900000000000000e+04 7.959940912154576682e-04
1.737229999999999927e+04 7.905827936426632670e-04
1.737559999999999854e+04 7.944794572395141082e-04
1.737890000000000146e+04 7.982757844518499233e-04
1.738220000000000073e+04 8.099861115015283405e-04
1.738550000000000000e+04 8.098231630080062783e-04
1.738879999999999927e+04 8.047585502460432097e-04
1.739209999999999854e+04 8.054685783525875487e-04
1.739540000000000146e+04 8.087106394335816326e-04
1.739870000000000073e+04 8.085893610496148673e-04
1.740200000000000000e+04 8.108045408977679119e-04
1.740529999999999927e+04 8.079026028534847881e-04
1.740859999999999854e+04 8.128501493099188650e-04
1.741190000000000146e+04 8.033574359642998031e-04
1.741520000000000073e+04 8.012544825284971355e-04
1.741850000000000000e+04 8.019781964357536883e-04
1.742170000000000073e+04 8.077421143152702142e-04
1.742500000000000000e+04 8.167682848878978288e-04
1.742829999999999927e+04 8.133763009158626349e-04
1.743159999999999854e+04 8.077144691267380654e-04
1.743490000000000146e+04 8.035425803070502145e-04
1.743820000000000073e+04 8.023336109467052446e-04
1.744150000000000000e+04 8.035100571608798804e-04
1.744479999999999927e+04 8.038410794078077121e-04
1.744809999999999854e+04 8.016640170349888716e-04
1.745140000000000146e+04 8.092004234044478323e-04
1.745470000000000073e+04 8.095036134458135062e-04
1.745800000000000000e+04 8.131269203217845543e-04
1.746129999999999927e+04 8.124607021572106133e-04
1.746459999999999854e+04 8.129165584655833558e-04
1.746790000000000146e+04 8.111502476666786806e-04
1.747120000000000073e+04 8.027740269727387350e-04
1.747450000000000000e+04 7.935208857711531808e-04
1.747779999999999927e+04 7.958220144463079310e-04
1.748109999999999854e+04 7.825583852211153530e-04
1.748429999999999927e+04 7.844033614701654633e-04
1.748759999999999854e+04 7.857434012457707555e-04
1.749090000000000146e+04 7.763461263318576508e-04
1.749420000000000073e+04 7.688727585590634161e-04
1.749750000000000000e+04 7.643259454029754669e-04
1.750079999999999927e+04 7.620706702068482438e-04
1.750409999999999854e+04 7.635464881075757718e-04
1.750740000000000146e+04 7.660420343545952136e-04
1.751070000000000073e+04 7.590348931979171154e-04
1.751400000000000000e+04 7.650657466434976741e-04
1.751729999999999927e+04 7.616852904163175231e-04
1.752059999999999854e+04 7.597628862721772644e-04
1.752390000000000146e+04 7.623320934467444883e-04
1.752720000000000073e+04 7.573077864808452171e-04
1.753050000000000000e+04 7.473879273170668490e-04
1.753379999999999927e+04 7.496511134644496914e-04
1.753709999999999854e+04 7.568270316007950698e-04
1.754040000000000146e+04 7.532826150638114891e-04
1.754370000000000073e+04 7.526526790150360685e-04
1.754700000000000000e+04 7.535154315519616581e-04
1.755020000000000073e+04 7.605690430732022335e-04
1.755350000000000000e+04 7.689118438217396392e-04
1.755679999999999927e+04 7.674844176920810361e-04
1.756009999999999854e+04 7.682902569861759694e-04
1.756340000000000146e+04 7.683341377366121206e-04
1.756670000000000073e+04 7.619859232271039952e-04
1.757000000000000000e+04 7.644542279840985284e-04
1.757329999999999927e+04 7.627658486506312067e-04
1.757659999999999854e+04 7.705226499059714259e-04
1.757990000000000146e+04 7.729080566100596239e-04
1.758320000000000073e+04 7.700628721704263352e-04
1.758650000000000000e+04 7.649143449721945839e-04
1.758979999999999927e+04 7.625196376117221236e-04
1.759309999999999854e+04 7.656105884209465267e-04
1.759640000000000146e+04 7.718644103638778965e-04
1.759970000000000073e+04 7.731832730075578449e-04
1.760300000000000000e+04 7.707652445761750378e-04
1.760629999999999927e+04 7.739158765391414199e-04
1.760959999999999854e+04 7.746356128144495480e-04
1.761290000000000146e+04 7.793253189288993320e-04
1.761609999999999854e+04 7.738840916407453046e-04
1.761940000000000146e+04 7.682776402479833634e-04
1.762270000000000073e+04 7.652180834016225402e-04
1.762600000000000000e+04 7.730317219190477405e-04
1.762929999999999927e+04 7.778810666128305011e-04
1.763259999999999854e+04 7.760370182602649739e-04
1.763590000000000146e+04 7.738687065281393091e-04
1.763920000000000073e+04 7.733175891482067105e-04
1.764250000000000000e+04 7.739390540178894091e-04
1.764579999999999927e+04 7.765832844130471108e-04
1.764909999999999854e+04 7.738523098746237939e-04
1.765240000000000146e+04 7.750281749902104530e-04
1.765570000000000073e+04 7.789708425161558309e-04
1.765900000000000000e+04 7.823966194655293093e-04
1.766229999999999927e+04 7.903128502336186903e-04
1.766559999999999854e+04 7.880763573822426905e-04
1.766890000000000146e+04 7.915017080056679921e-04
1.767220000000000073e+04 7.933605677360682342e-04
1.767550000000000000e+04 8.002485040311342526e-04
1.767870000000000073e+04 8.084740014218853941e-04
1.768200000000000000e+04 8.159511251119886755e-04
1.768529999999999927e+04 8.237180718005512664e-04
1.768859999999999854e+04 8.262935428664169380e-04
1.769190000000000146e+04 8.320808753680490047e-04
1.769520000000000073e+04 8.414800424044906451e-04
1.769850000000000000e+04 8.403472771939072281e-04
1.770179999999999927e+04 8.390101887145957676e-04
1.770509999999999854e+04 8.450784429049604035e-04
1.770840000000000146e+04 8.476380645384115663e-04
1.771170000000000073e+04 8.497772731799191348e-04
1.771500000000000000e+04 8.474625559536343644e-04
1.771829999999999927e+04 8.430222216615959998e-04
1.772159999999999854e+04 8.460698236893670048e-04
1.772490000000000146e+04 8.509158637375982027e-04
1.772820000000000073e+04 8.514214029812475389e-04
1.773150000000000000e+04 8.664317118758225848e-04
1.773479999999999927e+04 8.703138473349261283e-04
1.773809999999999854e+04 8.739646652615852638e-04
1.774140000000000146e+04 8.830861989306413229e-04
1.774459999999999854e+04 8.923134755435188897e-04
1.774790000000000146e+04 9.039539212677900112e-04
1.775120000000000073e+04 9.153753873629566625e-04
1.775450000000000000e+04 9.219339994582496662e-04
1.775779999999999927e+04 9.337392271023449040e-04
1.776109999999999854e+04 9.409966684156954473e-04
1.776440000000000146e+04 9.565565667347604743e-04
1.776770000000000073e+04 9.631887771902661582e-04
1.777100000000000000e+04 9.674412883056968983e-04
1.777429999999999927e+04 9.715743052516208605e-04
1.777759999999999854e+04 9.723812340362785562e-04
1.778090000000000146e+04 9.812210805120609967e-04
1.778420000000000073e+04 9.882423131166858613e-04
1.778750000000000000e+04 9.983248056610373195e-04
1.779079999999999927e+04 9.967729272184666558e-04
1.779409999999999854e+04 9.974411698109380501e-04
1.779740000000000146e+04 1.008507583526378759e-03
1.780070000000000073e+04 1.022324297643353343e-03
1.780400000000000000e+04 1.038553685606102275e-03
1.780720000000000073e+04 1.047804189095009018e-03
1.781050000000000000e+04 1.057331316909551231e-03
1.781379999999999927e+04 1.068621270194292571e-03
1.781709999999999854e+04 1.068664838893714462e-03
1.782040000000000146e+04 1.071212589359470720e-03
1.782370000000000073e+04 1.077706287938014684e-03
1.782700000000000000e+04 1.078516527740694311e-03
1.783029999999999927e+04 1.088711330971908319e-03
1.783359999999999854e+04 1.091710632803602997e-03
1.783690000000000146e+04 1.098740021089971526e-03
1.784020000000000073e+04 1.103449734123374557e-03
1.784350000000000000e+04 1.110389208000989517e-03
1.784679999999999927e+04 1.116021965238056827e-03
1.785009999999999854e+04 1.121127944355083256e-03
1.785340000000000146e+04 1.125089953249534336e-03
1.785670000000000073e+04 1.133788044347400475e-03
1.786000000000000000e+04 1.137536180384893627e-03
1.786329999999999927e+04 1.147214526107290461e-03
1.786659999999999854e+04 1.156375777763473918e-03
1.786990000000000146e+04 1.158056558846708248e-03
1.787309999999999854e+04 1.165179260496164481e-03
1.787640000000000146e+04 1.172553562742518389e-03
1.787970000000000073e+04 1.179302455160787660e-03
1.788300000000000000e+04 1.188644571283385383e-03
1.788629999999999927e+04 1.196965947542174636e-03
1.788959999999999854e+04 1.200088607870756097e-03
1.789290000000000146e+04 1.212163151144985459e-03
1.789620000000000073e+04 1.212312790397741076e-03
1.789950000000000000e+04 1.218604524411578700e-03
1.790279999999999927e+04 1.226881077873693150e-03
1.790609999999999854e+04 1.228694923921191083e-03
1.790940000000000146e+04 1.238423358706837452e-03
1.791270000000000073e+04 1.237037028900806303e-03
1.791600000000000000e+04 1.243011303357483693e-03
1.791929999999999927e+04 1.246849386359211945e-03
1.792259999999999854e+04 1.244813726599908925e-03
1.792590000000000146e+04 1.243450896215599240e-03
1.792920000000000073e+04 1.244755114048444250e-03
1.793250000000000000e+04 1.248567734129425993e-03
1.793570000000000073e+04 1.259643415348625679e-03
1.793900000000000000e+04 1.269197037654362387e-03
1.794229999999999927e+04 1.278282219927895499e-03
1.794559999999999854e+04 1.291281441238149559e-03
1.794890000000000146e+04 1.295029540607746995e-03
1.795220000000000073e+04 1.294191791451356800e-03
1.795550000000000000e+04 1.298945213240304238e-03
1.795879999999999927e+04 1.303529779479741272e-03
1.796209999999999854e+04 1.309645120905249694e-03
1.796540000000000146e+04 1.317304337819103031e-03
1.796870000000000073e+04 1.318244444915078837e-03
1.797200000000000000e+04 1.320172995086888856e-03
1.797529999999999927e+04 1.328821806226817290e-03
1.797859999999999854e+04 1.329148321691856795e-03
1.798190000000000146e+04 1.337120067354540150e-03
1.798520000000000073e+04 1.348566834167018056e-03
1.798850000000000000e+04 1.357797004720111668e-03
1.799179999999999927e+04 1.365074031720586202e-03
1.799509999999999854e+04 1.368365101966485678e-03
1.799840000000000146e+04 1.367763062669377855e-03
1.800159999999999854e+04 1.366611022057791355e-03
1.800490000000000146e+04 1.367883063613114418e-03
1.800820000000000073e+04 1.364706801764826007e-03
1.801150000000000000e+04 1.362242432043890951e-03
1.801479999999999927e+04 1.369218316281138603e-03
1.801809999999999854e+04 1.371414680236038991e-03
1.802140000000000146e+04 1.366319542471140878e-03
1.802470000000000073e+04 1.372071440662871959e-03
1.802800000000000000e+04 1.381843448618317628e-03
1.803129999999999927e+04 1.383922988585812273e-03
1.803459999999999854e+04 1.379632266046000545e-03
1.803790000000000146e+04 1.378593735638705556e-03
1.804120000000000073e+04 1.374573054270721625e-03
1.804450000000000000e+04 1.377876405417716860e-03
1.804779999999999927e+04 1.380467738188270298e-03
1.805109999999999854e+04 1.378596280494769717e-03
1.805440000000000146e+04 1.379260816549691352e-03
1.805770000000000073e+04 1.376540404064817728e-03
1.806100000000000000e+04 1.380947022896107093e-03
1.806429999999999927e+04 1.379371018650480578e-03
1.806750000000000000e+04 1.375203688613353377e-03
1.807079999999999927e+04 1.366497443429371067e-03
1.807409999999999854e+04 1.353057248547647699e-03
1.807740000000000146e+04 1.346104347783223104e-03
1.808070000000000073e+04 1.342463731523445888e-03
1.808400000000000000e+04 1.347428971380364507e-03
1.808729999999999927e+04 1.342825482289164516e-03
1.809059999999999854e+04 1.343365780938449985e-03
1.809390000000000146e+04 1.341869294700286834e-03
1.809720000000000073e+04 1.341176485897090489e-03
1.810050000000000000e+04 1.330613570685896347e-03
1.810379999999999927e+04 1.327738130655673528e-03
1.810709999999999854e+04 1.324444412895394666e-03
1.811040000000000146e+04 1.316893025755858570e-03
1.811370000000000073e+04 1.320025379334372135e-03
1.811700000000000000e+04 1.310886147361212247e-03
1.812029999999999927e+04 1.305711359103698364e-03
1.812359999999999854e+04 1.299800696767986234e-03
1.812690000000000146e+04 1.297504052902740020e-03
1.813009999999999854e+04 1.288596374716135650e-03
1.813340000000000146e+04 1.281531802345536831e-03
1.813670000000000073e+04 1.280674974790825841e-03
1.814000000000000000e+04 1.290148054158015171e-03
1.814329999999999927e+04 1.283646059626653057e-03
1.814659999999999854e+04 1.284299785879820235e-03
1.814990000000000146e+04 1.270394824622267166e-03
1.815320000000000073e+04 1.262190197862019360e-03
1.815650000000000000e+04 1.259978933167980094e-03
1.815979999999999927e+04 1.258830986364764017e-03
1.816309999999999854e+04 1.261174164966932798e-03
1.816640000000000146e+04 1.260475807264763116e-03
1.816970000000000073e+04 1.254982045337341926e-03
1.817300000000000000e+04 1.251649363125910061e-03
1.817629999999999927e+04 1.257676065602624134e-03
1.817959999999999854e+04 1.255695230838680667e-03
1.818290000000000146e+04 1.288629666210100878e-03
1.818620000000000073e+04 1.310785795292216923e-03
1.818950000000000000e+04 1.320256979454621912e-03
1.819279999999999927e+04 1.322136665004053141e-03
1.819600000000000000e+04 1.328884141340710414e-03
1.819929999999999927e+04 1.342628997531147969e-03
1.820259999999999854e+04 1.352453170579336885e-03
1.820590000000000146e+04 1.352671507116203148e-03
1.820920000000000073e+04 1.349860152335402358e-03
1.821250000000000000e+04 1.344016755387145374e-03
1.821579999999999927e+04 1.343024365685496812e-03
1.821909999999999854e+04 1.348458771618368237e-03
1.822240000000000146e+04 1.363788527428063790e-03
1.822570000000000073e+04 1.383529981825159898e-03
1.822900000000000000e+04 1.398383338427298559e-03
1.823229999999999927e+04 1.426225916939871186e-03
1.823559999999999854e+04 1.461563724690342165e-03
1.823890000000000146e+04 1.484207205323626998e-03
1.824220000000000073e+04 1.512656466764709592e-03
1.824550000000000000e+04 1.543030954140880377e-03
1.824879999999999927e+04 1.570589905333616291e-03
1.825209999999999854e+04 1.590712168093054001e-03
1.825540000000000146e+04 1.617128921906518368e-03
1.825859999999999854e+04 1.643505088446467130e-03
1.826190000000000146e+04 1.682986738439942688e-03
1.826520000000000073e+04 1.715784451671674166e-03
1.826850000000000000e+04 1.744593293806963145e-03
1.827179999999999927e+04 1.762686617565173983e-03
1.827509999999999854e+04 1.774768206943213569e-03
1.827840000000000146e+04 1.800175480718745188e-03
1.828170000000000073e+04 1.835824224936983108e-03
1.828500000000000000e+04 1.863799582637531071e-03
1.828829999999999927e+04 1.894501128625017145e-03
1.829159999999999854e+04 1.917612173010709454e-03
1.829490000000000146e+04 1.953011816741349839e-03
1.829820000000000073e+04 1.969784657564981663e-03
1.830150000000000000e+04 1.988903019407542178e-03
1.830479999999999927e+04 2.019241706926304999e-03
1.830809999999999854e+04 2.050984388225327373e-03
1.831140000000000146e+04 2.066592384554096374e-03
1.831470000000000073e+04 2.110836111282181436e-03
1.831800000000000000e+04 2.136495463545591209e-03
1.832129999999999927e+04 2.170386006038297309e-03
1.832450000000000000e+04 2.190871470809624411e-03
1.832779999999999927e+04 2.211369921054311301e-03
1.833109999999999854e+04 2.260185490740050217e-03
1.833440000000000146e+04 2.296826336637791937e-03
1.833770000000000073e+04 2.325295077716571686e-03
1.834100000000000000e+04 2.363682307089563610e-03
1.834429999999999927e+04 2.378667580546292137e-03
1.834759999999999854e+04 2.393997827265509273e-03
1.835090000000000146e+04 2.428105232510733170e-03
1.835420000000000073e+04 2.461888295712221387e-03
1.835750000000000000e+04 2.500471900331917297e-03
1.836079999999999927e+04 2.552782688483168881e-03
1.836409999999999854e+04 2.597580192129913482e-03
1.836740000000000146e+04 2.632178899785566576e-03
1.837070000000000073e+04 2.691736471829953275e-03
1.837400000000000000e+04 2.752102031508232415e-03
1.837729999999999927e+04 2.798763701879765798e-03
1.838059999999999854e+04 2.841837843232954651e-03
1.838390000000000146e+04 2.889700938262481852e-03
1.838709999999999854e+04 2.926210169818148094e-03
1.839040000000000146e+04 2.961659667770713024e-03
1.839370000000000073e+04 3.003138934777809660e-03
1.839700000000000000e+04 3.040534723718682324e-03
1.840029999999999927e+04 3.082260173465474918e-03
1.840359999999999854e+04 3.131809115062452777e-03
1.840690000000000146e+04 3.180398375909738746e-03
1.841020000000000073e+04 3.207851101058764934e-03
1.841350000000000000e+04 3.240473583581068677e-03
1.841679999999999927e+04 3.284839952918118013e-03
1.842009999999999854e+04 3.305087465742055555e-03
1.842340000000000146e+04 3.338265288687360024e-03
1.842670000000000073e+04 3.363202134324909734e-03
1.843000000000000000e+04 3.390976611624008357e-03
1.843329999999999927e+04 3.430683437667315493e-03
1.843659999999999854e+04 3.490095123471569256e-03
1.843990000000000146e+04 3.549090996679390899e-03
1.844320000000000073e+04 3.596813766464301669e-03
1.844650000000000000e+04 3.646069549054194951e-03
1.844979999999999927e+04 3.701581682805023688e-03
1.845300000000000000e+04 3.736150081507441136e-03
1.845629999999999927e+04 3.772137958746973798e-03
1.845959999999999854e+04 3.779483655113416787e-03
1.846290000000000146e+04 3.835677976868758204e-03
1.846620000000000073e+04 3.851715344358786625e-03
1.846950000000000000e+04 3.848976979737812193e-03
1.847279999999999927e+04 3.875873270033043834e-03
1.847609999999999854e+04 3.896802474642042675e-03
1.847940000000000146e+04 3.899767896819604420e-03
1.848270000000000073e+04 3.915935823815041086e-03
1.848600000000000000e+04 3.932539389022757237e-03
1.848929999999999927e+04 3.961191401414457421e-03
1.849259999999999854e+04 3.997029149523955750e-03
1.849590000000000146e+04 4.005840356521947476e-03
1.849920000000000073e+04 4.052436307800027192e-03
1.850250000000000000e+04 4.101570244980427132e-03
1.850579999999999927e+04 4.138142165871090336e-03
1.850909999999999854e+04 4.206689101221895016e-03
1.851240000000000146e+04 4.223910246638967921e-03
1.851570000000000073e+04 4.221807910927175000e-03
1.851890000000000146e+04 4.242381482067821355e-03
1.852220000000000073e+04 4.280124623154559806e-03
1.852550000000000000e+04 4.310012705539675512e-03
1.852879999999999927e+04 4.355226208757501973e-03
1.853209999999999854e+04 4.411731315123478860e-03
1.853540000000000146e+04 4.448446870218903011e-03
1.853870000000000073e+04 4.481955316992669233e-03
1.854200000000000000e+04 4.547565936200734064e-03
1.854529999999999927e+04 4.619385017069953248e-03
1.854859999999999854e+04 4.664765817501274545e-03
1.855190000000000146e+04 4.726479730079351585e-03
1.855520000000000073e+04 4.782613573395325807e-03
1.855850000000000000e+04 4.854965935761909948e-03
1.856179999999999927e+04 4.912301378008316483e-03
1.856509999999999854e+04 4.960624641913900790e-03
1.856840000000000146e+04 5.015639984389581689e-03
1.857170000000000073e+04 5.036415227299342358e-03
1.857500000000000000e+04 5.113892535450722046e-03
1.857829999999999927e+04 5.205665402763577643e-03
1.858150000000000000e+04 5.270773719207157669e-03
1.858479999999999927e+04 5.353555719951044387e-03
1.858809999999999854e+04 5.402538598307712533e-03
1.859140000000000146e+04 5.457267708409200245e-03
1.859470000000000073e+04 5.540148138768916444e-03
1.859800000000000000e+04 5.611610068752158863e-03
1.860129999999999927e+04 5.657810593574568066e-03
1.860459999999999854e+04 5.744359995109123672e-03
1.860790000000000146e+04 5.821460232554475332e-03
1.861120000000000073e+04 5.928698125678331064e-03
1.861450000000000000e+04 6.056994321093476033e-03
1.861779999999999927e+04 6.162962861253670939e-03
1.862109999999999854e+04 6.247385073390164870e-03
1.862440000000000146e+04 6.359482160922796425e-03
1.862770000000000073e+04 6.461774350387676329e-03
1.863100000000000000e+04 6.626486902697989283e-03
1.863429999999999927e+04 6.752049130194559545e-03
1.863759999999999854e+04 6.857381133692847658e-03
1.864090000000000146e+04 7.011047184354224013e-03
1.864420000000000073e+04 7.214563711481184957e-03
1.864740000000000146e+04 7.366220722777376724e-03
1.865070000000000073e+04 7.491228494823270849e-03
1.865400000000000000e+04 7.627294003762978385e-03
1.865729999999999927e+04 7.748211061174681280e-03
1.866059999999999854e+04 7.871463525635112243e-03
1.866390000000000146e+04 8.003897335253749509e-03
1.866720000000000073e+04 8.126251562955343066e-03
1.867050000000000000e+04 8.250419936153691181e-03
1.867379999999999927e+04 8.366842852924806506e-03
1.867709999999999854e+04 8.544133118035078869e-03
1.868040000000000146e+04 8.756973308303233131e-03
1.868370000000000073e+04 9.023777699536762037e-03
1.868700000000000000e+04 9.276906119449849011e-03
1.869029999999999927e+04 9.466267567866851196e-03
1.869359999999999854e+04 9.760778565833004919e-03
1.869690000000000146e+04 9.996622512877877467e-03
1.870020000000000073e+04 1.008140624001395078e-02
1.870350000000000000e+04 1.017245694153834715e-02
1.870679999999999927e+04 1.034316389712563837e-02
1.871000000000000000e+04 1.065690653193022454e-02
1.871329999999999927e+04 1.082877285886146498e-02
1.871659999999999854e+04 1.094132629430974619e-02
1.871990000000000146e+04 1.109319819319589881e-02
1.872320000000000073e+04 1.121043112172456953e-02
1.872650000000000000e+04 1.137923732991238772e-02
1.872979999999999927e+04 1.147599985023041967e-02
1.873309999999999854e+04 1.160235633350903406e-02
1.873640000000000146e+04 1.175278385606646700e-02
1.873970000000000073e+04 1.189895781130562852e-02
1.874300000000000000e+04 1.193081766447780766e-02
1.874629999999999927e+04 1.205932324004744226e-02
1.874959999999999854e+04 1.210631977308215465e-02
1.875290000000000146e+04 1.219027510326918529e-02
1.875620000000000073e+04 1.228090467285371419e-02
1.875950000000000000e+04 1.241898359051853140e-02
1.876279999999999927e+04 1.255029575793076453e-02
1.876609999999999854e+04 1.267523739576160123e-02
1.876940000000000146e+04 1.273609119308966725e-02
1.877270000000000073e+04 1.286600878014131609e-02
1.877590000000000146e+04 1.303452858471115111e-02
1.877920000000000073e+04 1.307524542771821945e-02
1.878250000000000000e+04 1.322938675157370875e-02
1.878579999999999927e+04 1.341409155844612393e-02
1.878909999999999854e+04 1.363576958045071078e-02
1.879240000000000146e+04 1.385329542662000306e-02
1.879570000000000073e+04 1.406776888355874659e-02
1.879900000000000000e+04 1.433050720659335107e-02
1.880229999999999927e+04 1.462131779589296264e-02
1.880559999999999854e+04 1.488374328821187240e-02
1.880890000000000146e+04 1.510055568000961621e-02
1.881220000000000073e+04 1.535315889138648242e-02
1.881550000000000000e+04 1.565176913710281809e-02
1.881879999999999927e+04 1.594845911290007981e-02
1.882209999999999854e+04 1.624297367812485571e-02
1.882540000000000146e+04 1.654992928511832273e-02
1.882870000000000073e+04 1.683945850642401890e-02
1.883200000000000000e+04 1.712335450339894441e-02
1.883529999999999927e+04 1.742758708568587639e-02
1.883859999999999854e+04 1.773483356576139799e-02
1.884179999999999927e+04 1.800022978801156526e-02
1.884509999999999854e+04 1.826670840782849622e-02
1.884840000000000146e+04 1.846428910147058372e-02
1.885170000000000073e+04 1.866037841345338788e-02
1.885500000000000000e+04 1.892821007361644367e-02
1.885829999999999927e+04 1.908961076055946948e-02
1.886159999999999854e+04 1.928247209512668967e-02
1.886490000000000146e+04 1.966085222670939728e-02
1.886820000000000073e+04 2.004772348060059398e-02
1.887150000000000000e+04 2.033974556111578166e-02
1.887479999999999927e+04 2.047973302235348708e-02
1.887809999999999854e+04 2.077787863788127520e-02
1.888140000000000146e+04 2.113304635791712210e-02
1.888470000000000073e+04 2.145244322760242808e-02
1.888800000000000000e+04 2.177993171682285345e-02
1.889129999999999927e+04 2.207123791147871938e-02
1.889459999999999854e+04 2.244989976729332148e-02
1.889790000000000146e+04 2.281274341072958220e-02
1.890120000000000073e+04 2.316757575613226025e-02
1.890440000000000146e+04 2.348046578374622662e-02
1.890770000000000073e+04 2.391459446207368569e-02
1.891100000000000000e+04 2.428349973264872647e-02
1.891429999999999927e+04 2.471894184317595736e-02
1.891759999999999854e+04 2.514039838479253941e-02
1.892090000000000146e+04 2.556452603409138311e-02
1.892420000000000073e+04 2.595475754027183612e-02
1.892750000000000000e+04 2.632147581999605065e-02
1.893079999999999927e+04 2.673261546648046313e-02
1.893409999999999854e+04 2.714524546037379651e-02
1.893740000000000146e+04 2.752027630578257264e-02
1.894070000000000073e+04 2.782637121085695248e-02
1.894400000000000000e+04 2.820936234121668162e-02
1.894729999999999927e+04 2.853097468889871646e-02
1.895059999999999854e+04 2.883864891209860296e-02
1.895390000000000146e+04 2.914692200457169244e-02
1.895720000000000073e+04 2.940747951224282480e-02
1.896050000000000000e+04 2.969295119061187566e-02
1.896379999999999927e+04 2.994321128595720319e-02
1.896709999999999854e+04 3.017070432633688765e-02
1.897029999999999927e+04 3.035735684184596994e-02
1.897359999999999854e+04 3.054325676796689620e-02
1.897690000000000146e+04 3.078796315578021317e-02
1.898020000000000073e+04 3.097506794827402724e-02
1.898350000000000000e+04 3.117285069908990250e-02
1.898679999999999927e+04 3.138345698508721721e-02
1.899009999999999854e+04 3.157620376359495523e-02
1.899340000000000146e+04 3.176468660789964066e-02
1.899670000000000073e+04 3.192032923696538210e-02
1.900000000000000000e+04 3.209515799678980957e-02
1.900329999999999927e+04 3.224613404513623771e-02
1.900659999999999854e+04 3.241029822938115007e-02
1.900990000000000146e+04 3.251744943182062475e-02
1.901320000000000073e+04 3.261964953811088280e-02
1.901650000000000000e+04 3.272381241405714764e-02
1.901979999999999927e+04 3.284601785128743456e-02
1.902309999999999854e+04 3.296514067213864030e-02
1.902640000000000146e+04 3.310838604477982922e-02
1.902970000000000073e+04 3.317947924967597911e-02
1.903290000000000146e+04 3.325702336306151502e-02
1.903620000000000073e+04 3.331028219441606320e-02
1.903950000000000000e+04 3.336391852933917601e-02
1.904279999999999927e+04 3.343077263862807846e-02
1.904609999999999854e+04 3.346154365373350814e-02
1.904940000000000146e+04 3.349572841282928010e-02
1.905270000000000073e+04 3.356203914256963849e-02
1.905600000000000000e+04 3.360704674669232755e-02
1.905929999999999927e+04 3.364778424505759924e-02
1.906259999999999854e+04 3.365072271817504124e-02
1.906590000000000146e+04 3.366492572082722956e-02
1.906920000000000073e+04 3.367639212926493153e-02
1.907250000000000000e+04 3.362895205297553036e-02
1.907579999999999927e+04 3.358800731326810896e-02
1.907909999999999854e+04 3.356287161983262379e-02
1.908240000000000146e+04 3.354253475873730100e-02
1.908570000000000073e+04 3.349171669972861309e-02
1.908900000000000000e+04 3.341971079963373947e-02
1.909229999999999927e+04 3.334024790071734440e-02
1.909559999999999854e+04 3.325962552580257608e-02
1.909879999999999927e+04 3.320607224546107128e-02
1.910209999999999854e+04 3.308534337450771273e-02
1.910540000000000146e+04 3.300667396725096014e-02
1.910870000000000073e+04 3.293541513343539728e-02
1.911200000000000000e+04 3.285503303534686309e-02
1.911529999999999927e+04 3.276789840966200240e-02
1.911859999999999854e+04 3.259255467755362012e-02
1.912190000000000146e+04 3.245180013103428351e-02
1.912520000000000073e+04 3.226124079301144476e-02
1.912850000000000000e+04 3.206597701823254987e-02
1.913179999999999927e+04 3.191685545135666130e-02
1.913509999999999854e+04 3.177169216849694278e-02
1.913840000000000146e+04 3.160654242506216044e-02
1.914170000000000073e+04 3.138767571868918832e-02
1.914500000000000000e+04 3.120037554691876963e-02
1.914829999999999927e+04 3.097287382817496063e-02
1.915159999999999854e+04 3.076246662644854454e-02
1.915490000000000146e+04 3.055609186336822811e-02
1.915820000000000073e+04 3.033790497656475502e-02
1.916140000000000146e+04 3.014871355902550704e-02
1.916470000000000073e+04 2.991618337613103501e-02
1.916800000000000000e+04 2.968581970247454946e-02
1.917129999999999927e+04 2.942510810090898793e-02
1.917459999999999854e+04 2.920327425634495697e-02
1.917790000000000146e+04 2.898748533212770415e-02
1.918120000000000073e+04 2.877497119281940269e-02
1.918450000000000000e+04 2.850102560764269932e-02
1.918779999999999927e+04 2.823079658681584489e-02
1.919109999999999854e+04 2.795555201614909405e-02
1.919440000000000146e+04 2.770478471426807837e-02
1.919770000000000073e+04 2.743367649157425758e-02
1.920100000000000000e+04 2.717869562802943326e-02
1.920429999999999927e+04 2.691884139200992690e-02
1.920759999999999854e+04 2.663579466845578461e-02
1.921090000000000146e+04 2.637739803762510077e-02
1.921420000000000073e+04 2.609539533307700040e-02
1.921750000000000000e+04 2.579485613564125313e-02
1.922079999999999927e+04 2.550606043837863601e-02
1.922409999999999854e+04 2.521096174603502590e-02
1.922729999999999927e+04 2.489792135438611415e-02
1.923059999999999854e+04 2.458928251920673713e-02
1.923390000000000146e+04 2.429652800000809201e-02
1.923720000000000073e+04 2.401183179086173805e-02
1.924050000000000000e+04 2.370853372883610644e-02
1.924379999999999927e+04 2.339648874515919824e-02
1.924709999999999854e+04 2.308136164717831951e-02
1.925040000000000146e+04 2.275898040956587584e-02
1.925370000000000073e+04 2.241612025366070821e-02
1.925700000000000000e+04 2.213520695770038876e-02
1.926029999999999927e+04 2.181345678481338632e-02
1.926359999999999854e+04 2.146991638244332562e-02
1.926690000000000146e+04 2.118212057615610072e-02
1.927020000000000073e+04 2.084853905881932715e-02
1.927350000000000000e+04 2.053843369828002932e-02
1.927679999999999927e+04 2.020994722742959493e-02
1.928009999999999854e+04 1.987670164682907997e-02
1.928340000000000146e+04 1.957401960789662346e-02
1.928670000000000073e+04 1.925736308862974894e-02
1.929000000000000000e+04 1.893935541806974002e-02
1.929320000000000073e+04 1.864693255993255666e-02
1.929650000000000000e+04 1.831889969956476683e-02
1.929979999999999927e+04 1.799546881911818011e-02
1.930309999999999854e+04 1.769551412809115820e-02
1.930640000000000146e+04 1.739623671031911151e-02
1.930970000000000073e+04 1.709204730091307828e-02
1.931300000000000000e+04 1.681825148606573561e-02
1.931629999999999927e+04 1.650123347098273949e-02
1.931959999999999854e+04 1.618635255575513049e-02
1.932290000000000146e+04 1.585119359546204726e-02
1.932620000000000073e+04 1.553926497968247458e-02
1.932950000000000000e+04 1.521714709351049480e-02
1.933279999999999927e+04 1.490930095321075025e-02
1.933609999999999854e+04 1.463893219388383814e-02
1.933940000000000146e+04 1.435089642164025757e-02
1.934270000000000073e+04 1.405538303895578593e-02
1.934600000000000000e+04 1.373584999529938594e-02
1.934929999999999927e+04 1.343900979595160153e-02
1.935259999999999854e+04 1.313435244569023316e-02
1.935579999999999927e+04 1.283988066898712581e-02
1.935909999999999854e+04 1.254054061676928081e-02
1.936240000000000146e+04 1.224211156672409991e-02
1.936570000000000073e+04 1.195215571788689132e-02
1.936900000000000000e+04 1.166819067384188696e-02
1.937229999999999927e+04 1.138251229170022041e-02
1.937559999999999854e+04 1.108695576945710817e-02
1.937890000000000146e+04 1.080945355708587581e-02
1.938220000000000073e+04 1.052775785624684816e-02
1.938550000000000000e+04 1.024678871585711984e-02
1.938879999999999927e+04 9.954615148802007166e-03
1.939209999999999854e+04 9.692988195953279248e-03
1.939540000000000146e+04 9.427657083125840290e-03
1.939870000000000073e+04 9.147803583118094967e-03
1.940200000000000000e+04 8.893030210825826967e-03
1.940529999999999927e+04 8.642712130765357187e-03
1.940859999999999854e+04 8.394018168788762099e-03
1.941190000000000146e+04 8.134770083282123754e-03
1.941520000000000073e+04 7.895492069952030761e-03
1.941850000000000000e+04 7.657581758931153275e-03
1.942170000000000073e+04 7.379769670835953192e-03
1.942500000000000000e+04 7.120049850155789339e-03
1.942829999999999927e+04 6.880393789926518566e-03
1.943159999999999854e+04 6.625467181855788576e-03
1.943490000000000146e+04 6.371584191508422416e-03
1.943820000000000073e+04 6.106246554624049014e-03
1.944150000000000000e+04 5.855290581621038631e-03
1.944479999999999927e+04 5.622688979854998173e-03
1.944809999999999854e+04 5.389996042151070157e-03
1.945140000000000146e+04 5.170349534663669540e-03
1.945470000000000073e+04 4.954253071735669096e-03
1.945800000000000000e+04 4.722796737692294862e-03
1.946129999999999927e+04 4.478837900578245927e-03
1.946459999999999854e+04 4.250050006863553137e-03
1.946790000000000146e+04 4.008398037511019286e-03
1.947120000000000073e+04 3.778081123190044945e-03
1.947450000000000000e+04 3.551607913157262941e-03
1.947779999999999927e+04 3.318313310486039908e-03
1.948109999999999854e+04 3.098185949205631892e-03
1.948429999999999927e+04 2.879042704356528024e-03
1.948759999999999854e+04 2.680141738552241533e-03
1.949090000000000146e+04 2.474130508610576998e-03
1.949420000000000073e+04 2.276695691920195639e-03
1.949750000000000000e+04 2.071779685925056059e-03
1.950079999999999927e+04 1.840786902743873866e-03
1.950409999999999854e+04 1.636702636774363135e-03
1.950740000000000146e+04 1.435514116187657516e-03
1.951070000000000073e+04 1.248494364743224939e-03
1.951400000000000000e+04 1.077600420775921440e-03
1.951729999999999927e+04 9.054013432074864247e-04
1.952059999999999854e+04 6.887897589213287566e-04
1.952390000000000146e+04 5.076743027415439157e-04
1.952720000000000073e+04 3.285307317486644836e-04
1.953050000000000000e+04 1.555097769557385341e-04
1.953379999999999927e+04 -2.083075600648882819e-05
1.953709999999999854e+04 -2.054675960934514308e-04
1.954040000000000146e+04 -3.525570064066271608e-04
1.954370000000000073e+04 -5.049675918580022157e-04
1.954700000000000000e+04 -6.663680489512253165e-04
1.955020000000000073e+04 -8.485836562452030120e-04
1.955350000000000000e+04 -9.800512149663819471e-04
1.955679999999999927e+04 -1.123759085270342436e-03
1.956009999999999854e+04 -1.254186953024449087e-03
1.956340000000000146e+04 -1.387263547746232610e-03
1.956670000000000073e+04 -1.523698744848899986e-03
1.957000000000000000e+04 -1.646996323550217181e-03
1.957329999999999927e+04 -1.776859587153367150e-03
1.957659999999999854e+04 -1.890953273107112784e-03
1.957990000000000146e+04 -2.012239027545068958e-03
1.958320000000000073e+04 -2.150497059851383310e-03
1.958650000000000000e+04 -2.283863465387172935e-03
1.958979999999999927e+04 -2.388001108507308446e-03
1.959309999999999854e+04 -2.495384309713709337e-03
1.959640000000000146e+04 -2.589839758022712338e-03
1.959970000000000073e+04 -2.681000669187583174e-03
1.960300000000000000e+04 -2.789391358889208288e-03
1.960629999999999927e+04 -2.929203345049755276e-03
1.960959999999999854e+04 -3.048205139822324737e-03
1.961290000000000146e+04 -3.176851678507184966e-03
1.961609999999999854e+04 -3.303202495370062552e-03
1.961940000000000146e+04 -3.392112976745556042e-03
1.962270000000000073e+04 -3.505732075823751476e-03
1.962600000000000000e+04 -3.611485107444981947e-03
1.962929999999999927e+04 -3.699340081471766146e-03
1.963259999999999854e+04 -3.772879320367300213e-03
1.963590000000000146e+04 -3.823545155932897913e-03
1.963920000000000073e+04 -3.948719831828141798e-03
1.964250000000000000e+04 -4.025718570243424707e-03
1.964579999999999927e+04 -4.130106149243297116e-03
1.964909999999999854e+04 -4.258684215992492549e-03
1.965240000000000146e+04 -4.372574653902792756e-03
1.965570000000000073e+04 -4.482659666380653732e-03
1.965900000000000000e+04 -4.558131767559150775e-03
1.966229999999999927e+04 -4.583378012219050356e-03
1.966559999999999854e+04 -4.616653928557756803e-03
1.966890000000000146e+04 -4.709099501677417934e-03
1.967220000000000073e+04 -4.808447155621454507e-03
1.967550000000000000e+04 -4.884082235036352020e-03
1.967870000000000073e+04 -5.006268453615425953e-03
1.968200000000000000e+04 -5.061340208087200358e-03
1.968529999999999927e+04 -5.091010973240452618e-03
1.968859999999999854e+04 -5.129902502734135991e-03
1.969190000000000146e+04 -5.156031310739240918e-03
1.969520000000000073e+04 -5.208640798813200974e-03
1.969850000000000000e+04 -5.239764775153289700e-03
1.970179999999999927e+04 -5.259954480712916366e-03
1.970509999999999854e+04 -5.365203601311838676e-03
1.970840000000000146e+04 -5.478476932668129712e-03
1.971170000000000073e+04 -5.565824411505764825e-03
1.971500000000000000e+04 -5.591627983887854925e-03
1.971829999999999927e+04 -5.697653589377329499e-03
1.972159999999999854e+04 -5.712874453482782305e-03
1.972490000000000146e+04 -5.745876968581481101e-03
1.972820000000000073e+04 -5.837087220922231381e-03
1.973150000000000000e+04 -5.941369906978633854e-03
1.973479999999999927e+04 -6.042733743277210398e-03
1.973809999999999854e+04 -6.141143338774424261e-03
1.974140000000000146e+04 -6.236926694321499008e-03
1.974459999999999854e+04 -6.344767116842365065e-03
1.974790000000000146e+04 -6.368083505652767130e-03
1.975120000000000073e+04 -6.379701555915328302e-03
1.975450000000000000e+04 -6.415691102349218786e-03
1.975779999999999927e+04 -6.441329032461211648e-03
1.976109999999999854e+04 -6.523466417999386306e-03
1.976440000000000146e+04 -6.595122861773012463e-03
1.976770000000000073e+04 -6.676707381183406495e-03
1.977100000000000000e+04 -6.722547883535808476e-03
1.977429999999999927e+04 -6.754095300877793924e-03
1.977759999999999854e+04 -6.805474637221546955e-03
1.978090000000000146e+04 -6.861722196440059318e-03
1.978420000000000073e+04 -6.949244972768115446e-03
1.978750000000000000e+04 -6.959045316332933447e-03
1.979079999999999927e+04 -7.036384367232178388e-03
1.979409999999999854e+04 -7.046663942471702996e-03
1.979740000000000146e+04 -7.068018247673413593e-03
1.980070000000000073e+04 -7.136017359721585560e-03
1.980400000000000000e+04 -7.139339858220892544e-03
1.980720000000000073e+04 -7.167097059551481679e-03
1.981050000000000000e+04 -7.146014353328881789e-03
1.981379999999999927e+04 -7.098756413453699565e-03
1.981709999999999854e+04 -7.123575895898582797e-03
1.982040000000000146e+04 -7.101388733754439297e-03
1.982370000000000073e+04 -7.094703544096840446e-03
1.982700000000000000e+04 -7.134862126487710558e-03
1.983029999999999927e+04 -7.167856487032714732e-03
1.983359999999999854e+04 -7.146327093621806549e-03
1.983690000000000146e+04 -7.149852799489493649e-03
1.984020000000000073e+04 -7.135034665662650169e-03
1.984350000000000000e+04 -7.126495216103487587e-03
1.984679999999999927e+04 -7.134539141888569108e-03
1.985009999999999854e+04 -7.157285465832212423e-03
1.985340000000000146e+04 -7.198447048996706177e-03
1.985670000000000073e+04 -7.270013476676338675e-03
1.986000000000000000e+04 -7.307870957090071423e-03
1.986329999999999927e+04 -7.390136493317599718e-03
1.986659999999999854e+04 -7.392787218672726250e-03
1.986990000000000146e+04 -7.356261691663009208e-03
1.987309999999999854e+04 -7.303606894341920647e-03
1.987640000000000146e+04 -7.282230825852198039e-03
1.987970000000000073e+04 -7.334022210490543335e-03
1.988300000000000000e+04 -7.302664464058703300e-03
1.988629999999999927e+04 -7.376870572275081271e-03
1.988959999999999854e+04 -7.463101912099356743e-03
1.989290000000000146e+04 -7.441965939022166486e-03
1.989620000000000073e+04 -7.387426468791705864e-03
1.989950000000000000e+04 -7.336681994356914795e-03
1.990279999999999927e+04 -7.309419203580137282e-03
1.990609999999999854e+04 -7.292490090112062340e-03
1.990940000000000146e+04 -7.240106081478984643e-03
1.991270000000000073e+04 -7.255483223763190340e-03
1.991600000000000000e+04 -7.243691946586095116e-03
1.991929999999999927e+04 -7.263876479761122162e-03
1.992259999999999854e+04 -7.269475920702957519e-03
1.992590000000000146e+04 -7.238281335790190847e-03
