1.716800000000000000e+04 4.655120440383169497e-04
1.717129999999999927e+04 4.571181697615190882e-04
1.717459999999999854e+04 4.685665313896772823e-04
1.717790000000000146e+04 4.894195540435529500e-04
1.718120000000000073e+04 4.910005819971788657e-04
1.718450000000000000e+04 4.920478266918321911e-04
1.718779999999999927e+04 4.942964629504292655e-04
1.719109999999999854e+04 4.760305681373132444e-04
1.719440000000000146e+04 4.728009927149850306e-04
1.719770000000000073e+04 4.765796631998259268e-04
1.720100000000000000e+04 4.662396819381880672e-04
1.720429999999999927e+04 4.711675664859627769e-04
1.720759999999999854e+04 4.768693541889235696e-04
1.721090000000000146e+04 4.927059182982908899e-04
1.721420000000000073e+04 4.998796616828057177e-04
1.721750000000000000e+04 5.074528293854438203e-04
1.722079999999999927e+04 5.205031060525692468e-04
1.722409999999999854e+04 5.060629491148575018e-04
1.722729999999999927e+04 5.054413760969769407e-04
1.723059999999999854e+04 5.121122054564007046e-04
1.723390000000000146e+04 5.089600105462412137e-04
1.723720000000000073e+04 5.081648908687235941e-04
1.724050000000000000e+04 5.128773228340876037e-04
1.724379999999999927e+04 5.187583254987232668e-04
1.724709999999999854e+04 5.187238714525825274e-04
1.725040000000000146e+04 5.037710488356406894e-04
1.725370000000000073e+04 5.057917328112768391e-04
1.725700000000000000e+04 5.084722799530566606e-04
1.726029999999999927e+04 5.133355957234060065e-04
1.726359999999999854e+04 5.145228065380992241e-04
1.726690000000000146e+04 5.116301836213264830e-04
1.727020000000000073e+04 5.098679366897200397e-04
1.727350000000000000e+04 5.105628092170361480e-04
1.727679999999999927e+04 5.198785664579294846e-04
1.728009999999999854e+04 5.264933418658532824e-04
1.728340000000000146e+04 5.133183434527453229e-04
1.728670000000000073e+04 4.975902041271516082e-04
1.729000000000000000e+04 4.998702624730729221e-04
1.729320000000000073e+04 4.895710390162409274e-04
1.729650000000000000e+04 5.002427381521987876e-04
1.729979999999999927e+04 5.051036009878753699e-04
1.730309999999999854e+04 5.144087036023237006e-04
1.730640000000000146e+04 4.996785367874447166e-04
1.730970000000000073e+04 5.022904439770763119e-04
1.731300000000000000e+04 4.984650560257913388e-04
1.731629999999999927e+04 4.981003700919316201e-04
1.731959999999999854e+04 4.976608041744924344e-04
1.732290000000000146e+04 5.025677940310164897e-04
1.732620000000000073e+04 5.064428215507245454e-04
1.732950000000000000e+04 5.134501237063095582e-04
1.733279999999999927e+04 5.089716005420408902e-04
1.733609999999999854e+04 5.057011740991359345e-04
1.733940000000000146e+04 5.001371350796251104e-04
1.734270000000000073e+04 4.904031998765106745e-04
1.734600000000000000e+04 4.958140306594505846e-04
1.734929999999999927e+04 4.934666457692780256e-04
1.735259999999999854e+04 4.952811106532399111e-04
1.735579999999999927e+04 5.043009079739452227e-04
1.735909999999999854e+04 5.102471843106203908e-04
1.736240000000000146e+04 5.129029460791236558e-04
1.736570000000000073e+04 5.124228408018656391e-04
1.736900000000000000e+04 5.065050826335716194e-04
1.737229999999999927e+04 5.031487042567721769e-04
1.737559999999999854e+04 5.067016103699417901e-04
1.737890000000000146e+04 5.058230055461152962e-04
1.738220000000000073e+04 5.111746042265059419e-04
1.738550000000000000e+04 5.035862890424526103e-04
1.738879999999999927e+04 5.031008266380709599e-04
1.739209999999999854e+04 5.088606586490491230e-04
1.739540000000000146e+04 5.137954160076412544e-04
1.739870000000000073e+04 5.112926768233970205e-04
1.740200000000000000e+04 5.109922742622647436e-04
1.740529999999999927e+04 5.187210977149125327e-04
1.740859999999999854e+04 5.194380456963357089e-04
1.741190000000000146e+04 5.226664721398906329e-04
1.741520000000000073e+04 5.276055175182259738e-04
1.741850000000000000e+04 5.233825403249797161e-04
1.742170000000000073e+04 5.287422470219098856e-04
1.742500000000000000e+04 5.293671469907798880e-04
1.742829999999999927e+04 5.323845352631190967e-04
1.743159999999999854e+04 5.400964718612937454e-04
1.743490000000000146e+04 5.415405761349170862e-04
1.743820000000000073e+04 5.388779606905474018e-04
1.744150000000000000e+04 5.339853427874612351e-04
1.744479999999999927e+04 5.270798074466887884e-04
1.744809999999999854e+04 5.337834641362715392e-04
1.745140000000000146e+04 5.442142108587754313e-04
1.745470000000000073e+04 5.489073349954108139e-04
1.745800000000000000e+04 5.582671031257502216e-04
1.746129999999999927e+04 5.583770873866319854e-04
1.746459999999999854e+04 5.590716285036418862e-04
1.746790000000000146e+04 5.658076226570673845e-04
1.747120000000000073e+04 5.810079241121142261e-04
1.747450000000000000e+04 5.812867720778408737e-04
1.747779999999999927e+04 5.851468086335040539e-04
1.748109999999999854e+04 5.943618633774983570e-04
1.748429999999999927e+04 5.955890474397178367e-04
1.748759999999999854e+04 5.979126697971977713e-04
1.749090000000000146e+04 6.020553513194510644e-04
1.749420000000000073e+04 5.964195261328048003e-04
1.749750000000000000e+04 5.979928154452206690e-04
1.750079999999999927e+04 6.049832078301431958e-04
1.750409999999999854e+04 6.008983563680484526e-04
1.750740000000000146e+04 5.956097467917193748e-04
1.751070000000000073e+04 5.903838095187461874e-04
1.751400000000000000e+04 5.988689333015395806e-04
1.751729999999999927e+04 6.075818186498825255e-04
1.752059999999999854e+04 6.112824602477876824e-04
1.752390000000000146e+04 6.063493120404467090e-04
1.752720000000000073e+04 6.081117848265973121e-04
1.753050000000000000e+04 6.111466315047469526e-04
1.753379999999999927e+04 6.187887617943545930e-04
1.753709999999999854e+04 6.286829629162568036e-04
1.754040000000000146e+04 6.219768759699747206e-04
1.754370000000000073e+04 6.256212502777023501e-04
1.754700000000000000e+04 6.249329733973148183e-04
1.755020000000000073e+04 6.250120083524761394e-04
1.755350000000000000e+04 6.368023855496886439e-04
1.755679999999999927e+04 6.410557157019288951e-04
1.756009999999999854e+04 6.385988334154927464e-04
1.756340000000000146e+04 6.418426960102125703e-04
1.756670000000000073e+04 6.413633835476226360e-04
1.757000000000000000e+04 6.400733568101564085e-04
1.757329999999999927e+04 6.422978629287294560e-04
1.757659999999999854e+04 6.467533858080080651e-04
1.757990000000000146e+04 6.510721139470147367e-04
1.758320000000000073e+04 6.614950715619321697e-04
1.758650000000000000e+04 6.679109410711171584e-04
1.758979999999999927e+04 6.723227903479263648e-04
1.759309999999999854e+04 6.770285924651624166e-04
1.759640000000000146e+04 6.785721361888249819e-04
1.759970000000000073e+04 6.819173080183138546e-04
1.760300000000000000e+04 6.897693897744693351e-04
1.760629999999999927e+04 6.938764825602626455e-04
1.760959999999999854e+04 7.015734229789489986e-04
1.761290000000000146e+04 7.058120515086842512e-04
1.761609999999999854e+04 7.052993057715420356e-04
1.761940000000000146e+04 7.038165172531170863e-04
1.762270000000000073e+04 7.043790282658947107e-04
1.762600000000000000e+04 7.051441424840387785e-04
1.762929999999999927e+04 7.117180064555690081e-04
1.763259999999999854e+04 7.085480820231241121e-04
1.763590000000000146e+04 7.038537138951475852e-04
1.763920000000000073e+04 7.082429039083684968e-04
1.764250000000000000e+04 7.104598305050096891e-04
1.764579999999999927e+04 7.057406898645031445e-04
1.764909999999999854e+04 7.084351400514824447e-04
1.765240000000000146e+04 7.114232430373509681e-04
1.765570000000000073e+04 7.199690935667180580e-04
1.765900000000000000e+04 7.273478248116986913e-04
1.766229999999999927e+04 7.305582491961095694e-04
1.766559999999999854e+04 7.429387443879537914e-04
1.766890000000000146e+04 7.540963968968548981e-04
1.767220000000000073e+04 7.674278801198773647e-04
1.767550000000000000e+04 7.783597298255672285e-04
1.767870000000000073e+04 7.868061544985756372e-04
1.768200000000000000e+04 7.837099078312111935e-04
1.768529999999999927e+04 7.895504400939392384e-04
1.768859999999999854e+04 7.971394461504543484e-04
1.769190000000000146e+04 8.065418081244768705e-04
1.769520000000000073e+04 8.136180500473882190e-04
1.769850000000000000e+04 8.148729131481381727e-04
1.770179999999999927e+04 8.117167125900486870e-04
1.770509999999999854e+04 8.211022812628556572e-04
1.770840000000000146e+04 8.250843560684106674e-04
1.771170000000000073e+04 8.317745340973521423e-04
1.771500000000000000e+04 8.406039916822770830e-04
1.771829999999999927e+04 8.395409570175835093e-04
1.772159999999999854e+04 8.446089738371711153e-04
1.772490000000000146e+04 8.525189604749063401e-04
1.772820000000000073e+04 8.581037118209429351e-04
1.773150000000000000e+04 8.708145617861948488e-04
1.773479999999999927e+04 8.736840761079862384e-04
1.773809999999999854e+04 8.794357029172858182e-04
1.774140000000000146e+04 8.833707479771803770e-04
1.774459999999999854e+04 8.849782569566764460e-04
1.774790000000000146e+04 8.919785959964213543e-04
1.775120000000000073e+04 8.935017166066747119e-04
1.775450000000000000e+04 8.922185594195705238e-04
1.775779999999999927e+04 8.900739095722981368e-04
1.776109999999999854e+04 8.922964633246771235e-04
1.776440000000000146e+04 9.033429717868698451e-04
1.776770000000000073e+04 9.040461388355594064e-04
1.777100000000000000e+04 9.119278461385394276e-04
1.777429999999999927e+04 9.216893011034369473e-04
1.777759999999999854e+04 9.236208317191139331e-04
1.778090000000000146e+04 9.273083002817664178e-04
1.778420000000000073e+04 9.387479198831045601e-04
1.778750000000000000e+04 9.463122477562377691e-04
1.779079999999999927e+04 9.505277476365260950e-04
1.779409999999999854e+04 9.549449781160615578e-04
1.779740000000000146e+04 9.672558896101656790e-04
1.780070000000000073e+04 9.777200976574806912e-04
1.780400000000000000e+04 9.881380786068510134e-04
1.780720000000000073e+04 9.952412179095096716e-04
1.781050000000000000e+04 1.006032244594004576e-03
1.781379999999999927e+04 1.019127487208043538e-03
1.781709999999999854e+04 1.023078840521019070e-03
1.782040000000000146e+04 1.029056315710933289e-03
1.782370000000000073e+04 1.030661402209642752e-03
1.782700000000000000e+04 1.036350584133804379e-03
1.783029999999999927e+04 1.029554836239861011e-03
1.783359999999999854e+04 1.030596072752008353e-03
1.783690000000000146e+04 1.036861499763824974e-03
1.784020000000000073e+04 1.044355560128478171e-03
1.784350000000000000e+04 1.040473463479456078e-03
1.784679999999999927e+04 1.049620483694099120e-03
1.785009999999999854e+04 1.055865832548978775e-03
1.785340000000000146e+04 1.060950613511768038e-03
1.785670000000000073e+04 1.061782389961178847e-03
1.786000000000000000e+04 1.066784553114263033e-03
1.786329999999999927e+04 1.074189032325187148e-03
1.786659999999999854e+04 1.084103481405644838e-03
1.786990000000000146e+04 1.092794463450744592e-03
1.787309999999999854e+04 1.099541953955068905e-03
1.787640000000000146e+04 1.113594217330570292e-03
1.787970000000000073e+04 1.118821595826820703e-03
1.788300000000000000e+04 1.126948974741935833e-03
1.788629999999999927e+04 1.128127170824744143e-03
1.788959999999999854e+04 1.130610648199289808e-03
1.789290000000000146e+04 1.141027118116835944e-03
1.789620000000000073e+04 1.141332359094702651e-03
1.789950000000000000e+04 1.149794018637541370e-03
1.790279999999999927e+04 1.159340054970456812e-03
1.790609999999999854e+04 1.167669355826324870e-03
1.790940000000000146e+04 1.177325189254601039e-03
1.791270000000000073e+04 1.173388917501533551e-03
1.791600000000000000e+04 1.177643319585768358e-03
1.791929999999999927e+04 1.184490307938352400e-03
1.792259999999999854e+04 1.191982612105102783e-03
1.792590000000000146e+04 1.196864701451443112e-03
1.792920000000000073e+04 1.194344852163997748e-03
1.793250000000000000e+04 1.199817636681443835e-03
1.793570000000000073e+04 1.209305763659411460e-03
1.793900000000000000e+04 1.212063716421445591e-03
1.794229999999999927e+04 1.221098800020941526e-03
1.794559999999999854e+04 1.226655247983748226e-03
1.794890000000000146e+04 1.231118291584462100e-03
1.795220000000000073e+04 1.234631792416213299e-03
1.795550000000000000e+04 1.241802783459118728e-03
1.795879999999999927e+04 1.243022745463034495e-03
1.796209999999999854e+04 1.245855187437138649e-03
1.796540000000000146e+04 1.252089213981093111e-03
1.796870000000000073e+04 1.262016351065540923e-03
1.797200000000000000e+04 1.268766779127318382e-03
1.797529999999999927e+04 1.273352231238266330e-03
1.797859999999999854e+04 1.276194598287335065e-03
1.798190000000000146e+04 1.283171282453602659e-03
1.798520000000000073e+04 1.288391861512173074e-03
1.798850000000000000e+04 1.298279707090851205e-03
1.799179999999999927e+04 1.304089625947944114e-03
1.799509999999999854e+04 1.311194920526192716e-03
1.799840000000000146e+04 1.312903593243086413e-03
1.800159999999999854e+04 1.311819949961547452e-03
1.800490000000000146e+04 1.313769527895726269e-03
1.800820000000000073e+04 1.324847862243074340e-03
1.801150000000000000e+04 1.328571369033755122e-03
1.801479999999999927e+04 1.327001844015669382e-03
1.801809999999999854e+04 1.335780686429618612e-03
1.802140000000000146e+04 1.334298216974886663e-03
1.802470000000000073e+04 1.334744236775371566e-03
1.802800000000000000e+04 1.337282718278307025e-03
1.803129999999999927e+04 1.337833744527289290e-03
1.803459999999999854e+04 1.327130924021250723e-03
1.803790000000000146e+04 1.330206858243862056e-03
1.804120000000000073e+04 1.318502193038011399e-03
1.804450000000000000e+04 1.314236055714925171e-03
1.804779999999999927e+04 1.319399503608271584e-03
1.805109999999999854e+04 1.321871766525556857e-03
1.805440000000000146e+04 1.326730909296471809e-03
1.805770000000000073e+04 1.325689106463904220e-03
1.806100000000000000e+04 1.325120137344576845e-03
1.806429999999999927e+04 1.336254877372264728e-03
1.806750000000000000e+04 1.326443330713726002e-03
1.807079999999999927e+04 1.318241732877900672e-03
1.807409999999999854e+04 1.306680355860183936e-03
1.807740000000000146e+04 1.312729788429164947e-03
1.808070000000000073e+04 1.315330782594275379e-03
1.808400000000000000e+04 1.318252647097172946e-03
1.808729999999999927e+04 1.317543843594246120e-03
1.809059999999999854e+04 1.316780967427528095e-03
1.809390000000000146e+04 1.314615924473389432e-03
1.809720000000000073e+04 1.317230340036088659e-03
1.810050000000000000e+04 1.311059838656708368e-03
1.810379999999999927e+04 1.309250030618148292e-03
1.810709999999999854e+04 1.303571516478402043e-03
1.811040000000000146e+04 1.298055645161254280e-03
1.811370000000000073e+04 1.292725864024423616e-03
1.811700000000000000e+04 1.284730096177846056e-03
1.812029999999999927e+04 1.283323691371915072e-03
1.812359999999999854e+04 1.282640953841631803e-03
1.812690000000000146e+04 1.273032329038117829e-03
1.813009999999999854e+04 1.259182015974221044e-03
1.813340000000000146e+04 1.244164204153017485e-03
1.813670000000000073e+04 1.240974972609177381e-03
1.814000000000000000e+04 1.250074584083774509e-03
1.814329999999999927e+04 1.240499143184739615e-03
1.814659999999999854e+04 1.243793574311802524e-03
1.814990000000000146e+04 1.235709813496134587e-03
1.815320000000000073e+04 1.233324790001596744e-03
1.815650000000000000e+04 1.225279370160105167e-03
1.815979999999999927e+04 1.226970471879259596e-03
1.816309999999999854e+04 1.226862611152194612e-03
1.816640000000000146e+04 1.221633484379501316e-03
1.816970000000000073e+04 1.214717366339113916e-03
1.817300000000000000e+04 1.205110587388815878e-03
1.817629999999999927e+04 1.204037720151354381e-03
1.817959999999999854e+04 1.209150928202332251e-03
1.818290000000000146e+04 1.234191337293833856e-03
1.818620000000000073e+04 1.260226310795349450e-03
1.818950000000000000e+04 1.269159134124803016e-03
1.819279999999999927e+04 1.276105914863921199e-03
1.819600000000000000e+04 1.289794850860781494e-03
1.819929999999999927e+04 1.310139660259563264e-03
1.820259999999999854e+04 1.312609620196332830e-03
1.820590000000000146e+04 1.321373502611639193e-03
1.820920000000000073e+04 1.330632011978462271e-03
1.821250000000000000e+04 1.326220041828492409e-03
1.821579999999999927e+04 1.326564004353895194e-03
1.821909999999999854e+04 1.335793779300161778e-03
1.822240000000000146e+04 1.356183864486695074e-03
1.822570000000000073e+04 1.374620985481525386e-03
1.822900000000000000e+04 1.392165702856039324e-03
1.823229999999999927e+04 1.427736219774187109e-03
1.823559999999999854e+04 1.462796937222168078e-03
1.823890000000000146e+04 1.485571430100079667e-03
1.824220000000000073e+04 1.520034153684785569e-03
1.824550000000000000e+04 1.545551009586473585e-03
1.824879999999999927e+04 1.578593001601977545e-03
1.825209999999999854e+04 1.600434640297060352e-03
1.825540000000000146e+04 1.634891399319997503e-03
1.825859999999999854e+04 1.673915545318396987e-03
1.826190000000000146e+04 1.700455653314932990e-03
1.826520000000000073e+04 1.739110401945158238e-03
1.826850000000000000e+04 1.767742494820837614e-03
1.827179999999999927e+04 1.798179727398861640e-03
1.827509999999999854e+04 1.812967101027611588e-03
1.827840000000000146e+04 1.836739335562485561e-03
1.828170000000000073e+04 1.859110960611584174e-03
1.828500000000000000e+04 1.884557378853458616e-03
1.828829999999999927e+04 1.915254094745207905e-03
1.829159999999999854e+04 1.949828076799328203e-03
1.829490000000000146e+04 1.994069090537551638e-03
1.829820000000000073e+04 2.018132358524199650e-03
1.830150000000000000e+04 2.033587676732251728e-03
1.830479999999999927e+04 2.065679863120172509e-03
1.830809999999999854e+04 2.111139891871230672e-03
1.831140000000000146e+04 2.127109143056013941e-03
1.831470000000000073e+04 2.156060980397583871e-03
1.831800000000000000e+04 2.188483698466157923e-03
1.832129999999999927e+04 2.243044716483896545e-03
1.832450000000000000e+04 2.277218603886909352e-03
1.832779999999999927e+04 2.312354628184062032e-03
1.833109999999999854e+04 2.367986631330817361e-03
1.833440000000000146e+04 2.415731958257131152e-03
1.833770000000000073e+04 2.461422219236043384e-03
1.834100000000000000e+04 2.516101370271752683e-03
1.834429999999999927e+04 2.535919414745752692e-03
1.834759999999999854e+04 2.555886297114878542e-03
1.835090000000000146e+04 2.595868296740464105e-03
1.835420000000000073e+04 2.639785611076495356e-03
1.835750000000000000e+04 2.688895302777885837e-03
1.836079999999999927e+04 2.722942492442615662e-03
1.836409999999999854e+04 2.758568075599825316e-03
1.836740000000000146e+04 2.798227768329050475e-03
1.837070000000000073e+04 2.847879892859654042e-03
1.837400000000000000e+04 2.895644619936938759e-03
1.837729999999999927e+04 2.950253517444837315e-03
1.838059999999999854e+04 2.999695451261629332e-03
1.838390000000000146e+04 3.050093033986209495e-03
1.838709999999999854e+04 3.086003320727112760e-03
1.839040000000000146e+04 3.130308532967997909e-03
1.839370000000000073e+04 3.150112321867716558e-03
1.839700000000000000e+04 3.182835851851739933e-03
1.840029999999999927e+04 3.203267857759109494e-03
1.840359999999999854e+04 3.253061503304480358e-03
1.840690000000000146e+04 3.285628285460821287e-03
1.841020000000000073e+04 3.332283663087620088e-03
1.841350000000000000e+04 3.363589726286861977e-03
1.841679999999999927e+04 3.409465617133199556e-03
1.842009999999999854e+04 3.435690200281569465e-03
1.842340000000000146e+04 3.476903750022063491e-03
1.842670000000000073e+04 3.519871982495096502e-03
1.843000000000000000e+04 3.552250768623220478e-03
1.843329999999999927e+04 3.589610121020049040e-03
1.843659999999999854e+04 3.641905022103834790e-03
1.843990000000000146e+04 3.712994942755933926e-03
1.844320000000000073e+04 3.773801765074870883e-03
1.844650000000000000e+04 3.834718577487628878e-03
1.844979999999999927e+04 3.886942644358397803e-03
1.845300000000000000e+04 3.933969123928446332e-03
1.845629999999999927e+04 3.978125152467303430e-03
1.845959999999999854e+04 3.990673820166333423e-03
1.846290000000000146e+04 4.051508712061643695e-03
1.846620000000000073e+04 4.068216036611995920e-03
1.846950000000000000e+04 4.085349701321298183e-03
1.847279999999999927e+04 4.113388681648488462e-03
1.847609999999999854e+04 4.138319692712566673e-03
1.847940000000000146e+04 4.156362843834519004e-03
1.848270000000000073e+04 4.162286215162369109e-03
1.848600000000000000e+04 4.155213207005360385e-03
1.848929999999999927e+04 4.163717419046318417e-03
1.849259999999999854e+04 4.182278856362479404e-03
1.849590000000000146e+04 4.182899630922071003e-03
1.849920000000000073e+04 4.203594424905927884e-03
1.850250000000000000e+04 4.235666401261895149e-03
1.850579999999999927e+04 4.272890143108392866e-03
1.850909999999999854e+04 4.343513098521946045e-03
1.851240000000000146e+04 4.355735648914524014e-03
1.851570000000000073e+04 4.341631615668514743e-03
1.851890000000000146e+04 4.346143097494785043e-03
1.852220000000000073e+04 4.362881498075367286e-03
1.852550000000000000e+04 4.408461876316252873e-03
1.852879999999999927e+04 4.454192992661838192e-03
1.853209999999999854e+04 4.501892141142741117e-03
1.853540000000000146e+04 4.543229279836830982e-03
1.853870000000000073e+04 4.599694182627178662e-03
1.854200000000000000e+04 4.651937944590542155e-03
1.854529999999999927e+04 4.719820792329727441e-03
1.854859999999999854e+04 4.751463973042574507e-03
1.855190000000000146e+04 4.808208249575817057e-03
1.855520000000000073e+04 4.868389736232603404e-03
1.855850000000000000e+04 4.942367147473862576e-03
1.856179999999999927e+04 5.017923212549174096e-03
1.856509999999999854e+04 5.078079779933564013e-03
1.856840000000000146e+04 5.140792271937142006e-03
1.857170000000000073e+04 5.178539245128298968e-03
1.857500000000000000e+04 5.219400966428778058e-03
1.857829999999999927e+04 5.298790058280075481e-03
1.858150000000000000e+04 5.351089629545354061e-03
1.858479999999999927e+04 5.401760308973436488e-03
1.858809999999999854e+04 5.438095135196491584e-03
1.859140000000000146e+04 5.490494317059725973e-03
1.859470000000000073e+04 5.547806462905734322e-03
1.859800000000000000e+04 5.611113747983570085e-03
1.860129999999999927e+04 5.647164539765381353e-03
1.860459999999999854e+04 5.713700474578550445e-03
1.860790000000000146e+04 5.772246903073024321e-03
1.861120000000000073e+04 5.851234723984070907e-03
1.861450000000000000e+04 5.964416640927060718e-03
1.861779999999999927e+04 6.037143240833754004e-03
1.862109999999999854e+04 6.101350717527111688e-03
1.862440000000000146e+04 6.201553968604235287e-03
1.862770000000000073e+04 6.277221009049154150e-03
1.863100000000000000e+04 6.425748994662819347e-03
1.863429999999999927e+04 6.534004459448127487e-03
1.863759999999999854e+04 6.622706411838042741e-03
1.864090000000000146e+04 6.742910910320891113e-03
1.864420000000000073e+04 6.936651578760176344e-03
1.864740000000000146e+04 7.072330288374349509e-03
1.865070000000000073e+04 7.211056235977419439e-03
1.865400000000000000e+04 7.361858375504586396e-03
1.865729999999999927e+04 7.498616839585094639e-03
1.866059999999999854e+04 7.646051039544016562e-03
1.866390000000000146e+04 7.780951888772954898e-03
1.866720000000000073e+04 7.904252955912629067e-03
1.867050000000000000e+04 8.004817666516058500e-03
1.867379999999999927e+04 8.123814381906185531e-03
1.867709999999999854e+04 8.287388923347217828e-03
1.868040000000000146e+04 8.499760150350588184e-03
1.868370000000000073e+04 8.774826481585005708e-03
1.868700000000000000e+04 9.034692388829528020e-03
1.869029999999999927e+04 9.214105141317621012e-03
1.869359999999999854e+04 9.500763613823222029e-03
1.869690000000000146e+04 9.744499418544074615e-03
1.870020000000000073e+04 9.838435996567853822e-03
1.870350000000000000e+04 9.909429915759522881e-03
1.870679999999999927e+04 1.008216792113222036e-02
1.871000000000000000e+04 1.038228543082438289e-02
1.871329999999999927e+04 1.056484200498892211e-02
1.871659999999999854e+04 1.069624516979377285e-02
1.871990000000000146e+04 1.084352123395941267e-02
1.872320000000000073e+04 1.096851997767381293e-02
1.872650000000000000e+04 1.110139928994344216e-02
1.872979999999999927e+04 1.120331843906371277e-02
1.873309999999999854e+04 1.134083565517739027e-02
1.873640000000000146e+04 1.147516957764947200e-02
1.873970000000000073e+04 1.165210140774295029e-02
1.874300000000000000e+04 1.170494431649455810e-02
1.874629999999999927e+04 1.183298262453682040e-02
1.874959999999999854e+04 1.190132024993682293e-02
1.875290000000000146e+04 1.198276485570380287e-02
1.875620000000000073e+04 1.207005595990399797e-02
1.875950000000000000e+04 1.223290085341825241e-02
1.876279999999999927e+04 1.238086486858002572e-02
1.876609999999999854e+04 1.252382614573329007e-02
1.876940000000000146e+04 1.259762928297415360e-02
1.877270000000000073e+04 1.274476339112447579e-02
1.877590000000000146e+04 1.294093437341174366e-02
1.877920000000000073e+04 1.299910236000735055e-02
1.878250000000000000e+04 1.318250924638486588e-02
1.878579999999999927e+04 1.337876616400506848e-02
1.878909999999999854e+04 1.360516640704065479e-02
1.879240000000000146e+04 1.385000780166179522e-02
1.879570000000000073e+04 1.408201258579957170e-02
1.879900000000000000e+04 1.434199516845830434e-02
1.880229999999999927e+04 1.463424464096067107e-02
1.880559999999999854e+04 1.491744488845657760e-02
1.880890000000000146e+04 1.513417941281203390e-02
1.881220000000000073e+04 1.538981709300603698e-02
1.881550000000000000e+04 1.567768471524367754e-02
1.881879999999999927e+04 1.596135555771663328e-02
1.882209999999999854e+04 1.624014574838548650e-02
1.882540000000000146e+04 1.652348648327066002e-02
1.882870000000000073e+04 1.681242247582678817e-02
1.883200000000000000e+04 1.710021054880270577e-02
1.883529999999999927e+04 1.740467798384679257e-02
1.883859999999999854e+04 1.769248601993828399e-02
1.884179999999999927e+04 1.795974144419930363e-02
1.884509999999999854e+04 1.823249458553273528e-02
1.884840000000000146e+04 1.842421739805951558e-02
1.885170000000000073e+04 1.863205046922004893e-02
1.885500000000000000e+04 1.891055096726309420e-02
1.885829999999999927e+04 1.907462381384829667e-02
1.886159999999999854e+04 1.926757116459626440e-02
1.886490000000000146e+04 1.963356009422852558e-02
1.886820000000000073e+04 2.002365774723885786e-02
1.887150000000000000e+04 2.031225925205653107e-02
1.887479999999999927e+04 2.045638831842436223e-02
1.887809999999999854e+04 2.075042181847272516e-02
1.888140000000000146e+04 2.109311230808467302e-02
1.888470000000000073e+04 2.142401360294897070e-02
1.888800000000000000e+04 2.175673722428432544e-02
1.889129999999999927e+04 2.206997554105375250e-02
1.889459999999999854e+04 2.244392986214700791e-02
1.889790000000000146e+04 2.278721937914308937e-02
1.890120000000000073e+04 2.314513246049381898e-02
1.890440000000000146e+04 2.346218158164357220e-02
1.890770000000000073e+04 2.387607846621128335e-02
1.891100000000000000e+04 2.425195880493796058e-02
1.891429999999999927e+04 2.469353930474075046e-02
1.891759999999999854e+04 2.511040114803233386e-02
1.892090000000000146e+04 2.553459653819799627e-02
1.892420000000000073e+04 2.590281579010373508e-02
1.892750000000000000e+04 2.626621158945416021e-02
1.893079999999999927e+04 2.666300642278449096e-02
1.893409999999999854e+04 2.707291698094043547e-02
1.893740000000000146e+04 2.743602531447789789e-02
1.894070000000000073e+04 2.773004346732729428e-02
1.894400000000000000e+04 2.811772406452573564e-02
1.894729999999999927e+04 2.841768172487240188e-02
1.895059999999999854e+04 2.872018575578033639e-02
1.895390000000000146e+04 2.901786787234735335e-02
1.895720000000000073e+04 2.927210529178820436e-02
1.896050000000000000e+04 2.954498856975274271e-02
1.896379999999999927e+04 2.979513619505507610e-02
1.896709999999999854e+04 3.001897939582114094e-02
1.897029999999999927e+04 3.021202064036988127e-02
1.897359999999999854e+04 3.040266650917614402e-02
1.897690000000000146e+04 3.063954362815046045e-02
1.898020000000000073e+04 3.083323662390916736e-02
1.898350000000000000e+04 3.102490083398944457e-02
1.898679999999999927e+04 3.123981353300502375e-02
1.899009999999999854e+04 3.142385238466148534e-02
1.899340000000000146e+04 3.160719385266669290e-02
1.899670000000000073e+04 3.177254433710519771e-02
1.900000000000000000e+04 3.195183135324319162e-02
1.900329999999999927e+04 3.211554344542599804e-02
1.900659999999999854e+04 3.229788175896812497e-02
1.900990000000000146e+04 3.241742387592613794e-02
1.901320000000000073e+04 3.253003129199749655e-02
1.901650000000000000e+04 3.261552470997545333e-02
1.901979999999999927e+04 3.272096110143524889e-02
1.902309999999999854e+04 3.283835560578643453e-02
1.902640000000000146e+04 3.296293471600476171e-02
1.902970000000000073e+04 3.304180555744151704e-02
1.903290000000000146e+04 3.311993103287490942e-02
1.903620000000000073e+04 3.318686959522035296e-02
1.903950000000000000e+04 3.324890783753024770e-02
1.904279999999999927e+04 3.330378028101210058e-02
1.904609999999999854e+04 3.333768898723911411e-02
1.904940000000000146e+04 3.337039064987509795e-02
1.905270000000000073e+04 3.342481832180379392e-02
1.905600000000000000e+04 3.346512569466166681e-02
1.905929999999999927e+04 3.351075741773777011e-02
1.906259999999999854e+04 3.351660617454806784e-02
1.906590000000000146e+04 3.353121472346945464e-02
1.906920000000000073e+04 3.353659545754526794e-02
1.907250000000000000e+04 3.351776129787410741e-02
1.907579999999999927e+04 3.349671779372096619e-02
1.907909999999999854e+04 3.346496141995773665e-02
1.908240000000000146e+04 3.344633350342979261e-02
1.908570000000000073e+04 3.339404917171834297e-02
1.908900000000000000e+04 3.332470466380425128e-02
1.909229999999999927e+04 3.324111665761978612e-02
1.909559999999999854e+04 3.315399645612783497e-02
1.909879999999999927e+04 3.308851636846119743e-02
1.910209999999999854e+04 3.299152379876262725e-02
1.910540000000000146e+04 3.290897083914318816e-02
1.910870000000000073e+04 3.282970865158254398e-02
1.911200000000000000e+04 3.275135142415341871e-02
1.911529999999999927e+04 3.266360032950726272e-02
1.911859999999999854e+04 3.250695513821764970e-02
1.912190000000000146e+04 3.237558121856839999e-02
1.912520000000000073e+04 3.219451603297371345e-02
1.912850000000000000e+04 3.203133355997141857e-02
1.913179999999999927e+04 3.187981764112594180e-02
1.913509999999999854e+04 3.173263917219389801e-02
1.913840000000000146e+04 3.158314582638212242e-02
1.914170000000000073e+04 3.139254869379778934e-02
1.914500000000000000e+04 3.120228046750140455e-02
1.914829999999999927e+04 3.099996779115982148e-02
1.915159999999999854e+04 3.078489355234587804e-02
1.915490000000000146e+04 3.059951633199465421e-02
1.915820000000000073e+04 3.039706690933611719e-02
1.916140000000000146e+04 3.020323408931587308e-02
1.916470000000000073e+04 2.997558271151698484e-02
1.916800000000000000e+04 2.973976079469491107e-02
1.917129999999999927e+04 2.948847093496551053e-02
1.917459999999999854e+04 2.925046293169792158e-02
1.917790000000000146e+04 2.902269165060041012e-02
1.918120000000000073e+04 2.881185461935597408e-02
1.918450000000000000e+04 2.856008901333703665e-02
1.918779999999999927e+04 2.831254633786493141e-02
1.919109999999999854e+04 2.805638433290556094e-02
1.919440000000000146e+04 2.780553417743433786e-02
1.919770000000000073e+04 2.753200865094291780e-02
1.920100000000000000e+04 2.727140098249433361e-02
1.920429999999999927e+04 2.701373214108629406e-02
1.920759999999999854e+04 2.674033493882564325e-02
1.921090000000000146e+04 2.646728159463638402e-02
1.921420000000000073e+04 2.617575051583103871e-02
1.921750000000000000e+04 2.588396879704115555e-02
1.922079999999999927e+04 2.560063324666428733e-02
1.922409999999999854e+04 2.530021644621833002e-02
1.922729999999999927e+04 2.500575752050615205e-02
1.923059999999999854e+04 2.469648622517608624e-02
1.923390000000000146e+04 2.439331946237610974e-02
1.923720000000000073e+04 2.409969271602895730e-02
1.924050000000000000e+04 2.378852747644066845e-02
1.924379999999999927e+04 2.348240429861585266e-02
1.924709999999999854e+04 2.317568668895513342e-02
1.925040000000000146e+04 2.286334426760712468e-02
1.925370000000000073e+04 2.253161959582307070e-02
1.925700000000000000e+04 2.223960847264533705e-02
1.926029999999999927e+04 2.192951581622141696e-02
1.926359999999999854e+04 2.161196998751676451e-02
1.926690000000000146e+04 2.130846593132461678e-02
1.927020000000000073e+04 2.099236682161156886e-02
1.927350000000000000e+04 2.068508348196345867e-02
1.927679999999999927e+04 2.036314236206786255e-02
1.928009999999999854e+04 2.004143226323683302e-02
1.928340000000000146e+04 1.973023761969083453e-02
1.928670000000000073e+04 1.940723575277200977e-02
1.929000000000000000e+04 1.909183679352815036e-02
1.929320000000000073e+04 1.876403660532598161e-02
1.929650000000000000e+04 1.844112608096209679e-02
1.929979999999999927e+04 1.812506309383632788e-02
1.930309999999999854e+04 1.781402685049619100e-02
1.930640000000000146e+04 1.750901337641879579e-02
1.930970000000000073e+04 1.721422592922751058e-02
1.931300000000000000e+04 1.692401495058224598e-02
1.931629999999999927e+04 1.661889652386805069e-02
1.931959999999999854e+04 1.629740959494305197e-02
1.932290000000000146e+04 1.597200144812280578e-02
1.932620000000000073e+04 1.565715960765219975e-02
1.932950000000000000e+04 1.534052804204306085e-02
1.933279999999999927e+04 1.504318835158096820e-02
1.933609999999999854e+04 1.475134077042543866e-02
1.933940000000000146e+04 1.446644859421495309e-02
1.934270000000000073e+04 1.417962741206738909e-02
1.934600000000000000e+04 1.387810945008101371e-02
1.934929999999999927e+04 1.358515270929230856e-02
1.935259999999999854e+04 1.327510528570924157e-02
1.935579999999999927e+04 1.297252872827686122e-02
1.935909999999999854e+04 1.267380542091452698e-02
1.936240000000000146e+04 1.238924207893790132e-02
1.936570000000000073e+04 1.209557312825895563e-02
1.936900000000000000e+04 1.181295557614827664e-02
1.937229999999999927e+04 1.153820215365551453e-02
1.937559999999999854e+04 1.125325834129765022e-02
1.937890000000000146e+04 1.098046190412190273e-02
1.938220000000000073e+04 1.070569649790229470e-02
1.938550000000000000e+04 1.042941601715418470e-02
1.938879999999999927e+04 1.014952853410470285e-02
1.939209999999999854e+04 9.873477231935162343e-03
1.939540000000000146e+04 9.618551486608074505e-03
1.939870000000000073e+04 9.344840831708379342e-03
1.940200000000000000e+04 9.085973671284369030e-03
1.940529999999999927e+04 8.825247345325056350e-03
1.940859999999999854e+04 8.577349479413021172e-03
1.941190000000000146e+04 8.319063748334770692e-03
1.941520000000000073e+04 8.075040719508892045e-03
1.941850000000000000e+04 7.837313970856848305e-03
1.942170000000000073e+04 7.584235577012512358e-03
1.942500000000000000e+04 7.324846800825884213e-03
1.942829999999999927e+04 7.077721280116226581e-03
1.943159999999999854e+04 6.834799820785129008e-03
1.943490000000000146e+04 6.578269050653064512e-03
1.943820000000000073e+04 6.323962066268322239e-03
1.944150000000000000e+04 6.082689556856486768e-03
1.944479999999999927e+04 5.848438329886130639e-03
1.944809999999999854e+04 5.616327418591237144e-03
1.945140000000000146e+04 5.392209401162688376e-03
1.945470000000000073e+04 5.180309164719013731e-03
1.945800000000000000e+04 4.959368529934159511e-03
1.946129999999999927e+04 4.722031753471850682e-03
1.946459999999999854e+04 4.489686062890054820e-03
1.946790000000000146e+04 4.253691768752690394e-03
1.947120000000000073e+04 4.020168815912577263e-03
1.947450000000000000e+04 3.782028686077008785e-03
1.947779999999999927e+04 3.553682907068861710e-03
1.948109999999999854e+04 3.336413229590187452e-03
1.948429999999999927e+04 3.131587132436900334e-03
1.948759999999999854e+04 2.927187045297815777e-03
1.949090000000000146e+04 2.727283734399458398e-03
1.949420000000000073e+04 2.531331616911532655e-03
1.949750000000000000e+04 2.324889241465324854e-03
1.950079999999999927e+04 2.114070459292302986e-03
1.950409999999999854e+04 1.916576214842913338e-03
1.950740000000000146e+04 1.726703478950761001e-03
1.951070000000000073e+04 1.524848059986600411e-03
1.951400000000000000e+04 1.336484639350541239e-03
1.951729999999999927e+04 1.149000477449009430e-03
1.952059999999999854e+04 9.545095857184568953e-04
1.952390000000000146e+04 7.840700608223865080e-04
1.952720000000000073e+04 6.134946965751507690e-04
1.953050000000000000e+04 4.432021300949029658e-04
1.953379999999999927e+04 2.760839319989978808e-04
1.953709999999999854e+04 1.079806036600109006e-04
1.954040000000000146e+04 -4.823683536078844018e-05
1.954370000000000073e+04 -2.064555599675809859e-04
1.954700000000000000e+04 -3.763583957892124702e-04
1.955020000000000073e+04 -5.511922481851089023e-04
1.955350000000000000e+04 -7.076882655577226670e-04
1.955679999999999927e+04 -8.626522382896050552e-04
1.956009999999999854e+04 -1.013424650874956761e-03
1.956340000000000146e+04 -1.155395614340244291e-03
1.956670000000000073e+04 -1.305116835095739350e-03
1.957000000000000000e+04 -1.440583561665981791e-03
1.957329999999999927e+04 -1.589681913309377252e-03
1.957659999999999854e+04 -1.722300077621095275e-03
1.957990000000000146e+04 -1.852308772402405917e-03
1.958320000000000073e+04 -1.996161122147101664e-03
1.958650000000000000e+04 -2.136792660318477619e-03
1.958979999999999927e+04 -2.241201315231974595e-03
1.959309999999999854e+04 -2.370602313614810636e-03
1.959640000000000146e+04 -2.481101836556072124e-03
1.959970000000000073e+04 -2.585370717943745716e-03
1.960300000000000000e+04 -2.721895799555151905e-03
1.960629999999999927e+04 -2.860448685379651714e-03
1.960959999999999854e+04 -2.991167646281927151e-03
1.961290000000000146e+04 -3.099214347079136140e-03
1.961609999999999854e+04 -3.219310042567353689e-03
1.961940000000000146e+04 -3.334189565526675825e-03
1.962270000000000073e+04 -3.440264561602913648e-03
1.962600000000000000e+04 -3.541253402943163060e-03
1.962929999999999927e+04 -3.633951080355586616e-03
1.963259999999999854e+04 -3.723781329725848414e-03
1.963590000000000146e+04 -3.789827324129247266e-03
1.963920000000000073e+04 -3.879353802448268738e-03
1.964250000000000000e+04 -3.962272479810621112e-03
1.964579999999999927e+04 -4.058722909571830031e-03
1.964909999999999854e+04 -4.181045760962629268e-03
1.965240000000000146e+04 -4.269882023096198582e-03
1.965570000000000073e+04 -4.377217314290377664e-03
1.965900000000000000e+04 -4.443873356437240060e-03
1.966229999999999927e+04 -4.496230932591518265e-03
1.966559999999999854e+04 -4.560665240513918882e-03
1.966890000000000146e+04 -4.632725587851881620e-03
1.967220000000000073e+04 -4.717294728805996804e-03
1.967550000000000000e+04 -4.768212632801951435e-03
1.967870000000000073e+04 -4.851432908268542114e-03
1.968200000000000000e+04 -4.921169414006926375e-03
1.968529999999999927e+04 -4.987859790183651020e-03
1.968859999999999854e+04 -5.058095494521384211e-03
1.969190000000000146e+04 -5.115784179434959035e-03
1.969520000000000073e+04 -5.174237853443364524e-03
1.969850000000000000e+04 -5.247279589854024658e-03
1.970179999999999927e+04 -5.297400208809427934e-03
1.970509999999999854e+04 -5.379291861611759824e-03
1.970840000000000146e+04 -5.479652096026988231e-03
1.971170000000000073e+04 -5.536331043890329977e-03
1.971500000000000000e+04 -5.572776775063313648e-03
1.971829999999999927e+04 -5.634847072486894211e-03
1.972159999999999854e+04 -5.665291033121272468e-03
1.972490000000000146e+04 -5.712002620023700662e-03
1.972820000000000073e+04 -5.759470993552054906e-03
1.973150000000000000e+04 -5.834602146028549860e-03
1.973479999999999927e+04 -5.880819734299003350e-03
1.973809999999999854e+04 -5.936137084863241618e-03
1.974140000000000146e+04 -6.001206781537260504e-03
1.974459999999999854e+04 -6.058139814830426802e-03
1.974790000000000146e+04 -6.090148539098221014e-03
1.975120000000000073e+04 -6.125961387684912898e-03
1.975450000000000000e+04 -6.189519042119389670e-03
1.975779999999999927e+04 -6.219951600387354021e-03
1.976109999999999854e+04 -6.292706896621720787e-03
1.976440000000000146e+04 -6.362303124355689517e-03
1.976770000000000073e+04 -6.428711508552368767e-03
1.977100000000000000e+04 -6.470916585075501236e-03
1.977429999999999927e+04 -6.487907840428777141e-03
1.977759999999999854e+04 -6.529870666163451777e-03
1.978090000000000146e+04 -6.558537349411801276e-03
1.978420000000000073e+04 -6.590426058722129513e-03
1.978750000000000000e+04 -6.633280249276012237e-03
1.979079999999999927e+04 -6.674318145163947100e-03
1.979409999999999854e+04 -6.703186737651956745e-03
1.979740000000000146e+04 -6.748069609286718069e-03
1.980070000000000073e+04 -6.799056820392637875e-03
1.980400000000000000e+04 -6.827056567196053763e-03
1.980720000000000073e+04 -6.876025840269308145e-03
1.981050000000000000e+04 -6.899010749288919664e-03
1.981379999999999927e+04 -6.898370896821440050e-03
1.981709999999999854e+04 -6.926195233764978303e-03
1.982040000000000146e+04 -6.933575780913097189e-03
1.982370000000000073e+04 -6.963214663789720794e-03
1.982700000000000000e+04 -6.986241838377791474e-03
1.983029999999999927e+04 -7.022133835530118030e-03
1.983359999999999854e+04 -7.046063196646333744e-03
1.983690000000000146e+04 -7.072077181038098105e-03
1.984020000000000073e+04 -7.102882704634900374e-03
1.984350000000000000e+04 -7.133323557885860346e-03
1.984679999999999927e+04 -7.149217714595289437e-03
1.985009999999999854e+04 -7.165440099878240578e-03
1.985340000000000146e+04 -7.194079768572618667e-03
1.985670000000000073e+04 -7.237192527759254632e-03
1.986000000000000000e+04 -7.277954224593491915e-03
1.986329999999999927e+04 -7.297758526573123322e-03
1.986659999999999854e+04 -7.346017507178065863e-03
1.986990000000000146e+04 -7.364345653948303067e-03
1.987309999999999854e+04 -7.370350161127662766e-03
1.987640000000000146e+04 -7.392013553188983566e-03
1.987970000000000073e+04 -7.406369849990770797e-03
1.988300000000000000e+04 -7.418401931524031337e-03
1.988629999999999927e+04 -7.449168611975191812e-03
1.988959999999999854e+04 -7.504625802110364251e-03
1.989290000000000146e+04 -7.527935727921882848e-03
1.989620000000000073e+04 -7.516762936528215838e-03
1.989950000000000000e+04 -7.526962854645868721e-03
1.990279999999999927e+04 -7.539729817322604784e-03
1.990609999999999854e+04 -7.554092070069360135e-03
1.990940000000000146e+04 -7.571332726700755189e-03
1.991270000000000073e+04 -7.582114935567422186e-03
1.991600000000000000e+04 -7.594464174977519876e-03
1.991929999999999927e+04 -7.612661870786779222e-03
1.992259999999999854e+04 -7.641208866097026590e-03
1.992590000000000146e+04 -7.651078691342873966e-03
