1.716800000000000000e+04 5.648352488697895449e-04
1.717129999999999927e+04 5.652415109208497540e-04
1.717459999999999854e+04 5.583562075703547628e-04
1.717790000000000146e+04 5.511509835880754960e-04
1.718120000000000073e+04 5.520401549791087090e-04
1.718450000000000000e+04 5.554421735390468063e-04
1.718779999999999927e+04 5.544607974316248565e-04
1.719109999999999854e+04 5.571149356339004811e-04
1.719440000000000146e+04 5.634769889478287224e-04
1.719770000000000073e+04 5.674642270444673741e-04
1.720100000000000000e+04 5.700527693904910249e-04
1.720429999999999927e+04 5.756349996208559236e-04
1.720759999999999854e+04 5.566283317192440711e-04
1.721090000000000146e+04 5.340584762600987566e-04
1.721420000000000073e+04 5.168339209040349576e-04
1.721750000000000000e+04 5.150105930888053797e-04
1.722079999999999927e+04 5.261201164515167620e-04
1.722409999999999854e+04 5.223789852050475264e-04
1.722729999999999927e+04 5.238891012810379571e-04
1.723059999999999854e+04 5.153577529345820113e-04
1.723390000000000146e+04 5.171304579196702583e-04
1.723720000000000073e+04 5.236069776141038471e-04
1.724050000000000000e+04 5.239774360665032339e-04
1.724379999999999927e+04 5.081973346390649933e-04
1.724709999999999854e+04 4.992260055259050040e-04
1.725040000000000146e+04 4.952976954663976987e-04
1.725370000000000073e+04 4.984340966049812492e-04
1.725700000000000000e+04 5.020010677890775945e-04
1.726029999999999927e+04 5.009632151268255274e-04
1.726359999999999854e+04 4.952596283617185157e-04
1.726690000000000146e+04 5.036278250324813330e-04
1.727020000000000073e+04 4.982720115427765164e-04
1.727350000000000000e+04 4.952994958551059333e-04
1.727679999999999927e+04 5.046058693332471914e-04
1.728009999999999854e+04 5.164596446583647046e-04
1.728340000000000146e+04 5.122053490421553737e-04
1.728670000000000073e+04 5.174559855438568088e-04
1.729000000000000000e+04 5.217113997873123110e-04
1.729320000000000073e+04 5.190054180048136057e-04
1.729650000000000000e+04 5.216884352360476925e-04
1.729979999999999927e+04 5.148973524853090074e-04
1.730309999999999854e+04 5.054114331110479922e-04
1.730640000000000146e+04 5.072939831446975122e-04
1.730970000000000073e+04 5.100792367376471518e-04
1.731300000000000000e+04 5.085465552739494534e-04
1.731629999999999927e+04 5.169232329589642638e-04
1.731959999999999854e+04 5.222474642251577611e-04
1.732290000000000146e+04 5.140220462534585751e-04
1.732620000000000073e+04 5.131855908425125975e-04
1.732950000000000000e+04 5.165307582504308302e-04
1.733279999999999927e+04 5.199355067186165174e-04
1.733609999999999854e+04 5.214935823224030147e-04
1.733940000000000146e+04 5.264181986304697792e-04
1.734270000000000073e+04 5.382591952269403244e-04
1.734600000000000000e+04 5.406488192784596539e-04
1.734929999999999927e+04 5.418230641072418466e-04
1.735259999999999854e+04 5.422690806782095099e-04
1.735579999999999927e+04 5.499164156233633197e-04
1.735909999999999854e+04 5.440660961302161511e-04
1.736240000000000146e+04 5.453561594074793914e-04
1.736570000000000073e+04 5.545716226894365939e-04
1.736900000000000000e+04 5.692446595301590018e-04
1.737229999999999927e+04 5.716880107626123647e-04
1.737559999999999854e+04 5.822504015488120816e-04
1.737890000000000146e+04 5.901253709291332666e-04
1.738220000000000073e+04 5.965145351697276810e-04
1.738550000000000000e+04 5.975673596803707938e-04
1.738879999999999927e+04 5.978347823427782298e-04
1.739209999999999854e+04 5.977021987145000187e-04
1.739540000000000146e+04 6.043394742358394701e-04
1.739870000000000073e+04 6.066902177667445311e-04
1.740200000000000000e+04 6.027006499526928619e-04
1.740529999999999927e+04 6.070549948630511988e-04
1.740859999999999854e+04 6.137098607650208265e-04
1.741190000000000146e+04 6.183362002537432043e-04
1.741520000000000073e+04 6.215542384636217523e-04
1.741850000000000000e+04 6.220408676522651671e-04
1.742170000000000073e+04 6.235673430745008843e-04
1.742500000000000000e+04 6.327193515106952371e-04
1.742829999999999927e+04 6.406270627030641535e-04
1.743159999999999854e+04 6.449358267324827292e-04
1.743490000000000146e+04 6.526053062281809460e-04
1.743820000000000073e+04 6.580963308429498742e-04
1.744150000000000000e+04 6.623493087815734547e-04
1.744479999999999927e+04 6.694283578437836999e-04
1.744809999999999854e+04 6.757099508141847961e-04
1.745140000000000146e+04 6.699345904878149620e-04
1.745470000000000073e+04 6.718854497685030356e-04
1.745800000000000000e+04 6.751127071997180132e-04
1.746129999999999927e+04 6.790253764381670807e-04
1.746459999999999854e+04 6.828959125336630945e-04
1.746790000000000146e+04 6.905930999280568026e-04
1.747120000000000073e+04 6.867485914380916899e-04
1.747450000000000000e+04 6.918776485358509205e-04
1.747779999999999927e+04 6.940790552435716597e-04
1.748109999999999854e+04 6.920151466148326139e-04
1.748429999999999927e+04 6.986482813976516637e-04
1.748759999999999854e+04 6.945764919287706392e-04
1.749090000000000146e+04 6.900849567992200281e-04
1.749420000000000073e+04 6.917447603174666426e-04
1.749750000000000000e+04 6.954368358683021053e-04
1.750079999999999927e+04 6.940756496069554107e-04
1.750409999999999854e+04 6.946515080192521138e-04
1.750740000000000146e+04 6.902665503221547434e-04
1.751070000000000073e+04 6.930264449630309546e-04
1.751400000000000000e+04 6.973058223042260736e-04
1.751729999999999927e+04 6.991973131775081583e-04
1.752059999999999854e+04 7.010185245112025669e-04
1.752390000000000146e+04 7.029339373014345874e-04
1.752720000000000073e+04 7.051344126456982660e-04
1.753050000000000000e+04 7.056906425724991444e-04
1.753379999999999927e+04 7.040060566767019279e-04
1.753709999999999854e+04 7.119478731685756302e-04
1.754040000000000146e+04 7.165807616723103741e-04
1.754370000000000073e+04 7.195785149296138284e-04
1.754700000000000000e+04 7.258399588881114242e-04
1.755020000000000073e+04 7.261229063173548761e-04
1.755350000000000000e+04 7.310720061661764389e-04
1.755679999999999927e+04 7.343121664572045595e-04
1.756009999999999854e+04 7.317816560317043622e-04
1.756340000000000146e+04 7.294851904536497986e-04
1.756670000000000073e+04 7.340973268612629521e-04
1.757000000000000000e+04 7.302139665635759861e-04
1.757329999999999927e+04 7.321758109419452707e-04
1.757659999999999854e+04 7.346212164192129261e-04
1.757990000000000146e+04 7.342259576177692865e-04
1.758320000000000073e+04 7.503694311305973393e-04
1.758650000000000000e+04 7.561028924513873463e-04
1.758979999999999927e+04 7.625352195406654354e-04
1.759309999999999854e+04 7.673194412652979864e-04
1.759640000000000146e+04 7.662300885989950169e-04
1.759970000000000073e+04 7.671961762929170505e-04
1.760300000000000000e+04 7.676835119877420399e-04
1.760629999999999927e+04 7.676010446566208746e-04
1.760959999999999854e+04 7.692307981928568411e-04
1.761290000000000146e+04 7.678429513290351048e-04
1.761609999999999854e+04 7.741950414182124842e-04
1.761940000000000146e+04 7.784639734810204752e-04
1.762270000000000073e+04 7.859785833067930603e-04
1.762600000000000000e+04 7.902845181491274839e-04
1.762929999999999927e+04 7.964118563996033752e-04
1.763259999999999854e+04 7.967532974827360153e-04
1.763590000000000146e+04 8.073038377062082124e-04
1.763920000000000073e+04 8.101004306033208081e-04
1.764250000000000000e+04 8.161667564907068876e-04
1.764579999999999927e+04 8.234937762315275257e-04
1.764909999999999854e+04 8.218111718282292534e-04
1.765240000000000146e+04 8.334402449829612881e-04
1.765570000000000073e+04 8.485905764496597939e-04
1.765900000000000000e+04 8.505720338801692464e-04
1.766229999999999927e+04 8.579663936499709554e-04
1.766559999999999854e+04 8.707430195462646664e-04
1.766890000000000146e+04 8.814094513496926369e-04
1.767220000000000073e+04 8.883878640257938681e-04
1.767550000000000000e+04 8.899551068313779449e-04
1.767870000000000073e+04 8.937510606902183963e-04
1.768200000000000000e+04 8.966933614891934527e-04
1.768529999999999927e+04 8.964929657244327492e-04
1.768859999999999854e+04 9.010502074801534202e-04
1.769190000000000146e+04 9.039079229693668593e-04
1.769520000000000073e+04 9.039588781148730863e-04
1.769850000000000000e+04 9.088580672046716420e-04
1.770179999999999927e+04 9.044482182981872231e-04
1.770509999999999854e+04 9.073897017365163166e-04
1.770840000000000146e+04 9.148083550069686194e-04
1.771170000000000073e+04 9.133645012339219405e-04
1.771500000000000000e+04 9.167186197133558954e-04
1.771829999999999927e+04 9.232430659256438740e-04
1.772159999999999854e+04 9.323839688026164252e-04
1.772490000000000146e+04 9.429088625465259629e-04
1.772820000000000073e+04 9.499070765830441030e-04
1.773150000000000000e+04 9.583355664929015709e-04
1.773479999999999927e+04 9.652266598641401265e-04
1.773809999999999854e+04 9.689597638430904811e-04
1.774140000000000146e+04 9.732510454483493580e-04
1.774459999999999854e+04 9.828891736205953595e-04
1.774790000000000146e+04 9.810993685148564677e-04
1.775120000000000073e+04 9.922851588051769933e-04
1.775450000000000000e+04 9.935155681001777307e-04
1.775779999999999927e+04 9.992503614868256372e-04
1.776109999999999854e+04 1.001768024758516304e-03
1.776440000000000146e+04 1.006684839842908203e-03
1.776770000000000073e+04 1.010680913323667475e-03
1.777100000000000000e+04 1.014620000775628625e-03
1.777429999999999927e+04 1.018197459038171606e-03
1.777759999999999854e+04 1.028092202223789128e-03
1.778090000000000146e+04 1.030463568397168433e-03
1.778420000000000073e+04 1.033504100811050022e-03
1.778750000000000000e+04 1.037999233425174975e-03
1.779079999999999927e+04 1.043521142760940818e-03
1.779409999999999854e+04 1.047743423883218091e-03
1.779740000000000146e+04 1.058170650497977953e-03
1.780070000000000073e+04 1.063105561466691235e-03
1.780400000000000000e+04 1.071844137114448233e-03
1.780720000000000073e+04 1.078489105526498097e-03
1.781050000000000000e+04 1.085715669955627767e-03
1.781379999999999927e+04 1.098483907010306413e-03
1.781709999999999854e+04 1.098126972390154341e-03
1.782040000000000146e+04 1.096733318752414997e-03
1.782370000000000073e+04 1.101037700240236478e-03
1.782700000000000000e+04 1.103453566535671357e-03
1.783029999999999927e+04 1.107291938073437119e-03
1.783359999999999854e+04 1.114381848373156457e-03
1.783690000000000146e+04 1.121184262579231258e-03
1.784020000000000073e+04 1.127563438756254898e-03
1.784350000000000000e+04 1.130025606963596784e-03
1.784679999999999927e+04 1.136955511166819199e-03
1.785009999999999854e+04 1.143069825598202246e-03
1.785340000000000146e+04 1.145700127637602024e-03
1.785670000000000073e+04 1.152895791630986376e-03
1.786000000000000000e+04 1.155130955065361955e-03
1.786329999999999927e+04 1.162096311289214290e-03
1.786659999999999854e+04 1.171148316651296657e-03
1.786990000000000146e+04 1.169017770479203935e-03
1.787309999999999854e+04 1.171204964291987097e-03
1.787640000000000146e+04 1.172830937477151170e-03
1.787970000000000073e+04 1.177604137553871352e-03
1.788300000000000000e+04 1.184589048381709444e-03
1.788629999999999927e+04 1.184361709888657284e-03
1.788959999999999854e+04 1.183525713496017201e-03
1.789290000000000146e+04 1.192322022178180733e-03
1.789620000000000073e+04 1.198485026036543799e-03
1.789950000000000000e+04 1.207573351281549185e-03
1.790279999999999927e+04 1.210370660159445231e-03
1.790609999999999854e+04 1.211443724567222609e-03
1.790940000000000146e+04 1.218078737687014381e-03
1.791270000000000073e+04 1.218003825713646817e-03
1.791600000000000000e+04 1.218716127809119738e-03
1.791929999999999927e+04 1.219357607513587519e-03
1.792259999999999854e+04 1.214710172313366622e-03
1.792590000000000146e+04 1.215795241678013306e-03
1.792920000000000073e+04 1.222575359489324644e-03
1.793250000000000000e+04 1.227461978386917276e-03
1.793570000000000073e+04 1.238794002804385940e-03
1.793900000000000000e+04 1.242792324366769497e-03
1.794229999999999927e+04 1.244010280509061546e-03
1.794559999999999854e+04 1.247743033056321511e-03
1.794890000000000146e+04 1.250226554089044727e-03
1.795220000000000073e+04 1.245662313567482337e-03
1.795550000000000000e+04 1.248312971284856916e-03
1.795879999999999927e+04 1.252492626548395212e-03
1.796209999999999854e+04 1.252024977435557858e-03
1.796540000000000146e+04 1.259492521373345181e-03
1.796870000000000073e+04 1.266936985999836656e-03
1.797200000000000000e+04 1.268614247932061539e-03
1.797529999999999927e+04 1.270061250248242114e-03
1.797859999999999854e+04 1.269338890263746467e-03
1.798190000000000146e+04 1.277929668291363785e-03
1.798520000000000073e+04 1.284789872523642903e-03
1.798850000000000000e+04 1.289668753349537591e-03
1.799179999999999927e+04 1.294297651277878007e-03
1.799509999999999854e+04 1.302156539074728926e-03
1.799840000000000146e+04 1.311141593605325093e-03
1.800159999999999854e+04 1.316911487551340482e-03
1.800490000000000146e+04 1.323118390480540561e-03
1.800820000000000073e+04 1.330262625351950152e-03
1.801150000000000000e+04 1.337960061475947831e-03
1.801479999999999927e+04 1.344346849727239912e-03
1.801809999999999854e+04 1.364785520877829887e-03
1.802140000000000146e+04 1.367143120088900980e-03
1.802470000000000073e+04 1.383845306591374334e-03
1.802800000000000000e+04 1.393123052456548020e-03
1.803129999999999927e+04 1.396691274766707035e-03
1.803459999999999854e+04 1.406466557298681475e-03
1.803790000000000146e+04 1.420611905184144012e-03
1.804120000000000073e+04 1.430322919943545967e-03
1.804450000000000000e+04 1.438609903849928477e-03
1.804779999999999927e+04 1.442771680344852965e-03
1.805109999999999854e+04 1.450603654836910353e-03
1.805440000000000146e+04 1.470704675034061829e-03
1.805770000000000073e+04 1.476603132674218777e-03
1.806100000000000000e+04 1.483110867089813519e-03
1.806429999999999927e+04 1.482077797964523064e-03
1.806750000000000000e+04 1.485288186744507634e-03
1.807079999999999927e+04 1.484143300060217826e-03
1.807409999999999854e+04 1.478024968738735588e-03
1.807740000000000146e+04 1.476486725849487447e-03
1.808070000000000073e+04 1.483210626937659770e-03
1.808400000000000000e+04 1.484085269558131680e-03
1.808729999999999927e+04 1.491045349777790803e-03
1.809059999999999854e+04 1.500529194955775927e-03
1.809390000000000146e+04 1.488495326954244330e-03
1.809720000000000073e+04 1.485360180940311367e-03
1.810050000000000000e+04 1.475011862474894485e-03
1.810379999999999927e+04 1.469759548747227298e-03
1.810709999999999854e+04 1.466722367346760597e-03
1.811040000000000146e+04 1.462282881230672280e-03
1.811370000000000073e+04 1.459969678175945069e-03
1.811700000000000000e+04 1.461710376451836680e-03
1.812029999999999927e+04 1.463999296569372909e-03
1.812359999999999854e+04 1.457557613637462625e-03
1.812690000000000146e+04 1.457457796106163090e-03
1.813009999999999854e+04 1.447153473430709851e-03
1.813340000000000146e+04 1.440054142777574125e-03
1.813670000000000073e+04 1.437102076274593626e-03
1.814000000000000000e+04 1.444853682719380444e-03
1.814329999999999927e+04 1.439863947395977634e-03
1.814659999999999854e+04 1.434406137039039020e-03
1.814990000000000146e+04 1.428863594470537735e-03
1.815320000000000073e+04 1.426565435756200952e-03
1.815650000000000000e+04 1.422112437337471908e-03
1.815979999999999927e+04 1.413806670892059228e-03
1.816309999999999854e+04 1.402616259750006636e-03
1.816640000000000146e+04 1.393620251043446376e-03
1.816970000000000073e+04 1.383701016753228130e-03
1.817300000000000000e+04 1.381035111222219443e-03
1.817629999999999927e+04 1.376441494081089359e-03
1.817959999999999854e+04 1.375013803068805482e-03
1.818290000000000146e+04 1.385687068773629833e-03
1.818620000000000073e+04 1.408974894564336139e-03
1.818950000000000000e+04 1.399634439446438084e-03
1.819279999999999927e+04 1.395291569371605962e-03
1.819600000000000000e+04 1.404533060594935013e-03
1.819929999999999927e+04 1.409328690628627694e-03
1.820259999999999854e+04 1.395316021614445437e-03
1.820590000000000146e+04 1.389797895271170257e-03
1.820920000000000073e+04 1.382154152950121123e-03
1.821250000000000000e+04 1.369507620484905703e-03
1.821579999999999927e+04 1.361818791714484219e-03
1.821909999999999854e+04 1.364529005875313433e-03
1.822240000000000146e+04 1.374232900515856733e-03
1.822570000000000073e+04 1.386258525443939682e-03
1.822900000000000000e+04 1.411677688848248912e-03
1.823229999999999927e+04 1.431734909189342347e-03
1.823559999999999854e+04 1.478465434389554045e-03
1.823890000000000146e+04 1.494024281725439681e-03
1.824220000000000073e+04 1.541551571836164303e-03
1.824550000000000000e+04 1.567233797596835707e-03
1.824879999999999927e+04 1.596799393344150095e-03
1.825209999999999854e+04 1.616054873612599811e-03
1.825540000000000146e+04 1.639818292139921764e-03
1.825859999999999854e+04 1.681740989793188961e-03
1.826190000000000146e+04 1.717702532104050696e-03
1.826520000000000073e+04 1.752290730674349682e-03
1.826850000000000000e+04 1.782006329461792741e-03
1.827179999999999927e+04 1.802839369173381842e-03
1.827509999999999854e+04 1.827816032644251788e-03
1.827840000000000146e+04 1.852747894536857639e-03
1.828170000000000073e+04 1.891393168112858814e-03
1.828500000000000000e+04 1.918005754975688707e-03
1.828829999999999927e+04 1.947708767176560595e-03
1.829159999999999854e+04 1.972723979554131830e-03
1.829490000000000146e+04 2.012910312874120408e-03
1.829820000000000073e+04 2.029042157127044013e-03
1.830150000000000000e+04 2.052328398714291149e-03
1.830479999999999927e+04 2.089139498179641910e-03
1.830809999999999854e+04 2.118932359350725846e-03
1.831140000000000146e+04 2.133917558871092565e-03
1.831470000000000073e+04 2.163974726293952863e-03
1.831800000000000000e+04 2.185079049900632165e-03
1.832129999999999927e+04 2.224832317889706684e-03
1.832450000000000000e+04 2.249969142247204568e-03
1.832779999999999927e+04 2.272566654038005347e-03
1.833109999999999854e+04 2.325463012398688682e-03
1.833440000000000146e+04 2.363129592833303119e-03
1.833770000000000073e+04 2.393782402704789768e-03
1.834100000000000000e+04 2.436125793936383573e-03
1.834429999999999927e+04 2.452093645827803370e-03
1.834759999999999854e+04 2.476726221056968144e-03
1.835090000000000146e+04 2.503107854153586911e-03
1.835420000000000073e+04 2.548760644307970866e-03
1.835750000000000000e+04 2.599809639775391319e-03
1.836079999999999927e+04 2.637861536999984435e-03
1.836409999999999854e+04 2.673965073959152974e-03
1.836740000000000146e+04 2.712863896303287486e-03
1.837070000000000073e+04 2.769551103681165086e-03
1.837400000000000000e+04 2.828717440283923159e-03
1.837729999999999927e+04 2.883611093072310175e-03
1.838059999999999854e+04 2.929330708737899053e-03
1.838390000000000146e+04 2.970281700990600165e-03
1.838709999999999854e+04 3.009968047894819639e-03
1.839040000000000146e+04 3.044103198049517151e-03
1.839370000000000073e+04 3.065474415884157731e-03
1.839700000000000000e+04 3.103061381298593668e-03
1.840029999999999927e+04 3.112003038459322003e-03
1.840359999999999854e+04 3.165433637716067502e-03
1.840690000000000146e+04 3.194355059385687191e-03
1.841020000000000073e+04 3.217810698981357371e-03
1.841350000000000000e+04 3.247408715356131775e-03
1.841679999999999927e+04 3.288102896284922361e-03
1.842009999999999854e+04 3.306712954035324979e-03
1.842340000000000146e+04 3.337437876540818617e-03
1.842670000000000073e+04 3.375276377177296745e-03
1.843000000000000000e+04 3.407951702823988020e-03
1.843329999999999927e+04 3.440247714198805141e-03
1.843659999999999854e+04 3.495468494042828188e-03
1.843990000000000146e+04 3.552994823742838121e-03
1.844320000000000073e+04 3.607867581746065661e-03
1.844650000000000000e+04 3.642267108492319109e-03
1.844979999999999927e+04 3.691835604225934559e-03
1.845300000000000000e+04 3.735114965390637972e-03
1.845629999999999927e+04 3.775349053988754332e-03
1.845959999999999854e+04 3.784846089332612185e-03
1.846290000000000146e+04 3.844255416856269970e-03
1.846620000000000073e+04 3.849521355206030667e-03
1.846950000000000000e+04 3.855468755780305009e-03
1.847279999999999927e+04 3.886045666400870548e-03
1.847609999999999854e+04 3.918568617064638847e-03
1.847940000000000146e+04 3.927080568629693139e-03
1.848270000000000073e+04 3.944752723264447619e-03
1.848600000000000000e+04 3.945343324141582959e-03
1.848929999999999927e+04 3.960984696688606838e-03
1.849259999999999854e+04 3.984344596875371083e-03
1.849590000000000146e+04 3.983692988669788881e-03
1.849920000000000073e+04 4.018767824260534305e-03
1.850250000000000000e+04 4.057795519893484491e-03
1.850579999999999927e+04 4.101751651453691173e-03
1.850909999999999854e+04 4.160520747835819329e-03
1.851240000000000146e+04 4.165549417727451749e-03
1.851570000000000073e+04 4.163316339254321055e-03
1.851890000000000146e+04 4.173073070531429889e-03
1.852220000000000073e+04 4.193892905195079762e-03
1.852550000000000000e+04 4.231995647795760290e-03
1.852879999999999927e+04 4.276280336249795727e-03
1.853209999999999854e+04 4.324953300447359136e-03
1.853540000000000146e+04 4.360733409952460317e-03
1.853870000000000073e+04 4.401349671638628974e-03
1.854200000000000000e+04 4.457115403665192627e-03
1.854529999999999927e+04 4.519349944220621591e-03
1.854859999999999854e+04 4.547951018740667602e-03
1.855190000000000146e+04 4.602980688817674346e-03
1.855520000000000073e+04 4.663947585616355640e-03
1.855850000000000000e+04 4.734514753403273359e-03
1.856179999999999927e+04 4.800113046350591717e-03
1.856509999999999854e+04 4.852086901466073042e-03
1.856840000000000146e+04 4.907232747075981026e-03
1.857170000000000073e+04 4.928537987685201183e-03
1.857500000000000000e+04 4.981010680231950753e-03
1.857829999999999927e+04 5.059792653246381056e-03
1.858150000000000000e+04 5.108626913071402133e-03
1.858479999999999927e+04 5.167213357390280926e-03
1.858809999999999854e+04 5.199317136966979599e-03
1.859140000000000146e+04 5.243796450573644588e-03
1.859470000000000073e+04 5.304430846141504688e-03
1.859800000000000000e+04 5.359469740444287866e-03
1.860129999999999927e+04 5.394134829487143117e-03
1.860459999999999854e+04 5.455306772737508574e-03
1.860790000000000146e+04 5.511906142802572295e-03
1.861120000000000073e+04 5.602312493148649437e-03
1.861450000000000000e+04 5.708545681165103254e-03
1.861779999999999927e+04 5.777939498678688786e-03
1.862109999999999854e+04 5.832610852392207390e-03
1.862440000000000146e+04 5.924185414547341981e-03
1.862770000000000073e+04 5.997529157899243735e-03
1.863100000000000000e+04 6.151411175767341512e-03
1.863429999999999927e+04 6.251590694139013207e-03
1.863759999999999854e+04 6.337353477420025819e-03
1.864090000000000146e+04 6.451270915602568858e-03
1.864420000000000073e+04 6.654181667601329585e-03
1.864740000000000146e+04 6.784233785196354741e-03
1.865070000000000073e+04 6.906129274865675793e-03
1.865400000000000000e+04 7.057632770209012335e-03
1.865729999999999927e+04 7.197878402361724236e-03
1.866059999999999854e+04 7.332333303228389353e-03
1.866390000000000146e+04 7.457285404945571128e-03
1.866720000000000073e+04 7.569677285697038426e-03
1.867050000000000000e+04 7.658679801491432952e-03
1.867379999999999927e+04 7.767478135940981097e-03
1.867709999999999854e+04 7.926568689611586740e-03
1.868040000000000146e+04 8.123320523715397284e-03
1.868370000000000073e+04 8.382747725851425261e-03
1.868700000000000000e+04 8.630757994677988598e-03
1.869029999999999927e+04 8.820173348603486951e-03
1.869359999999999854e+04 9.111892010064405814e-03
1.869690000000000146e+04 9.366081757174786471e-03
1.870020000000000073e+04 9.457475684224827747e-03
1.870350000000000000e+04 9.543391244000047624e-03
1.870679999999999927e+04 9.727247221410289038e-03
1.871000000000000000e+04 1.003929194745672993e-02
1.871329999999999927e+04 1.023816464196342611e-02
1.871659999999999854e+04 1.036089363372802961e-02
1.871990000000000146e+04 1.050984411768704843e-02
1.872320000000000073e+04 1.063676844462835801e-02
1.872650000000000000e+04 1.080108838424127110e-02
1.872979999999999927e+04 1.091187165168830409e-02
1.873309999999999854e+04 1.104727218052201088e-02
1.873640000000000146e+04 1.119614803561628028e-02
1.873970000000000073e+04 1.137716970772728424e-02
1.874300000000000000e+04 1.141714117272940934e-02
1.874629999999999927e+04 1.155633372767237224e-02
1.874959999999999854e+04 1.161627173857978680e-02
1.875290000000000146e+04 1.169742325895928303e-02
1.875620000000000073e+04 1.177784161054215573e-02
1.875950000000000000e+04 1.192491833966336304e-02
1.876279999999999927e+04 1.206838131859509083e-02
1.876609999999999854e+04 1.219989190555263898e-02
1.876940000000000146e+04 1.227105990912908881e-02
1.877270000000000073e+04 1.241114861187433277e-02
1.877590000000000146e+04 1.259236679240793161e-02
1.877920000000000073e+04 1.264301514025521940e-02
1.878250000000000000e+04 1.281389883153514521e-02
1.878579999999999927e+04 1.300836487234631987e-02
1.878909999999999854e+04 1.322898463864280102e-02
1.879240000000000146e+04 1.346009222861832555e-02
1.879570000000000073e+04 1.368036619747556824e-02
1.879900000000000000e+04 1.394933502122895283e-02
1.880229999999999927e+04 1.424098307801028619e-02
1.880559999999999854e+04 1.452229528262566870e-02
1.880890000000000146e+04 1.472698299908131031e-02
1.881220000000000073e+04 1.498515423891658670e-02
1.881550000000000000e+04 1.528227905648076902e-02
1.881879999999999927e+04 1.555574881242278648e-02
1.882209999999999854e+04 1.582539080106463297e-02
1.882540000000000146e+04 1.611964800088580216e-02
1.882870000000000073e+04 1.641412528769925147e-02
1.883200000000000000e+04 1.670427491099326159e-02
1.883529999999999927e+04 1.701096239113887923e-02
1.883859999999999854e+04 1.732022489205734678e-02
1.884179999999999927e+04 1.759505070087623996e-02
1.884509999999999854e+04 1.787272018182081354e-02
1.884840000000000146e+04 1.807911945656278177e-02
1.885170000000000073e+04 1.828138908506289628e-02
1.885500000000000000e+04 1.854162238506092131e-02
1.885829999999999927e+04 1.869589034158062463e-02
1.886159999999999854e+04 1.887210746120043456e-02
1.886490000000000146e+04 1.923635694172006264e-02
1.886820000000000073e+04 1.961204984364546197e-02
1.887150000000000000e+04 1.988034780394278001e-02
1.887479999999999927e+04 2.002188015887245223e-02
1.887809999999999854e+04 2.028507420598375452e-02
1.888140000000000146e+04 2.062029176554103227e-02
1.888470000000000073e+04 2.093627785551920722e-02
1.888800000000000000e+04 2.124849680010010289e-02
1.889129999999999927e+04 2.153272764036266718e-02
1.889459999999999854e+04 2.189315036266142878e-02
1.889790000000000146e+04 2.222892387958960367e-02
1.890120000000000073e+04 2.256542723540549966e-02
1.890440000000000146e+04 2.286180731045061448e-02
1.890770000000000073e+04 2.329402384086874320e-02
1.891100000000000000e+04 2.365328619995623813e-02
1.891429999999999927e+04 2.409366458476289510e-02
1.891759999999999854e+04 2.451654964801061251e-02
1.892090000000000146e+04 2.494617224189598151e-02
1.892420000000000073e+04 2.532905124119615853e-02
1.892750000000000000e+04 2.569417425151895515e-02
1.893079999999999927e+04 2.609947692750858722e-02
1.893409999999999854e+04 2.650601052675278721e-02
1.893740000000000146e+04 2.686677447746876196e-02
1.894070000000000073e+04 2.715899991907227279e-02
1.894400000000000000e+04 2.754285915032630983e-02
1.894729999999999927e+04 2.785769440893405210e-02
1.895059999999999854e+04 2.816796667663423043e-02
1.895390000000000146e+04 2.847675233167740183e-02
1.895720000000000073e+04 2.873827653985439046e-02
1.896050000000000000e+04 2.901343855023133522e-02
1.896379999999999927e+04 2.926151471674137000e-02
1.896709999999999854e+04 2.948804693844497837e-02
1.897029999999999927e+04 2.967631171277867325e-02
1.897359999999999854e+04 2.987459948532932702e-02
1.897690000000000146e+04 3.012002348432955487e-02
1.898020000000000073e+04 3.030836458408188439e-02
1.898350000000000000e+04 3.050479664228700205e-02
1.898679999999999927e+04 3.071682992489584152e-02
1.899009999999999854e+04 3.090225887600854537e-02
1.899340000000000146e+04 3.108142920256666553e-02
1.899670000000000073e+04 3.124850039426390128e-02
1.900000000000000000e+04 3.143146486755148822e-02
1.900329999999999927e+04 3.157578743424392653e-02
1.900659999999999854e+04 3.174714247949721874e-02
1.900990000000000146e+04 3.185920653363050192e-02
1.901320000000000073e+04 3.195584293936632597e-02
1.901650000000000000e+04 3.205607153668935810e-02
1.901979999999999927e+04 3.216888357288726075e-02
1.902309999999999854e+04 3.228921731033931874e-02
1.902640000000000146e+04 3.242517710510490342e-02
1.902970000000000073e+04 3.249560548836684382e-02
1.903290000000000146e+04 3.256966771034969232e-02
1.903620000000000073e+04 3.262840726599464114e-02
1.903950000000000000e+04 3.267524447815757516e-02
1.904279999999999927e+04 3.274827404193351305e-02
1.904609999999999854e+04 3.278815499555774726e-02
1.904940000000000146e+04 3.282946190348097482e-02
1.905270000000000073e+04 3.289655814760928526e-02
1.905600000000000000e+04 3.293665063683243882e-02
1.905929999999999927e+04 3.297720455161128744e-02
1.906259999999999854e+04 3.298540004189667169e-02
1.906590000000000146e+04 3.299837981014371729e-02
1.906920000000000073e+04 3.300155883294537962e-02
1.907250000000000000e+04 3.296732211283683739e-02
1.907579999999999927e+04 3.293937149273496595e-02
1.907909999999999854e+04 3.290357133772450760e-02
1.908240000000000146e+04 3.289011622931673623e-02
1.908570000000000073e+04 3.283626153783676671e-02
1.908900000000000000e+04 3.275979494301919231e-02
1.909229999999999927e+04 3.268264425462343026e-02
1.909559999999999854e+04 3.260516094517827007e-02
1.909879999999999927e+04 3.255403944887633877e-02
1.910209999999999854e+04 3.245569851333725969e-02
1.910540000000000146e+04 3.238601985771666358e-02
1.910870000000000073e+04 3.232059239434135339e-02
1.911200000000000000e+04 3.223903702987922226e-02
1.911529999999999927e+04 3.215145328971790589e-02
1.911859999999999854e+04 3.197973079740287078e-02
1.912190000000000146e+04 3.183877577526773167e-02
1.912520000000000073e+04 3.166472110801469425e-02
1.912850000000000000e+04 3.148766945974940806e-02
1.913179999999999927e+04 3.134264714571408789e-02
1.913509999999999854e+04 3.119882646951005131e-02
1.913840000000000146e+04 3.103128024405026053e-02
1.914170000000000073e+04 3.082314585479447450e-02
1.914500000000000000e+04 3.064007765572112837e-02
1.914829999999999927e+04 3.042871737037918314e-02
1.915159999999999854e+04 3.022908456750953571e-02
1.915490000000000146e+04 3.003359361142201797e-02
1.915820000000000073e+04 2.982884255231980572e-02
1.916140000000000146e+04 2.963742572695188260e-02
1.916470000000000073e+04 2.941048183184561543e-02
1.916800000000000000e+04 2.920152709009183473e-02
1.917129999999999927e+04 2.895757743808892101e-02
1.917459999999999854e+04 2.872718227132948360e-02
1.917790000000000146e+04 2.851502029791324125e-02
1.918120000000000073e+04 2.830107782583147005e-02
1.918450000000000000e+04 2.804928692374447294e-02
1.918779999999999927e+04 2.779037348751241601e-02
1.919109999999999854e+04 2.753048974094802689e-02
1.919440000000000146e+04 2.728538677313148073e-02
1.919770000000000073e+04 2.701994214143589937e-02
1.920100000000000000e+04 2.676438097644796149e-02
1.920429999999999927e+04 2.651115999320085778e-02
1.920759999999999854e+04 2.623523391258237789e-02
1.921090000000000146e+04 2.597065813466125500e-02
1.921420000000000073e+04 2.569019474381325358e-02
1.921750000000000000e+04 2.540142965009315953e-02
1.922079999999999927e+04 2.511626083936172038e-02
1.922409999999999854e+04 2.483288104583921199e-02
1.922729999999999927e+04 2.453327807032026561e-02
1.923059999999999854e+04 2.424079672013711162e-02
1.923390000000000146e+04 2.394680735131996668e-02
1.923720000000000073e+04 2.366166468432089748e-02
1.924050000000000000e+04 2.335199679559499600e-02
1.924379999999999927e+04 2.304991811261832349e-02
1.924709999999999854e+04 2.274749886806380975e-02
1.925040000000000146e+04 2.243109669256094715e-02
1.925370000000000073e+04 2.210223459495120127e-02
1.925700000000000000e+04 2.182362025627758439e-02
1.926029999999999927e+04 2.150253010148976338e-02
1.926359999999999854e+04 2.117170312964997483e-02
1.926690000000000146e+04 2.087983322086441398e-02
1.927020000000000073e+04 2.055316697338753842e-02
1.927350000000000000e+04 2.023833612984201821e-02
1.927679999999999927e+04 1.992113724446985951e-02
1.928009999999999854e+04 1.959538056939700429e-02
1.928340000000000146e+04 1.929921653338180845e-02
1.928670000000000073e+04 1.898490600679353033e-02
1.929000000000000000e+04 1.866875794904445177e-02
1.929320000000000073e+04 1.836051740771320676e-02
1.929650000000000000e+04 1.804397038959753771e-02
1.929979999999999927e+04 1.773052912331447850e-02
1.930309999999999854e+04 1.743665749755938035e-02
1.930640000000000146e+04 1.714048321147500220e-02
1.930970000000000073e+04 1.684918358039527719e-02
1.931300000000000000e+04 1.656836776248310494e-02
1.931629999999999927e+04 1.625730444922374868e-02
1.931959999999999854e+04 1.594303499321394688e-02
1.932290000000000146e+04 1.561832954412752453e-02
1.932620000000000073e+04 1.531023892342538162e-02
1.932950000000000000e+04 1.499616070836576678e-02
1.933279999999999927e+04 1.468729829833542895e-02
1.933609999999999854e+04 1.440233426585409669e-02
1.933940000000000146e+04 1.411720433251593444e-02
1.934270000000000073e+04 1.382653163132886547e-02
1.934600000000000000e+04 1.352111368077272766e-02
1.934929999999999927e+04 1.322064086871681254e-02
1.935259999999999854e+04 1.291823875016332238e-02
1.935579999999999927e+04 1.262005488449236858e-02
1.935909999999999854e+04 1.232914617432892893e-02
1.936240000000000146e+04 1.203773218432445218e-02
1.936570000000000073e+04 1.176053420341561205e-02
1.936900000000000000e+04 1.148358530584237501e-02
1.937229999999999927e+04 1.120539696846641585e-02
1.937559999999999854e+04 1.092660534975295125e-02
1.937890000000000146e+04 1.065081978174620136e-02
1.938220000000000073e+04 1.037095809102661116e-02
1.938550000000000000e+04 1.009372902854166303e-02
1.938879999999999927e+04 9.806261196701519800e-03
1.939209999999999854e+04 9.546240055631182927e-03
1.939540000000000146e+04 9.282989855300603083e-03
1.939870000000000073e+04 9.022729712436981103e-03
1.940200000000000000e+04 8.768132260063388889e-03
1.940529999999999927e+04 8.524495599128056184e-03
1.940859999999999854e+04 8.276653828898299092e-03
1.941190000000000146e+04 8.016286067250188996e-03
1.941520000000000073e+04 7.788048464310790009e-03
1.941850000000000000e+04 7.551695043764245462e-03
1.942170000000000073e+04 7.285142187195520896e-03
1.942500000000000000e+04 7.035807427557044282e-03
1.942829999999999927e+04 6.799740638693910558e-03
1.943159999999999854e+04 6.555974520821341786e-03
1.943490000000000146e+04 6.303947918926149432e-03
1.943820000000000073e+04 6.051969103445323413e-03
1.944150000000000000e+04 5.812733912591485502e-03
1.944479999999999927e+04 5.590552062650877910e-03
1.944809999999999854e+04 5.371464359227372080e-03
1.945140000000000146e+04 5.155015984176784111e-03
1.945470000000000073e+04 4.945042338975286396e-03
1.945800000000000000e+04 4.729720299525156171e-03
1.946129999999999927e+04 4.495507082612297360e-03
1.946459999999999854e+04 4.275548654239260532e-03
1.946790000000000146e+04 4.033479658711958647e-03
1.947120000000000073e+04 3.808026760782987335e-03
1.947450000000000000e+04 3.583251931667390342e-03
1.947779999999999927e+04 3.360874914548258111e-03
1.948109999999999854e+04 3.142883773333181741e-03
1.948429999999999927e+04 2.928914121367556540e-03
1.948759999999999854e+04 2.727350590130609223e-03
1.949090000000000146e+04 2.515326998748093363e-03
1.949420000000000073e+04 2.330265273607079468e-03
1.949750000000000000e+04 2.134192635724351667e-03
1.950079999999999927e+04 1.921216190140252614e-03
1.950409999999999854e+04 1.729096607115314680e-03
1.950740000000000146e+04 1.547296197936529234e-03
1.951070000000000073e+04 1.356606269796312462e-03
1.951400000000000000e+04 1.191320113109633691e-03
1.951729999999999927e+04 1.019374477064063141e-03
1.952059999999999854e+04 8.130585785346619836e-04
1.952390000000000146e+04 6.281561536741370492e-04
1.952720000000000073e+04 4.671938007679915452e-04
1.953050000000000000e+04 2.833287739512966685e-04
1.953379999999999927e+04 1.056515171951516913e-04
1.953709999999999854e+04 -7.526063302139586182e-05
1.954040000000000146e+04 -2.320741883065550017e-04
1.954370000000000073e+04 -3.876298527360000964e-04
1.954700000000000000e+04 -5.325986530385251778e-04
1.955020000000000073e+04 -7.024301189390034844e-04
1.955350000000000000e+04 -8.384635885715338620e-04
1.955679999999999927e+04 -9.717202488083905845e-04
1.956009999999999854e+04 -1.104617499242216807e-03
1.956340000000000146e+04 -1.237617183824000610e-03
1.956670000000000073e+04 -1.371652544057917322e-03
1.957000000000000000e+04 -1.498666725237242500e-03
1.957329999999999927e+04 -1.620986087293932107e-03
1.957659999999999854e+04 -1.738180466265161874e-03
1.957990000000000146e+04 -1.858872764866581224e-03
1.958320000000000073e+04 -1.994652157551986184e-03
1.958650000000000000e+04 -2.132005546667237270e-03
1.958979999999999927e+04 -2.226189826723436616e-03
1.959309999999999854e+04 -2.333845112691372483e-03
1.959640000000000146e+04 -2.440004173793156907e-03
1.959970000000000073e+04 -2.524293193627488979e-03
1.960300000000000000e+04 -2.627217724598730243e-03
1.960629999999999927e+04 -2.761302787324576395e-03
1.960959999999999854e+04 -2.877371253703460679e-03
1.961290000000000146e+04 -3.001813055288755222e-03
1.961609999999999854e+04 -3.112599864251203337e-03
1.961940000000000146e+04 -3.205804505124150872e-03
1.962270000000000073e+04 -3.325822893989640542e-03
1.962600000000000000e+04 -3.428734259159996103e-03
1.962929999999999927e+04 -3.521586990169453969e-03
1.963259999999999854e+04 -3.578848272608486057e-03
1.963590000000000146e+04 -3.635421331293791237e-03
1.963920000000000073e+04 -3.752333370017446428e-03
1.964250000000000000e+04 -3.823683762542854844e-03
1.964579999999999927e+04 -3.926077711115335059e-03
1.964909999999999854e+04 -4.043508799459562264e-03
1.965240000000000146e+04 -4.136987785821681120e-03
1.965570000000000073e+04 -4.241075159995038452e-03
1.965900000000000000e+04 -4.318433204549334062e-03
1.966229999999999927e+04 -4.364980935632147355e-03
1.966559999999999854e+04 -4.412190912217736107e-03
1.966890000000000146e+04 -4.485770938935297603e-03
1.967220000000000073e+04 -4.581255181813428251e-03
1.967550000000000000e+04 -4.652635398550920148e-03
1.967870000000000073e+04 -4.744581915047027185e-03
1.968200000000000000e+04 -4.793808829339774903e-03
1.968529999999999927e+04 -4.820023156541597062e-03
1.968859999999999854e+04 -4.860297510003875471e-03
1.969190000000000146e+04 -4.909923156622184037e-03
1.969520000000000073e+04 -4.965983574162038429e-03
1.969850000000000000e+04 -5.005004497327279582e-03
1.970179999999999927e+04 -5.034163669184349779e-03
1.970509999999999854e+04 -5.135986777551099398e-03
1.970840000000000146e+04 -5.240787186492530843e-03
1.971170000000000073e+04 -5.330050780409998148e-03
1.971500000000000000e+04 -5.372437693167616060e-03
1.971829999999999927e+04 -5.466520056082017388e-03
1.972159999999999854e+04 -5.501882745854109850e-03
1.972490000000000146e+04 -5.534471257680166276e-03
1.972820000000000073e+04 -5.615865150401342688e-03
1.973150000000000000e+04 -5.706452622170196318e-03
1.973479999999999927e+04 -5.781486762438984954e-03
1.973809999999999854e+04 -5.861887493334460610e-03
1.974140000000000146e+04 -5.941938897783632934e-03
1.974459999999999854e+04 -6.036285664750852195e-03
1.974790000000000146e+04 -6.070537659314711315e-03
1.975120000000000073e+04 -6.084592869704275389e-03
1.975450000000000000e+04 -6.141633870040381395e-03
1.975779999999999927e+04 -6.186605411468008506e-03
1.976109999999999854e+04 -6.254111168115741512e-03
1.976440000000000146e+04 -6.323447710988749915e-03
1.976770000000000073e+04 -6.406645256678816965e-03
1.977100000000000000e+04 -6.453901796658776877e-03
1.977429999999999927e+04 -6.493363546450672298e-03
1.977759999999999854e+04 -6.546643588973023557e-03
1.978090000000000146e+04 -6.592449699006088480e-03
1.978420000000000073e+04 -6.663870590521059692e-03
1.978750000000000000e+04 -6.680071126700822676e-03
1.979079999999999927e+04 -6.740667035080394852e-03
1.979409999999999854e+04 -6.758174134045362089e-03
1.979740000000000146e+04 -6.804882005649878947e-03
1.980070000000000073e+04 -6.867576978564199526e-03
1.980400000000000000e+04 -6.875705982727959090e-03
1.980720000000000073e+04 -6.915670505319682429e-03
1.981050000000000000e+04 -6.921189666627308376e-03
1.981379999999999927e+04 -6.891988149114843670e-03
1.981709999999999854e+04 -6.925985155786176448e-03
1.982040000000000146e+04 -6.908648956489536752e-03
1.982370000000000073e+04 -6.923546167345599224e-03
1.982700000000000000e+04 -6.962188799231620352e-03
1.983029999999999927e+04 -6.988279592226290596e-03
1.983359999999999854e+04 -6.994841621216821813e-03
1.983690000000000146e+04 -6.991469097665152163e-03
1.984020000000000073e+04 -6.994006894598879011e-03
1.984350000000000000e+04 -7.010530255762946472e-03
1.984679999999999927e+04 -7.031620912487226982e-03
1.985009999999999854e+04 -7.068440533474260913e-03
1.985340000000000146e+04 -7.102824445264866414e-03
1.985670000000000073e+04 -7.160975349772408932e-03
1.986000000000000000e+04 -7.191285862430270813e-03
1.986329999999999927e+04 -7.248772015685592263e-03
1.986659999999999854e+04 -7.269377082843025452e-03
1.986990000000000146e+04 -7.243034028645045294e-03
1.987309999999999854e+04 -7.217008405142083527e-03
1.987640000000000146e+04 -7.217660962278194502e-03
1.987970000000000073e+04 -7.234495318065557908e-03
1.988300000000000000e+04 -7.215771740896939450e-03
1.988629999999999927e+04 -7.270252711519214692e-03
1.988959999999999854e+04 -7.344779205411007712e-03
1.989290000000000146e+04 -7.346208930383575642e-03
1.989620000000000073e+04 -7.319035285587330471e-03
1.989950000000000000e+04 -7.294383582783767195e-03
1.990279999999999927e+04 -7.270931877723801201e-03
1.990609999999999854e+04 -7.265246214823725159e-03
1.990940000000000146e+04 -7.240466621745116418e-03
1.991270000000000073e+04 -7.257622404998991840e-03
1.991600000000000000e+04 -7.261748535116756623e-03
1.991929999999999927e+04 -7.262582589661448207e-03
1.992259999999999854e+04 -7.262130291763428842e-03
1.992590000000000146e+04 -7.256889313483173322e-03
