1.716800000000000000e+04 4.646116120087310478e-04
1.717129999999999927e+04 4.620511688738288729e-04
1.717459999999999854e+04 4.653990204598773572e-04
1.717790000000000146e+04 4.570712646699048908e-04
1.718120000000000073e+04 4.658443469332082705e-04
1.718450000000000000e+04 4.586257406052787040e-04
1.718779999999999927e+04 4.620373758696630796e-04
1.719109999999999854e+04 4.701289946463195674e-04
1.719440000000000146e+04 4.757211149214323094e-04
1.719770000000000073e+04 4.816892579644436317e-04
1.720100000000000000e+04 4.805020751853531706e-04
1.720429999999999927e+04 4.878629443814632609e-04
1.720759999999999854e+04 4.960562852982387371e-04
1.721090000000000146e+04 4.854902381532356188e-04
1.721420000000000073e+04 4.929113925173616694e-04
1.721750000000000000e+04 4.955793009321628759e-04
1.722079999999999927e+04 5.005506097347674471e-04
1.722409999999999854e+04 5.047433520200772473e-04
1.722729999999999927e+04 5.177762421556560525e-04
1.723059999999999854e+04 5.266046233161605829e-04
1.723390000000000146e+04 5.368238262324883173e-04
1.723720000000000073e+04 5.334378672105893589e-04
1.724050000000000000e+04 5.412440077510293889e-04
1.724379999999999927e+04 5.442236675670786934e-04
1.724709999999999854e+04 5.393466635953705034e-04
1.725040000000000146e+04 5.372378483513674330e-04
1.725370000000000073e+04 5.518768416787411075e-04
1.725700000000000000e+04 5.523209935833006201e-04
1.726029999999999927e+04 5.524526463183617201e-04
1.726359999999999854e+04 5.603187882855365344e-04
1.726690000000000146e+04 5.662936999797920593e-04
1.727020000000000073e+04 5.667766772679061005e-04
1.727350000000000000e+04 5.771431395462582430e-04
1.727679999999999927e+04 5.797643466479349399e-04
1.728009999999999854e+04 5.968213059792775972e-04
1.728340000000000146e+04 5.985225822230077477e-04
1.728670000000000073e+04 6.056954075848088471e-04
1.729000000000000000e+04 6.139674139672712545e-04
1.729320000000000073e+04 6.195720508273209592e-04
1.729650000000000000e+04 6.362888349239052312e-04
1.729979999999999927e+04 6.472444624831769164e-04
1.730309999999999854e+04 6.336682275556451086e-04
1.730640000000000146e+04 6.323341149090484434e-04
1.730970000000000073e+04 6.399017025013744664e-04
1.731300000000000000e+04 6.385408242273446283e-04
1.731629999999999927e+04 6.430635781315373594e-04
1.731959999999999854e+04 6.490887579022481526e-04
1.732290000000000146e+04 6.552948093734944999e-04
1.732620000000000073e+04 6.558417111670038647e-04
1.732950000000000000e+04 6.562744016296890182e-04
1.733279999999999927e+04 6.660059815066878865e-04
1.733609999999999854e+04 6.739803849382910083e-04
1.733940000000000146e+04 6.791205458597825758e-04
1.734270000000000073e+04 6.871062407192730101e-04
1.734600000000000000e+04 6.946233755722664360e-04
1.734929999999999927e+04 7.036273266310497532e-04
1.735259999999999854e+04 7.050554282461945869e-04
1.735579999999999927e+04 7.034543457944326429e-04
1.735909999999999854e+04 6.987578179472107680e-04
1.736240000000000146e+04 7.005167747403574655e-04
1.736570000000000073e+04 6.979059289461768921e-04
1.736900000000000000e+04 6.972006102422545482e-04
1.737229999999999927e+04 6.964639233715799651e-04
1.737559999999999854e+04 7.055431849535563670e-04
1.737890000000000146e+04 7.064521678999019809e-04
1.738220000000000073e+04 7.178637095138958859e-04
1.738550000000000000e+04 7.195128480476935436e-04
1.738879999999999927e+04 7.226453151502769184e-04
1.739209999999999854e+04 7.240031114241684759e-04
1.739540000000000146e+04 7.303629113606589481e-04
1.739870000000000073e+04 7.364561530150613667e-04
1.740200000000000000e+04 7.346569017738458982e-04
1.740529999999999927e+04 7.319127221385867028e-04
1.740859999999999854e+04 7.336001405983122317e-04
1.741190000000000146e+04 7.427434270675493206e-04
1.741520000000000073e+04 7.501159119946913378e-04
1.741850000000000000e+04 7.583476621498614527e-04
1.742170000000000073e+04 7.617274827441294135e-04
1.742500000000000000e+04 7.575452480459916090e-04
1.742829999999999927e+04 7.571984292628566480e-04
1.743159999999999854e+04 7.527713486186863884e-04
1.743490000000000146e+04 7.532701504965120653e-04
1.743820000000000073e+04 7.514176246776233144e-04
1.744150000000000000e+04 7.614311281721663702e-04
1.744479999999999927e+04 7.562043930892832500e-04
1.744809999999999854e+04 7.618780845488557765e-04
1.745140000000000146e+04 7.595380135715836672e-04
1.745470000000000073e+04 7.568741598997329309e-04
1.745800000000000000e+04 7.519829494448501033e-04
1.746129999999999927e+04 7.411280270122832213e-04
1.746459999999999854e+04 7.424932070023975306e-04
1.746790000000000146e+04 7.526334670826629681e-04
1.747120000000000073e+04 7.574355869919035308e-04
1.747450000000000000e+04 7.581899556907730885e-04
1.747779999999999927e+04 7.592327941060712489e-04
1.748109999999999854e+04 7.520813374668642790e-04
1.748429999999999927e+04 7.568355102916903866e-04
1.748759999999999854e+04 7.603407218801531758e-04
1.749090000000000146e+04 7.621399932840769529e-04
1.749420000000000073e+04 7.617263498240943930e-04
1.749750000000000000e+04 7.625163030839689216e-04
1.750079999999999927e+04 7.611741984673807545e-04
1.750409999999999854e+04 7.612118416550727037e-04
1.750740000000000146e+04 7.615097624389907975e-04
1.751070000000000073e+04 7.557394078308865299e-04
1.751400000000000000e+04 7.558878510353207823e-04
1.751729999999999927e+04 7.557019013261729928e-04
1.752059999999999854e+04 7.682489177834553751e-04
1.752390000000000146e+04 7.741830760989831372e-04
1.752720000000000073e+04 7.799258382710878498e-04
1.753050000000000000e+04 7.835751928406517637e-04
1.753379999999999927e+04 7.821651495608220907e-04
1.753709999999999854e+04 7.808123045011978883e-04
1.754040000000000146e+04 7.739324199442377660e-04
1.754370000000000073e+04 7.785782332598251230e-04
1.754700000000000000e+04 7.735992312289601642e-04
1.755020000000000073e+04 7.740039393417580188e-04
1.755350000000000000e+04 7.732667437278750678e-04
1.755679999999999927e+04 7.766523696370803472e-04
1.756009999999999854e+04 7.716197922054570226e-04
1.756340000000000146e+04 7.628607317503519059e-04
1.756670000000000073e+04 7.636451280066984190e-04
1.757000000000000000e+04 7.666025864139833614e-04
1.757329999999999927e+04 7.672095782738945144e-04
1.757659999999999854e+04 7.659458919985201583e-04
1.757990000000000146e+04 7.594463147355997711e-04
1.758320000000000073e+04 7.523002510333637099e-04
1.758650000000000000e+04 7.600919272538965606e-04
1.758979999999999927e+04 7.675880872385049776e-04
1.759309999999999854e+04 7.753577718153257994e-04
1.759640000000000146e+04 7.788436583362103992e-04
1.759970000000000073e+04 7.823110975898432684e-04
1.760300000000000000e+04 7.919214190764731860e-04
1.760629999999999927e+04 7.946823844543163696e-04
1.760959999999999854e+04 7.952058630984801648e-04
1.761290000000000146e+04 7.953144467296244116e-04
1.761609999999999854e+04 7.966166857304062595e-04
1.761940000000000146e+04 8.000711941693668550e-04
1.762270000000000073e+04 8.067209145087856758e-04
1.762600000000000000e+04 8.188900113428077302e-04
1.762929999999999927e+04 8.203743776272259466e-04
1.763259999999999854e+04 8.216886884453352422e-04
1.763590000000000146e+04 8.266637547075929120e-04
1.763920000000000073e+04 8.386889704336788131e-04
1.764250000000000000e+04 8.370967751011940128e-04
1.764579999999999927e+04 8.401021681716147778e-04
1.764909999999999854e+04 8.391167760359977178e-04
1.765240000000000146e+04 8.437463009517020716e-04
1.765570000000000073e+04 8.372008873660018256e-04
1.765900000000000000e+04 8.438130739568121437e-04
1.766229999999999927e+04 8.447735844611079263e-04
1.766559999999999854e+04 8.443166941523278608e-04
1.766890000000000146e+04 8.450808989489873042e-04
1.767220000000000073e+04 8.505733873857566950e-04
1.767550000000000000e+04 8.534075504654885496e-04
1.767870000000000073e+04 8.565794528061164946e-04
1.768200000000000000e+04 8.643216258593478885e-04
1.768529999999999927e+04 8.574298748934421370e-04
1.768859999999999854e+04 8.595877870448960338e-04
1.769190000000000146e+04 8.587577850736605178e-04
1.769520000000000073e+04 8.616708094403642722e-04
1.769850000000000000e+04 8.701637347297765546e-04
1.770179999999999927e+04 8.735151100178787601e-04
1.770509999999999854e+04 8.812395307593763605e-04
1.770840000000000146e+04 8.785303377445859672e-04
1.771170000000000073e+04 8.814785677052775284e-04
1.771500000000000000e+04 8.877365158139606353e-04
1.771829999999999927e+04 8.919288278320243414e-04
1.772159999999999854e+04 8.991581170570720968e-04
1.772490000000000146e+04 9.082217849733958178e-04
1.772820000000000073e+04 9.173850880559154776e-04
1.773150000000000000e+04 9.265256605021704103e-04
1.773479999999999927e+04 9.287440890330301993e-04
1.773809999999999854e+04 9.238601347542065804e-04
1.774140000000000146e+04 9.269130541906475413e-04
1.774459999999999854e+04 9.372985982682388063e-04
1.774790000000000146e+04 9.466915104888589142e-04
1.775120000000000073e+04 9.494137558451952149e-04
1.775450000000000000e+04 9.510226882276857138e-04
1.775779999999999927e+04 9.525933024048142484e-04
1.776109999999999854e+04 9.571213665376548420e-04
1.776440000000000146e+04 9.568298984821900933e-04
1.776770000000000073e+04 9.551684216922729518e-04
1.777100000000000000e+04 9.537405080775846833e-04
1.777429999999999927e+04 9.581808931855086186e-04
1.777759999999999854e+04 9.587480603570976189e-04
1.778090000000000146e+04 9.651053874191190939e-04
1.778420000000000073e+04 9.661579181443029221e-04
1.778750000000000000e+04 9.752372560184654343e-04
1.779079999999999927e+04 9.774524005334744078e-04
1.779409999999999854e+04 9.843833940901944215e-04
1.779740000000000146e+04 9.986680783771789607e-04
1.780070000000000073e+04 1.000839303417091477e-03
1.780400000000000000e+04 1.003333022039088569e-03
1.780720000000000073e+04 1.012764538591934488e-03
1.781050000000000000e+04 1.022328337803327710e-03
1.781379999999999927e+04 1.037818030935546689e-03
1.781709999999999854e+04 1.033196311647156329e-03
1.782040000000000146e+04 1.050725081252684885e-03
1.782370000000000073e+04 1.051084717297752968e-03
1.782700000000000000e+04 1.057476136846249512e-03
1.783029999999999927e+04 1.060801634128174338e-03
1.783359999999999854e+04 1.067072370249848865e-03
1.783690000000000146e+04 1.073137983898114073e-03
1.784020000000000073e+04 1.079808735711641375e-03
1.784350000000000000e+04 1.088823894476906220e-03
1.784679999999999927e+04 1.094759679030638628e-03
1.785009999999999854e+04 1.102249963177627523e-03
1.785340000000000146e+04 1.107220535842958669e-03
1.785670000000000073e+04 1.114595354929325856e-03
1.786000000000000000e+04 1.124654288064275013e-03
1.786329999999999927e+04 1.125505384534156855e-03
1.786659999999999854e+04 1.135438161734713628e-03
1.786990000000000146e+04 1.142853715857213232e-03
1.787309999999999854e+04 1.145960899878685144e-03
1.787640000000000146e+04 1.152042526166097711e-03
1.787970000000000073e+04 1.156085145798099994e-03
1.788300000000000000e+04 1.165572751190212600e-03
1.788629999999999927e+04 1.170441905117831092e-03
1.788959999999999854e+04 1.170497496336358675e-03
1.789290000000000146e+04 1.178633668252450882e-03
1.789620000000000073e+04 1.182943277907390345e-03
1.789950000000000000e+04 1.196083101260651902e-03
1.790279999999999927e+04 1.207897811045363558e-03
1.790609999999999854e+04 1.213074498851346699e-03
1.790940000000000146e+04 1.213787147463986143e-03
1.791270000000000073e+04 1.212373835459050128e-03
1.791600000000000000e+04 1.215467891208654207e-03
1.791929999999999927e+04 1.218039265467879204e-03
1.792259999999999854e+04 1.214740918477908056e-03
1.792590000000000146e+04 1.216273039202214962e-03
1.792920000000000073e+04 1.218577689978649287e-03
1.793250000000000000e+04 1.221850940644273863e-03
1.793570000000000073e+04 1.232569635613231084e-03
1.793900000000000000e+04 1.238081520500249489e-03
1.794229999999999927e+04 1.243009782030832016e-03
1.794559999999999854e+04 1.245000110087158152e-03
1.794890000000000146e+04 1.252455443205410281e-03
1.795220000000000073e+04 1.255747377100126282e-03
1.795550000000000000e+04 1.259570468223344215e-03
1.795879999999999927e+04 1.263978178134154582e-03
1.796209999999999854e+04 1.255086114297110280e-03
1.796540000000000146e+04 1.261943853696725903e-03
1.796870000000000073e+04 1.267274911360869675e-03
1.797200000000000000e+04 1.271771554201653852e-03
1.797529999999999927e+04 1.272761088490273994e-03
1.797859999999999854e+04 1.272571484690292144e-03
1.798190000000000146e+04 1.281082690948872130e-03
1.798520000000000073e+04 1.279763946887003002e-03
1.798850000000000000e+04 1.283080260119282045e-03
1.799179999999999927e+04 1.288059209667843453e-03
1.799509999999999854e+04 1.293196410832881749e-03
1.799840000000000146e+04 1.288464310670345368e-03
1.800159999999999854e+04 1.281485045727324881e-03
1.800490000000000146e+04 1.285373198911289811e-03
1.800820000000000073e+04 1.285086420509735277e-03
1.801150000000000000e+04 1.286718157961609134e-03
1.801479999999999927e+04 1.294185597014020682e-03
1.801809999999999854e+04 1.310405964247752120e-03
1.802140000000000146e+04 1.320609843009096056e-03
1.802470000000000073e+04 1.325283049171489596e-03
1.802800000000000000e+04 1.335937471415778741e-03
1.803129999999999927e+04 1.335395297208532813e-03
1.803459999999999854e+04 1.339821773158779991e-03
1.803790000000000146e+04 1.346359604174678483e-03
1.804120000000000073e+04 1.347837980203613539e-03
1.804450000000000000e+04 1.354358355056282937e-03
1.804779999999999927e+04 1.359871010243087321e-03
1.805109999999999854e+04 1.354676761557026396e-03
1.805440000000000146e+04 1.364407168067631633e-03
1.805770000000000073e+04 1.361368409599881526e-03
1.806100000000000000e+04 1.363044314447383601e-03
1.806429999999999927e+04 1.363501759751625146e-03
1.806750000000000000e+04 1.367335421665496478e-03
1.807079999999999927e+04 1.361384035064085521e-03
1.807409999999999854e+04 1.356800402530088491e-03
1.807740000000000146e+04 1.355656307139368848e-03
1.808070000000000073e+04 1.363724388702966051e-03
1.808400000000000000e+04 1.373366113540138225e-03
1.808729999999999927e+04 1.380428068239346849e-03
1.809059999999999854e+04 1.381809975319933442e-03
1.809390000000000146e+04 1.382104269651722710e-03
1.809720000000000073e+04 1.378288503795266438e-03
1.810050000000000000e+04 1.374439333373080529e-03
1.810379999999999927e+04 1.368587570578132587e-03
1.810709999999999854e+04 1.365140339726166399e-03
1.811040000000000146e+04 1.356639312933752891e-03
1.811370000000000073e+04 1.357908037340345344e-03
1.811700000000000000e+04 1.353000261013830594e-03
1.812029999999999927e+04 1.352856193082642043e-03
1.812359999999999854e+04 1.346987044629593434e-03
1.812690000000000146e+04 1.353751146911081433e-03
1.813009999999999854e+04 1.348570127174228504e-03
1.813340000000000146e+04 1.345005639318665744e-03
1.813670000000000073e+04 1.349823863588349047e-03
1.814000000000000000e+04 1.368748233142805118e-03
1.814329999999999927e+04 1.355986901100800744e-03
1.814659999999999854e+04 1.355718570607434463e-03
1.814990000000000146e+04 1.348496487529525240e-03
1.815320000000000073e+04 1.348455852846210459e-03
1.815650000000000000e+04 1.341931572048989108e-03
1.815979999999999927e+04 1.343206586388539939e-03
1.816309999999999854e+04 1.345817791579319474e-03
1.816640000000000146e+04 1.353868155157322145e-03
1.816970000000000073e+04 1.352277763785372875e-03
1.817300000000000000e+04 1.347778485450787204e-03
1.817629999999999927e+04 1.347802218048085822e-03
1.817959999999999854e+04 1.349588229471985340e-03
1.818290000000000146e+04 1.360845389920373400e-03
1.818620000000000073e+04 1.365614655658039600e-03
1.818950000000000000e+04 1.372654424458715416e-03
1.819279999999999927e+04 1.377326238379591138e-03
1.819600000000000000e+04 1.387074328315583130e-03
1.819929999999999927e+04 1.389120359694202356e-03
1.820259999999999854e+04 1.386305851144145835e-03
1.820590000000000146e+04 1.389323230018513168e-03
1.820920000000000073e+04 1.387767351715268275e-03
1.821250000000000000e+04 1.386930781731045541e-03
1.821579999999999927e+04 1.393665508065209356e-03
1.821909999999999854e+04 1.398625470005012686e-03
1.822240000000000146e+04 1.432280302146613253e-03
1.822570000000000073e+04 1.456838678591307508e-03
1.822900000000000000e+04 1.482268882667479165e-03
1.823229999999999927e+04 1.519231001209837796e-03
1.823559999999999854e+04 1.558980093625195879e-03
1.823890000000000146e+04 1.581192484232386754e-03
1.824220000000000073e+04 1.618858875217394581e-03
1.824550000000000000e+04 1.646680300256703807e-03
1.824879999999999927e+04 1.679323655936693126e-03
1.825209999999999854e+04 1.695235909780198891e-03
1.825540000000000146e+04 1.728077702770006423e-03
1.825859999999999854e+04 1.773642543619852229e-03
1.826190000000000146e+04 1.820417546313337406e-03
1.826520000000000073e+04 1.861504827352957999e-03
1.826850000000000000e+04 1.893815017968634908e-03
1.827179999999999927e+04 1.923627818554892940e-03
1.827509999999999854e+04 1.961896231152880990e-03
1.827840000000000146e+04 1.993067077514740562e-03
1.828170000000000073e+04 2.028584126568034208e-03
1.828500000000000000e+04 2.066728656443040865e-03
1.828829999999999927e+04 2.104981467679032346e-03
1.829159999999999854e+04 2.130151113931306496e-03
1.829490000000000146e+04 2.171477929500493717e-03
1.829820000000000073e+04 2.191111832106672989e-03
1.830150000000000000e+04 2.210350122728222799e-03
1.830479999999999927e+04 2.244263094709798845e-03
1.830809999999999854e+04 2.285746054288461705e-03
1.831140000000000146e+04 2.308063041024536587e-03
1.831470000000000073e+04 2.342417896993020509e-03
1.831800000000000000e+04 2.366805896581828349e-03
1.832129999999999927e+04 2.410761558118687965e-03
1.832450000000000000e+04 2.431561328112644312e-03
1.832779999999999927e+04 2.455208299503516996e-03
1.833109999999999854e+04 2.497814703757381908e-03
1.833440000000000146e+04 2.532522069340817101e-03
1.833770000000000073e+04 2.573170354696510936e-03
1.834100000000000000e+04 2.614634690357807174e-03
1.834429999999999927e+04 2.625550744476114803e-03
1.834759999999999854e+04 2.636338784047033250e-03
1.835090000000000146e+04 2.668350860820737063e-03
1.835420000000000073e+04 2.702490556308276021e-03
1.835750000000000000e+04 2.737089490818241360e-03
1.836079999999999927e+04 2.770869962322124787e-03
1.836409999999999854e+04 2.802431512042570429e-03
1.836740000000000146e+04 2.832565730217382650e-03
1.837070000000000073e+04 2.876340172481259110e-03
1.837400000000000000e+04 2.912808325626848206e-03
1.837729999999999927e+04 2.958205060965816806e-03
1.838059999999999854e+04 2.998754191957253654e-03
1.838390000000000146e+04 3.043323286376558006e-03
1.838709999999999854e+04 3.052589578069806516e-03
1.839040000000000146e+04 3.086492703712767453e-03
1.839370000000000073e+04 3.098183941830160749e-03
1.839700000000000000e+04 3.108196768721893134e-03
1.840029999999999927e+04 3.119960442495534753e-03
1.840359999999999854e+04 3.163889850898275475e-03
1.840690000000000146e+04 3.194698357111252184e-03
1.841020000000000073e+04 3.220541463432064367e-03
1.841350000000000000e+04 3.247862977928105913e-03
1.841679999999999927e+04 3.291300493966642371e-03
1.842009999999999854e+04 3.318564983116624109e-03
1.842340000000000146e+04 3.341025473358940224e-03
1.842670000000000073e+04 3.357581886641663842e-03
1.843000000000000000e+04 3.388044842907685268e-03
1.843329999999999927e+04 3.418080268484768695e-03
1.843659999999999854e+04 3.465768088289495220e-03
1.843990000000000146e+04 3.500505561021124198e-03
1.844320000000000073e+04 3.539012976220498770e-03
1.844650000000000000e+04 3.579182568811027122e-03
1.844979999999999927e+04 3.617919390774664186e-03
1.845300000000000000e+04 3.655468091497437056e-03
1.845629999999999927e+04 3.690199836137845937e-03
1.845959999999999854e+04 3.700571739100139753e-03
1.846290000000000146e+04 3.751759807924223960e-03
1.846620000000000073e+04 3.751749443789536773e-03
1.846950000000000000e+04 3.756933087005892569e-03
1.847279999999999927e+04 3.787028653302013190e-03
1.847609999999999854e+04 3.810143975727942663e-03
1.847940000000000146e+04 3.820746300762212309e-03
1.848270000000000073e+04 3.830605434572395378e-03
1.848600000000000000e+04 3.823192539223684797e-03
1.848929999999999927e+04 3.840231104841359492e-03
1.849259999999999854e+04 3.856988165717987940e-03
1.849590000000000146e+04 3.849188421778109749e-03
1.849920000000000073e+04 3.867605551121340492e-03
1.850250000000000000e+04 3.888618883549250192e-03
1.850579999999999927e+04 3.925938100383048572e-03
1.850909999999999854e+04 3.983879365184361983e-03
1.851240000000000146e+04 3.992968521897797066e-03
1.851570000000000073e+04 3.990882174529194332e-03
1.851890000000000146e+04 3.989255288628643266e-03
1.852220000000000073e+04 3.999820866159868940e-03
1.852550000000000000e+04 4.026078294300502146e-03
1.852879999999999927e+04 4.062361885049501145e-03
1.853209999999999854e+04 4.108145142900726521e-03
1.853540000000000146e+04 4.138320957033137654e-03
1.853870000000000073e+04 4.193889808707792696e-03
1.854200000000000000e+04 4.233572847223637282e-03
1.854529999999999927e+04 4.294152211211191630e-03
1.854859999999999854e+04 4.307604425144738458e-03
1.855190000000000146e+04 4.360891764207890965e-03
1.855520000000000073e+04 4.407320888338553920e-03
1.855850000000000000e+04 4.465649435745083599e-03
1.856179999999999927e+04 4.525924002515436390e-03
1.856509999999999854e+04 4.566463779703715427e-03
1.856840000000000146e+04 4.618743621463563577e-03
1.857170000000000073e+04 4.639495199128720881e-03
1.857500000000000000e+04 4.671844127887798091e-03
1.857829999999999927e+04 4.728413577585943370e-03
1.858150000000000000e+04 4.762620605804923114e-03
1.858479999999999927e+04 4.797980579079997795e-03
1.858809999999999854e+04 4.832440765119578284e-03
1.859140000000000146e+04 4.882524992463281761e-03
1.859470000000000073e+04 4.919725057233248315e-03
1.859800000000000000e+04 4.966650617848610352e-03
1.860129999999999927e+04 4.993656594812702527e-03
1.860459999999999854e+04 5.041701244509478631e-03
1.860790000000000146e+04 5.080519845915857681e-03
1.861120000000000073e+04 5.146191693148126182e-03
1.861450000000000000e+04 5.225957285713349505e-03
1.861779999999999927e+04 5.276329616002050325e-03
1.862109999999999854e+04 5.329322874074722376e-03
1.862440000000000146e+04 5.396723394133500114e-03
1.862770000000000073e+04 5.447871587589287953e-03
1.863100000000000000e+04 5.567503270011073951e-03
1.863429999999999927e+04 5.641217575240291618e-03
1.863759999999999854e+04 5.718262047326310403e-03
1.864090000000000146e+04 5.808821097404067053e-03
1.864420000000000073e+04 5.968015051346069882e-03
1.864740000000000146e+04 6.083000674918165492e-03
1.865070000000000073e+04 6.200880400922829418e-03
1.865400000000000000e+04 6.354917384715017513e-03
1.865729999999999927e+04 6.492059485050639088e-03
1.866059999999999854e+04 6.637312326521644171e-03
1.866390000000000146e+04 6.750382600132797707e-03
1.866720000000000073e+04 6.858122473209753850e-03
1.867050000000000000e+04 6.946394308406037520e-03
1.867379999999999927e+04 7.056185770329737039e-03
1.867709999999999854e+04 7.200527285044697016e-03
1.868040000000000146e+04 7.373963093874544295e-03
1.868370000000000073e+04 7.599144112857800747e-03
1.868700000000000000e+04 7.834454979659132706e-03
1.869029999999999927e+04 8.044302472005365051e-03
1.869359999999999854e+04 8.316081765553260882e-03
1.869690000000000146e+04 8.574972131470987025e-03
1.870020000000000073e+04 8.693734885119194788e-03
1.870350000000000000e+04 8.786674365725433838e-03
1.870679999999999927e+04 8.994020141649636604e-03
1.871000000000000000e+04 9.273244207676946751e-03
1.871329999999999927e+04 9.502440851357011817e-03
1.871659999999999854e+04 9.651869817654153139e-03
1.871990000000000146e+04 9.815546933401839841e-03
1.872320000000000073e+04 9.967570248063818000e-03
1.872650000000000000e+04 1.015372465342942107e-02
1.872979999999999927e+04 1.029324360967684773e-02
1.873309999999999854e+04 1.045113115566584892e-02
1.873640000000000146e+04 1.061709423234026735e-02
1.873970000000000073e+04 1.082558700689997301e-02
1.874300000000000000e+04 1.087666456682346780e-02
1.874629999999999927e+04 1.105095149061958819e-02
1.874959999999999854e+04 1.111932692012609220e-02
1.875290000000000146e+04 1.118732023259368276e-02
1.875620000000000073e+04 1.125676523367598672e-02
1.875950000000000000e+04 1.140039328931360951e-02
1.876279999999999927e+04 1.153041162849798192e-02
1.876609999999999854e+04 1.164879613147621479e-02
1.876940000000000146e+04 1.172907831118562109e-02
1.877270000000000073e+04 1.186535695328559334e-02
1.877590000000000146e+04 1.204316781478954011e-02
1.877920000000000073e+04 1.209746491454184725e-02
1.878250000000000000e+04 1.225648632222165607e-02
1.878579999999999927e+04 1.242481962472441470e-02
1.878909999999999854e+04 1.263312690465110723e-02
1.879240000000000146e+04 1.285989906305536751e-02
1.879570000000000073e+04 1.309121030388658673e-02
1.879900000000000000e+04 1.335875916553677829e-02
1.880229999999999927e+04 1.363381581912041784e-02
1.880559999999999854e+04 1.392430169682652707e-02
1.880890000000000146e+04 1.414585076066687298e-02
1.881220000000000073e+04 1.440983818516759773e-02
1.881550000000000000e+04 1.470001067038180682e-02
1.881879999999999927e+04 1.495574172799575378e-02
1.882209999999999854e+04 1.522552677437018394e-02
1.882540000000000146e+04 1.550172414002633746e-02
1.882870000000000073e+04 1.580708757017915828e-02
1.883200000000000000e+04 1.608625107480401648e-02
1.883529999999999927e+04 1.637982206042933389e-02
1.883859999999999854e+04 1.666788441180437966e-02
1.884179999999999927e+04 1.695281144905769546e-02
1.884509999999999854e+04 1.723520827089441640e-02
1.884840000000000146e+04 1.746323559666113426e-02
1.885170000000000073e+04 1.767404770908057379e-02
1.885500000000000000e+04 1.790756145431387017e-02
1.885829999999999927e+04 1.808006493553364694e-02
1.886159999999999854e+04 1.823337844562611734e-02
1.886490000000000146e+04 1.855807759868480927e-02
1.886820000000000073e+04 1.890330218609833843e-02
1.887150000000000000e+04 1.914665777047097964e-02
1.887479999999999927e+04 1.928998067972427163e-02
1.887809999999999854e+04 1.951673433420546624e-02
1.888140000000000146e+04 1.981615551027866851e-02
1.888470000000000073e+04 2.009389795834991624e-02
1.888800000000000000e+04 2.037439879179722690e-02
1.889129999999999927e+04 2.062363184494243884e-02
1.889459999999999854e+04 2.095352028461200389e-02
1.889790000000000146e+04 2.125378573199579457e-02
1.890120000000000073e+04 2.156203898630280891e-02
1.890440000000000146e+04 2.181865648504026367e-02
1.890770000000000073e+04 2.223231200352980899e-02
1.891100000000000000e+04 2.253961981126260603e-02
1.891429999999999927e+04 2.294646643918671000e-02
1.891759999999999854e+04 2.334852564116978238e-02
1.892090000000000146e+04 2.376654451008627239e-02
1.892420000000000073e+04 2.413883397542519044e-02
1.892750000000000000e+04 2.450107516569105873e-02
1.893079999999999927e+04 2.490230825251683877e-02
1.893409999999999854e+04 2.529964343400448873e-02
1.893740000000000146e+04 2.566421639533387686e-02
1.894070000000000073e+04 2.595509955144883682e-02
1.894400000000000000e+04 2.633083231034772514e-02
1.894729999999999927e+04 2.664554984682474675e-02
1.895059999999999854e+04 2.695312971558792153e-02
1.895390000000000146e+04 2.726264049614475493e-02
1.895720000000000073e+04 2.751562454812688310e-02
1.896050000000000000e+04 2.778804781194655488e-02
1.896379999999999927e+04 2.803342627774387322e-02
1.896709999999999854e+04 2.825732752254106819e-02
1.897029999999999927e+04 2.842708063485371861e-02
1.897359999999999854e+04 2.861637536568424275e-02
1.897690000000000146e+04 2.884116150763816819e-02
1.898020000000000073e+04 2.902365873493097451e-02
1.898350000000000000e+04 2.921544256287809255e-02
1.898679999999999927e+04 2.941287752713722670e-02
1.899009999999999854e+04 2.959121264349316022e-02
1.899340000000000146e+04 2.976336024397307350e-02
1.899670000000000073e+04 2.992214400707847791e-02
1.900000000000000000e+04 3.009772408680576328e-02
1.900329999999999927e+04 3.024528283122958697e-02
1.900659999999999854e+04 3.039908497471210252e-02
1.900990000000000146e+04 3.050517238516184046e-02
1.901320000000000073e+04 3.059452947819012864e-02
1.901650000000000000e+04 3.068482985048024206e-02
1.901979999999999927e+04 3.079635717049701224e-02
1.902309999999999854e+04 3.090879610777601608e-02
1.902640000000000146e+04 3.104614012895455175e-02
1.902970000000000073e+04 3.111254980883546017e-02
1.903290000000000146e+04 3.118430535158845870e-02
1.903620000000000073e+04 3.123356573162772848e-02
1.903950000000000000e+04 3.129091498077325034e-02
1.904279999999999927e+04 3.135768193661321590e-02
1.904609999999999854e+04 3.139698069272931630e-02
1.904940000000000146e+04 3.143955587469814128e-02
1.905270000000000073e+04 3.150919704208462319e-02
1.905600000000000000e+04 3.154752376259273294e-02
1.905929999999999927e+04 3.158200719594273648e-02
1.906259999999999854e+04 3.159010452564158661e-02
1.906590000000000146e+04 3.160242819778039808e-02
1.906920000000000073e+04 3.161447488855589905e-02
1.907250000000000000e+04 3.156627296615795858e-02
1.907579999999999927e+04 3.153220279872070292e-02
1.907909999999999854e+04 3.150182181772454015e-02
1.908240000000000146e+04 3.148671680469083967e-02
1.908570000000000073e+04 3.143308839636235058e-02
1.908900000000000000e+04 3.136529820233732724e-02
1.909229999999999927e+04 3.128495230386433429e-02
1.909559999999999854e+04 3.120686319112267459e-02
1.909879999999999927e+04 3.115951031979186103e-02
1.910209999999999854e+04 3.106043216353531616e-02
1.910540000000000146e+04 3.099467017762083318e-02
1.910870000000000073e+04 3.093192399637140558e-02
1.911200000000000000e+04 3.086144056577972902e-02
1.911529999999999927e+04 3.078222093796714395e-02
1.911859999999999854e+04 3.061287924918886308e-02
1.912190000000000146e+04 3.047790532830392529e-02
1.912520000000000073e+04 3.029792473706515235e-02
1.912850000000000000e+04 3.011241259094101647e-02
1.913179999999999927e+04 2.996484495632295228e-02
1.913509999999999854e+04 2.983878315706446974e-02
1.913840000000000146e+04 2.968559583741019539e-02
1.914170000000000073e+04 2.948458741177623771e-02
1.914500000000000000e+04 2.930173326008250062e-02
1.914829999999999927e+04 2.908580100659620069e-02
1.915159999999999854e+04 2.888233427577899942e-02
1.915490000000000146e+04 2.869432140428225878e-02
1.915820000000000073e+04 2.848973082204779919e-02
1.916140000000000146e+04 2.831569980237482950e-02
1.916470000000000073e+04 2.809063852961997051e-02
1.916800000000000000e+04 2.786729750505021960e-02
1.917129999999999927e+04 2.762841778874868676e-02
1.917459999999999854e+04 2.740410097405407766e-02
1.917790000000000146e+04 2.719949072151908037e-02
1.918120000000000073e+04 2.699967068454670049e-02
1.918450000000000000e+04 2.674371839989455810e-02
1.918779999999999927e+04 2.648268684861787917e-02
1.919109999999999854e+04 2.622975957461868429e-02
1.919440000000000146e+04 2.600173974034757085e-02
1.919770000000000073e+04 2.574289062741481546e-02
1.920100000000000000e+04 2.549225211444652514e-02
1.920429999999999927e+04 2.523964377117444979e-02
1.920759999999999854e+04 2.497093226864779622e-02
1.921090000000000146e+04 2.471724932477222664e-02
1.921420000000000073e+04 2.444658110406263546e-02
1.921750000000000000e+04 2.416025618780429790e-02
1.922079999999999927e+04 2.388688281172326663e-02
1.922409999999999854e+04 2.360975586908733645e-02
1.922729999999999927e+04 2.331909890902331833e-02
1.923059999999999854e+04 2.303340998745926141e-02
1.923390000000000146e+04 2.275041638702594501e-02
1.923720000000000073e+04 2.248321742535183687e-02
1.924050000000000000e+04 2.219886845786354229e-02
1.924379999999999927e+04 2.191511812331902245e-02
1.924709999999999854e+04 2.162605821872376488e-02
1.925040000000000146e+04 2.132460976348988027e-02
1.925370000000000073e+04 2.100209663323421988e-02
1.925700000000000000e+04 2.073421473943981921e-02
1.926029999999999927e+04 2.043312353380169477e-02
1.926359999999999854e+04 2.010943884687441119e-02
1.926690000000000146e+04 1.982931805183558646e-02
1.927020000000000073e+04 1.951588803997336696e-02
1.927350000000000000e+04 1.921912078329250304e-02
1.927679999999999927e+04 1.890925420814724978e-02
1.928009999999999854e+04 1.859602463657708191e-02
1.928340000000000146e+04 1.831914636584883530e-02
1.928670000000000073e+04 1.803278667166910779e-02
1.929000000000000000e+04 1.774037287388428863e-02
1.929320000000000073e+04 1.746152589482691253e-02
1.929650000000000000e+04 1.715443686621750952e-02
1.929979999999999927e+04 1.684670927105478069e-02
1.930309999999999854e+04 1.655815798566088667e-02
1.930640000000000146e+04 1.627703086573729918e-02
1.930970000000000073e+04 1.599579437062910447e-02
1.931300000000000000e+04 1.572603161774479077e-02
1.931629999999999927e+04 1.543085727812896525e-02
1.931959999999999854e+04 1.512847735212519661e-02
1.932290000000000146e+04 1.481626783138581017e-02
1.932620000000000073e+04 1.451135509438885966e-02
1.932950000000000000e+04 1.421740521924214767e-02
1.933279999999999927e+04 1.393794748001762548e-02
1.933609999999999854e+04 1.367122341373770006e-02
1.933940000000000146e+04 1.340165634998964454e-02
1.934270000000000073e+04 1.312342362618853890e-02
1.934600000000000000e+04 1.283509791927826826e-02
1.934929999999999927e+04 1.255651235332942879e-02
1.935259999999999854e+04 1.227507502684715805e-02
1.935579999999999927e+04 1.199234975944302693e-02
1.935909999999999854e+04 1.170380558783849778e-02
1.936240000000000146e+04 1.142617791911666562e-02
1.936570000000000073e+04 1.115981403348058343e-02
1.936900000000000000e+04 1.090014963947872825e-02
1.937229999999999927e+04 1.064482394119730529e-02
1.937559999999999854e+04 1.037177073455620817e-02
1.937890000000000146e+04 1.010993316108434008e-02
1.938220000000000073e+04 9.845900037491354950e-03
1.938550000000000000e+04 9.582712550195861267e-03
1.938879999999999927e+04 9.307673419832683190e-03
1.939209999999999854e+04 9.056249762760785679e-03
1.939540000000000146e+04 8.800899358726139987e-03
1.939870000000000073e+04 8.542262359356877707e-03
1.940200000000000000e+04 8.299354317742037648e-03
1.940529999999999927e+04 8.069931980660437210e-03
1.940859999999999854e+04 7.838471331522376892e-03
1.941190000000000146e+04 7.596950294380961331e-03
1.941520000000000073e+04 7.367534121337824572e-03
1.941850000000000000e+04 7.144512435952289457e-03
1.942170000000000073e+04 6.889742652524896878e-03
1.942500000000000000e+04 6.642085040238882368e-03
1.942829999999999927e+04 6.418518644642276852e-03
1.943159999999999854e+04 6.183093823247536730e-03
1.943490000000000146e+04 5.945245492742255895e-03
1.943820000000000073e+04 5.707327433032354652e-03
1.944150000000000000e+04 5.472030506156170052e-03
1.944479999999999927e+04 5.254891602481688052e-03
1.944809999999999854e+04 5.037773700404608174e-03
1.945140000000000146e+04 4.827143237488540871e-03
1.945470000000000073e+04 4.624193572084500832e-03
1.945800000000000000e+04 4.403558202855868513e-03
1.946129999999999927e+04 4.178146461657065644e-03
1.946459999999999854e+04 3.963499705455656233e-03
1.946790000000000146e+04 3.741680189372746049e-03
1.947120000000000073e+04 3.532982872875300301e-03
1.947450000000000000e+04 3.310538087561389151e-03
1.947779999999999927e+04 3.094312048474374358e-03
1.948109999999999854e+04 2.896098034727829715e-03
1.948429999999999927e+04 2.691219983157652849e-03
1.948759999999999854e+04 2.505526782223703019e-03
1.949090000000000146e+04 2.318894845676422716e-03
1.949420000000000073e+04 2.127533624941211655e-03
1.949750000000000000e+04 1.935276949511226903e-03
1.950079999999999927e+04 1.735115259121051837e-03
1.950409999999999854e+04 1.547141023382897322e-03
1.950740000000000146e+04 1.368171718354092630e-03
1.951070000000000073e+04 1.182355768144024251e-03
1.951400000000000000e+04 1.022437859234225825e-03
1.951729999999999927e+04 8.494757073109559338e-04
1.952059999999999854e+04 6.516687855981157440e-04
1.952390000000000146e+04 4.796184808865229998e-04
1.952720000000000073e+04 3.205860229921671267e-04
1.953050000000000000e+04 1.520594462815822074e-04
1.953379999999999927e+04 -2.070728854721022425e-05
1.953709999999999854e+04 -1.985658607072761969e-04
1.954040000000000146e+04 -3.385044540449339175e-04
1.954370000000000073e+04 -4.835634103031510519e-04
1.954700000000000000e+04 -6.242548141479114989e-04
1.955020000000000073e+04 -7.852461480153471269e-04
1.955350000000000000e+04 -9.129456337945107648e-04
1.955679999999999927e+04 -1.049413775446325549e-03
1.956009999999999854e+04 -1.176557807206250793e-03
1.956340000000000146e+04 -1.305222249593294796e-03
1.956670000000000073e+04 -1.431038787814566332e-03
1.957000000000000000e+04 -1.551595915509362562e-03
1.957329999999999927e+04 -1.689220293576451735e-03
1.957659999999999854e+04 -1.802072242002964592e-03
1.957990000000000146e+04 -1.914891572195972841e-03
1.958320000000000073e+04 -2.042179931116752147e-03
1.958650000000000000e+04 -2.166314397223839238e-03
1.958979999999999927e+04 -2.264073909126564088e-03
1.959309999999999854e+04 -2.366545290602306822e-03
1.959640000000000146e+04 -2.463414684266231926e-03
1.959970000000000073e+04 -2.553808396687988307e-03
1.960300000000000000e+04 -2.660762331076397310e-03
1.960629999999999927e+04 -2.778987658440406922e-03
1.960959999999999854e+04 -2.887372347154935470e-03
1.961290000000000146e+04 -3.015044386877849345e-03
1.961609999999999854e+04 -3.129701675978630634e-03
1.961940000000000146e+04 -3.212868094648698835e-03
1.962270000000000073e+04 -3.322210721350346563e-03
1.962600000000000000e+04 -3.401538836693415464e-03
1.962929999999999927e+04 -3.485421416238372160e-03
1.963259999999999854e+04 -3.550051438587958300e-03
1.963590000000000146e+04 -3.601787920362664944e-03
1.963920000000000073e+04 -3.707442842277416245e-03
1.964250000000000000e+04 -3.756557303086130624e-03
1.964579999999999927e+04 -3.875744677804069793e-03
1.964909999999999854e+04 -3.990956795316988846e-03
1.965240000000000146e+04 -4.089588421593844808e-03
1.965570000000000073e+04 -4.195451395879378105e-03
1.965900000000000000e+04 -4.264699008587722814e-03
1.966229999999999927e+04 -4.297344562962516698e-03
1.966559999999999854e+04 -4.340548538410095650e-03
1.966890000000000146e+04 -4.418556753185048751e-03
1.967220000000000073e+04 -4.515507902124639948e-03
1.967550000000000000e+04 -4.590857987520514417e-03
1.967870000000000073e+04 -4.698043291502494723e-03
1.968200000000000000e+04 -4.732507927026140260e-03
1.968529999999999927e+04 -4.757357918544273881e-03
1.968859999999999854e+04 -4.781954644638205382e-03
1.969190000000000146e+04 -4.818256821177088062e-03
1.969520000000000073e+04 -4.872284517028009111e-03
1.969850000000000000e+04 -4.901808023462328121e-03
1.970179999999999927e+04 -4.922705199111972012e-03
1.970509999999999854e+04 -5.028035505791061954e-03
1.970840000000000146e+04 -5.138499084832122595e-03
1.971170000000000073e+04 -5.225576080455787871e-03
1.971500000000000000e+04 -5.257875499567327138e-03
1.971829999999999927e+04 -5.350559263331650280e-03
1.972159999999999854e+04 -5.364265004252019749e-03
1.972490000000000146e+04 -5.388929959676839500e-03
1.972820000000000073e+04 -5.467178049931235850e-03
1.973150000000000000e+04 -5.570725926756989188e-03
1.973479999999999927e+04 -5.655644118965729231e-03
1.973809999999999854e+04 -5.725065800821009868e-03
1.974140000000000146e+04 -5.813418997183125887e-03
1.974459999999999854e+04 -5.903888367202938560e-03
1.974790000000000146e+04 -5.939495149624414785e-03
1.975120000000000073e+04 -5.950906669312552161e-03
1.975450000000000000e+04 -5.980545856944606727e-03
1.975779999999999927e+04 -6.015112225870374030e-03
1.976109999999999854e+04 -6.088185320127802169e-03
1.976440000000000146e+04 -6.166908809131677049e-03
1.976770000000000073e+04 -6.238796893024023231e-03
1.977100000000000000e+04 -6.297174316872225508e-03
1.977429999999999927e+04 -6.331747697911802551e-03
1.977759999999999854e+04 -6.369271922097374285e-03
1.978090000000000146e+04 -6.423039298388025405e-03
1.978420000000000073e+04 -6.512299038374725312e-03
1.978750000000000000e+04 -6.514739914653241461e-03
1.979079999999999927e+04 -6.601088250378991593e-03
1.979409999999999854e+04 -6.611077895878176257e-03
1.979740000000000146e+04 -6.637722043783528432e-03
1.980070000000000073e+04 -6.707880493620874476e-03
1.980400000000000000e+04 -6.717791858025909738e-03
1.980720000000000073e+04 -6.757000989129641026e-03
1.981050000000000000e+04 -6.727581402889454276e-03
1.981379999999999927e+04 -6.689431604152948178e-03
1.981709999999999854e+04 -6.729204825698804383e-03
1.982040000000000146e+04 -6.707368919276362508e-03
1.982370000000000073e+04 -6.700344401300693635e-03
1.982700000000000000e+04 -6.742842983127032667e-03
1.983029999999999927e+04 -6.767660561177967805e-03
1.983359999999999854e+04 -6.757793275382274929e-03
1.983690000000000146e+04 -6.751940136012637463e-03
1.984020000000000073e+04 -6.734238117870294284e-03
1.984350000000000000e+04 -6.743661283844182286e-03
1.984679999999999927e+04 -6.763400262359185733e-03
1.985009999999999854e+04 -6.788564843250946904e-03
1.985340000000000146e+04 -6.840470838769356458e-03
1.985670000000000073e+04 -6.905013274746337436e-03
1.986000000000000000e+04 -6.933382401243395367e-03
1.986329999999999927e+04 -6.995540548194658682e-03
1.986659999999999854e+04 -7.006187369981054132e-03
1.986990000000000146e+04 -6.975304567542714961e-03
1.987309999999999854e+04 -6.921716949291125374e-03
1.987640000000000146e+04 -6.908198840573534331e-03
1.987970000000000073e+04 -6.955802369693226198e-03
1.988300000000000000e+04 -6.912996930072980682e-03
1.988629999999999927e+04 -6.992613373846707017e-03
1.988959999999999854e+04 -7.065869092468932480e-03
1.989290000000000146e+04 -7.059087363052421807e-03
1.989620000000000073e+04 -7.000548678323638245e-03
1.989950000000000000e+04 -6.958017494137087519e-03
1.990279999999999927e+04 -6.936210380001799937e-03
1.990609999999999854e+04 -6.925512631365788631e-03
1.990940000000000146e+04 -6.881240840583001915e-03
1.991270000000000073e+04 -6.885804987613903562e-03
1.991600000000000000e+04 -6.888904319211720806e-03
1.991929999999999927e+04 -6.902416799081032006e-03
1.992259999999999854e+04 -6.897046087371190570e-03
1.992590000000000146e+04 -6.869394236966305974e-03
