1.716800000000000000e+04 2.541833347079947751e-04
1.717129999999999927e+04 2.599380617599746069e-04
1.717459999999999854e+04 2.438105070840798161e-04
1.717790000000000146e+04 2.537125305288536088e-04
1.718120000000000073e+04 2.734302750945773967e-04
1.718450000000000000e+04 2.888647240006194977e-04
1.718779999999999927e+04 3.058731810989115461e-04
1.719109999999999854e+04 3.012715300336732925e-04
1.719440000000000146e+04 3.082122984910929363e-04
1.719770000000000073e+04 3.126650294735133675e-04
1.720100000000000000e+04 3.266574506916441610e-04
1.720429999999999927e+04 3.285389835157884143e-04
1.720759999999999854e+04 3.361672296930776635e-04
1.721090000000000146e+04 3.599010425988202863e-04
1.721420000000000073e+04 3.733774087248062108e-04
1.721750000000000000e+04 3.696783519720725475e-04
1.722079999999999927e+04 3.779137205832689556e-04
1.722409999999999854e+04 3.738699841071975146e-04
1.722729999999999927e+04 3.679773484365890610e-04
1.723059999999999854e+04 3.660257206363654340e-04
1.723390000000000146e+04 3.724635561608089906e-04
1.723720000000000073e+04 3.839878058697022089e-04
1.724050000000000000e+04 3.980690104861022479e-04
1.724379999999999927e+04 3.964996440665700689e-04
1.724709999999999854e+04 4.075709429593325816e-04
1.725040000000000146e+04 4.181523934791626408e-04
1.725370000000000073e+04 4.355449795576893054e-04
1.725700000000000000e+04 4.499430726057455378e-04
1.726029999999999927e+04 4.555337481924883153e-04
1.726359999999999854e+04 4.650589577319757758e-04
1.726690000000000146e+04 4.889215649847283981e-04
1.727020000000000073e+04 4.995964145480798289e-04
1.727350000000000000e+04 4.956451997510021587e-04
1.727679999999999927e+04 5.103272686391161416e-04
1.728009999999999854e+04 5.188440383005881460e-04
1.728340000000000146e+04 5.252432176622620196e-04
1.728670000000000073e+04 5.355755021877805578e-04
1.729000000000000000e+04 5.488494344623518536e-04
1.729320000000000073e+04 5.417355122237974517e-04
1.729650000000000000e+04 5.546981528114388032e-04
1.729979999999999927e+04 5.689053937929479865e-04
1.730309999999999854e+04 5.713107502584193051e-04
1.730640000000000146e+04 5.866562201527762872e-04
1.730970000000000073e+04 6.012519736874881882e-04
1.731300000000000000e+04 6.042734265144535360e-04
1.731629999999999927e+04 6.116964552346392707e-04
1.731959999999999854e+04 6.301208380735675392e-04
1.732290000000000146e+04 6.406820849634407454e-04
1.732620000000000073e+04 6.264997545524809150e-04
1.732950000000000000e+04 6.335884929126304500e-04
1.733279999999999927e+04 6.356354438566932160e-04
1.733609999999999854e+04 6.434754363424037386e-04
1.733940000000000146e+04 6.560798275408567543e-04
1.734270000000000073e+04 6.489425927748750924e-04
1.734600000000000000e+04 6.529331291205419134e-04
1.734929999999999927e+04 6.510779277988929577e-04
1.735259999999999854e+04 6.511548296411305689e-04
1.735579999999999927e+04 6.568306328586706990e-04
1.735909999999999854e+04 6.552678627882201675e-04
1.736240000000000146e+04 6.630366577441024417e-04
1.736570000000000073e+04 6.730382534824258479e-04
1.736900000000000000e+04 6.809194383652607480e-04
1.737229999999999927e+04 6.814518044553320112e-04
1.737559999999999854e+04 6.860246418441715921e-04
1.737890000000000146e+04 6.962226818330795016e-04
1.738220000000000073e+04 6.978268911047984810e-04
1.738550000000000000e+04 7.014156072215687546e-04
1.738879999999999927e+04 6.926636789311501697e-04
1.739209999999999854e+04 6.989362422605079235e-04
1.739540000000000146e+04 7.093164775453487340e-04
1.739870000000000073e+04 7.133400750138302413e-04
1.740200000000000000e+04 7.162818212471795632e-04
1.740529999999999927e+04 7.166912173001099666e-04
1.740859999999999854e+04 7.221208586962112822e-04
1.741190000000000146e+04 7.219716776921206993e-04
1.741520000000000073e+04 7.260337333678680127e-04
1.741850000000000000e+04 7.347252543545399091e-04
1.742170000000000073e+04 7.255439684155592667e-04
1.742500000000000000e+04 7.304953624744082953e-04
1.742829999999999927e+04 7.257819926297454311e-04
1.743159999999999854e+04 7.288062786530777456e-04
1.743490000000000146e+04 7.244806887143567060e-04
1.743820000000000073e+04 7.253254849627770477e-04
1.744150000000000000e+04 7.265440437141957577e-04
1.744479999999999927e+04 7.359732584625048799e-04
1.744809999999999854e+04 7.414256834645137004e-04
1.745140000000000146e+04 7.502906393180623851e-04
1.745470000000000073e+04 7.487244331145490907e-04
1.745800000000000000e+04 7.418360731166525474e-04
1.746129999999999927e+04 7.413395283979109683e-04
1.746459999999999854e+04 7.420629210180182921e-04
1.746790000000000146e+04 7.484748433709941928e-04
1.747120000000000073e+04 7.453365311505605805e-04
1.747450000000000000e+04 7.445955949368759366e-04
1.747779999999999927e+04 7.468148440844614476e-04
1.748109999999999854e+04 7.549835439219823021e-04
1.748429999999999927e+04 7.479488477501974224e-04
1.748759999999999854e+04 7.495628213229237925e-04
1.749090000000000146e+04 7.623629900252416273e-04
1.749420000000000073e+04 7.698207864307042483e-04
1.749750000000000000e+04 7.650236508285931502e-04
1.750079999999999927e+04 7.599415554205811441e-04
1.750409999999999854e+04 7.619402278029888337e-04
1.750740000000000146e+04 7.669389223646639166e-04
1.751070000000000073e+04 7.650575157194159336e-04
1.751400000000000000e+04 7.662897483859440039e-04
1.751729999999999927e+04 7.623703443050991414e-04
1.752059999999999854e+04 7.658765209803651552e-04
1.752390000000000146e+04 7.717842916125361701e-04
1.752720000000000073e+04 7.729176044069779438e-04
1.753050000000000000e+04 7.730023829675589878e-04
1.753379999999999927e+04 7.804406766638511198e-04
1.753709999999999854e+04 7.836533587631613635e-04
1.754040000000000146e+04 7.878525317031304358e-04
1.754370000000000073e+04 7.942834775366068405e-04
1.754700000000000000e+04 8.002993515461333252e-04
1.755020000000000073e+04 8.003684180960494044e-04
1.755350000000000000e+04 8.098447639133364443e-04
1.755679999999999927e+04 8.116702983370315243e-04
1.756009999999999854e+04 8.056327068835410958e-04
1.756340000000000146e+04 8.020504465234573220e-04
1.756670000000000073e+04 7.994099913136846255e-04
1.757000000000000000e+04 7.961265017471248328e-04
1.757329999999999927e+04 7.949414022528537111e-04
1.757659999999999854e+04 7.963044433197558622e-04
1.757990000000000146e+04 7.979876214542025534e-04
1.758320000000000073e+04 7.911833948366049163e-04
1.758650000000000000e+04 7.929704321861520385e-04
1.758979999999999927e+04 7.875698235895029192e-04
1.759309999999999854e+04 7.885961586791877601e-04
1.759640000000000146e+04 7.860644502876972667e-04
1.759970000000000073e+04 7.931972393132052544e-04
1.760300000000000000e+04 7.907723864417628371e-04
1.760629999999999927e+04 7.986271817459045632e-04
1.760959999999999854e+04 7.918472702835692174e-04
1.761290000000000146e+04 7.939034274913672751e-04
1.761609999999999854e+04 7.967094098203410116e-04
1.761940000000000146e+04 8.042128420280570929e-04
1.762270000000000073e+04 8.026561730666222387e-04
1.762600000000000000e+04 8.042368521726630040e-04
1.762929999999999927e+04 8.048169372225475902e-04
1.763259999999999854e+04 8.106515804038977010e-04
1.763590000000000146e+04 8.144139258006020303e-04
1.763920000000000073e+04 8.216585962920335039e-04
1.764250000000000000e+04 8.276464666066135059e-04
1.764579999999999927e+04 8.269335705767243963e-04
1.764909999999999854e+04 8.317817517541291859e-04
1.765240000000000146e+04 8.322754483992150527e-04
1.765570000000000073e+04 8.357342510139708714e-04
1.765900000000000000e+04 8.307439819832808207e-04
1.766229999999999927e+04 8.382813773827964190e-04
1.766559999999999854e+04 8.465542817918110356e-04
1.766890000000000146e+04 8.533359417697237168e-04
1.767220000000000073e+04 8.626924218880741447e-04
1.767550000000000000e+04 8.710910776393443336e-04
1.767870000000000073e+04 8.785705917595591731e-04
1.768200000000000000e+04 8.824877915674782811e-04
1.768529999999999927e+04 8.844650923963596296e-04
1.768859999999999854e+04 8.838665145955744559e-04
1.769190000000000146e+04 8.803796120580240905e-04
1.769520000000000073e+04 8.880585734012939490e-04
1.769850000000000000e+04 8.874496288375393390e-04
1.770179999999999927e+04 8.874113487588377322e-04
1.770509999999999854e+04 8.881034196574098469e-04
1.770840000000000146e+04 8.921928888637433363e-04
1.771170000000000073e+04 8.969903213369799901e-04
1.771500000000000000e+04 9.085009797096909971e-04
1.771829999999999927e+04 9.075157122633271088e-04
1.772159999999999854e+04 9.118456623386216606e-04
1.772490000000000146e+04 9.224663137505524895e-04
1.772820000000000073e+04 9.335678966610114465e-04
1.773150000000000000e+04 9.414150036892691845e-04
1.773479999999999927e+04 9.541507625135991003e-04
1.773809999999999854e+04 9.661355330178432064e-04
1.774140000000000146e+04 9.699594648834837605e-04
1.774459999999999854e+04 9.793591308774505459e-04
1.774790000000000146e+04 9.889737242718046190e-04
1.775120000000000073e+04 1.001526920414902259e-03
1.775450000000000000e+04 1.012228117368584469e-03
1.775779999999999927e+04 1.025232813550291640e-03
1.776109999999999854e+04 1.026980880471976831e-03
1.776440000000000146e+04 1.033185450307248354e-03
1.776770000000000073e+04 1.048290319403309473e-03
1.777100000000000000e+04 1.047011159912353793e-03
1.777429999999999927e+04 1.053225618104984378e-03
1.777759999999999854e+04 1.058237616412902125e-03
1.778090000000000146e+04 1.061139630438145270e-03
1.778420000000000073e+04 1.063450668787308375e-03
1.778750000000000000e+04 1.071800470165127457e-03
1.779079999999999927e+04 1.076080593121396924e-03
1.779409999999999854e+04 1.093817344362998370e-03
1.779740000000000146e+04 1.098447705734370691e-03
1.780070000000000073e+04 1.111635038869795110e-03
1.780400000000000000e+04 1.114578245378242214e-03
1.780720000000000073e+04 1.115981256711897881e-03
1.781050000000000000e+04 1.126534228506983516e-03
1.781379999999999927e+04 1.137181885750291818e-03
1.781709999999999854e+04 1.138743649967389375e-03
1.782040000000000146e+04 1.143936347285629419e-03
1.782370000000000073e+04 1.153844388531823258e-03
1.782700000000000000e+04 1.150911401467840864e-03
1.783029999999999927e+04 1.154273184984719964e-03
1.783359999999999854e+04 1.152346807784793538e-03
1.783690000000000146e+04 1.151400244038731620e-03
1.784020000000000073e+04 1.150193814669665804e-03
1.784350000000000000e+04 1.155899714218120789e-03
1.784679999999999927e+04 1.171504127247585377e-03
1.785009999999999854e+04 1.180076438783377426e-03
1.785340000000000146e+04 1.183990454843678562e-03
1.785670000000000073e+04 1.196157571837399907e-03
1.786000000000000000e+04 1.197515702043308160e-03
1.786329999999999927e+04 1.204757443686957493e-03
1.786659999999999854e+04 1.213983520776656467e-03
1.786990000000000146e+04 1.227495015494710004e-03
1.787309999999999854e+04 1.234195281320730597e-03
1.787640000000000146e+04 1.235288621867499954e-03
1.787970000000000073e+04 1.234529471773524595e-03
1.788300000000000000e+04 1.238732619934460521e-03
1.788629999999999927e+04 1.243249971059969287e-03
1.788959999999999854e+04 1.252108027444407247e-03
1.789290000000000146e+04 1.259350007831190133e-03
1.789620000000000073e+04 1.263200669846622094e-03
1.789950000000000000e+04 1.265454159079638626e-03
1.790279999999999927e+04 1.265724732609341437e-03
1.790609999999999854e+04 1.277875562765644997e-03
1.790940000000000146e+04 1.283292501654703351e-03
1.791270000000000073e+04 1.284382953968484864e-03
1.791600000000000000e+04 1.288469333379808337e-03
1.791929999999999927e+04 1.293714447433814887e-03
1.792259999999999854e+04 1.295548570192307314e-03
1.792590000000000146e+04 1.303849642321263822e-03
1.792920000000000073e+04 1.305161571019983896e-03
1.793250000000000000e+04 1.308760828345504343e-03
1.793570000000000073e+04 1.321486487027733218e-03
1.793900000000000000e+04 1.333190465799343914e-03
1.794229999999999927e+04 1.343676420559617108e-03
1.794559999999999854e+04 1.350695430772520800e-03
1.794890000000000146e+04 1.354429841884940977e-03
1.795220000000000073e+04 1.365966944398541282e-03
1.795550000000000000e+04 1.375932694349995969e-03
1.795879999999999927e+04 1.376131591169924484e-03
1.796209999999999854e+04 1.380324617522220689e-03
1.796540000000000146e+04 1.385372773126234856e-03
1.796870000000000073e+04 1.394763569483359810e-03
1.797200000000000000e+04 1.394433602894516256e-03
1.797529999999999927e+04 1.387218049609810358e-03
1.797859999999999854e+04 1.391389686481817392e-03
1.798190000000000146e+04 1.401158791559660270e-03
1.798520000000000073e+04 1.405577941643956904e-03
1.798850000000000000e+04 1.417396829567196858e-03
1.799179999999999927e+04 1.432113725210729192e-03
1.799509999999999854e+04 1.450823806004922917e-03
1.799840000000000146e+04 1.467498156151887884e-03
1.800159999999999854e+04 1.479027818752784267e-03
1.800490000000000146e+04 1.484421215031630180e-03
1.800820000000000073e+04 1.501159284255878992e-03
1.801150000000000000e+04 1.498177057781467604e-03
1.801479999999999927e+04 1.494728537110340651e-03
1.801809999999999854e+04 1.501275864235394235e-03
1.802140000000000146e+04 1.511539928530782105e-03
1.802470000000000073e+04 1.527463712986722568e-03
1.802800000000000000e+04 1.534452752514234471e-03
1.803129999999999927e+04 1.538602055469479079e-03
1.803459999999999854e+04 1.536899777445667080e-03
1.803790000000000146e+04 1.537647350072224089e-03
1.804120000000000073e+04 1.546299127485209566e-03
1.804450000000000000e+04 1.551832523653341343e-03
1.804779999999999927e+04 1.570059607579324477e-03
1.805109999999999854e+04 1.579833701832504111e-03
1.805440000000000146e+04 1.577863167230272911e-03
1.805770000000000073e+04 1.575722486706358262e-03
1.806100000000000000e+04 1.587680781260976653e-03
1.806429999999999927e+04 1.600038351664957595e-03
1.806750000000000000e+04 1.607633506558185828e-03
1.807079999999999927e+04 1.605528988195063702e-03
1.807409999999999854e+04 1.600655445797823876e-03
1.807740000000000146e+04 1.604680766310129323e-03
1.808070000000000073e+04 1.611086929497083974e-03
1.808400000000000000e+04 1.619538090786562957e-03
1.808729999999999927e+04 1.625812778820225676e-03
1.809059999999999854e+04 1.618703082897359315e-03
1.809390000000000146e+04 1.617924735206455579e-03
1.809720000000000073e+04 1.612975231824478667e-03
1.810050000000000000e+04 1.608413158052041233e-03
1.810379999999999927e+04 1.594471505051548626e-03
1.810709999999999854e+04 1.588644504397751381e-03
1.811040000000000146e+04 1.581319247395853020e-03
1.811370000000000073e+04 1.579083635095002202e-03
1.811700000000000000e+04 1.577222337346862770e-03
1.812029999999999927e+04 1.574920123788386278e-03
1.812359999999999854e+04 1.576797931548268436e-03
1.812690000000000146e+04 1.576980242481730186e-03
1.813009999999999854e+04 1.568409184950320676e-03
1.813340000000000146e+04 1.562404470734771351e-03
1.813670000000000073e+04 1.569310419223913806e-03
1.814000000000000000e+04 1.578627150658495860e-03
1.814329999999999927e+04 1.572369114864652188e-03
1.814659999999999854e+04 1.569383665970854784e-03
1.814990000000000146e+04 1.566752566945344436e-03
1.815320000000000073e+04 1.560199197092079163e-03
1.815650000000000000e+04 1.557180234462601700e-03
1.815979999999999927e+04 1.545853846973548181e-03
1.816309999999999854e+04 1.538550671335292119e-03
1.816640000000000146e+04 1.536932777530478555e-03
1.816970000000000073e+04 1.534706315733351187e-03
1.817300000000000000e+04 1.518242705500893108e-03
1.817629999999999927e+04 1.512383196512662219e-03
1.817959999999999854e+04 1.514409113957942889e-03
1.818290000000000146e+04 1.540213291768882838e-03
1.818620000000000073e+04 1.541254620529961981e-03
1.818950000000000000e+04 1.526828834082690108e-03
1.819279999999999927e+04 1.522403119069160428e-03
1.819600000000000000e+04 1.518358171906675344e-03
1.819929999999999927e+04 1.519879462394298653e-03
1.820259999999999854e+04 1.523347404932798429e-03
1.820590000000000146e+04 1.521108984966824213e-03
1.820920000000000073e+04 1.520022188667830487e-03
1.821250000000000000e+04 1.509530189455764474e-03
1.821579999999999927e+04 1.505865477782271540e-03
1.821909999999999854e+04 1.506055048298259990e-03
1.822240000000000146e+04 1.521281194677266474e-03
1.822570000000000073e+04 1.525747926100329927e-03
1.822900000000000000e+04 1.538590771186220622e-03
1.823229999999999927e+04 1.554196653040919827e-03
1.823559999999999854e+04 1.575135979058922770e-03
1.823890000000000146e+04 1.584343445373047029e-03
1.824220000000000073e+04 1.600419569280858625e-03
1.824550000000000000e+04 1.627467950464902592e-03
1.824879999999999927e+04 1.634098081751758419e-03
1.825209999999999854e+04 1.634958342065920235e-03
1.825540000000000146e+04 1.657882271868683444e-03
1.825859999999999854e+04 1.678027462664581897e-03
1.826190000000000146e+04 1.705846946789133433e-03
1.826520000000000073e+04 1.727335551594850289e-03
1.826850000000000000e+04 1.760251976069101632e-03
1.827179999999999927e+04 1.789143567120653157e-03
1.827509999999999854e+04 1.827482794980981717e-03
1.827840000000000146e+04 1.873105863946794656e-03
1.828170000000000073e+04 1.907982495926036906e-03
1.828500000000000000e+04 1.935155995757172715e-03
1.828829999999999927e+04 1.960296012528393948e-03
1.829159999999999854e+04 1.988049674689454024e-03
1.829490000000000146e+04 2.017475814877362546e-03
1.829820000000000073e+04 2.046846968415737961e-03
1.830150000000000000e+04 2.076090025536585486e-03
1.830479999999999927e+04 2.114364756180027536e-03
1.830809999999999854e+04 2.144989689748408920e-03
1.831140000000000146e+04 2.167502831002217963e-03
1.831470000000000073e+04 2.193093711594453193e-03
1.831800000000000000e+04 2.216794124460907088e-03
1.832129999999999927e+04 2.245087200540353631e-03
1.832450000000000000e+04 2.270059540710698924e-03
1.832779999999999927e+04 2.295763633492651709e-03
1.833109999999999854e+04 2.316190947980902200e-03
1.833440000000000146e+04 2.349456137081675638e-03
1.833770000000000073e+04 2.388419412943963011e-03
1.834100000000000000e+04 2.427249849539972037e-03
1.834429999999999927e+04 2.459036657906356511e-03
1.834759999999999854e+04 2.457015963979876719e-03
1.835090000000000146e+04 2.476993284095494775e-03
1.835420000000000073e+04 2.507825427102974500e-03
1.835750000000000000e+04 2.537546095912846574e-03
1.836079999999999927e+04 2.572887433352943204e-03
1.836409999999999854e+04 2.612419621143378858e-03
1.836740000000000146e+04 2.643638821635097003e-03
1.837070000000000073e+04 2.671440975701994212e-03
1.837400000000000000e+04 2.713157525290375762e-03
1.837729999999999927e+04 2.750587392719974680e-03
1.838059999999999854e+04 2.782335836410438235e-03
1.838390000000000146e+04 2.821201408381406126e-03
1.838709999999999854e+04 2.838064267625786934e-03
1.839040000000000146e+04 2.860943841348872856e-03
1.839370000000000073e+04 2.883874453079895463e-03
1.839700000000000000e+04 2.906317315925826140e-03
1.840029999999999927e+04 2.930641069341775699e-03
1.840359999999999854e+04 2.965286286142548595e-03
1.840690000000000146e+04 2.989101252999010715e-03
1.841020000000000073e+04 2.995376434639559701e-03
1.841350000000000000e+04 3.029987917483574836e-03
1.841679999999999927e+04 3.067876824212897782e-03
1.842009999999999854e+04 3.095827016709652105e-03
1.842340000000000146e+04 3.118086671591652030e-03
1.842670000000000073e+04 3.134242314486949260e-03
1.843000000000000000e+04 3.157823150520846361e-03
1.843329999999999927e+04 3.175940134599475155e-03
1.843659999999999854e+04 3.199117936291103696e-03
1.843990000000000146e+04 3.215355956396550099e-03
1.844320000000000073e+04 3.233869817561281154e-03
1.844650000000000000e+04 3.253723718953727747e-03
1.844979999999999927e+04 3.280112675952296698e-03
1.845300000000000000e+04 3.299530991719411190e-03
1.845629999999999927e+04 3.325073797105533059e-03
1.845959999999999854e+04 3.332170114890248107e-03
1.846290000000000146e+04 3.357900048601800136e-03
1.846620000000000073e+04 3.358593086542736948e-03
1.846950000000000000e+04 3.361535418667049510e-03
1.847279999999999927e+04 3.378903891875933724e-03
1.847609999999999854e+04 3.389437224243352972e-03
1.847940000000000146e+04 3.405953841865102562e-03
1.848270000000000073e+04 3.418495427735202419e-03
1.848600000000000000e+04 3.437296063376313153e-03
1.848929999999999927e+04 3.454289360835952408e-03
1.849259999999999854e+04 3.485575733115368630e-03
1.849590000000000146e+04 3.514744272816878665e-03
1.849920000000000073e+04 3.555073488577390958e-03
1.850250000000000000e+04 3.589413055236207600e-03
1.850579999999999927e+04 3.626083093529509221e-03
1.850909999999999854e+04 3.672418538571981927e-03
1.851240000000000146e+04 3.713817452308300522e-03
1.851570000000000073e+04 3.736207280029569915e-03
1.851890000000000146e+04 3.776784382228521447e-03
1.852220000000000073e+04 3.831602646223159544e-03
1.852550000000000000e+04 3.881280548625026458e-03
1.852879999999999927e+04 3.934383171683693801e-03
1.853209999999999854e+04 3.991495138145961102e-03
1.853540000000000146e+04 4.048371431887075843e-03
1.853870000000000073e+04 4.095681484337276336e-03
1.854200000000000000e+04 4.153939950867672516e-03
1.854529999999999927e+04 4.222812483774878931e-03
1.854859999999999854e+04 4.271964775509809638e-03
1.855190000000000146e+04 4.348092023638043362e-03
1.855520000000000073e+04 4.408665348309259019e-03
1.855850000000000000e+04 4.476527841315069804e-03
1.856179999999999927e+04 4.541389256672811320e-03
1.856509999999999854e+04 4.605733765812936378e-03
1.856840000000000146e+04 4.674440784819388489e-03
1.857170000000000073e+04 4.724092645986910713e-03
1.857500000000000000e+04 4.806334094074922111e-03
1.857829999999999927e+04 4.898829195037429293e-03
1.858150000000000000e+04 4.979470217108422983e-03
1.858479999999999927e+04 5.051471603419359704e-03
1.858809999999999854e+04 5.110912727620343758e-03
1.859140000000000146e+04 5.172816091935756970e-03
1.859470000000000073e+04 5.267662667710885926e-03
1.859800000000000000e+04 5.362986860659287904e-03
1.860129999999999927e+04 5.425712492936478164e-03
1.860459999999999854e+04 5.539559234558318404e-03
1.860790000000000146e+04 5.626808174672603274e-03
1.861120000000000073e+04 5.743711394476888089e-03
1.861450000000000000e+04 5.889694918775504467e-03
1.861779999999999927e+04 5.996399445091173466e-03
1.862109999999999854e+04 6.080220335003597674e-03
1.862440000000000146e+04 6.195486831129740600e-03
1.862770000000000073e+04 6.312594684909541773e-03
1.863100000000000000e+04 6.464686594274560855e-03
1.863429999999999927e+04 6.607038675829302217e-03
1.863759999999999854e+04 6.712864018233463161e-03
1.864090000000000146e+04 6.862758069878307186e-03
1.864420000000000073e+04 7.066894081634985010e-03
1.864740000000000146e+04 7.220265194868275178e-03
1.865070000000000073e+04 7.349391782902418499e-03
1.865400000000000000e+04 7.478344366208537070e-03
1.865729999999999927e+04 7.594087664818716804e-03
1.866059999999999854e+04 7.711963799361893149e-03
1.866390000000000146e+04 7.858808304684643947e-03
1.866720000000000073e+04 7.992321455776770639e-03
1.867050000000000000e+04 8.113782720731557707e-03
1.867379999999999927e+04 8.252607907389627323e-03
1.867709999999999854e+04 8.425300696372390458e-03
1.868040000000000146e+04 8.644136140826050654e-03
1.868370000000000073e+04 8.900323159864484412e-03
1.868700000000000000e+04 9.124475735852614899e-03
1.869029999999999927e+04 9.275497999161606485e-03
1.869359999999999854e+04 9.536451136258429495e-03
1.869690000000000146e+04 9.747169673648321125e-03
1.870020000000000073e+04 9.821397014519410787e-03
1.870350000000000000e+04 9.891511913843794440e-03
1.870679999999999927e+04 1.004134763843420042e-02
1.871000000000000000e+04 1.033504611597332173e-02
1.871329999999999927e+04 1.048758673018072157e-02
1.871659999999999854e+04 1.058768245873989607e-02
1.871990000000000146e+04 1.072299156743970229e-02
1.872320000000000073e+04 1.083641710039525211e-02
1.872650000000000000e+04 1.097083924281596831e-02
1.872979999999999927e+04 1.105406938016904698e-02
1.873309999999999854e+04 1.117215162110747617e-02
1.873640000000000146e+04 1.129145976897007360e-02
1.873970000000000073e+04 1.142054726360644361e-02
1.874300000000000000e+04 1.145993178679616253e-02
1.874629999999999927e+04 1.155485780752712674e-02
1.874959999999999854e+04 1.161668945512563111e-02
1.875290000000000146e+04 1.170736834713982655e-02
1.875620000000000073e+04 1.181618927582359958e-02
1.875950000000000000e+04 1.195216901498585838e-02
1.876279999999999927e+04 1.207753088208283511e-02
1.876609999999999854e+04 1.221459119161985574e-02
1.876940000000000146e+04 1.226590410103886239e-02
1.877270000000000073e+04 1.239657512177597294e-02
1.877590000000000146e+04 1.256862289626614268e-02
1.877920000000000073e+04 1.261395980324201208e-02
1.878250000000000000e+04 1.278757938406739104e-02
1.878579999999999927e+04 1.297584386215387860e-02
1.878909999999999854e+04 1.319017581552186201e-02
1.879240000000000146e+04 1.340331678627616589e-02
1.879570000000000073e+04 1.362069671408461941e-02
1.879900000000000000e+04 1.385730069674675699e-02
1.880229999999999927e+04 1.413283660611245815e-02
1.880559999999999854e+04 1.438082616242776501e-02
1.880890000000000146e+04 1.457232092792064629e-02
1.881220000000000073e+04 1.480346985339246052e-02
1.881550000000000000e+04 1.507819946711581177e-02
1.881879999999999927e+04 1.536739246100328471e-02
1.882209999999999854e+04 1.564465774497150394e-02
1.882540000000000146e+04 1.595106813654182873e-02
1.882870000000000073e+04 1.621300776178935185e-02
1.883200000000000000e+04 1.646866705215653884e-02
1.883529999999999927e+04 1.676016571410663195e-02
1.883859999999999854e+04 1.702908852140445212e-02
1.884179999999999927e+04 1.727101252196811335e-02
1.884509999999999854e+04 1.751058111446680832e-02
1.884840000000000146e+04 1.769645664361038997e-02
1.885170000000000073e+04 1.790311449249448739e-02
1.885500000000000000e+04 1.819791891586896790e-02
1.885829999999999927e+04 1.837415778573941311e-02
1.886159999999999854e+04 1.858055521712168728e-02
1.886490000000000146e+04 1.895066772333839009e-02
1.886820000000000073e+04 1.933643244212513920e-02
1.887150000000000000e+04 1.964451826271331608e-02
1.887479999999999927e+04 1.979366176932860835e-02
1.887809999999999854e+04 2.009680809882356464e-02
1.888140000000000146e+04 2.045590217655374882e-02
1.888470000000000073e+04 2.078862271924692556e-02
1.888800000000000000e+04 2.111704942319659467e-02
1.889129999999999927e+04 2.143302462934595920e-02
1.889459999999999854e+04 2.181171815364299493e-02
1.889790000000000146e+04 2.217337686383543532e-02
1.890120000000000073e+04 2.253603577077803108e-02
1.890440000000000146e+04 2.286807558474268989e-02
1.890770000000000073e+04 2.328907131684213733e-02
1.891100000000000000e+04 2.367416982129602609e-02
1.891429999999999927e+04 2.409344631390428204e-02
1.891759999999999854e+04 2.449786579654632257e-02
1.892090000000000146e+04 2.489750322601637714e-02
1.892420000000000073e+04 2.526236145744479439e-02
1.892750000000000000e+04 2.561564103604049847e-02
1.893079999999999927e+04 2.599989206617039569e-02
1.893409999999999854e+04 2.640424613690529887e-02
1.893740000000000146e+04 2.676234539355453260e-02
1.894070000000000073e+04 2.704380946082012710e-02
1.894400000000000000e+04 2.741006295750899810e-02
1.894729999999999927e+04 2.770601863125755904e-02
1.895059999999999854e+04 2.800298895835252877e-02
1.895390000000000146e+04 2.830348426088519567e-02
1.895720000000000073e+04 2.854891382285757243e-02
1.896050000000000000e+04 2.881510445322697442e-02
1.896379999999999927e+04 2.905270021011221657e-02
1.896709999999999854e+04 2.928347253623228216e-02
1.897029999999999927e+04 2.947073384866617449e-02
1.897359999999999854e+04 2.966184117901897802e-02
1.897690000000000146e+04 2.989803359976353492e-02
1.898020000000000073e+04 3.008878390908922146e-02
1.898350000000000000e+04 3.028568627636528399e-02
1.898679999999999927e+04 3.050489561142216005e-02
1.899009999999999854e+04 3.068645806556886610e-02
1.899340000000000146e+04 3.087109371758557305e-02
1.899670000000000073e+04 3.104132616569677677e-02
1.900000000000000000e+04 3.121398335040244040e-02
1.900329999999999927e+04 3.136377652090728552e-02
1.900659999999999854e+04 3.154306366113371340e-02
1.900990000000000146e+04 3.166205978876194399e-02
1.901320000000000073e+04 3.177304841765218879e-02
1.901650000000000000e+04 3.187897489472652640e-02
1.901979999999999927e+04 3.199633613517893771e-02
1.902309999999999854e+04 3.211771836072000591e-02
1.902640000000000146e+04 3.226051595051545456e-02
1.902970000000000073e+04 3.233964917153979435e-02
1.903290000000000146e+04 3.241325820418530096e-02
1.903620000000000073e+04 3.246894149714896205e-02
1.903950000000000000e+04 3.252408313444026672e-02
1.904279999999999927e+04 3.259181276717677128e-02
1.904609999999999854e+04 3.261999996012162478e-02
1.904940000000000146e+04 3.267084896026929697e-02
1.905270000000000073e+04 3.273707464186723787e-02
1.905600000000000000e+04 3.279222815685451514e-02
1.905929999999999927e+04 3.282931282517984745e-02
1.906259999999999854e+04 3.283931761036752717e-02
1.906590000000000146e+04 3.285111064602245362e-02
1.906920000000000073e+04 3.285151013284668547e-02
1.907250000000000000e+04 3.281287575588109906e-02
1.907579999999999927e+04 3.277046647849111288e-02
1.907909999999999854e+04 3.273536635573268128e-02
1.908240000000000146e+04 3.272328832297395629e-02
1.908570000000000073e+04 3.268277509392567698e-02
1.908900000000000000e+04 3.262442069135143563e-02
1.909229999999999927e+04 3.254102969551741359e-02
1.909559999999999854e+04 3.246139723449735504e-02
1.909879999999999927e+04 3.240608242995666327e-02
1.910209999999999854e+04 3.231043385033546128e-02
1.910540000000000146e+04 3.224712940556963281e-02
1.910870000000000073e+04 3.217933435191671493e-02
1.911200000000000000e+04 3.209644266076885910e-02
1.911529999999999927e+04 3.201009184966041587e-02
1.911859999999999854e+04 3.183979475275930393e-02
1.912190000000000146e+04 3.170993157096514692e-02
1.912520000000000073e+04 3.153936086069625971e-02
1.912850000000000000e+04 3.136222449385132893e-02
1.913179999999999927e+04 3.121806001482859902e-02
1.913509999999999854e+04 3.108224729542458792e-02
1.913840000000000146e+04 3.091984456411147469e-02
1.914170000000000073e+04 3.071123850375852282e-02
1.914500000000000000e+04 3.053232638228457752e-02
1.914829999999999927e+04 3.032018988240627044e-02
1.915159999999999854e+04 3.011384185863516874e-02
1.915490000000000146e+04 2.991275677734628324e-02
1.915820000000000073e+04 2.969629815751862259e-02
1.916140000000000146e+04 2.951158850951019277e-02
1.916470000000000073e+04 2.928950152298254173e-02
1.916800000000000000e+04 2.907980860031364467e-02
1.917129999999999927e+04 2.882383215839423238e-02
1.917459999999999854e+04 2.859202774446683096e-02
1.917790000000000146e+04 2.838075265924991375e-02
1.918120000000000073e+04 2.817375919381722923e-02
1.918450000000000000e+04 2.790951188004747729e-02
1.918779999999999927e+04 2.763989741264268746e-02
1.919109999999999854e+04 2.737596199457435070e-02
1.919440000000000146e+04 2.713641464715889698e-02
1.919770000000000073e+04 2.687386820394635847e-02
1.920100000000000000e+04 2.661574552660079043e-02
1.920429999999999927e+04 2.635967568800759789e-02
1.920759999999999854e+04 2.608680022697625056e-02
1.921090000000000146e+04 2.583554231698389006e-02
1.921420000000000073e+04 2.555714113199418491e-02
1.921750000000000000e+04 2.526052302080791095e-02
1.922079999999999927e+04 2.498060171514342523e-02
1.922409999999999854e+04 2.469639318324841695e-02
1.922729999999999927e+04 2.439529150635084617e-02
1.923059999999999854e+04 2.409726027545159091e-02
1.923390000000000146e+04 2.380429807452597718e-02
1.923720000000000073e+04 2.353051130495871501e-02
1.924050000000000000e+04 2.323510227717765983e-02
1.924379999999999927e+04 2.294167506537271931e-02
1.924709999999999854e+04 2.263098774996067514e-02
1.925040000000000146e+04 2.231376505261050552e-02
1.925370000000000073e+04 2.198214497531773490e-02
1.925700000000000000e+04 2.170803356805114590e-02
1.926029999999999927e+04 2.139549219706221930e-02
1.926359999999999854e+04 2.105974357320064896e-02
1.926690000000000146e+04 2.074736924542333952e-02
1.927020000000000073e+04 2.042348922376158171e-02
1.927350000000000000e+04 2.010674207802040994e-02
1.927679999999999927e+04 1.977522869710796743e-02
1.928009999999999854e+04 1.943891559063649910e-02
1.928340000000000146e+04 1.914071919346737108e-02
1.928670000000000073e+04 1.882675236115629105e-02
1.929000000000000000e+04 1.850580319775955648e-02
1.929320000000000073e+04 1.819749044121184850e-02
1.929650000000000000e+04 1.787078852270022195e-02
1.929979999999999927e+04 1.756103179252359314e-02
1.930309999999999854e+04 1.726193826950472160e-02
1.930640000000000146e+04 1.697192571755825816e-02
1.930970000000000073e+04 1.668233570239780264e-02
1.931300000000000000e+04 1.638905350542875505e-02
1.931629999999999927e+04 1.607088252748770443e-02
1.931959999999999854e+04 1.575869602668998962e-02
1.932290000000000146e+04 1.544303461204847398e-02
1.932620000000000073e+04 1.512027471043309902e-02
1.932950000000000000e+04 1.480919200992129349e-02
1.933279999999999927e+04 1.450863891958565147e-02
1.933609999999999854e+04 1.422962610907943862e-02
1.933940000000000146e+04 1.394582052209378427e-02
1.934270000000000073e+04 1.364422178632643777e-02
1.934600000000000000e+04 1.333164358186841002e-02
1.934929999999999927e+04 1.303545571712676036e-02
1.935259999999999854e+04 1.274117786655106811e-02
1.935579999999999927e+04 1.243867980792215736e-02
1.935909999999999854e+04 1.214137007746359659e-02
1.936240000000000146e+04 1.185374272936894763e-02
1.936570000000000073e+04 1.157224538176141598e-02
1.936900000000000000e+04 1.128804312240831373e-02
1.937229999999999927e+04 1.101014043126859535e-02
1.937559999999999854e+04 1.072067412961334731e-02
1.937890000000000146e+04 1.044204928872348968e-02
1.938220000000000073e+04 1.016778793443912261e-02
1.938550000000000000e+04 9.873533381341144735e-03
1.938879999999999927e+04 9.586860708979813225e-03
1.939209999999999854e+04 9.319813262631997455e-03
1.939540000000000146e+04 9.054621217798231383e-03
1.939870000000000073e+04 8.791453479189007339e-03
1.940200000000000000e+04 8.522258655670359589e-03
1.940529999999999927e+04 8.275874810979534299e-03
1.940859999999999854e+04 8.029961080193288164e-03
1.941190000000000146e+04 7.769628279958589942e-03
1.941520000000000073e+04 7.525525510654994775e-03
1.941850000000000000e+04 7.277735980446212519e-03
1.942170000000000073e+04 7.019106594414186058e-03
1.942500000000000000e+04 6.760219181564092357e-03
1.942829999999999927e+04 6.519435547763816584e-03
1.943159999999999854e+04 6.282751560763148203e-03
1.943490000000000146e+04 6.029418589210873598e-03
1.943820000000000073e+04 5.784260692948334399e-03
1.944150000000000000e+04 5.553521112305084134e-03
1.944479999999999927e+04 5.331988956055972416e-03
1.944809999999999854e+04 5.107354162367724014e-03
1.945140000000000146e+04 4.886884834712498966e-03
1.945470000000000073e+04 4.677710272405337724e-03
1.945800000000000000e+04 4.463660333629482918e-03
1.946129999999999927e+04 4.229222655733930192e-03
1.946459999999999854e+04 3.999898913743600744e-03
1.946790000000000146e+04 3.773506595280458429e-03
1.947120000000000073e+04 3.550337888748653428e-03
1.947450000000000000e+04 3.316640982312421982e-03
1.947779999999999927e+04 3.097108821179148010e-03
1.948109999999999854e+04 2.885754647725894545e-03
1.948429999999999927e+04 2.678657576740017376e-03
1.948759999999999854e+04 2.480164562076302582e-03
1.949090000000000146e+04 2.292962559594725110e-03
1.949420000000000073e+04 2.085158870671852474e-03
1.949750000000000000e+04 1.884468275706215057e-03
1.950079999999999927e+04 1.674786829618360928e-03
1.950409999999999854e+04 1.483641380158991262e-03
1.950740000000000146e+04 1.297471702632924627e-03
1.951070000000000073e+04 1.107486333176386627e-03
1.951400000000000000e+04 9.355364059503120441e-04
1.951729999999999927e+04 7.448400986746206431e-04
1.952059999999999854e+04 5.461299532375468550e-04
1.952390000000000146e+04 3.615829186369397328e-04
1.952720000000000073e+04 1.896718413598161887e-04
1.953050000000000000e+04 2.291910302288450296e-05
1.953379999999999927e+04 -1.467168781147069206e-04
1.953709999999999854e+04 -3.339383240496479957e-04
1.954040000000000146e+04 -4.968445092187221768e-04
1.954370000000000073e+04 -6.528703663202921901e-04
1.954700000000000000e+04 -8.099283080948326474e-04
1.955020000000000073e+04 -9.610666570382143123e-04
1.955350000000000000e+04 -1.097534688194260095e-03
1.955679999999999927e+04 -1.234512555629637895e-03
1.956009999999999854e+04 -1.357319636498133123e-03
1.956340000000000146e+04 -1.510041763964164226e-03
1.956670000000000073e+04 -1.644799453366664914e-03
1.957000000000000000e+04 -1.777167413713553936e-03
1.957329999999999927e+04 -1.918173959656207161e-03
1.957659999999999854e+04 -2.041786352194091027e-03
1.957990000000000146e+04 -2.162956453059398758e-03
1.958320000000000073e+04 -2.300336190370241320e-03
1.958650000000000000e+04 -2.456371999682677946e-03
1.958979999999999927e+04 -2.539191583688511257e-03
1.959309999999999854e+04 -2.638214156319416883e-03
1.959640000000000146e+04 -2.748678120525690181e-03
1.959970000000000073e+04 -2.849002011842763533e-03
1.960300000000000000e+04 -2.951673277034452380e-03
1.960629999999999927e+04 -3.068602128026535689e-03
1.960959999999999854e+04 -3.189488199733594986e-03
1.961290000000000146e+04 -3.308437475478684647e-03
1.961609999999999854e+04 -3.407409126201958304e-03
1.961940000000000146e+04 -3.498493098843889326e-03
1.962270000000000073e+04 -3.593282632856288801e-03
1.962600000000000000e+04 -3.676638962984000135e-03
1.962929999999999927e+04 -3.766963168037588093e-03
1.963259999999999854e+04 -3.846433378261680889e-03
1.963590000000000146e+04 -3.907709830813128025e-03
1.963920000000000073e+04 -4.010802279572661840e-03
1.964250000000000000e+04 -4.070568930483789948e-03
1.964579999999999927e+04 -4.168682931035768389e-03
1.964909999999999854e+04 -4.272720884342584222e-03
1.965240000000000146e+04 -4.381935747173310199e-03
1.965570000000000073e+04 -4.484379883245868080e-03
1.965900000000000000e+04 -4.564263843567634843e-03
1.966229999999999927e+04 -4.621164430157714657e-03
1.966559999999999854e+04 -4.690696635419645127e-03
1.966890000000000146e+04 -4.781555521291637294e-03
1.967220000000000073e+04 -4.882224770446575574e-03
1.967550000000000000e+04 -4.967751314482233074e-03
1.967870000000000073e+04 -5.054198009692990531e-03
1.968200000000000000e+04 -5.078062128676043285e-03
1.968529999999999927e+04 -5.111048269208644940e-03
1.968859999999999854e+04 -5.141472689887186670e-03
1.969190000000000146e+04 -5.184717384993492960e-03
1.969520000000000073e+04 -5.253196733056012500e-03
1.969850000000000000e+04 -5.299969584431286213e-03
1.970179999999999927e+04 -5.323700063633929509e-03
1.970509999999999854e+04 -5.403539088706858437e-03
1.970840000000000146e+04 -5.489968154542337712e-03
1.971170000000000073e+04 -5.578413801791445685e-03
1.971500000000000000e+04 -5.648447878693253592e-03
1.971829999999999927e+04 -5.747354111726061220e-03
1.972159999999999854e+04 -5.778656560811463311e-03
1.972490000000000146e+04 -5.829825344651171602e-03
1.972820000000000073e+04 -5.896862578755583499e-03
1.973150000000000000e+04 -5.962312439061461661e-03
1.973479999999999927e+04 -6.027043047211614983e-03
1.973809999999999854e+04 -6.091612896255937243e-03
1.974140000000000146e+04 -6.153772742505146838e-03
1.974459999999999854e+04 -6.232635147570472593e-03
1.974790000000000146e+04 -6.267337743596793076e-03
1.975120000000000073e+04 -6.260874010337928904e-03
1.975450000000000000e+04 -6.304821086960608369e-03
1.975779999999999927e+04 -6.339315768764922261e-03
1.976109999999999854e+04 -6.379545472520275866e-03
1.976440000000000146e+04 -6.434084394636989390e-03
1.976770000000000073e+04 -6.505283985500581040e-03
1.977100000000000000e+04 -6.562231910547083012e-03
1.977429999999999927e+04 -6.612852818997530177e-03
1.977759999999999854e+04 -6.668431067481835929e-03
1.978090000000000146e+04 -6.731563275476217661e-03
1.978420000000000073e+04 -6.804793412825257438e-03
1.978750000000000000e+04 -6.825029176854682626e-03
1.979079999999999927e+04 -6.872108395197010569e-03
1.979409999999999854e+04 -6.890491443972430324e-03
1.979740000000000146e+04 -6.915061362936018169e-03
1.980070000000000073e+04 -6.995123519884004562e-03
1.980400000000000000e+04 -7.034975787970762159e-03
1.980720000000000073e+04 -7.068831387747770770e-03
1.981050000000000000e+04 -7.058807479706891673e-03
1.981379999999999927e+04 -7.046863968073716240e-03
1.981709999999999854e+04 -7.088992137740760327e-03
1.982040000000000146e+04 -7.082476705970391397e-03
1.982370000000000073e+04 -7.075095250733296100e-03
1.982700000000000000e+04 -7.117571302196970193e-03
1.983029999999999927e+04 -7.107617646992027763e-03
1.983359999999999854e+04 -7.085032072532340165e-03
1.983690000000000146e+04 -7.058836498875200455e-03
1.984020000000000073e+04 -7.028670233818348247e-03
1.984350000000000000e+04 -7.022164919832538273e-03
1.984679999999999927e+04 -7.052078788864997450e-03
1.985009999999999854e+04 -7.067206777909867087e-03
1.985340000000000146e+04 -7.091122396232344728e-03
1.985670000000000073e+04 -7.124472522574856401e-03
1.986000000000000000e+04 -7.130168975647087522e-03
1.986329999999999927e+04 -7.164646039184410266e-03
1.986659999999999854e+04 -7.195236853460645725e-03
1.986990000000000146e+04 -7.188457461470450054e-03
1.987309999999999854e+04 -7.161163756876524032e-03
1.987640000000000146e+04 -7.136051316847861342e-03
1.987970000000000073e+04 -7.148067910707977049e-03
1.988300000000000000e+04 -7.102202334999222974e-03
1.988629999999999927e+04 -7.170290310309863913e-03
1.988959999999999854e+04 -7.231386349276137764e-03
1.989290000000000146e+04 -7.234932881713507236e-03
1.989620000000000073e+04 -7.219135914676863552e-03
1.989950000000000000e+04 -7.201064211475183795e-03
1.990279999999999927e+04 -7.180459737401645968e-03
1.990609999999999854e+04 -7.171073987041637690e-03
1.990940000000000146e+04 -7.152805507006480996e-03
1.991270000000000073e+04 -7.185553191567178692e-03
1.991600000000000000e+04 -7.202893577292168205e-03
1.991929999999999927e+04 -7.210817714107066456e-03
1.992259999999999854e+04 -7.225422177715637786e-03
1.992590000000000146e+04 -7.242289558840184042e-03
