1.716800000000000000e+04 4.359657195152736599e-04
1.717129999999999927e+04 4.365865813093414670e-04
1.717459999999999854e+04 4.418893857684516309e-04
1.717790000000000146e+04 4.475349646805861469e-04
1.718120000000000073e+04 4.537991585403210724e-04
1.718450000000000000e+04 4.603629577957066461e-04
1.718779999999999927e+04 4.679311930048569860e-04
1.719109999999999854e+04 4.671384274750589572e-04
1.719440000000000146e+04 4.641529794846358252e-04
1.719770000000000073e+04 4.764873352369126589e-04
1.720100000000000000e+04 4.900565364954239311e-04
1.720429999999999927e+04 4.916889246364891186e-04
1.720759999999999854e+04 4.906926707850144858e-04
1.721090000000000146e+04 4.865409363115614193e-04
1.721420000000000073e+04 4.898472596853597648e-04
1.721750000000000000e+04 4.855544141116920607e-04
1.722079999999999927e+04 4.775135099167786084e-04
1.722409999999999854e+04 4.753121786701908712e-04
1.722729999999999927e+04 4.804057914281631230e-04
1.723059999999999854e+04 4.869962427921865401e-04
1.723390000000000146e+04 4.851594089032398079e-04
1.723720000000000073e+04 4.834575586424846101e-04
1.724050000000000000e+04 4.861714477213438632e-04
1.724379999999999927e+04 4.805655005546415905e-04
1.724709999999999854e+04 4.957053092818272926e-04
1.725040000000000146e+04 4.970396491909749668e-04
1.725370000000000073e+04 4.941207996444254560e-04
1.725700000000000000e+04 4.936158685513842258e-04
1.726029999999999927e+04 4.938705292496536371e-04
1.726359999999999854e+04 4.785927768180365605e-04
1.726690000000000146e+04 4.755767257996465274e-04
1.727020000000000073e+04 4.798523048590928441e-04
1.727350000000000000e+04 4.919556607549386944e-04
1.727679999999999927e+04 4.960766737255851121e-04
1.728009999999999854e+04 4.964592518215025455e-04
1.728340000000000146e+04 4.989093032487927929e-04
1.728670000000000073e+04 4.965111269793386550e-04
1.729000000000000000e+04 5.050528412287870169e-04
1.729320000000000073e+04 5.132121717798681943e-04
1.729650000000000000e+04 5.177527175631933386e-04
1.729979999999999927e+04 5.059488728936970903e-04
1.730309999999999854e+04 5.065505955468921091e-04
1.730640000000000146e+04 5.084655998409914847e-04
1.730970000000000073e+04 5.129450229317282419e-04
1.731300000000000000e+04 5.148522404944934567e-04
1.731629999999999927e+04 5.131577376505705966e-04
1.731959999999999854e+04 5.187754090668108805e-04
1.732290000000000146e+04 5.184486570889237662e-04
1.732620000000000073e+04 5.364847475584265607e-04
1.732950000000000000e+04 5.337719953734657756e-04
1.733279999999999927e+04 5.489097101386025300e-04
1.733609999999999854e+04 5.532341753118399106e-04
1.733940000000000146e+04 5.438123949476970139e-04
1.734270000000000073e+04 5.410420107995055376e-04
1.734600000000000000e+04 5.408447274853474219e-04
1.734929999999999927e+04 5.406359363647548610e-04
1.735259999999999854e+04 5.403700774029688864e-04
1.735579999999999927e+04 5.446863146536556248e-04
1.735909999999999854e+04 5.492553247261633973e-04
1.736240000000000146e+04 5.480292337560260449e-04
1.736570000000000073e+04 5.476403217517614727e-04
1.736900000000000000e+04 5.539416338086270699e-04
1.737229999999999927e+04 5.551749098447589627e-04
1.737559999999999854e+04 5.544646476993590539e-04
1.737890000000000146e+04 5.507718638920605647e-04
1.738220000000000073e+04 5.545060678621389428e-04
1.738550000000000000e+04 5.517865545680008610e-04
1.738879999999999927e+04 5.421470886747129566e-04
1.739209999999999854e+04 5.434911194434661899e-04
1.739540000000000146e+04 5.450724430020351900e-04
1.739870000000000073e+04 5.452041065355288591e-04
1.740200000000000000e+04 5.449584430070557447e-04
1.740529999999999927e+04 5.419948856214701089e-04
1.740859999999999854e+04 5.432223238114799058e-04
1.741190000000000146e+04 5.388560332923459772e-04
1.741520000000000073e+04 5.321525656381702373e-04
1.741850000000000000e+04 5.324439992547865116e-04
1.742170000000000073e+04 5.278417776380754916e-04
1.742500000000000000e+04 5.406912741094705181e-04
1.742829999999999927e+04 5.454857009774858679e-04
1.743159999999999854e+04 5.516339927593037415e-04
1.743490000000000146e+04 5.561567661554557345e-04
1.743820000000000073e+04 5.584176517898604367e-04
1.744150000000000000e+04 5.570071755186843188e-04
1.744479999999999927e+04 5.650608333184239636e-04
1.744809999999999854e+04 5.633531713779226478e-04
1.745140000000000146e+04 5.707771173398247739e-04
1.745470000000000073e+04 5.638862771574671036e-04
1.745800000000000000e+04 5.644833226523413234e-04
1.746129999999999927e+04 5.674312792835659687e-04
1.746459999999999854e+04 5.691584540323564720e-04
1.746790000000000146e+04 5.739850530977553059e-04
1.747120000000000073e+04 5.739439759594982659e-04
1.747450000000000000e+04 5.740778913898527585e-04
1.747779999999999927e+04 5.687421461399263427e-04
1.748109999999999854e+04 5.744823869523834042e-04
1.748429999999999927e+04 5.714742954847419100e-04
1.748759999999999854e+04 5.698462400966961515e-04
1.749090000000000146e+04 5.693979620952716383e-04
1.749420000000000073e+04 5.699041709220854963e-04
1.749750000000000000e+04 5.676810542625488828e-04
1.750079999999999927e+04 5.666782694445011460e-04
1.750409999999999854e+04 5.654387902547651935e-04
1.750740000000000146e+04 5.685535399488083914e-04
1.751070000000000073e+04 5.667077158221054279e-04
1.751400000000000000e+04 5.660598456090995025e-04
1.751729999999999927e+04 5.640350784533276589e-04
1.752059999999999854e+04 5.594273561068818660e-04
1.752390000000000146e+04 5.634703594548628449e-04
1.752720000000000073e+04 5.679225496254914967e-04
1.753050000000000000e+04 5.721438969204086043e-04
1.753379999999999927e+04 5.676440060036250755e-04
1.753709999999999854e+04 5.603831587748509240e-04
1.754040000000000146e+04 5.567786448736144296e-04
1.754370000000000073e+04 5.529801511882694856e-04
1.754700000000000000e+04 5.570381891080497918e-04
1.755020000000000073e+04 5.593762325335346289e-04
1.755350000000000000e+04 5.709886290420589225e-04
1.755679999999999927e+04 5.715030345109341561e-04
1.756009999999999854e+04 5.697305393708957744e-04
1.756340000000000146e+04 5.696509383392187129e-04
1.756670000000000073e+04 5.693744862453312041e-04
1.757000000000000000e+04 5.671539011262386604e-04
1.757329999999999927e+04 5.617165955984061796e-04
1.757659999999999854e+04 5.576658328322890755e-04
1.757990000000000146e+04 5.621634995526766411e-04
1.758320000000000073e+04 5.595997581826436546e-04
1.758650000000000000e+04 5.611171930769971814e-04
1.758979999999999927e+04 5.571399620112617822e-04
1.759309999999999854e+04 5.570824875605627545e-04
1.759640000000000146e+04 5.606992103648997684e-04
1.759970000000000073e+04 5.607362605775901513e-04
1.760300000000000000e+04 5.601847279711412962e-04
1.760629999999999927e+04 5.647791469637386584e-04
1.760959999999999854e+04 5.592222115533980161e-04
1.761290000000000146e+04 5.552512596424440334e-04
1.761609999999999854e+04 5.530055076052582501e-04
1.761940000000000146e+04 5.550710412180326478e-04
1.762270000000000073e+04 5.566047571484214734e-04
1.762600000000000000e+04 5.616416046601494091e-04
1.762929999999999927e+04 5.672113495129243272e-04
1.763259999999999854e+04 5.665891767044883278e-04
1.763590000000000146e+04 5.664464937106053477e-04
1.763920000000000073e+04 5.737575711170627563e-04
1.764250000000000000e+04 5.787679321985753815e-04
1.764579999999999927e+04 5.778949559199613719e-04
1.764909999999999854e+04 5.821215411211039855e-04
1.765240000000000146e+04 5.902666285895439039e-04
1.765570000000000073e+04 5.904392772583669843e-04
1.765900000000000000e+04 5.912178459409824123e-04
1.766229999999999927e+04 5.929631255059539989e-04
1.766559999999999854e+04 5.949939956158577020e-04
1.766890000000000146e+04 6.020790970760402875e-04
1.767220000000000073e+04 6.029877894682438488e-04
1.767550000000000000e+04 6.050539812463875651e-04
1.767870000000000073e+04 6.099229750556114937e-04
1.768200000000000000e+04 6.133026914339963524e-04
1.768529999999999927e+04 6.165282239329410684e-04
1.768859999999999854e+04 6.152253332836407629e-04
1.769190000000000146e+04 6.165369757000098211e-04
1.769520000000000073e+04 6.123832213401618919e-04
1.769850000000000000e+04 6.161216588737390611e-04
1.770179999999999927e+04 6.209008254881031880e-04
1.770509999999999854e+04 6.243307208121126693e-04
1.770840000000000146e+04 6.362691899138159723e-04
1.771170000000000073e+04 6.383061471660618318e-04
1.771500000000000000e+04 6.449162776684589076e-04
1.771829999999999927e+04 6.393724922445084228e-04
1.772159999999999854e+04 6.380294580896527174e-04
1.772490000000000146e+04 6.403291218334989385e-04
1.772820000000000073e+04 6.333636935038298435e-04
1.773150000000000000e+04 6.337413381549229568e-04
1.773479999999999927e+04 6.376176693735909973e-04
1.773809999999999854e+04 6.419140315125231077e-04
1.774140000000000146e+04 6.435496046727247474e-04
1.774459999999999854e+04 6.486631638139216897e-04
1.774790000000000146e+04 6.586231355738517319e-04
1.775120000000000073e+04 6.659517658035498267e-04
1.775450000000000000e+04 6.680766506684505208e-04
1.775779999999999927e+04 6.696574314571206166e-04
1.776109999999999854e+04 6.712136091741273056e-04
1.776440000000000146e+04 6.680674854394602754e-04
1.776770000000000073e+04 6.674006954035243289e-04
1.777100000000000000e+04 6.632443634601456689e-04
1.777429999999999927e+04 6.633577066889944848e-04
1.777759999999999854e+04 6.720082038428566371e-04
1.778090000000000146e+04 6.754448052467798254e-04
1.778420000000000073e+04 6.804677965408577160e-04
1.778750000000000000e+04 6.859923698097225185e-04
1.779079999999999927e+04 6.810722899231875767e-04
1.779409999999999854e+04 6.844534683621976727e-04
1.779740000000000146e+04 6.858968114760783568e-04
1.780070000000000073e+04 6.871070933681554986e-04
1.780400000000000000e+04 6.827844199042210679e-04
1.780720000000000073e+04 6.802255333446558883e-04
1.781050000000000000e+04 6.858231581785397208e-04
1.781379999999999927e+04 6.957792372295673643e-04
1.781709999999999854e+04 6.911313074125578597e-04
1.782040000000000146e+04 6.874715585931599456e-04
1.782370000000000073e+04 6.846585201370552695e-04
1.782700000000000000e+04 6.862037896655461986e-04
1.783029999999999927e+04 6.860758915119884388e-04
1.783359999999999854e+04 6.852391548185848488e-04
1.783690000000000146e+04 6.875620208724750413e-04
1.784020000000000073e+04 6.890203598032948375e-04
1.784350000000000000e+04 6.895939997656368777e-04
1.784679999999999927e+04 6.959359825036163984e-04
1.785009999999999854e+04 6.963994906041457399e-04
1.785340000000000146e+04 6.928134606851303655e-04
1.785670000000000073e+04 6.953933232223285556e-04
1.786000000000000000e+04 6.982346131741412869e-04
1.786329999999999927e+04 6.956502205571969862e-04
1.786659999999999854e+04 6.977848715716686908e-04
1.786990000000000146e+04 7.013440162570943161e-04
1.787309999999999854e+04 7.011862092516042352e-04
1.787640000000000146e+04 7.023964861069897187e-04
1.787970000000000073e+04 7.022186111190403595e-04
1.788300000000000000e+04 7.057126921254967215e-04
1.788629999999999927e+04 7.060233170204453356e-04
1.788959999999999854e+04 7.078356351285317732e-04
1.789290000000000146e+04 7.124012628634676311e-04
1.789620000000000073e+04 7.164787410252378011e-04
1.789950000000000000e+04 7.201365489392699262e-04
1.790279999999999927e+04 7.276629100013776510e-04
1.790609999999999854e+04 7.303685001804711627e-04
1.790940000000000146e+04 7.308991336814001745e-04
1.791270000000000073e+04 7.224119495126582295e-04
1.791600000000000000e+04 7.215734192461501504e-04
1.791929999999999927e+04 7.220044501187616480e-04
1.792259999999999854e+04 7.234305309833450248e-04
1.792590000000000146e+04 7.209948575147441920e-04
1.792920000000000073e+04 7.241865407459206240e-04
1.793250000000000000e+04 7.284717570098134080e-04
1.793570000000000073e+04 7.303400431837801235e-04
1.793900000000000000e+04 7.375924109752294558e-04
1.794229999999999927e+04 7.349397725032309715e-04
1.794559999999999854e+04 7.343076287285083990e-04
1.794890000000000146e+04 7.285901534426449718e-04
1.795220000000000073e+04 7.239779933055862180e-04
1.795550000000000000e+04 7.237825847900685458e-04
1.795879999999999927e+04 7.248176488436423306e-04
1.796209999999999854e+04 7.196787246446563089e-04
1.796540000000000146e+04 7.196177499076489769e-04
1.796870000000000073e+04 7.190530531811824277e-04
1.797200000000000000e+04 7.229361322183250251e-04
1.797529999999999927e+04 7.239932618067866773e-04
1.797859999999999854e+04 7.168855949129187373e-04
1.798190000000000146e+04 7.179284404964378840e-04
1.798520000000000073e+04 7.160285956461200562e-04
1.798850000000000000e+04 7.147600006959087650e-04
1.799179999999999927e+04 7.077322059849194217e-04
1.799509999999999854e+04 7.093821352809250719e-04
1.799840000000000146e+04 7.116873552093377648e-04
1.800159999999999854e+04 7.095010467141366507e-04
1.800490000000000146e+04 7.117011019756179675e-04
1.800820000000000073e+04 7.067732524887771232e-04
1.801150000000000000e+04 6.945712922707617931e-04
1.801479999999999927e+04 6.887822910979904184e-04
1.801809999999999854e+04 6.909011465848130312e-04
1.802140000000000146e+04 6.821214446087061310e-04
1.802470000000000073e+04 6.728096149889336002e-04
1.802800000000000000e+04 6.697261548990844898e-04
1.803129999999999927e+04 6.665243328521217774e-04
1.803459999999999854e+04 6.591599091841338857e-04
1.803790000000000146e+04 6.531048060295996729e-04
1.804120000000000073e+04 6.500492800779296898e-04
1.804450000000000000e+04 6.425251728618129902e-04
1.804779999999999927e+04 6.447425140512406082e-04
1.805109999999999854e+04 6.449904849166681426e-04
1.805440000000000146e+04 6.455029538920125255e-04
1.805770000000000073e+04 6.435286047185887707e-04
1.806100000000000000e+04 6.359636032092073248e-04
1.806429999999999927e+04 6.295123476383398132e-04
1.806750000000000000e+04 6.301956832394689685e-04
1.807079999999999927e+04 6.259366116365025186e-04
1.807409999999999854e+04 6.201594010062274741e-04
1.807740000000000146e+04 6.174491375665880615e-04
1.808070000000000073e+04 6.099986856587613724e-04
1.808400000000000000e+04 6.019392584761957534e-04
1.808729999999999927e+04 5.978595732804375083e-04
1.809059999999999854e+04 5.972078609173275430e-04
1.809390000000000146e+04 5.883496656570992665e-04
1.809720000000000073e+04 5.807200658290598240e-04
1.810050000000000000e+04 5.733057113665487566e-04
1.810379999999999927e+04 5.540094753739338487e-04
1.810709999999999854e+04 5.427196073796431005e-04
1.811040000000000146e+04 5.239579575986207582e-04
1.811370000000000073e+04 5.172297384836865462e-04
1.811700000000000000e+04 5.159772204445937146e-04
1.812029999999999927e+04 5.176818739886834874e-04
1.812359999999999854e+04 5.088165726242073169e-04
1.812690000000000146e+04 5.078380730304773213e-04
1.813009999999999854e+04 5.048275931722904846e-04
1.813340000000000146e+04 4.996927682714084450e-04
1.813670000000000073e+04 4.946167588382778275e-04
1.814000000000000000e+04 4.878348464580982533e-04
1.814329999999999927e+04 4.739566263296292607e-04
1.814659999999999854e+04 4.616612967626263376e-04
1.814990000000000146e+04 4.532747599538438700e-04
1.815320000000000073e+04 4.476435546558216075e-04
1.815650000000000000e+04 4.530631562073485111e-04
1.815979999999999927e+04 4.430114112586725611e-04
1.816309999999999854e+04 4.366265128830958738e-04
1.816640000000000146e+04 4.269283937524979760e-04
1.816970000000000073e+04 4.145846575711788370e-04
1.817300000000000000e+04 4.102759775607396978e-04
1.817629999999999927e+04 4.038578270710410276e-04
1.817959999999999854e+04 4.034846323126646452e-04
1.818290000000000146e+04 4.079440476472077221e-04
1.818620000000000073e+04 4.011696155018564533e-04
1.818950000000000000e+04 4.045821872166646530e-04
1.819279999999999927e+04 3.997221730321074470e-04
1.819600000000000000e+04 3.936075900777388694e-04
1.819929999999999927e+04 3.835641926216021833e-04
1.820259999999999854e+04 3.760867910334762744e-04
1.820590000000000146e+04 3.648177847146437695e-04
1.820920000000000073e+04 3.645372861916876001e-04
1.821250000000000000e+04 3.543407301922816654e-04
1.821579999999999927e+04 3.468622355893012958e-04
1.821909999999999854e+04 3.361870620226503062e-04
1.822240000000000146e+04 3.357436896404398618e-04
1.822570000000000073e+04 3.266446479274710195e-04
1.822900000000000000e+04 3.215650406939773239e-04
1.823229999999999927e+04 3.156617957790074807e-04
1.823559999999999854e+04 3.094569178805504288e-04
1.823890000000000146e+04 2.984204732010329155e-04
1.824220000000000073e+04 2.976119865156105554e-04
1.824550000000000000e+04 3.002975093680272916e-04
1.824879999999999927e+04 2.966512045607285343e-04
1.825209999999999854e+04 2.939693805328283285e-04
1.825540000000000146e+04 2.980508369527208406e-04
1.825859999999999854e+04 2.989578686805047843e-04
1.826190000000000146e+04 3.056722848148716080e-04
1.826520000000000073e+04 3.062897716398539096e-04
1.826850000000000000e+04 3.099118397744316422e-04
1.827179999999999927e+04 3.064421752530983064e-04
1.827509999999999854e+04 3.159242224120584219e-04
1.827840000000000146e+04 3.194298869922764287e-04
1.828170000000000073e+04 3.070578740008741265e-04
1.828500000000000000e+04 2.962307420734591875e-04
1.828829999999999927e+04 2.920375273810936392e-04
1.829159999999999854e+04 2.918742156973377759e-04
1.829490000000000146e+04 2.951059256355552797e-04
1.829820000000000073e+04 2.897288380804657047e-04
1.830150000000000000e+04 2.953230509556439517e-04
1.830479999999999927e+04 2.998798919808186541e-04
1.830809999999999854e+04 3.039516834772189443e-04
1.831140000000000146e+04 3.068083319795551138e-04
1.831470000000000073e+04 3.106751271010952764e-04
1.831800000000000000e+04 3.171407238715973640e-04
1.832129999999999927e+04 3.183336728261422022e-04
1.832450000000000000e+04 3.218870640252780566e-04
1.832779999999999927e+04 3.194887048767567771e-04
1.833109999999999854e+04 3.227803116641157354e-04
1.833440000000000146e+04 3.313925184138204042e-04
1.833770000000000073e+04 3.436861369739873306e-04
1.834100000000000000e+04 3.533152293567002320e-04
1.834429999999999927e+04 3.504876275099324916e-04
1.834759999999999854e+04 3.361832658366535154e-04
1.835090000000000146e+04 3.447564658099343433e-04
1.835420000000000073e+04 3.516838179451178738e-04
1.835750000000000000e+04 3.573649323046130567e-04
1.836079999999999927e+04 3.618512259662865372e-04
1.836409999999999854e+04 3.713843387182523331e-04
1.836740000000000146e+04 3.746618038013461581e-04
1.837070000000000073e+04 3.761906412858026603e-04
1.837400000000000000e+04 3.804416083357829237e-04
1.837729999999999927e+04 3.884578159294595060e-04
1.838059999999999854e+04 3.899271403763240450e-04
1.838390000000000146e+04 3.936332800338850817e-04
1.838709999999999854e+04 3.852284362060800918e-04
1.839040000000000146e+04 3.977115178481723033e-04
1.839370000000000073e+04 4.030585287237060683e-04
1.839700000000000000e+04 3.993607164613155935e-04
1.840029999999999927e+04 4.046765921650896138e-04
1.840359999999999854e+04 4.232754853805045358e-04
1.840690000000000146e+04 4.310896927399929246e-04
1.841020000000000073e+04 4.369423796832104414e-04
1.841350000000000000e+04 4.449755783358309543e-04
1.841679999999999927e+04 4.499517756543712195e-04
1.842009999999999854e+04 4.578827369213505521e-04
1.842340000000000146e+04 4.739377380674721692e-04
1.842670000000000073e+04 4.814321682352250211e-04
1.843000000000000000e+04 5.007148815734913756e-04
1.843329999999999927e+04 5.159250491920441871e-04
1.843659999999999854e+04 5.386830931392211407e-04
1.843990000000000146e+04 5.599457113071574415e-04
1.844320000000000073e+04 5.796901438032392830e-04
1.844650000000000000e+04 6.010526842601652707e-04
1.844979999999999927e+04 6.181469736043277742e-04
1.845300000000000000e+04 6.394900448529176494e-04
1.845629999999999927e+04 6.539786129277109106e-04
1.845959999999999854e+04 6.604859559229103163e-04
1.846290000000000146e+04 6.918717416489186464e-04
1.846620000000000073e+04 6.953457962871970868e-04
1.846950000000000000e+04 7.086675511928942342e-04
1.847279999999999927e+04 7.393470473405867535e-04
1.847609999999999854e+04 7.559033767205925900e-04
1.847940000000000146e+04 7.701641230738639739e-04
1.848270000000000073e+04 7.840471862621098582e-04
1.848600000000000000e+04 7.905558884384826903e-04
1.848929999999999927e+04 8.049170468980045142e-04
1.849259999999999854e+04 8.201840563356958260e-04
1.849590000000000146e+04 8.360039322791392889e-04
1.849920000000000073e+04 8.605100369218007805e-04
1.850250000000000000e+04 8.769223246404623303e-04
1.850579999999999927e+04 9.104697571422630704e-04
1.850909999999999854e+04 9.480311726562227646e-04
1.851240000000000146e+04 9.770301889873290839e-04
1.851570000000000073e+04 9.987844598042621130e-04
1.851890000000000146e+04 1.016937261786672944e-03
1.852220000000000073e+04 1.045466992592979051e-03
1.852550000000000000e+04 1.083149390590670749e-03
1.852879999999999927e+04 1.124367086014716865e-03
1.853209999999999854e+04 1.168618258913409116e-03
1.853540000000000146e+04 1.211297394352760584e-03
1.853870000000000073e+04 1.263365773046393192e-03
1.854200000000000000e+04 1.316610845218823709e-03
1.854529999999999927e+04 1.387573057659666339e-03
1.854859999999999854e+04 1.434188723233851799e-03
1.855190000000000146e+04 1.500736873749312613e-03
1.855520000000000073e+04 1.561787437237774226e-03
1.855850000000000000e+04 1.628520363245273108e-03
1.856179999999999927e+04 1.699085321809040922e-03
1.856509999999999854e+04 1.756194852135135008e-03
1.856840000000000146e+04 1.824499416491967693e-03
1.857170000000000073e+04 1.879056744060908198e-03
1.857500000000000000e+04 1.941931131106101492e-03
1.857829999999999927e+04 2.024478324131062830e-03
1.858150000000000000e+04 2.090845586453362465e-03
1.858479999999999927e+04 2.145231064139424288e-03
1.858809999999999854e+04 2.205910905695751198e-03
1.859140000000000146e+04 2.282842269234587086e-03
1.859470000000000073e+04 2.346645748596780986e-03
1.859800000000000000e+04 2.418007678486836388e-03
1.860129999999999927e+04 2.480784972311767325e-03
1.860459999999999854e+04 2.556202116372866245e-03
1.860790000000000146e+04 2.631307283092063510e-03
1.861120000000000073e+04 2.730672243483897935e-03
1.861450000000000000e+04 2.852145604477092020e-03
1.861779999999999927e+04 2.941874967411191658e-03
1.862109999999999854e+04 3.027811238869601226e-03
1.862440000000000146e+04 3.125341338529479852e-03
1.862770000000000073e+04 3.212859884234098903e-03
1.863100000000000000e+04 3.340428465752975570e-03
1.863429999999999927e+04 3.440036176362622471e-03
1.863759999999999854e+04 3.541857228936607770e-03
1.864090000000000146e+04 3.658660670976183679e-03
1.864420000000000073e+04 3.832221587831306005e-03
1.864740000000000146e+04 3.958049926482376003e-03
1.865070000000000073e+04 4.090226285569238153e-03
1.865400000000000000e+04 4.246854740739353096e-03
1.865729999999999927e+04 4.391799752895514213e-03
1.866059999999999854e+04 4.546961487352911904e-03
1.866390000000000146e+04 4.683422282822439532e-03
1.866720000000000073e+04 4.829136233470200136e-03
1.867050000000000000e+04 4.957030785773607930e-03
1.867379999999999927e+04 5.099166957413435453e-03
1.867709999999999854e+04 5.265930346084090469e-03
1.868040000000000146e+04 5.462459949785394668e-03
1.868370000000000073e+04 5.718393441151682459e-03
1.868700000000000000e+04 5.976323664183161993e-03
1.869029999999999927e+04 6.199414145539816623e-03
1.869359999999999854e+04 6.510415746100325050e-03
1.869690000000000146e+04 6.796002244105656467e-03
1.870020000000000073e+04 6.941362787078806176e-03
1.870350000000000000e+04 7.073249321674517955e-03
1.870679999999999927e+04 7.295376301571792829e-03
1.871000000000000000e+04 7.620299467507393558e-03
1.871329999999999927e+04 7.858233201233575868e-03
1.871659999999999854e+04 8.041577171448651556e-03
1.871990000000000146e+04 8.244801419575904788e-03
1.872320000000000073e+04 8.430293997343522167e-03
1.872650000000000000e+04 8.650864704639235278e-03
1.872979999999999927e+04 8.819136282758630735e-03
1.873309999999999854e+04 9.017132548378414478e-03
1.873640000000000146e+04 9.215118426885576808e-03
1.873970000000000073e+04 9.450293386451352057e-03
1.874300000000000000e+04 9.553061455544863828e-03
1.874629999999999927e+04 9.749781849075043680e-03
1.874959999999999854e+04 9.867395558214753226e-03
1.875290000000000146e+04 9.982794727421008540e-03
1.875620000000000073e+04 1.009794380886078029e-02
1.875950000000000000e+04 1.029680748159002811e-02
1.876279999999999927e+04 1.048288507059261937e-02
1.876609999999999854e+04 1.065938703138393472e-02
1.876940000000000146e+04 1.079819842044590916e-02
1.877270000000000073e+04 1.098968247975377031e-02
1.877590000000000146e+04 1.123271386734413062e-02
1.877920000000000073e+04 1.134614715549833036e-02
1.878250000000000000e+04 1.156980187460134382e-02
1.878579999999999927e+04 1.180128232790276892e-02
1.878909999999999854e+04 1.207000553296255427e-02
1.879240000000000146e+04 1.235763699734779807e-02
1.879570000000000073e+04 1.265086266249467600e-02
1.879900000000000000e+04 1.298265985248545605e-02
1.880229999999999927e+04 1.332755330230655372e-02
1.880559999999999854e+04 1.367778385332638590e-02
1.880890000000000146e+04 1.396907605509965442e-02
1.881220000000000073e+04 1.429571374892100490e-02
1.881550000000000000e+04 1.465686971192645821e-02
1.881879999999999927e+04 1.499951076465667887e-02
1.882209999999999854e+04 1.534543771505036437e-02
1.882540000000000146e+04 1.569344512900242711e-02
1.882870000000000073e+04 1.606517776520362262e-02
1.883200000000000000e+04 1.641369031670606923e-02
1.883529999999999927e+04 1.678045829871779165e-02
1.883859999999999854e+04 1.714911811105013922e-02
1.884179999999999927e+04 1.750511887173432368e-02
1.884509999999999854e+04 1.786355247827466769e-02
1.884840000000000146e+04 1.816456166417407952e-02
1.885170000000000073e+04 1.846818849752994082e-02
1.885500000000000000e+04 1.879814279208624761e-02
1.885829999999999927e+04 1.904937228482188674e-02
1.886159999999999854e+04 1.930037620350351368e-02
1.886490000000000146e+04 1.972981781679070817e-02
1.886820000000000073e+04 2.016819313415722792e-02
1.887150000000000000e+04 2.052670977602488386e-02
1.887479999999999927e+04 2.075873779847050085e-02
1.887809999999999854e+04 2.110709400569337271e-02
1.888140000000000146e+04 2.150676445432813527e-02
1.888470000000000073e+04 2.189224590769850778e-02
1.888800000000000000e+04 2.227473234079023132e-02
1.889129999999999927e+04 2.263744052704974932e-02
1.889459999999999854e+04 2.307544875963522465e-02
1.889790000000000146e+04 2.348011900017984988e-02
1.890120000000000073e+04 2.389135922695052872e-02
1.890440000000000146e+04 2.425567142050074482e-02
1.890770000000000073e+04 2.476734250174431398e-02
1.891100000000000000e+04 2.519765018784133823e-02
1.891429999999999927e+04 2.570945979490880592e-02
1.891759999999999854e+04 2.621347834228080279e-02
1.892090000000000146e+04 2.672492787644232745e-02
1.892420000000000073e+04 2.719265404126922081e-02
1.892750000000000000e+04 2.764199542786571762e-02
1.893079999999999927e+04 2.813117850634830330e-02
1.893409999999999854e+04 2.861423782322411805e-02
1.893740000000000146e+04 2.906804648952533016e-02
1.894070000000000073e+04 2.944741831415096170e-02
1.894400000000000000e+04 2.991897305288661671e-02
1.894729999999999927e+04 3.031904207421847255e-02
1.895059999999999854e+04 3.071356160625994189e-02
1.895390000000000146e+04 3.111983284975937750e-02
1.895720000000000073e+04 3.146666701673929423e-02
1.896050000000000000e+04 3.182930684578568620e-02
1.896379999999999927e+04 3.216461790957542838e-02
1.896709999999999854e+04 3.247421524790581465e-02
1.897029999999999927e+04 3.273568518715569420e-02
1.897359999999999854e+04 3.300969905170263174e-02
1.897690000000000146e+04 3.332573643447027389e-02
1.898020000000000073e+04 3.357888018282368520e-02
1.898350000000000000e+04 3.384874546130173245e-02
1.898679999999999927e+04 3.413040036303329611e-02
1.899009999999999854e+04 3.440206741089586739e-02
1.899340000000000146e+04 3.466355452632782080e-02
1.899670000000000073e+04 3.489645373518353300e-02
1.900000000000000000e+04 3.516404109634949787e-02
1.900329999999999927e+04 3.537917769582370892e-02
1.900659999999999854e+04 3.561635406255071745e-02
1.900990000000000146e+04 3.580228426960555682e-02
1.901320000000000073e+04 3.597003696109368764e-02
1.901650000000000000e+04 3.613856890357883267e-02
1.901979999999999927e+04 3.633057779962174660e-02
1.902309999999999854e+04 3.652007282858107939e-02
1.902640000000000146e+04 3.672846025674431775e-02
1.902970000000000073e+04 3.685301571901373335e-02
1.903290000000000146e+04 3.697801168317672860e-02
1.903620000000000073e+04 3.708740707013048060e-02
1.903950000000000000e+04 3.720125617992563194e-02
1.904279999999999927e+04 3.733164142452990997e-02
1.904609999999999854e+04 3.743186870213873613e-02
1.904940000000000146e+04 3.753979800643747478e-02
1.905270000000000073e+04 3.766279957604658224e-02
1.905600000000000000e+04 3.774455407895074138e-02
1.905929999999999927e+04 3.782749188745883340e-02
1.906259999999999854e+04 3.788843721594770814e-02
1.906590000000000146e+04 3.795174892436301017e-02
1.906920000000000073e+04 3.800509962440164202e-02
1.907250000000000000e+04 3.800007275120959038e-02
1.907579999999999927e+04 3.801515528335375899e-02
1.907909999999999854e+04 3.802629989098521568e-02
1.908240000000000146e+04 3.805090818440727551e-02
1.908570000000000073e+04 3.804378104673834110e-02
1.908900000000000000e+04 3.802228528149741160e-02
1.909229999999999927e+04 3.798827907032297641e-02
1.909559999999999854e+04 3.795192106444379709e-02
1.909879999999999927e+04 3.794478372643284719e-02
1.910209999999999854e+04 3.787136680470289118e-02
1.910540000000000146e+04 3.784015374638020207e-02
1.910870000000000073e+04 3.780775615441561710e-02
1.911200000000000000e+04 3.775147838316597615e-02
1.911529999999999927e+04 3.770592689535557512e-02
1.911859999999999854e+04 3.754739749982076435e-02
1.912190000000000146e+04 3.743946657870371453e-02
1.912520000000000073e+04 3.727801064196625130e-02
1.912850000000000000e+04 3.710717318143121057e-02
1.913179999999999927e+04 3.697605485175067819e-02
1.913509999999999854e+04 3.685593557527899050e-02
1.913840000000000146e+04 3.670478503759426470e-02
1.914170000000000073e+04 3.650426787471523771e-02
1.914500000000000000e+04 3.634198595338416354e-02
1.914829999999999927e+04 3.613524234621802445e-02
1.915159999999999854e+04 3.595088529479840977e-02
1.915490000000000146e+04 3.575675311761647435e-02
1.915820000000000073e+04 3.554593595001163259e-02
1.916140000000000146e+04 3.538300174232589246e-02
1.916470000000000073e+04 3.515320602147190693e-02
1.916800000000000000e+04 3.494572116273057111e-02
1.917129999999999927e+04 3.469585664212555126e-02
1.917459999999999854e+04 3.445904545878910458e-02
1.917790000000000146e+04 3.424128265606634497e-02
1.918120000000000073e+04 3.402323235198297102e-02
1.918450000000000000e+04 3.375801598577916202e-02
1.918779999999999927e+04 3.348293869752261981e-02
1.919109999999999854e+04 3.321153755478994246e-02
1.919440000000000146e+04 3.297334566114533405e-02
1.919770000000000073e+04 3.271813250340236540e-02
1.920100000000000000e+04 3.246511096510706906e-02
1.920429999999999927e+04 3.220535486206527187e-02
1.920759999999999854e+04 3.190755733870363070e-02
1.921090000000000146e+04 3.163644026545440330e-02
1.921420000000000073e+04 3.133233626620265250e-02
1.921750000000000000e+04 3.101967002001509641e-02
1.922079999999999927e+04 3.072836178163991516e-02
1.922409999999999854e+04 3.042395842021510671e-02
1.922729999999999927e+04 3.010055762020262538e-02
1.923059999999999854e+04 2.977897093182777649e-02
1.923390000000000146e+04 2.946886025938954407e-02
1.923720000000000073e+04 2.917644926626043050e-02
1.924050000000000000e+04 2.884430841073500756e-02
1.924379999999999927e+04 2.851403563092765395e-02
1.924709999999999854e+04 2.818088519825516156e-02
1.925040000000000146e+04 2.784073287592899598e-02
1.925370000000000073e+04 2.747445886077093738e-02
1.925700000000000000e+04 2.716790934618673950e-02
1.926029999999999927e+04 2.682289760921722360e-02
1.926359999999999854e+04 2.645523373024995933e-02
1.926690000000000146e+04 2.614069262063274321e-02
1.927020000000000073e+04 2.578221610872291972e-02
1.927350000000000000e+04 2.544692800520864315e-02
1.927679999999999927e+04 2.511055476782963689e-02
1.928009999999999854e+04 2.474663644727859851e-02
1.928340000000000146e+04 2.442807257195701853e-02
1.928670000000000073e+04 2.407728532786632472e-02
1.929000000000000000e+04 2.373127880227430403e-02
1.929320000000000073e+04 2.340342865806518263e-02
1.929650000000000000e+04 2.305287519678834648e-02
1.929979999999999927e+04 2.270214278616411799e-02
1.930309999999999854e+04 2.237429827662705539e-02
1.930640000000000146e+04 2.205242273143738496e-02
1.930970000000000073e+04 2.172283152826635227e-02
1.931300000000000000e+04 2.141397965513583065e-02
1.931629999999999927e+04 2.106398151747666814e-02
1.931959999999999854e+04 2.071897390092691804e-02
1.932290000000000146e+04 2.036180035702559940e-02
1.932620000000000073e+04 2.000165020092520285e-02
1.932950000000000000e+04 1.964770825176800559e-02
1.933279999999999927e+04 1.930667612480254508e-02
1.933609999999999854e+04 1.899718135314025849e-02
1.933940000000000146e+04 1.868135788761084853e-02
1.934270000000000073e+04 1.835637331753109391e-02
1.934600000000000000e+04 1.801203923181479358e-02
1.934929999999999927e+04 1.767881386578500080e-02
1.935259999999999854e+04 1.734546213475553558e-02
1.935579999999999927e+04 1.702135566100945047e-02
1.935909999999999854e+04 1.668310340946460579e-02
1.936240000000000146e+04 1.635290771335104129e-02
1.936570000000000073e+04 1.602801803311333650e-02
1.936900000000000000e+04 1.571047062134921582e-02
1.937229999999999927e+04 1.540009735506281396e-02
1.937559999999999854e+04 1.507586538317038857e-02
1.937890000000000146e+04 1.477424469452824976e-02
1.938220000000000073e+04 1.446358835506174507e-02
1.938550000000000000e+04 1.414949889610279087e-02
1.938879999999999927e+04 1.383455815165413223e-02
1.939209999999999854e+04 1.353524516083942988e-02
1.939540000000000146e+04 1.323729925770165960e-02
1.939870000000000073e+04 1.293410090764122826e-02
1.940200000000000000e+04 1.263475216620207203e-02
1.940529999999999927e+04 1.235496222846776786e-02
1.940859999999999854e+04 1.207391251630841704e-02
1.941190000000000146e+04 1.178450922591323807e-02
1.941520000000000073e+04 1.150957286554843244e-02
1.941850000000000000e+04 1.123422582576836908e-02
1.942170000000000073e+04 1.092566880092919052e-02
1.942500000000000000e+04 1.063089372010321901e-02
1.942829999999999927e+04 1.035944873055160559e-02
1.943159999999999854e+04 1.008699808176790128e-02
1.943490000000000146e+04 9.808719132392470716e-03
1.943820000000000073e+04 9.507574424435715280e-03
1.944150000000000000e+04 9.216388156740213528e-03
1.944479999999999927e+04 8.951434953988304452e-03
1.944809999999999854e+04 8.685841230376177904e-03
1.945140000000000146e+04 8.430356829481133046e-03
1.945470000000000073e+04 8.179690632667322922e-03
1.945800000000000000e+04 7.918938803941453705e-03
1.946129999999999927e+04 7.651941425208290230e-03
1.946459999999999854e+04 7.398615329546494139e-03
1.946790000000000146e+04 7.133061344151093476e-03
1.947120000000000073e+04 6.879521276649684484e-03
1.947450000000000000e+04 6.617691124187236214e-03
1.947779999999999927e+04 6.363020729652771844e-03
1.948109999999999854e+04 6.123227752261598683e-03
1.948429999999999927e+04 5.880255520040033636e-03
1.948759999999999854e+04 5.656867552632641356e-03
1.949090000000000146e+04 5.432113147443288180e-03
1.949420000000000073e+04 5.210219843411481588e-03
1.949750000000000000e+04 4.984530099283297766e-03
1.950079999999999927e+04 4.735950800868008251e-03
1.950409999999999854e+04 4.505602178329371280e-03
1.950740000000000146e+04 4.273675830085363510e-03
1.951070000000000073e+04 4.044513827030768970e-03
1.951400000000000000e+04 3.822598270926980905e-03
1.951729999999999927e+04 3.605542900715557469e-03
1.952059999999999854e+04 3.365132843469946077e-03
1.952390000000000146e+04 3.150276154835925796e-03
1.952720000000000073e+04 2.942149942347302427e-03
1.953050000000000000e+04 2.729688305719679686e-03
1.953379999999999927e+04 2.522357023164016956e-03
1.953709999999999854e+04 2.311260064775090550e-03
1.954040000000000146e+04 2.113361966229251789e-03
1.954370000000000073e+04 1.917847698351208977e-03
1.954700000000000000e+04 1.722553902142463528e-03
1.955020000000000073e+04 1.517901180281673590e-03
1.955350000000000000e+04 1.337880850953815934e-03
1.955679999999999927e+04 1.155885898700886221e-03
1.956009999999999854e+04 9.798786710115111112e-04
1.956340000000000146e+04 8.056403915679049904e-04
1.956670000000000073e+04 6.347493448603140154e-04
1.957000000000000000e+04 4.698827250125992439e-04
1.957329999999999927e+04 3.008947415171640328e-04
1.957659999999999854e+04 1.354519994835508561e-04
1.957990000000000146e+04 -1.784140479508010275e-05
1.958320000000000073e+04 -1.762098230361274572e-04
1.958650000000000000e+04 -3.389961285284150616e-04
1.958979999999999927e+04 -4.759488887500247642e-04
1.959309999999999854e+04 -6.277052137185865511e-04
1.959640000000000146e+04 -7.747405738126740245e-04
1.959970000000000073e+04 -9.247590702260582995e-04
1.960300000000000000e+04 -1.072228217606956482e-03
1.960629999999999927e+04 -1.240928221829392828e-03
1.960959999999999854e+04 -1.393478622940274962e-03
1.961290000000000146e+04 -1.553359150624722580e-03
1.961609999999999854e+04 -1.717134353026294764e-03
1.961940000000000146e+04 -1.838272943971092435e-03
1.962270000000000073e+04 -1.996860634275562235e-03
1.962600000000000000e+04 -2.139152561473553048e-03
1.962929999999999927e+04 -2.260315811504497435e-03
1.963259999999999854e+04 -2.376139459129810328e-03
1.963590000000000146e+04 -2.473109998579186598e-03
1.963920000000000073e+04 -2.613794978760290710e-03
1.964250000000000000e+04 -2.731539960642531076e-03
1.964579999999999927e+04 -2.874925971282733892e-03
1.964909999999999854e+04 -3.036928086674847791e-03
1.965240000000000146e+04 -3.171864944860337474e-03
1.965570000000000073e+04 -3.324833495293993448e-03
1.965900000000000000e+04 -3.418427845592738115e-03
1.966229999999999927e+04 -3.493366029164905219e-03
1.966559999999999854e+04 -3.561931345977006978e-03
1.966890000000000146e+04 -3.660371896269868589e-03
1.967220000000000073e+04 -3.782989634673805321e-03
1.967550000000000000e+04 -3.873225141649566747e-03
1.967870000000000073e+04 -3.994578389406028621e-03
1.968200000000000000e+04 -4.069639926331617211e-03
1.968529999999999927e+04 -4.146553410946049630e-03
1.968859999999999854e+04 -4.215015135328131421e-03
1.969190000000000146e+04 -4.274106725963764536e-03
1.969520000000000073e+04 -4.353484035908548183e-03
1.969850000000000000e+04 -4.413735848115614424e-03
1.970179999999999927e+04 -4.475571710078578638e-03
1.970509999999999854e+04 -4.597550288886990445e-03
1.970840000000000146e+04 -4.731128646808158492e-03
1.971170000000000073e+04 -4.831391781510445751e-03
1.971500000000000000e+04 -4.872302639475809341e-03
1.971829999999999927e+04 -4.981533937026492651e-03
1.972159999999999854e+04 -5.018161925406268258e-03
1.972490000000000146e+04 -5.052264317240516729e-03
1.972820000000000073e+04 -5.155410624732179210e-03
1.973150000000000000e+04 -5.278875717207730418e-03
1.973479999999999927e+04 -5.386695730698220184e-03
1.973809999999999854e+04 -5.489991824314419296e-03
1.974140000000000146e+04 -5.600886152335333816e-03
1.974459999999999854e+04 -5.728173286164724327e-03
1.974790000000000146e+04 -5.779748210590975564e-03
1.975120000000000073e+04 -5.811505293884821656e-03
1.975450000000000000e+04 -5.868729058062262943e-03
1.975779999999999927e+04 -5.907643981105020758e-03
1.976109999999999854e+04 -6.000809727699497192e-03
1.976440000000000146e+04 -6.081864223983554120e-03
1.976770000000000073e+04 -6.171015575538951747e-03
1.977100000000000000e+04 -6.238121870329601040e-03
1.977429999999999927e+04 -6.276793832405392140e-03
1.977759999999999854e+04 -6.338580581082902191e-03
1.978090000000000146e+04 -6.384576501700742895e-03
1.978420000000000073e+04 -6.480773462464596568e-03
1.978750000000000000e+04 -6.505408801811073116e-03
1.979079999999999927e+04 -6.605334562181132407e-03
1.979409999999999854e+04 -6.636356695334687771e-03
1.979740000000000146e+04 -6.676029645193356198e-03
1.980070000000000073e+04 -6.746097217564365339e-03
1.980400000000000000e+04 -6.762700806489176618e-03
1.980720000000000073e+04 -6.803857732640433524e-03
1.981050000000000000e+04 -6.795587448439961015e-03
1.981379999999999927e+04 -6.756183149846363423e-03
1.981709999999999854e+04 -6.811935217680495022e-03
1.982040000000000146e+04 -6.806013539625195737e-03
1.982370000000000073e+04 -6.837838611496059246e-03
1.982700000000000000e+04 -6.887569801093392646e-03
1.983029999999999927e+04 -6.941968398404568634e-03
1.983359999999999854e+04 -6.959254952329477217e-03
1.983690000000000146e+04 -6.976061049395137700e-03
1.984020000000000073e+04 -6.976578664244294757e-03
1.984350000000000000e+04 -7.002876599652736213e-03
1.984679999999999927e+04 -7.024967563426167717e-03
1.985009999999999854e+04 -7.068263526557114727e-03
1.985340000000000146e+04 -7.119427963011014035e-03
1.985670000000000073e+04 -7.197394754384754505e-03
1.986000000000000000e+04 -7.255012125048136695e-03
1.986329999999999927e+04 -7.345749987895624188e-03
1.986659999999999854e+04 -7.348018112557360565e-03
1.986990000000000146e+04 -7.307572739287581699e-03
1.987309999999999854e+04 -7.272949939252319924e-03
1.987640000000000146e+04 -7.289785741655617143e-03
1.987970000000000073e+04 -7.361994748622770722e-03
1.988300000000000000e+04 -7.353753739100196175e-03
1.988629999999999927e+04 -7.432298938304252381e-03
1.988959999999999854e+04 -7.530085728461556431e-03
1.989290000000000146e+04 -7.511994727252281102e-03
1.989620000000000073e+04 -7.464827785899720569e-03
1.989950000000000000e+04 -7.419808044522408289e-03
1.990279999999999927e+04 -7.403107641624163439e-03
1.990609999999999854e+04 -7.400986440753090298e-03
1.990940000000000146e+04 -7.352073870540889143e-03
1.991270000000000073e+04 -7.378527459825067955e-03
1.991600000000000000e+04 -7.391994427285937357e-03
1.991929999999999927e+04 -7.426887752742483001e-03
1.992259999999999854e+04 -7.436890881161131728e-03
1.992590000000000146e+04 -7.423999436824978669e-03
