1.716800000000000000e+04 4.125833897443774000e-04
1.717129999999999927e+04 4.196975510904511764e-04
1.717459999999999854e+04 4.287678442839904674e-04
1.717790000000000146e+04 4.299189366166363533e-04
1.718120000000000073e+04 4.467473110364136358e-04
1.718450000000000000e+04 4.578270385017115906e-04
1.718779999999999927e+04 4.561276919780101217e-04
1.719109999999999854e+04 4.417408173170093012e-04
1.719440000000000146e+04 4.307211302534733836e-04
1.719770000000000073e+04 4.347669570718021314e-04
1.720100000000000000e+04 4.410436596499670947e-04
1.720429999999999927e+04 4.314835242522703680e-04
1.720759999999999854e+04 4.422394256802212481e-04
1.721090000000000146e+04 4.516063933188972125e-04
1.721420000000000073e+04 4.628053748222749411e-04
1.721750000000000000e+04 4.735535487561974219e-04
1.722079999999999927e+04 4.659846238392390720e-04
1.722409999999999854e+04 4.801996037618617963e-04
1.722729999999999927e+04 4.921505303860353392e-04
1.723059999999999854e+04 4.874359809866280141e-04
1.723390000000000146e+04 4.918053682832091572e-04
1.723720000000000073e+04 5.046199257067167810e-04
1.724050000000000000e+04 5.104467066618338785e-04
1.724379999999999927e+04 5.124877869262496957e-04
1.724709999999999854e+04 5.274680593787480247e-04
1.725040000000000146e+04 5.280378133625402695e-04
1.725370000000000073e+04 5.415722843197210172e-04
1.725700000000000000e+04 5.463602502283675067e-04
1.726029999999999927e+04 5.592203087509391244e-04
1.726359999999999854e+04 5.748986637192312786e-04
1.726690000000000146e+04 5.746461780188398495e-04
1.727020000000000073e+04 5.747797187655458682e-04
1.727350000000000000e+04 5.831526598805519780e-04
1.727679999999999927e+04 5.877677612565748114e-04
1.728009999999999854e+04 5.973199221906744282e-04
1.728340000000000146e+04 6.001617391418414714e-04
1.728670000000000073e+04 6.175081620368509617e-04
1.729000000000000000e+04 6.249866499062274768e-04
1.729320000000000073e+04 6.227252146981983186e-04
1.729650000000000000e+04 6.234161205334073745e-04
1.729979999999999927e+04 6.329924355658403130e-04
1.730309999999999854e+04 6.445120152711744871e-04
1.730640000000000146e+04 6.471065698667090998e-04
1.730970000000000073e+04 6.481472951025939047e-04
1.731300000000000000e+04 6.538513206474110733e-04
1.731629999999999927e+04 6.695135232278929226e-04
1.731959999999999854e+04 6.803019715256116047e-04
1.732290000000000146e+04 6.923193701139225250e-04
1.732620000000000073e+04 6.942484391432856032e-04
1.732950000000000000e+04 7.115006507911878679e-04
1.733279999999999927e+04 7.104856622415681817e-04
1.733609999999999854e+04 7.032731148628897349e-04
1.733940000000000146e+04 7.088597004976689283e-04
1.734270000000000073e+04 7.063114679758827029e-04
1.734600000000000000e+04 6.976667036951135709e-04
1.734929999999999927e+04 7.072190142412103494e-04
1.735259999999999854e+04 7.051253691029881051e-04
1.735579999999999927e+04 7.090486863665753292e-04
1.735909999999999854e+04 7.106428744320860292e-04
1.736240000000000146e+04 7.199553196248985841e-04
1.736570000000000073e+04 7.149087497786163568e-04
1.736900000000000000e+04 7.256813704093167646e-04
1.737229999999999927e+04 7.261273613524297718e-04
1.737559999999999854e+04 7.310779408370138809e-04
1.737890000000000146e+04 7.338413190992433902e-04
1.738220000000000073e+04 7.373932619866292552e-04
1.738550000000000000e+04 7.395942143438012737e-04
1.738879999999999927e+04 7.278931439061700395e-04
1.739209999999999854e+04 7.274756330273229399e-04
1.739540000000000146e+04 7.325222387136814083e-04
1.739870000000000073e+04 7.156694075827336717e-04
1.740200000000000000e+04 7.014785639016016911e-04
1.740529999999999927e+04 6.936012717538862825e-04
1.740859999999999854e+04 6.862173549301919329e-04
1.741190000000000146e+04 6.750380086288678945e-04
1.741520000000000073e+04 6.734978216171188560e-04
1.741850000000000000e+04 6.822314563406844728e-04
1.742170000000000073e+04 6.883042109050422795e-04
1.742500000000000000e+04 6.949160978329053636e-04
1.742829999999999927e+04 6.956878264041519875e-04
1.743159999999999854e+04 7.012877526526616404e-04
1.743490000000000146e+04 7.003798958266468011e-04
1.743820000000000073e+04 7.061665476663582693e-04
1.744150000000000000e+04 7.063854644022505083e-04
1.744479999999999927e+04 7.203994297185705538e-04
1.744809999999999854e+04 7.291728914400245985e-04
1.745140000000000146e+04 7.317992910960396252e-04
1.745470000000000073e+04 7.269131514608553977e-04
1.745800000000000000e+04 7.238324521474521741e-04
1.746129999999999927e+04 7.235478744088100645e-04
1.746459999999999854e+04 7.247461747072103579e-04
1.746790000000000146e+04 7.262679882308127784e-04
1.747120000000000073e+04 7.279196977419788266e-04
1.747450000000000000e+04 7.312261247016255128e-04
1.747779999999999927e+04 7.320165915074949414e-04
1.748109999999999854e+04 7.240445398396547173e-04
1.748429999999999927e+04 7.201251529800247603e-04
1.748759999999999854e+04 7.205698292071600810e-04
1.749090000000000146e+04 7.156291225672099235e-04
1.749420000000000073e+04 7.114964239279504077e-04
1.749750000000000000e+04 7.129836735679467939e-04
1.750079999999999927e+04 7.132539613572759681e-04
1.750409999999999854e+04 7.148027773671004372e-04
1.750740000000000146e+04 7.179314410089601391e-04
1.751070000000000073e+04 7.182077329917263466e-04
1.751400000000000000e+04 7.070666891717522278e-04
1.751729999999999927e+04 7.147047863927505395e-04
1.752059999999999854e+04 7.187422649952451186e-04
1.752390000000000146e+04 7.225667631924926086e-04
1.752720000000000073e+04 7.176800647314162448e-04
1.753050000000000000e+04 7.128228696360866664e-04
1.753379999999999927e+04 7.143184845724720195e-04
1.753709999999999854e+04 7.240754937795657606e-04
1.754040000000000146e+04 7.267274364911102203e-04
1.754370000000000073e+04 7.302048170582642848e-04
1.754700000000000000e+04 7.307051148960980657e-04
1.755020000000000073e+04 7.342400540558712604e-04
1.755350000000000000e+04 7.434551710219140406e-04
1.755679999999999927e+04 7.401083834081555483e-04
1.756009999999999854e+04 7.390141659321618596e-04
1.756340000000000146e+04 7.447742796360697472e-04
1.756670000000000073e+04 7.562454696188214854e-04
1.757000000000000000e+04 7.611086740183311975e-04
1.757329999999999927e+04 7.753712791188487616e-04
1.757659999999999854e+04 7.830880474841685418e-04
1.757990000000000146e+04 7.867832186663157321e-04
1.758320000000000073e+04 7.801783980743058015e-04
1.758650000000000000e+04 7.798554229012479629e-04
1.758979999999999927e+04 7.762056109008114635e-04
1.759309999999999854e+04 7.876965260208210326e-04
1.759640000000000146e+04 7.853042875588663822e-04
1.759970000000000073e+04 7.837935642167857819e-04
1.760300000000000000e+04 7.830171381599770582e-04
1.760629999999999927e+04 7.852678911386106863e-04
1.760959999999999854e+04 7.853667631812990971e-04
1.761290000000000146e+04 7.857076669815492732e-04
1.761609999999999854e+04 7.892665551642084974e-04
1.761940000000000146e+04 7.972999484471528578e-04
1.762270000000000073e+04 8.097407478574689685e-04
1.762600000000000000e+04 8.174345813024737339e-04
1.762929999999999927e+04 8.188584638989339142e-04
1.763259999999999854e+04 8.214229923440081104e-04
1.763590000000000146e+04 8.179678430237155703e-04
1.763920000000000073e+04 8.174422127974006157e-04
1.764250000000000000e+04 8.217147350825093751e-04
1.764579999999999927e+04 8.242037535543205286e-04
1.764909999999999854e+04 8.278979843909071859e-04
1.765240000000000146e+04 8.374270202430591451e-04
1.765570000000000073e+04 8.488874335615551395e-04
1.765900000000000000e+04 8.589349501053800042e-04
1.766229999999999927e+04 8.652416154720665329e-04
1.766559999999999854e+04 8.736242040003347822e-04
1.766890000000000146e+04 8.848143326411354913e-04
1.767220000000000073e+04 8.956076806381298204e-04
1.767550000000000000e+04 9.017979924179881463e-04
1.767870000000000073e+04 9.158468593775093668e-04
1.768200000000000000e+04 9.147692074631016664e-04
1.768529999999999927e+04 9.170149038281696008e-04
1.768859999999999854e+04 9.275137688268460809e-04
1.769190000000000146e+04 9.332425783397709645e-04
1.769520000000000073e+04 9.391926730247051290e-04
1.769850000000000000e+04 9.366781754456248582e-04
1.770179999999999927e+04 9.310411917603511611e-04
1.770509999999999854e+04 9.310592717919278626e-04
1.770840000000000146e+04 9.280192956473907713e-04
1.771170000000000073e+04 9.338963244079448748e-04
1.771500000000000000e+04 9.407605357884636296e-04
1.771829999999999927e+04 9.398695188397696194e-04
1.772159999999999854e+04 9.404082436399802602e-04
1.772490000000000146e+04 9.387625564356826815e-04
1.772820000000000073e+04 9.399756605143849524e-04
1.773150000000000000e+04 9.458942905184056314e-04
1.773479999999999927e+04 9.496445716734389780e-04
1.773809999999999854e+04 9.462368280064433965e-04
1.774140000000000146e+04 9.517242589997347828e-04
1.774459999999999854e+04 9.558550975422090397e-04
1.774790000000000146e+04 9.635043753899956822e-04
1.775120000000000073e+04 9.677877922553268899e-04
1.775450000000000000e+04 9.764193490180175751e-04
1.775779999999999927e+04 9.720148053532191119e-04
1.776109999999999854e+04 9.819433976965201254e-04
1.776440000000000146e+04 9.955549095153049238e-04
1.776770000000000073e+04 9.985827171669031492e-04
1.777100000000000000e+04 1.003343266567643466e-03
1.777429999999999927e+04 1.005779690103618396e-03
1.777759999999999854e+04 1.005858830273666975e-03
1.778090000000000146e+04 1.008924562058203167e-03
1.778420000000000073e+04 1.014014365454991070e-03
1.778750000000000000e+04 1.017393679536176144e-03
1.779079999999999927e+04 1.017479134419084757e-03
1.779409999999999854e+04 1.013517366262426007e-03
1.779740000000000146e+04 1.021533933736670265e-03
1.780070000000000073e+04 1.030881151368622265e-03
1.780400000000000000e+04 1.038046173810666098e-03
1.780720000000000073e+04 1.045493122499922952e-03
1.781050000000000000e+04 1.050680241416615014e-03
1.781379999999999927e+04 1.059888430588946375e-03
1.781709999999999854e+04 1.054267015028202432e-03
1.782040000000000146e+04 1.052090349802615142e-03
1.782370000000000073e+04 1.053032112277647869e-03
1.782700000000000000e+04 1.057812335763577520e-03
1.783029999999999927e+04 1.064134385841431722e-03
1.783359999999999854e+04 1.066214477663129327e-03
1.783690000000000146e+04 1.070723953112105937e-03
1.784020000000000073e+04 1.073884171771580676e-03
1.784350000000000000e+04 1.078041158268347498e-03
1.784679999999999927e+04 1.085426299188512519e-03
1.785009999999999854e+04 1.089887265483902110e-03
1.785340000000000146e+04 1.086713792768507526e-03
1.785670000000000073e+04 1.089888992251342517e-03
1.786000000000000000e+04 1.097678398947107056e-03
1.786329999999999927e+04 1.107074387176549060e-03
1.786659999999999854e+04 1.112651979647108318e-03
1.786990000000000146e+04 1.115373808952641217e-03
1.787309999999999854e+04 1.126596237406462435e-03
1.787640000000000146e+04 1.123722224964695052e-03
1.787970000000000073e+04 1.128735948590279961e-03
1.788300000000000000e+04 1.133548939059411892e-03
1.788629999999999927e+04 1.141456502828072910e-03
1.788959999999999854e+04 1.147853916025506861e-03
1.789290000000000146e+04 1.159522545572338895e-03
1.789620000000000073e+04 1.160455567307832562e-03
1.789950000000000000e+04 1.165984148393841386e-03
1.790279999999999927e+04 1.180414253397628040e-03
1.790609999999999854e+04 1.178040256494318179e-03
1.790940000000000146e+04 1.187461979020045487e-03
1.791270000000000073e+04 1.188472738381866380e-03
1.791600000000000000e+04 1.195546057295491507e-03
1.791929999999999927e+04 1.196997585178095859e-03
1.792259999999999854e+04 1.192733208530901388e-03
1.792590000000000146e+04 1.189145797654012028e-03
1.792920000000000073e+04 1.187076031594748102e-03
1.793250000000000000e+04 1.190189919082411006e-03
1.793570000000000073e+04 1.194687405858100432e-03
1.793900000000000000e+04 1.198707680267716317e-03
1.794229999999999927e+04 1.208634820011926514e-03
1.794559999999999854e+04 1.216352865148107856e-03
1.794890000000000146e+04 1.224336300806185647e-03
1.795220000000000073e+04 1.227080240132595633e-03
1.795550000000000000e+04 1.233347637113949144e-03
1.795879999999999927e+04 1.245755718738415004e-03
1.796209999999999854e+04 1.252508947887291061e-03
1.796540000000000146e+04 1.266744468589639733e-03
1.796870000000000073e+04 1.272941919041300834e-03
1.797200000000000000e+04 1.274218705934688231e-03
1.797529999999999927e+04 1.275830713422282988e-03
1.797859999999999854e+04 1.280822867134089179e-03
1.798190000000000146e+04 1.293132548762718215e-03
1.798520000000000073e+04 1.301027576562871187e-03
1.798850000000000000e+04 1.302115150782658234e-03
1.799179999999999927e+04 1.302694026625063339e-03
1.799509999999999854e+04 1.312746236186865473e-03
1.799840000000000146e+04 1.314669858471368292e-03
1.800159999999999854e+04 1.306429167386119515e-03
1.800490000000000146e+04 1.310054284791885336e-03
1.800820000000000073e+04 1.307291483989706741e-03
1.801150000000000000e+04 1.316040756949168151e-03
1.801479999999999927e+04 1.315022928772329770e-03
1.801809999999999854e+04 1.322562508281046592e-03
1.802140000000000146e+04 1.330852438721794560e-03
1.802470000000000073e+04 1.330781622971074964e-03
1.802800000000000000e+04 1.332267544526976721e-03
1.803129999999999927e+04 1.335463417692893569e-03
1.803459999999999854e+04 1.337469020462367245e-03
1.803790000000000146e+04 1.336389232876137971e-03
1.804120000000000073e+04 1.348277467527905218e-03
1.804450000000000000e+04 1.337399200405345280e-03
1.804779999999999927e+04 1.348993873615219816e-03
1.805109999999999854e+04 1.352293179335107166e-03
1.805440000000000146e+04 1.359775763283933153e-03
1.805770000000000073e+04 1.357676336958720843e-03
1.806100000000000000e+04 1.363729377670445421e-03
1.806429999999999927e+04 1.363925551983179857e-03
1.806750000000000000e+04 1.350798002180788162e-03
1.807079999999999927e+04 1.348835414567114846e-03
1.807409999999999854e+04 1.333408597846150742e-03
1.807740000000000146e+04 1.330944940466679063e-03
1.808070000000000073e+04 1.321157234142373562e-03
1.808400000000000000e+04 1.321868145038207704e-03
1.808729999999999927e+04 1.329935589031329760e-03
1.809059999999999854e+04 1.337091573440437817e-03
1.809390000000000146e+04 1.339018672725331149e-03
1.809720000000000073e+04 1.337873707808083902e-03
1.810050000000000000e+04 1.338502651267650580e-03
1.810379999999999927e+04 1.333869244683640650e-03
1.810709999999999854e+04 1.329771657108888127e-03
1.811040000000000146e+04 1.324940434766346768e-03
1.811370000000000073e+04 1.320597627264348713e-03
1.811700000000000000e+04 1.321816709181294815e-03
1.812029999999999927e+04 1.317087943308401865e-03
1.812359999999999854e+04 1.316307949436167990e-03
1.812690000000000146e+04 1.310216868347893705e-03
1.813009999999999854e+04 1.299661745699682690e-03
1.813340000000000146e+04 1.290679629134797298e-03
1.813670000000000073e+04 1.286861691869175921e-03
1.814000000000000000e+04 1.293873866727306100e-03
1.814329999999999927e+04 1.288322079738185404e-03
1.814659999999999854e+04 1.277880464619767257e-03
1.814990000000000146e+04 1.275653385099029778e-03
1.815320000000000073e+04 1.271310986389856401e-03
1.815650000000000000e+04 1.271054095762992565e-03
1.815979999999999927e+04 1.262779272019065157e-03
1.816309999999999854e+04 1.254661039128305644e-03
1.816640000000000146e+04 1.264802185526076473e-03
1.816970000000000073e+04 1.259493695244402831e-03
1.817300000000000000e+04 1.257755796693702270e-03
1.817629999999999927e+04 1.246836633145982772e-03
1.817959999999999854e+04 1.252741586096517814e-03
1.818290000000000146e+04 1.261014720623207129e-03
1.818620000000000073e+04 1.267759706993370128e-03
1.818950000000000000e+04 1.263485122057738004e-03
1.819279999999999927e+04 1.270710565819529233e-03
1.819600000000000000e+04 1.279621211855688691e-03
1.819929999999999927e+04 1.294714276627478497e-03
1.820259999999999854e+04 1.296118116202180657e-03
1.820590000000000146e+04 1.293998765605567204e-03
1.820920000000000073e+04 1.301681308107489670e-03
1.821250000000000000e+04 1.291616502618810926e-03
1.821579999999999927e+04 1.290797604637631407e-03
1.821909999999999854e+04 1.291349242238231656e-03
1.822240000000000146e+04 1.309668480276243632e-03
1.822570000000000073e+04 1.321352781453889041e-03
1.822900000000000000e+04 1.332315778891314225e-03
1.823229999999999927e+04 1.356161811554677235e-03
1.823559999999999854e+04 1.380478501011963991e-03
1.823890000000000146e+04 1.406167284320564972e-03
1.824220000000000073e+04 1.431847589023056222e-03
1.824550000000000000e+04 1.461896308701394597e-03
1.824879999999999927e+04 1.488882089497501606e-03
1.825209999999999854e+04 1.497373326099093668e-03
1.825540000000000146e+04 1.515051486404372406e-03
1.825859999999999854e+04 1.537571463843471391e-03
1.826190000000000146e+04 1.562452805045799319e-03
1.826520000000000073e+04 1.583417201167793952e-03
1.826850000000000000e+04 1.608851365193383030e-03
1.827179999999999927e+04 1.627937927667547904e-03
1.827509999999999854e+04 1.643141659425293756e-03
1.827840000000000146e+04 1.663181292851765311e-03
1.828170000000000073e+04 1.686375959921268932e-03
1.828500000000000000e+04 1.707124125163972037e-03
1.828829999999999927e+04 1.728520780554696282e-03
1.829159999999999854e+04 1.749970661094011129e-03
1.829490000000000146e+04 1.778251519155583764e-03
1.829820000000000073e+04 1.797497675548016295e-03
1.830150000000000000e+04 1.816072629487427417e-03
1.830479999999999927e+04 1.843925513802875844e-03
1.830809999999999854e+04 1.877132605621728003e-03
1.831140000000000146e+04 1.902592483814633147e-03
1.831470000000000073e+04 1.928516345739194563e-03
1.831800000000000000e+04 1.964661163577143942e-03
1.832129999999999927e+04 2.005656060475914399e-03
1.832450000000000000e+04 2.031972323108015115e-03
1.832779999999999927e+04 2.060937489242443965e-03
1.833109999999999854e+04 2.102420583267535208e-03
1.833440000000000146e+04 2.143077427815690168e-03
1.833770000000000073e+04 2.184758019868782153e-03
1.834100000000000000e+04 2.230155927688034622e-03
1.834429999999999927e+04 2.251134847273581711e-03
1.834759999999999854e+04 2.280673621563355895e-03
1.835090000000000146e+04 2.319855411728125559e-03
1.835420000000000073e+04 2.370484410668780191e-03
1.835750000000000000e+04 2.412573152744777218e-03
1.836079999999999927e+04 2.451100330839998086e-03
1.836409999999999854e+04 2.478426753852231226e-03
1.836740000000000146e+04 2.508992839913729532e-03
1.837070000000000073e+04 2.558394754994532030e-03
1.837400000000000000e+04 2.604559546171609889e-03
1.837729999999999927e+04 2.655495808419741210e-03
1.838059999999999854e+04 2.697998596181352612e-03
1.838390000000000146e+04 2.742336380411215281e-03
1.838709999999999854e+04 2.768933926198013148e-03
1.839040000000000146e+04 2.813152940682522515e-03
1.839370000000000073e+04 2.851481844367002860e-03
1.839700000000000000e+04 2.888641036361684882e-03
1.840029999999999927e+04 2.920891325121543515e-03
1.840359999999999854e+04 2.963265895716939505e-03
1.840690000000000146e+04 2.994925663861742332e-03
1.841020000000000073e+04 3.030744911760240370e-03
1.841350000000000000e+04 3.063845118837563858e-03
1.841679999999999927e+04 3.112283078036788379e-03
1.842009999999999854e+04 3.146578138657288477e-03
1.842340000000000146e+04 3.187810288731804647e-03
1.842670000000000073e+04 3.227387329018005947e-03
1.843000000000000000e+04 3.269965613284578181e-03
1.843329999999999927e+04 3.310079151130563852e-03
1.843659999999999854e+04 3.362002590683806774e-03
1.843990000000000146e+04 3.423714442574378198e-03
1.844320000000000073e+04 3.478679500758330781e-03
1.844650000000000000e+04 3.529324314741063857e-03
1.844979999999999927e+04 3.583429142877134991e-03
1.845300000000000000e+04 3.626900916499881371e-03
1.845629999999999927e+04 3.672477978484826530e-03
1.845959999999999854e+04 3.686538300262036209e-03
1.846290000000000146e+04 3.742711925991342326e-03
1.846620000000000073e+04 3.752054453875636186e-03
1.846950000000000000e+04 3.766093447046834318e-03
1.847279999999999927e+04 3.785700578244919311e-03
1.847609999999999854e+04 3.805168700846936741e-03
1.847940000000000146e+04 3.817173097387103250e-03
1.848270000000000073e+04 3.821261789210959447e-03
1.848600000000000000e+04 3.824102046846627502e-03
1.848929999999999927e+04 3.840779789152436435e-03
1.849259999999999854e+04 3.865636926675409570e-03
1.849590000000000146e+04 3.872037836413442461e-03
1.849920000000000073e+04 3.902693852199777373e-03
1.850250000000000000e+04 3.933691603726736583e-03
1.850579999999999927e+04 3.966650790891493306e-03
1.850909999999999854e+04 4.021749849616401348e-03
1.851240000000000146e+04 4.036690193349001636e-03
1.851570000000000073e+04 4.032229366391176968e-03
1.851890000000000146e+04 4.043918712118964136e-03
1.852220000000000073e+04 4.070273433270992988e-03
1.852550000000000000e+04 4.109464886163102272e-03
1.852879999999999927e+04 4.159713636591391359e-03
1.853209999999999854e+04 4.213783135544912559e-03
1.853540000000000146e+04 4.247150694162564986e-03
1.853870000000000073e+04 4.295763182200147516e-03
1.854200000000000000e+04 4.353027835830839201e-03
1.854529999999999927e+04 4.418580088706845765e-03
1.854859999999999854e+04 4.456247884369456125e-03
1.855190000000000146e+04 4.515318868923561511e-03
1.855520000000000073e+04 4.566726551811123823e-03
1.855850000000000000e+04 4.640822373538914386e-03
1.856179999999999927e+04 4.704405793051970493e-03
1.856509999999999854e+04 4.762720996612405250e-03
1.856840000000000146e+04 4.817136952836343321e-03
1.857170000000000073e+04 4.851583430278760996e-03
1.857500000000000000e+04 4.916449744503362425e-03
1.857829999999999927e+04 5.001036957277893609e-03
1.858150000000000000e+04 5.059319238066540929e-03
1.858479999999999927e+04 5.123583545244266534e-03
1.858809999999999854e+04 5.163136601164540485e-03
1.859140000000000146e+04 5.211800762485672631e-03
1.859470000000000073e+04 5.278910674212368599e-03
1.859800000000000000e+04 5.349379228527439620e-03
1.860129999999999927e+04 5.396730221676147680e-03
1.860459999999999854e+04 5.473821009579000162e-03
1.860790000000000146e+04 5.546792339599360827e-03
1.861120000000000073e+04 5.641981484037595501e-03
1.861450000000000000e+04 5.770665236316700926e-03
1.861779999999999927e+04 5.859046039658617235e-03
1.862109999999999854e+04 5.942066223312193578e-03
1.862440000000000146e+04 6.051570011019048560e-03
1.862770000000000073e+04 6.147525153376512050e-03
1.863100000000000000e+04 6.312436724046526990e-03
1.863429999999999927e+04 6.429897525298627035e-03
1.863759999999999854e+04 6.532767930212298770e-03
1.864090000000000146e+04 6.678849602047402974e-03
1.864420000000000073e+04 6.889071854779264814e-03
1.864740000000000146e+04 7.044859881211952037e-03
1.865070000000000073e+04 7.177504838730560180e-03
1.865400000000000000e+04 7.318665524809638695e-03
1.865729999999999927e+04 7.439531147546589625e-03
1.866059999999999854e+04 7.566583555198764556e-03
1.866390000000000146e+04 7.712712947293885735e-03
1.866720000000000073e+04 7.844026490616270303e-03
1.867050000000000000e+04 7.971878019712668947e-03
1.867379999999999927e+04 8.098239373862545221e-03
1.867709999999999854e+04 8.282097609726379178e-03
1.868040000000000146e+04 8.505742391416661399e-03
1.868370000000000073e+04 8.789299540041097328e-03
1.868700000000000000e+04 9.041784105051133349e-03
1.869029999999999927e+04 9.216280746357196837e-03
1.869359999999999854e+04 9.504819182738679512e-03
1.869690000000000146e+04 9.738411631022337450e-03
1.870020000000000073e+04 9.829197105059590822e-03
1.870350000000000000e+04 9.906070392597656968e-03
1.870679999999999927e+04 1.005742749294204381e-02
1.871000000000000000e+04 1.037883059319868670e-02
1.871329999999999927e+04 1.054857192437089891e-02
1.871659999999999854e+04 1.067178913038333010e-02
1.871990000000000146e+04 1.081398780444832106e-02
1.872320000000000073e+04 1.092348054963548920e-02
1.872650000000000000e+04 1.107027968482081695e-02
1.872979999999999927e+04 1.115956012342227653e-02
1.873309999999999854e+04 1.128807886372805262e-02
1.873640000000000146e+04 1.142552476970544635e-02
1.873970000000000073e+04 1.157331491365983997e-02
1.874300000000000000e+04 1.161877570084294403e-02
1.874629999999999927e+04 1.173746962080292333e-02
1.874959999999999854e+04 1.179437695894421968e-02
1.875290000000000146e+04 1.188700503920232278e-02
1.875620000000000073e+04 1.199095979592817822e-02
1.875950000000000000e+04 1.214404803926229584e-02
1.876279999999999927e+04 1.228440065893314503e-02
1.876609999999999854e+04 1.242086369634201257e-02
1.876940000000000146e+04 1.249217235377055903e-02
1.877270000000000073e+04 1.263266945810112736e-02
1.877590000000000146e+04 1.282025895376220047e-02
1.877920000000000073e+04 1.287113811459531833e-02
1.878250000000000000e+04 1.304606520061946974e-02
1.878579999999999927e+04 1.323241276908049789e-02
1.878909999999999854e+04 1.346406453055359193e-02
1.879240000000000146e+04 1.368961015311685563e-02
1.879570000000000073e+04 1.391364598865331599e-02
1.879900000000000000e+04 1.418294361131146493e-02
1.880229999999999927e+04 1.448293803246398191e-02
1.880559999999999854e+04 1.475291659551818298e-02
1.880890000000000146e+04 1.496782499375750100e-02
1.881220000000000073e+04 1.521958657292957727e-02
1.881550000000000000e+04 1.551945212717234165e-02
1.881879999999999927e+04 1.581402182817275709e-02
1.882209999999999854e+04 1.611196292109236955e-02
1.882540000000000146e+04 1.642213400108174723e-02
1.882870000000000073e+04 1.670835656054190863e-02
1.883200000000000000e+04 1.699024707853796431e-02
1.883529999999999927e+04 1.729350464713272362e-02
1.883859999999999854e+04 1.759572489564467310e-02
1.884179999999999927e+04 1.785770563143102702e-02
1.884509999999999854e+04 1.812147948865527880e-02
1.884840000000000146e+04 1.830760265116091953e-02
1.885170000000000073e+04 1.851593731376384444e-02
1.885500000000000000e+04 1.880847223938830748e-02
1.885829999999999927e+04 1.898145408198170098e-02
1.886159999999999854e+04 1.918406375829637828e-02
1.886490000000000146e+04 1.956572632867880149e-02
1.886820000000000073e+04 1.996627435954136109e-02
1.887150000000000000e+04 2.028274250647261676e-02
1.887479999999999927e+04 2.041995309138039047e-02
1.887809999999999854e+04 2.073494156912090644e-02
1.888140000000000146e+04 2.110089452946938351e-02
1.888470000000000073e+04 2.144441757565290069e-02
1.888800000000000000e+04 2.178347386836911731e-02
1.889129999999999927e+04 2.210828052088751466e-02
1.889459999999999854e+04 2.250269392200137525e-02
1.889790000000000146e+04 2.286917758485643506e-02
1.890120000000000073e+04 2.323639244926688913e-02
1.890440000000000146e+04 2.356747241377261590e-02
1.890770000000000073e+04 2.399683761024313036e-02
1.891100000000000000e+04 2.438826658631170277e-02
1.891429999999999927e+04 2.482982964716873991e-02
1.891759999999999854e+04 2.524922374412363890e-02
1.892090000000000146e+04 2.567457079559966673e-02
1.892420000000000073e+04 2.605728276667329882e-02
1.892750000000000000e+04 2.642305272682193146e-02
1.893079999999999927e+04 2.683553544449158654e-02
1.893409999999999854e+04 2.724283534734335890e-02
1.893740000000000146e+04 2.761610226550131886e-02
1.894070000000000073e+04 2.792262433460085749e-02
1.894400000000000000e+04 2.830758551175841659e-02
1.894729999999999927e+04 2.861912606725910274e-02
1.895059999999999854e+04 2.893077417250554048e-02
1.895390000000000146e+04 2.923696009213216235e-02
1.895720000000000073e+04 2.950821786902834906e-02
1.896050000000000000e+04 2.979855170960648073e-02
1.896379999999999927e+04 3.005859150447786829e-02
1.896709999999999854e+04 3.029704396576669845e-02
1.897029999999999927e+04 3.048791881168915613e-02
1.897359999999999854e+04 3.068004989147034983e-02
1.897690000000000146e+04 3.093042877829916756e-02
1.898020000000000073e+04 3.113560278280722016e-02
1.898350000000000000e+04 3.134553694513710076e-02
1.898679999999999927e+04 3.156946210027511412e-02
1.899009999999999854e+04 3.176704974444702345e-02
1.899340000000000146e+04 3.195923810498746409e-02
1.899670000000000073e+04 3.213094782016524126e-02
1.900000000000000000e+04 3.231636730047238171e-02
1.900329999999999927e+04 3.247913977834048643e-02
1.900659999999999854e+04 3.265946751422468819e-02
1.900990000000000146e+04 3.276796465615228193e-02
1.901320000000000073e+04 3.287653172614329183e-02
1.901650000000000000e+04 3.298093033311270267e-02
1.901979999999999927e+04 3.310502262152679315e-02
1.902309999999999854e+04 3.322647940160735475e-02
1.902640000000000146e+04 3.337641262279190946e-02
1.902970000000000073e+04 3.345840461851239817e-02
1.903290000000000146e+04 3.354922378598819421e-02
1.903620000000000073e+04 3.361287114542440418e-02
1.903950000000000000e+04 3.366746098236098050e-02
1.904279999999999927e+04 3.373602686781123489e-02
1.904609999999999854e+04 3.376811186064815340e-02
1.904940000000000146e+04 3.380508962754494307e-02
1.905270000000000073e+04 3.388012695447671641e-02
1.905600000000000000e+04 3.392581114703418360e-02
1.905929999999999927e+04 3.397001749846050717e-02
1.906259999999999854e+04 3.398252344137869807e-02
1.906590000000000146e+04 3.400515300203390406e-02
1.906920000000000073e+04 3.402504299771740015e-02
1.907250000000000000e+04 3.398705420780473441e-02
1.907579999999999927e+04 3.395801319883258451e-02
1.907909999999999854e+04 3.392848052536316661e-02
1.908240000000000146e+04 3.391224273052612093e-02
1.908570000000000073e+04 3.386076927606446879e-02
1.908900000000000000e+04 3.379203510482851197e-02
1.909229999999999927e+04 3.371195287087028203e-02
1.909559999999999854e+04 3.363161867109528552e-02
1.909879999999999927e+04 3.358406328395528717e-02
1.910209999999999854e+04 3.347806974022033560e-02
1.910540000000000146e+04 3.340091452680180734e-02
1.910870000000000073e+04 3.333018563344233159e-02
1.911200000000000000e+04 3.325993297398581461e-02
1.911529999999999927e+04 3.317408327444863053e-02
1.911859999999999854e+04 3.299964390542003967e-02
1.912190000000000146e+04 3.285374949883275442e-02
1.912520000000000073e+04 3.266151643021719675e-02
1.912850000000000000e+04 3.246467913051393622e-02
1.913179999999999927e+04 3.231326709908802913e-02
1.913509999999999854e+04 3.217236819401158437e-02
1.913840000000000146e+04 3.201038424512005903e-02
1.914170000000000073e+04 3.180179790732114153e-02
1.914500000000000000e+04 3.161145894482365881e-02
1.914829999999999927e+04 3.137880207937053523e-02
1.915159999999999854e+04 3.116681578032953065e-02
1.915490000000000146e+04 3.096701758958919984e-02
1.915820000000000073e+04 3.075314218786441914e-02
1.916140000000000146e+04 3.055524606960710599e-02
1.916470000000000073e+04 3.031861057308254254e-02
1.916800000000000000e+04 3.008939928020902196e-02
1.917129999999999927e+04 2.982353091230070113e-02
1.917459999999999854e+04 2.959735570224779344e-02
1.917790000000000146e+04 2.938258866010355283e-02
1.918120000000000073e+04 2.916990326861602228e-02
1.918450000000000000e+04 2.889803780867137087e-02
1.918779999999999927e+04 2.863400506525250189e-02
1.919109999999999854e+04 2.836032880047670290e-02
1.919440000000000146e+04 2.810236237228883049e-02
1.919770000000000073e+04 2.781916065069208951e-02
1.920100000000000000e+04 2.755874955647756239e-02
1.920429999999999927e+04 2.730556373696935157e-02
1.920759999999999854e+04 2.701936423788900768e-02
1.921090000000000146e+04 2.675158194305710460e-02
1.921420000000000073e+04 2.645980966008729465e-02
1.921750000000000000e+04 2.615353984872341095e-02
1.922079999999999927e+04 2.586254535641648380e-02
1.922409999999999854e+04 2.556742645577355158e-02
1.922729999999999927e+04 2.525473815208649497e-02
1.923059999999999854e+04 2.495417538553564019e-02
1.923390000000000146e+04 2.464276728688865117e-02
1.923720000000000073e+04 2.436238068512748892e-02
1.924050000000000000e+04 2.404764338769023457e-02
1.924379999999999927e+04 2.373918252427415637e-02
1.924709999999999854e+04 2.342469167752766687e-02
1.925040000000000146e+04 2.309690762231973726e-02
1.925370000000000073e+04 2.275495476510172935e-02
1.925700000000000000e+04 2.247759140702291353e-02
1.926029999999999927e+04 2.215155115594162963e-02
1.926359999999999854e+04 2.181346548254852608e-02
1.926690000000000146e+04 2.151058221564975878e-02
1.927020000000000073e+04 2.117550500171854963e-02
1.927350000000000000e+04 2.086368876335546393e-02
1.927679999999999927e+04 2.053353757254004763e-02
1.928009999999999854e+04 2.019664788164170222e-02
1.928340000000000146e+04 1.989189982508606305e-02
1.928670000000000073e+04 1.957459809816558538e-02
1.929000000000000000e+04 1.925614323779609519e-02
1.929320000000000073e+04 1.895516332017760028e-02
1.929650000000000000e+04 1.861655732798586649e-02
1.929979999999999927e+04 1.828333392857148243e-02
1.930309999999999854e+04 1.797995709187529684e-02
1.930640000000000146e+04 1.767643076246884840e-02
1.930970000000000073e+04 1.736530548184202563e-02
1.931300000000000000e+04 1.709043922467079479e-02
1.931629999999999927e+04 1.677487879267703513e-02
1.931959999999999854e+04 1.645268794095537321e-02
1.932290000000000146e+04 1.612110970917061264e-02
1.932620000000000073e+04 1.581044521631534347e-02
1.932950000000000000e+04 1.548621693183884103e-02
1.933279999999999927e+04 1.516850311576884228e-02
1.933609999999999854e+04 1.488578119605245970e-02
1.933940000000000146e+04 1.459805265306983110e-02
1.934270000000000073e+04 1.429846640971741550e-02
1.934600000000000000e+04 1.397921715055490226e-02
1.934929999999999927e+04 1.368032100758402765e-02
1.935259999999999854e+04 1.337225072564948887e-02
1.935579999999999927e+04 1.307776561887217734e-02
1.935909999999999854e+04 1.277478136697992282e-02
1.936240000000000146e+04 1.247224413194044680e-02
1.936570000000000073e+04 1.218089150584164039e-02
1.936900000000000000e+04 1.188770580289632596e-02
1.937229999999999927e+04 1.160439391763061663e-02
1.937559999999999854e+04 1.131655831346679852e-02
1.937890000000000146e+04 1.104460483555543514e-02
1.938220000000000073e+04 1.076397995590877392e-02
1.938550000000000000e+04 1.048290047268879421e-02
1.938879999999999927e+04 1.018273869872595404e-02
1.939209999999999854e+04 9.910495566397935566e-03
1.939540000000000146e+04 9.631511156228064058e-03
1.939870000000000073e+04 9.357707678692936751e-03
1.940200000000000000e+04 9.094257285568209392e-03
1.940529999999999927e+04 8.839253878689690494e-03
1.940859999999999854e+04 8.585967211446644820e-03
1.941190000000000146e+04 8.327536393486554070e-03
1.941520000000000073e+04 8.083165905071553956e-03
1.941850000000000000e+04 7.841924905496901535e-03
1.942170000000000073e+04 7.564258380820316173e-03
1.942500000000000000e+04 7.303325274607143716e-03
1.942829999999999927e+04 7.054372249635613989e-03
1.943159999999999854e+04 6.797261139336323484e-03
1.943490000000000146e+04 6.529634824947334708e-03
1.943820000000000073e+04 6.267887988838641809e-03
1.944150000000000000e+04 6.007904659412560688e-03
1.944479999999999927e+04 5.767981127832509484e-03
1.944809999999999854e+04 5.538686928932160490e-03
1.945140000000000146e+04 5.319157795789676048e-03
1.945470000000000073e+04 5.101987394729415488e-03
1.945800000000000000e+04 4.869990661699317991e-03
1.946129999999999927e+04 4.628386210655424486e-03
1.946459999999999854e+04 4.411541094334900728e-03
1.946790000000000146e+04 4.167148298524974565e-03
1.947120000000000073e+04 3.930617112262810992e-03
1.947450000000000000e+04 3.700273942484184897e-03
1.947779999999999927e+04 3.465164292231507834e-03
1.948109999999999854e+04 3.233832616233615204e-03
1.948429999999999927e+04 3.013203943925415150e-03
1.948759999999999854e+04 2.804838481857552159e-03
1.949090000000000146e+04 2.591113327753680022e-03
1.949420000000000073e+04 2.395142348001266103e-03
1.949750000000000000e+04 2.186144252578715863e-03
1.950079999999999927e+04 1.971024574379878335e-03
1.950409999999999854e+04 1.765198719364852566e-03
1.950740000000000146e+04 1.572829818287265835e-03
1.951070000000000073e+04 1.378149518773970133e-03
1.951400000000000000e+04 1.199218495974219536e-03
1.951729999999999927e+04 1.018713622645069485e-03
1.952059999999999854e+04 8.139601063861434584e-04
1.952390000000000146e+04 6.440817678488486471e-04
1.952720000000000073e+04 4.664822102572788154e-04
1.953050000000000000e+04 2.865902814500278671e-04
1.953379999999999927e+04 1.103119513986960531e-04
1.953709999999999854e+04 -7.112628221854871134e-05
1.954040000000000146e+04 -2.343891200691354017e-04
1.954370000000000073e+04 -3.989007749971770485e-04
1.954700000000000000e+04 -5.565664481016279440e-04
1.955020000000000073e+04 -7.425264987213276617e-04
1.955350000000000000e+04 -8.832858695279759186e-04
1.955679999999999927e+04 -1.027557425505816902e-03
1.956009999999999854e+04 -1.167499640369072883e-03
1.956340000000000146e+04 -1.309312947256737652e-03
1.956670000000000073e+04 -1.456110162601969692e-03
1.957000000000000000e+04 -1.585098341922021575e-03
1.957329999999999927e+04 -1.713419345946273027e-03
1.957659999999999854e+04 -1.843288340431878435e-03
1.957990000000000146e+04 -1.958457636400927435e-03
1.958320000000000073e+04 -2.101800437895851980e-03
1.958650000000000000e+04 -2.240789032969281794e-03
1.958979999999999927e+04 -2.348553628320193803e-03
1.959309999999999854e+04 -2.460960508759810639e-03
1.959640000000000146e+04 -2.560091686504571522e-03
1.959970000000000073e+04 -2.650164705897488024e-03
1.960300000000000000e+04 -2.773638878977214943e-03
1.960629999999999927e+04 -2.910300300791786657e-03
1.960959999999999854e+04 -3.034274740839406747e-03
1.961290000000000146e+04 -3.171071584967898038e-03
1.961609999999999854e+04 -3.318383977743172720e-03
1.961940000000000146e+04 -3.414977527393321752e-03
1.962270000000000073e+04 -3.535657000008049760e-03
1.962600000000000000e+04 -3.646222095862025961e-03
1.962929999999999927e+04 -3.752118604029027783e-03
1.963259999999999854e+04 -3.829141425819411297e-03
1.963590000000000146e+04 -3.886535457878822521e-03
1.963920000000000073e+04 -4.003101418903786887e-03
1.964250000000000000e+04 -4.077350664392360123e-03
1.964579999999999927e+04 -4.177840826384587002e-03
1.964909999999999854e+04 -4.303180194292673295e-03
1.965240000000000146e+04 -4.414845874913903186e-03
1.965570000000000073e+04 -4.533920244967000121e-03
1.965900000000000000e+04 -4.612103178872116113e-03
1.966229999999999927e+04 -4.634869963635231301e-03
1.966559999999999854e+04 -4.679134129554213435e-03
1.966890000000000146e+04 -4.752866326927332984e-03
1.967220000000000073e+04 -4.852161809168642481e-03
1.967550000000000000e+04 -4.915882952136693164e-03
1.967870000000000073e+04 -5.029320722461380969e-03
1.968200000000000000e+04 -5.077533807211439577e-03
1.968529999999999927e+04 -5.127384322079059191e-03
1.968859999999999854e+04 -5.172745317026443586e-03
1.969190000000000146e+04 -5.198495270655182320e-03
1.969520000000000073e+04 -5.245278644126404044e-03
1.969850000000000000e+04 -5.276613224248717128e-03
1.970179999999999927e+04 -5.309791334871606476e-03
1.970509999999999854e+04 -5.409467329543139573e-03
1.970840000000000146e+04 -5.520924805384248846e-03
1.971170000000000073e+04 -5.606991246473100148e-03
1.971500000000000000e+04 -5.634560386979911052e-03
1.971829999999999927e+04 -5.713004689125791846e-03
1.972159999999999854e+04 -5.721867802990203249e-03
1.972490000000000146e+04 -5.742280770687938594e-03
1.972820000000000073e+04 -5.826423862307625323e-03
1.973150000000000000e+04 -5.907161433253994495e-03
1.973479999999999927e+04 -5.981294343354151381e-03
1.973809999999999854e+04 -6.074773193039986231e-03
1.974140000000000146e+04 -6.151164795468410523e-03
1.974459999999999854e+04 -6.256183009338857175e-03
1.974790000000000146e+04 -6.273084131170660223e-03
1.975120000000000073e+04 -6.284970377773770565e-03
1.975450000000000000e+04 -6.326203002403051577e-03
1.975779999999999927e+04 -6.352438149079451223e-03
1.976109999999999854e+04 -6.429299492326854062e-03
1.976440000000000146e+04 -6.494164011967971939e-03
1.976770000000000073e+04 -6.572934856061984216e-03
1.977100000000000000e+04 -6.627356673011409668e-03
1.977429999999999927e+04 -6.649438119067645203e-03
1.977759999999999854e+04 -6.694758112413377524e-03
1.978090000000000146e+04 -6.732059118164730044e-03
1.978420000000000073e+04 -6.804767398544542614e-03
1.978750000000000000e+04 -6.814124229964526984e-03
1.979079999999999927e+04 -6.883364183503774131e-03
1.979409999999999854e+04 -6.891779408464683739e-03
1.979740000000000146e+04 -6.923273348025919469e-03
1.980070000000000073e+04 -6.986141021332271418e-03
1.980400000000000000e+04 -7.000898949130981465e-03
1.980720000000000073e+04 -7.036682892884340082e-03
1.981050000000000000e+04 -7.017531828674086411e-03
1.981379999999999927e+04 -6.974389209762388991e-03
1.981709999999999854e+04 -6.998126900602944130e-03
1.982040000000000146e+04 -6.965750995029113511e-03
1.982370000000000073e+04 -6.957961704228793690e-03
1.982700000000000000e+04 -7.002237366964421221e-03
1.983029999999999927e+04 -7.033716253117986393e-03
1.983359999999999854e+04 -7.030681738380417135e-03
1.983690000000000146e+04 -7.030012062718918146e-03
1.984020000000000073e+04 -7.025248170262601323e-03
1.984350000000000000e+04 -7.027803543643717718e-03
1.984679999999999927e+04 -7.043549936441087511e-03
1.985009999999999854e+04 -7.065302550641102894e-03
1.985340000000000146e+04 -7.113057712366872842e-03
1.985670000000000073e+04 -7.176313627529525008e-03
1.986000000000000000e+04 -7.218944703820249185e-03
1.986329999999999927e+04 -7.291356494363606180e-03
1.986659999999999854e+04 -7.290153319002159495e-03
1.986990000000000146e+04 -7.254280862754675964e-03
1.987309999999999854e+04 -7.201223527863403681e-03
1.987640000000000146e+04 -7.185506590028384148e-03
1.987970000000000073e+04 -7.227232087842014145e-03
1.988300000000000000e+04 -7.215031050401928513e-03
1.988629999999999927e+04 -7.285069103124326706e-03
1.988959999999999854e+04 -7.369921938460355197e-03
1.989290000000000146e+04 -7.351129564415819287e-03
1.989620000000000073e+04 -7.317133273540767265e-03
1.989950000000000000e+04 -7.289899244878442035e-03
1.990279999999999927e+04 -7.264847293886825957e-03
1.990609999999999854e+04 -7.263582186306777495e-03
1.990940000000000146e+04 -7.217637842437446896e-03
1.991270000000000073e+04 -7.229945636493770658e-03
1.991600000000000000e+04 -7.227826002811296897e-03
1.991929999999999927e+04 -7.234084410739448530e-03
1.992259999999999854e+04 -7.241382506757813864e-03
1.992590000000000146e+04 -7.218600365340215042e-03
