1.716800000000000000e+04 5.365030920597593615e-04
1.717129999999999927e+04 5.291374619925462690e-04
1.717459999999999854e+04 5.318981531010299503e-04
1.717790000000000146e+04 5.187682101281106215e-04
1.718120000000000073e+04 5.224841091352221611e-04
1.718450000000000000e+04 5.162844817233143337e-04
1.718779999999999927e+04 5.263547824119302028e-04
1.719109999999999854e+04 5.130388314075245895e-04
1.719440000000000146e+04 5.163990580748736457e-04
1.719770000000000073e+04 5.161423591778028759e-04
1.720100000000000000e+04 5.118094265352579652e-04
1.720429999999999927e+04 5.246306847771919782e-04
1.720759999999999854e+04 5.229499293647820552e-04
1.721090000000000146e+04 5.141678094374881177e-04
1.721420000000000073e+04 5.139530507898605344e-04
1.721750000000000000e+04 5.019015275002805618e-04
1.722079999999999927e+04 5.088820044324478958e-04
1.722409999999999854e+04 4.955256609348896325e-04
1.722729999999999927e+04 4.998790344820651550e-04
1.723059999999999854e+04 5.134635400490213716e-04
1.723390000000000146e+04 5.202620316952676809e-04
1.723720000000000073e+04 5.093565754261142895e-04
1.724050000000000000e+04 5.053487596183038871e-04
1.724379999999999927e+04 4.867861873686351584e-04
1.724709999999999854e+04 4.817253316797381044e-04
1.725040000000000146e+04 4.834013723151832430e-04
1.725370000000000073e+04 4.832022185821498975e-04
1.725700000000000000e+04 4.768066031340761316e-04
1.726029999999999927e+04 4.817936700116013759e-04
1.726359999999999854e+04 4.894346078437173796e-04
1.726690000000000146e+04 4.948154466081786194e-04
1.727020000000000073e+04 4.853536670343789575e-04
1.727350000000000000e+04 5.000538329630669883e-04
1.727679999999999927e+04 5.130743110169016597e-04
1.728009999999999854e+04 5.255185686039690225e-04
1.728340000000000146e+04 5.302690151465513186e-04
1.728670000000000073e+04 5.321140101765616144e-04
1.729000000000000000e+04 5.329346650015472000e-04
1.729320000000000073e+04 5.440087589491745699e-04
1.729650000000000000e+04 5.460487065781727484e-04
1.729979999999999927e+04 5.416670809598028973e-04
1.730309999999999854e+04 5.452459904153331626e-04
1.730640000000000146e+04 5.445785663009595655e-04
1.730970000000000073e+04 5.584638245809478299e-04
1.731300000000000000e+04 5.605850657245351355e-04
1.731629999999999927e+04 5.835221604047224377e-04
1.731959999999999854e+04 5.832844115763248819e-04
1.732290000000000146e+04 5.866292397044216463e-04
1.732620000000000073e+04 5.890813935136994701e-04
1.732950000000000000e+04 5.962419024574942177e-04
1.733279999999999927e+04 5.986775556145911611e-04
1.733609999999999854e+04 6.161111120414687918e-04
1.733940000000000146e+04 6.236400892685534450e-04
1.734270000000000073e+04 6.342248565310368161e-04
1.734600000000000000e+04 6.335502540707278665e-04
1.734929999999999927e+04 6.393740089273537101e-04
1.735259999999999854e+04 6.377167373474715772e-04
1.735579999999999927e+04 6.385233916382371385e-04
1.735909999999999854e+04 6.352136985788173294e-04
1.736240000000000146e+04 6.326864411622427301e-04
1.736570000000000073e+04 6.366002722724940169e-04
1.736900000000000000e+04 6.413725603333999842e-04
1.737229999999999927e+04 6.499744163158975487e-04
1.737559999999999854e+04 6.602183084976617289e-04
1.737890000000000146e+04 6.666261563894088256e-04
1.738220000000000073e+04 6.681955134841527756e-04
1.738550000000000000e+04 6.658667370993183064e-04
1.738879999999999927e+04 6.679270454153537866e-04
1.739209999999999854e+04 6.661165223060726498e-04
1.739540000000000146e+04 6.651043496162581652e-04
1.739870000000000073e+04 6.698426967069385889e-04
1.740200000000000000e+04 6.782645567789554429e-04
1.740529999999999927e+04 6.788893274014115489e-04
1.740859999999999854e+04 6.877366798190295101e-04
1.741190000000000146e+04 6.910172746156180478e-04
1.741520000000000073e+04 6.905375019143019689e-04
1.741850000000000000e+04 6.978985917410766762e-04
1.742170000000000073e+04 7.078021041599539881e-04
1.742500000000000000e+04 7.123723483199947710e-04
1.742829999999999927e+04 7.131376792953893337e-04
1.743159999999999854e+04 7.202572581773809216e-04
1.743490000000000146e+04 7.239130887873495082e-04
1.743820000000000073e+04 7.227809351237501510e-04
1.744150000000000000e+04 7.191755019219104586e-04
1.744479999999999927e+04 7.187985301035532690e-04
1.744809999999999854e+04 7.140687471063552911e-04
1.745140000000000146e+04 7.166672118216057619e-04
1.745470000000000073e+04 7.199056084149462039e-04
1.745800000000000000e+04 7.285450312432403472e-04
1.746129999999999927e+04 7.307774374056272889e-04
1.746459999999999854e+04 7.401602116778985318e-04
1.746790000000000146e+04 7.440115472045700021e-04
1.747120000000000073e+04 7.486517079152615927e-04
1.747450000000000000e+04 7.427446127101933887e-04
1.747779999999999927e+04 7.485832833727111861e-04
1.748109999999999854e+04 7.522171293293347964e-04
1.748429999999999927e+04 7.562998909567847936e-04
1.748759999999999854e+04 7.499978453981539020e-04
1.749090000000000146e+04 7.482186989887728255e-04
1.749420000000000073e+04 7.535824641144672721e-04
1.749750000000000000e+04 7.594084478999793032e-04
1.750079999999999927e+04 7.522695090669400406e-04
1.750409999999999854e+04 7.483305146033640033e-04
1.750740000000000146e+04 7.488349772982628039e-04
1.751070000000000073e+04 7.486038317189793075e-04
1.751400000000000000e+04 7.547656046119033098e-04
1.751729999999999927e+04 7.536894855061210784e-04
1.752059999999999854e+04 7.495994136218295939e-04
1.752390000000000146e+04 7.509569063560492383e-04
1.752720000000000073e+04 7.543946847836000783e-04
1.753050000000000000e+04 7.614388682334765658e-04
1.753379999999999927e+04 7.527348079820560646e-04
1.753709999999999854e+04 7.457526242530043486e-04
1.754040000000000146e+04 7.381761471019245013e-04
1.754370000000000073e+04 7.324062605114613688e-04
1.754700000000000000e+04 7.384486760665605375e-04
1.755020000000000073e+04 7.430024026591323678e-04
1.755350000000000000e+04 7.488923420832815404e-04
1.755679999999999927e+04 7.465643243129620275e-04
1.756009999999999854e+04 7.446329551763019401e-04
1.756340000000000146e+04 7.480591126489807754e-04
1.756670000000000073e+04 7.495593471472275331e-04
1.757000000000000000e+04 7.513567226035706287e-04
1.757329999999999927e+04 7.493195244811640381e-04
1.757659999999999854e+04 7.508737453275750404e-04
1.757990000000000146e+04 7.553822536434013930e-04
1.758320000000000073e+04 7.596706722269885338e-04
1.758650000000000000e+04 7.551011566293589980e-04
1.758979999999999927e+04 7.591359156591799637e-04
1.759309999999999854e+04 7.673232180537855164e-04
1.759640000000000146e+04 7.635600897313386121e-04
1.759970000000000073e+04 7.718643329592523271e-04
1.760300000000000000e+04 7.736787200192416858e-04
1.760629999999999927e+04 7.804643232570847560e-04
1.760959999999999854e+04 7.814820024211951988e-04
1.761290000000000146e+04 7.855814298053474939e-04
1.761609999999999854e+04 7.917468243577529229e-04
1.761940000000000146e+04 7.924098431988101402e-04
1.762270000000000073e+04 7.906565797285793106e-04
1.762600000000000000e+04 7.888630863948796392e-04
1.762929999999999927e+04 7.960986581749886519e-04
1.763259999999999854e+04 8.011487101070495585e-04
1.763590000000000146e+04 7.998204915412613844e-04
1.763920000000000073e+04 8.044606316575555853e-04
1.764250000000000000e+04 8.024147383568766079e-04
1.764579999999999927e+04 7.997250973849172329e-04
1.764909999999999854e+04 8.056926475120279336e-04
1.765240000000000146e+04 8.107251577977227924e-04
1.765570000000000073e+04 8.126817288365325697e-04
1.765900000000000000e+04 8.152375737591874196e-04
1.766229999999999927e+04 8.178558820382084583e-04
1.766559999999999854e+04 8.245341424050346268e-04
1.766890000000000146e+04 8.356196275770146715e-04
1.767220000000000073e+04 8.368270682264989432e-04
1.767550000000000000e+04 8.460412960368721667e-04
1.767870000000000073e+04 8.473493738889113216e-04
1.768200000000000000e+04 8.496987468775145554e-04
1.768529999999999927e+04 8.586490155341949815e-04
1.768859999999999854e+04 8.662707128261537201e-04
1.769190000000000146e+04 8.726188627998143679e-04
1.769520000000000073e+04 8.763461075210317525e-04
1.769850000000000000e+04 8.794462910352611939e-04
1.770179999999999927e+04 8.820523913720280246e-04
1.770509999999999854e+04 8.834137200978395320e-04
1.770840000000000146e+04 8.912981924195993548e-04
1.771170000000000073e+04 8.971749991989678551e-04
1.771500000000000000e+04 9.005769416272094109e-04
1.771829999999999927e+04 9.033386526514010795e-04
1.772159999999999854e+04 9.107258123345246580e-04
1.772490000000000146e+04 9.128048339633792812e-04
1.772820000000000073e+04 9.160034508502790714e-04
1.773150000000000000e+04 9.224479183563281167e-04
1.773479999999999927e+04 9.207710920033236037e-04
1.773809999999999854e+04 9.257804827668917463e-04
1.774140000000000146e+04 9.285281104964889908e-04
1.774459999999999854e+04 9.327608477587583016e-04
1.774790000000000146e+04 9.380655785596236831e-04
1.775120000000000073e+04 9.457993761306029978e-04
1.775450000000000000e+04 9.482143758799447490e-04
1.775779999999999927e+04 9.460182400629265362e-04
1.776109999999999854e+04 9.505489952374097983e-04
1.776440000000000146e+04 9.540264557858613810e-04
1.776770000000000073e+04 9.575383973987320512e-04
1.777100000000000000e+04 9.560978790053756933e-04
1.777429999999999927e+04 9.595259078970965047e-04
1.777759999999999854e+04 9.592334994580434824e-04
1.778090000000000146e+04 9.610932244204856622e-04
1.778420000000000073e+04 9.615712069141394000e-04
1.778750000000000000e+04 9.651853923379254086e-04
1.779079999999999927e+04 9.728523723000493664e-04
1.779409999999999854e+04 9.700318457416251669e-04
1.779740000000000146e+04 9.750494338515995792e-04
1.780070000000000073e+04 9.832290428648845625e-04
1.780400000000000000e+04 9.907106723681619129e-04
1.780720000000000073e+04 9.965586452228311458e-04
1.781050000000000000e+04 9.977321958410429077e-04
1.781379999999999927e+04 1.004765990035901913e-03
1.781709999999999854e+04 1.007162065406947467e-03
1.782040000000000146e+04 1.014073911530377105e-03
1.782370000000000073e+04 1.020890781671796727e-03
1.782700000000000000e+04 1.025653766276563104e-03
1.783029999999999927e+04 1.028700213042611344e-03
1.783359999999999854e+04 1.024727633036571746e-03
1.783690000000000146e+04 1.029904868349303159e-03
1.784020000000000073e+04 1.029698617762123906e-03
1.784350000000000000e+04 1.034499109719288698e-03
1.784679999999999927e+04 1.043902435816116032e-03
1.785009999999999854e+04 1.045584200036502997e-03
1.785340000000000146e+04 1.048169850602043065e-03
1.785670000000000073e+04 1.051238188417006735e-03
1.786000000000000000e+04 1.054937870310520415e-03
1.786329999999999927e+04 1.064170103382818932e-03
1.786659999999999854e+04 1.067281883028978933e-03
1.786990000000000146e+04 1.078326886943415741e-03
1.787309999999999854e+04 1.087744341776773847e-03
1.787640000000000146e+04 1.090940543839996352e-03
1.787970000000000073e+04 1.096153138559966770e-03
1.788300000000000000e+04 1.101537991860075498e-03
1.788629999999999927e+04 1.107729782728658586e-03
1.788959999999999854e+04 1.114613571735951743e-03
1.789290000000000146e+04 1.117912278677972828e-03
1.789620000000000073e+04 1.119982158279166301e-03
1.789950000000000000e+04 1.129253344791442560e-03
1.790279999999999927e+04 1.138621081804547328e-03
1.790609999999999854e+04 1.145577623404213938e-03
1.790940000000000146e+04 1.151263525009735365e-03
1.791270000000000073e+04 1.154263223937166761e-03
1.791600000000000000e+04 1.151223431815057282e-03
1.791929999999999927e+04 1.152377850124348306e-03
1.792259999999999854e+04 1.151722211984385113e-03
1.792590000000000146e+04 1.160202630904064820e-03
1.792920000000000073e+04 1.161360993835010551e-03
1.793250000000000000e+04 1.161437692216140934e-03
1.793570000000000073e+04 1.168814406619640527e-03
1.793900000000000000e+04 1.175289735154012253e-03
1.794229999999999927e+04 1.188239120821145195e-03
1.794559999999999854e+04 1.200313284443358351e-03
1.794890000000000146e+04 1.208412013651609428e-03
1.795220000000000073e+04 1.204896668185796412e-03
1.795550000000000000e+04 1.201169013686901850e-03
1.795879999999999927e+04 1.204554382742910323e-03
1.796209999999999854e+04 1.202944821151133697e-03
1.796540000000000146e+04 1.203164638839792537e-03
1.796870000000000073e+04 1.198748626042096116e-03
1.797200000000000000e+04 1.204097284954255614e-03
1.797529999999999927e+04 1.208888281601568212e-03
1.797859999999999854e+04 1.208688065900272949e-03
1.798190000000000146e+04 1.220106334295576129e-03
1.798520000000000073e+04 1.227461014840446150e-03
1.798850000000000000e+04 1.232214774345683200e-03
1.799179999999999927e+04 1.232973014786980506e-03
1.799509999999999854e+04 1.245276523680895111e-03
1.799840000000000146e+04 1.246359477307074992e-03
1.800159999999999854e+04 1.259505415330120512e-03
1.800490000000000146e+04 1.255883114448700256e-03
1.800820000000000073e+04 1.258664036518839435e-03
1.801150000000000000e+04 1.262925106886835999e-03
1.801479999999999927e+04 1.262125942630383480e-03
1.801809999999999854e+04 1.265441731537423047e-03
1.802140000000000146e+04 1.263668269258250371e-03
1.802470000000000073e+04 1.259605172421408761e-03
1.802800000000000000e+04 1.263567257609891263e-03
1.803129999999999927e+04 1.269847629457400862e-03
1.803459999999999854e+04 1.261098269078969169e-03
1.803790000000000146e+04 1.254833573347136381e-03
1.804120000000000073e+04 1.248902578505889545e-03
1.804450000000000000e+04 1.241269855954954624e-03
1.804779999999999927e+04 1.239152315636640614e-03
1.805109999999999854e+04 1.236507547906385814e-03
1.805440000000000146e+04 1.240127283994439450e-03
1.805770000000000073e+04 1.241700087550099861e-03
1.806100000000000000e+04 1.237880156220374757e-03
1.806429999999999927e+04 1.238370026682977148e-03
1.806750000000000000e+04 1.226475744749839798e-03
1.807079999999999927e+04 1.212510373791829930e-03
1.807409999999999854e+04 1.200624444276506171e-03
1.807740000000000146e+04 1.198142172371617110e-03
1.808070000000000073e+04 1.198025996378318308e-03
1.808400000000000000e+04 1.197688161161777638e-03
1.808729999999999927e+04 1.197294585102419429e-03
1.809059999999999854e+04 1.183011832727632164e-03
1.809390000000000146e+04 1.180223196477313578e-03
1.809720000000000073e+04 1.176461559947568521e-03
1.810050000000000000e+04 1.167849060944349494e-03
1.810379999999999927e+04 1.161573006336753767e-03
1.810709999999999854e+04 1.149638425560975050e-03
1.811040000000000146e+04 1.136409245289241509e-03
1.811370000000000073e+04 1.142089399216456112e-03
1.811700000000000000e+04 1.137682198310341125e-03
1.812029999999999927e+04 1.135701388788303446e-03
1.812359999999999854e+04 1.131752385391865097e-03
1.812690000000000146e+04 1.126631210327231443e-03
1.813009999999999854e+04 1.121500334436833363e-03
1.813340000000000146e+04 1.118578221602767450e-03
1.813670000000000073e+04 1.122576358604329737e-03
1.814000000000000000e+04 1.129931454760609412e-03
1.814329999999999927e+04 1.130195899403464103e-03
1.814659999999999854e+04 1.114274877677368016e-03
1.814990000000000146e+04 1.106333703573209818e-03
1.815320000000000073e+04 1.102790715440261264e-03
1.815650000000000000e+04 1.106631717875733315e-03
1.815979999999999927e+04 1.101025817428706154e-03
1.816309999999999854e+04 1.100430120006204307e-03
1.816640000000000146e+04 1.080252335030326043e-03
1.816970000000000073e+04 1.078440981559708467e-03
1.817300000000000000e+04 1.071797886152144053e-03
1.817629999999999927e+04 1.063287203206249787e-03
1.817959999999999854e+04 1.073503155940702366e-03
1.818290000000000146e+04 1.078696113959857258e-03
1.818620000000000073e+04 1.097661273586413282e-03
1.818950000000000000e+04 1.111913755813208424e-03
1.819279999999999927e+04 1.125674315253225553e-03
1.819600000000000000e+04 1.144420430623929686e-03
1.819929999999999927e+04 1.161145892370961125e-03
1.820259999999999854e+04 1.159202454152643029e-03
1.820590000000000146e+04 1.172710596731359840e-03
1.820920000000000073e+04 1.177294793182130390e-03
1.821250000000000000e+04 1.176134797028058039e-03
1.821579999999999927e+04 1.179336537250921498e-03
1.821909999999999854e+04 1.194707652995401822e-03
1.822240000000000146e+04 1.206883109586803131e-03
1.822570000000000073e+04 1.218852596971378884e-03
1.822900000000000000e+04 1.232104338959005537e-03
1.823229999999999927e+04 1.256603248215766968e-03
1.823559999999999854e+04 1.281804782674818505e-03
1.823890000000000146e+04 1.318031541997208940e-03
1.824220000000000073e+04 1.344749147930880554e-03
1.824550000000000000e+04 1.352164882310477167e-03
1.824879999999999927e+04 1.371067451422163224e-03
1.825209999999999854e+04 1.402699591795165913e-03
1.825540000000000146e+04 1.431652879408823161e-03
1.825859999999999854e+04 1.460268666016774309e-03
1.826190000000000146e+04 1.492732874033322150e-03
1.826520000000000073e+04 1.520759958340909667e-03
1.826850000000000000e+04 1.539605144552114516e-03
1.827179999999999927e+04 1.547273644802896241e-03
1.827509999999999854e+04 1.554877672532143339e-03
1.827840000000000146e+04 1.550005208200495388e-03
1.828170000000000073e+04 1.568222754690577802e-03
1.828500000000000000e+04 1.590153663410281536e-03
1.828829999999999927e+04 1.610439994821190888e-03
1.829159999999999854e+04 1.631651189631333878e-03
1.829490000000000146e+04 1.654069894887300746e-03
1.829820000000000073e+04 1.669463815804121893e-03
1.830150000000000000e+04 1.664675975007099806e-03
1.830479999999999927e+04 1.682062291886718148e-03
1.830809999999999854e+04 1.692743292146067346e-03
1.831140000000000146e+04 1.715768544405686657e-03
1.831470000000000073e+04 1.736149567639271290e-03
1.831800000000000000e+04 1.754928342488832433e-03
1.832129999999999927e+04 1.781925751563343202e-03
1.832450000000000000e+04 1.801421581459874055e-03
1.832779999999999927e+04 1.823344797965238771e-03
1.833109999999999854e+04 1.864517842883601888e-03
1.833440000000000146e+04 1.904663347154013234e-03
1.833770000000000073e+04 1.940221556955937753e-03
1.834100000000000000e+04 1.971279925308099500e-03
1.834429999999999927e+04 1.980392436291391559e-03
1.834759999999999854e+04 2.005508769655340792e-03
1.835090000000000146e+04 2.029509109041296479e-03
1.835420000000000073e+04 2.053535549622349365e-03
1.835750000000000000e+04 2.073343714084409286e-03
1.836079999999999927e+04 2.083954839098193113e-03
1.836409999999999854e+04 2.104645072119270665e-03
1.836740000000000146e+04 2.134537925567445323e-03
1.837070000000000073e+04 2.161721355346400870e-03
1.837400000000000000e+04 2.197624590951982679e-03
1.837729999999999927e+04 2.239487127397557422e-03
1.838059999999999854e+04 2.267852044815056936e-03
1.838390000000000146e+04 2.295477084115763594e-03
1.838709999999999854e+04 2.312999081324592070e-03
1.839040000000000146e+04 2.347823474222660457e-03
1.839370000000000073e+04 2.364783092892394373e-03
1.839700000000000000e+04 2.390150365606133649e-03
1.840029999999999927e+04 2.411608887077856898e-03
1.840359999999999854e+04 2.429915231576210404e-03
1.840690000000000146e+04 2.447899749628744404e-03
1.841020000000000073e+04 2.490094365721328210e-03
1.841350000000000000e+04 2.519678711345127355e-03
1.841679999999999927e+04 2.537112966975684208e-03
1.842009999999999854e+04 2.560438966982998832e-03
1.842340000000000146e+04 2.583627676921385063e-03
1.842670000000000073e+04 2.610622072010554580e-03
1.843000000000000000e+04 2.642338979865341362e-03
1.843329999999999927e+04 2.674283941660239323e-03
1.843659999999999854e+04 2.732027368329419635e-03
1.843990000000000146e+04 2.784887011585470643e-03
1.844320000000000073e+04 2.845129076004891677e-03
1.844650000000000000e+04 2.895289977097053984e-03
1.844979999999999927e+04 2.943448886755065629e-03
1.845300000000000000e+04 2.983824886771279609e-03
1.845629999999999927e+04 3.025468732197379891e-03
1.845959999999999854e+04 3.050739924932364001e-03
1.846290000000000146e+04 3.103858627651407982e-03
1.846620000000000073e+04 3.118913155749119398e-03
1.846950000000000000e+04 3.144555885778524580e-03
1.847279999999999927e+04 3.184612811268303697e-03
1.847609999999999854e+04 3.208104073092966392e-03
1.847940000000000146e+04 3.218900642128535907e-03
1.848270000000000073e+04 3.232709446898405278e-03
1.848600000000000000e+04 3.223773104315846415e-03
1.848929999999999927e+04 3.224743600257349001e-03
1.849259999999999854e+04 3.238811931407572890e-03
1.849590000000000146e+04 3.234732921694230198e-03
1.849920000000000073e+04 3.245589435938924395e-03
1.850250000000000000e+04 3.263135986979358392e-03
1.850579999999999927e+04 3.305429900648350090e-03
1.850909999999999854e+04 3.353668885299880466e-03
1.851240000000000146e+04 3.354101287377493721e-03
1.851570000000000073e+04 3.343853151661930340e-03
1.851890000000000146e+04 3.347534050278848459e-03
1.852220000000000073e+04 3.364542229385951953e-03
1.852550000000000000e+04 3.399941516917110752e-03
1.852879999999999927e+04 3.438886918080675224e-03
1.853209999999999854e+04 3.476309623947746678e-03
1.853540000000000146e+04 3.509079764487280356e-03
1.853870000000000073e+04 3.558235916751792838e-03
1.854200000000000000e+04 3.598212808149706815e-03
1.854529999999999927e+04 3.661503998709880400e-03
1.854859999999999854e+04 3.679116639496486652e-03
1.855190000000000146e+04 3.736514957917619600e-03
1.855520000000000073e+04 3.787912164952895577e-03
1.855850000000000000e+04 3.853681940359964669e-03
1.856179999999999927e+04 3.926035421304893344e-03
1.856509999999999854e+04 3.973394863656014644e-03
1.856840000000000146e+04 4.038396493714467399e-03
1.857170000000000073e+04 4.074894281811016275e-03
1.857500000000000000e+04 4.112419337303669341e-03
1.857829999999999927e+04 4.174476055310416718e-03
1.858150000000000000e+04 4.209659197335464086e-03
1.858479999999999927e+04 4.251107826813057752e-03
1.858809999999999854e+04 4.296078815173693354e-03
1.859140000000000146e+04 4.351903369143381509e-03
1.859470000000000073e+04 4.394354275148577155e-03
1.859800000000000000e+04 4.437544113553682813e-03
1.860129999999999927e+04 4.471618560179065581e-03
1.860459999999999854e+04 4.526810195012421177e-03
1.860790000000000146e+04 4.571170262734605173e-03
1.861120000000000073e+04 4.640642718086808276e-03
1.861450000000000000e+04 4.731568421795655059e-03
1.861779999999999927e+04 4.789475513215422919e-03
1.862109999999999854e+04 4.844372311832698987e-03
1.862440000000000146e+04 4.921299122236090680e-03
1.862770000000000073e+04 4.981364584380623163e-03
1.863100000000000000e+04 5.103298553592559850e-03
1.863429999999999927e+04 5.172189084862567274e-03
1.863759999999999854e+04 5.256112520414561555e-03
1.864090000000000146e+04 5.347803304360669412e-03
1.864420000000000073e+04 5.517004359712050776e-03
1.864740000000000146e+04 5.630935560966695078e-03
1.865070000000000073e+04 5.756056743531310152e-03
1.865400000000000000e+04 5.927144400684992639e-03
1.865729999999999927e+04 6.073033658359911977e-03
1.866059999999999854e+04 6.224966097893502512e-03
1.866390000000000146e+04 6.345933738757285163e-03
1.866720000000000073e+04 6.453204337174389682e-03
1.867050000000000000e+04 6.547107580808032672e-03
1.867379999999999927e+04 6.650479342988738045e-03
1.867709999999999854e+04 6.802392939381438942e-03
1.868040000000000146e+04 6.986067249811132168e-03
1.868370000000000073e+04 7.219290684595825944e-03
1.868700000000000000e+04 7.460792605972085823e-03
1.869029999999999927e+04 7.694194936543930635e-03
1.869359999999999854e+04 7.970487820912763172e-03
1.869690000000000146e+04 8.246846957417048804e-03
1.870020000000000073e+04 8.375384773066135019e-03
1.870350000000000000e+04 8.479723950729911239e-03
1.870679999999999927e+04 8.705848108616165079e-03
1.871000000000000000e+04 9.010458698174463391e-03
1.871329999999999927e+04 9.249419340265529338e-03
1.871659999999999854e+04 9.410909430155689134e-03
1.871990000000000146e+04 9.589756421623237687e-03
1.872320000000000073e+04 9.763137695954332215e-03
1.872650000000000000e+04 9.958943568156148479e-03
1.872979999999999927e+04 1.011054957806888782e-02
1.873309999999999854e+04 1.028273177112432393e-02
1.873640000000000146e+04 1.045811279497820337e-02
1.873970000000000073e+04 1.068504818484934844e-02
1.874300000000000000e+04 1.075564462287046351e-02
1.874629999999999927e+04 1.095687649613972213e-02
1.874959999999999854e+04 1.103333600391606835e-02
1.875290000000000146e+04 1.111112421731350920e-02
1.875620000000000073e+04 1.119084339719537968e-02
1.875950000000000000e+04 1.135322490379198253e-02
1.876279999999999927e+04 1.150930653787302950e-02
1.876609999999999854e+04 1.164626400449861494e-02
1.876940000000000146e+04 1.174380506522280238e-02
1.877270000000000073e+04 1.189536730447904658e-02
1.877590000000000146e+04 1.210083455199536043e-02
1.877920000000000073e+04 1.217371385390655404e-02
1.878250000000000000e+04 1.235179335781982045e-02
1.878579999999999927e+04 1.253828341794782641e-02
1.878909999999999854e+04 1.276444474991100635e-02
1.879240000000000146e+04 1.301353824017584954e-02
1.879570000000000073e+04 1.326959841542722437e-02
1.879900000000000000e+04 1.356154416516120419e-02
1.880229999999999927e+04 1.385107734563485911e-02
1.880559999999999854e+04 1.416129768934695776e-02
1.880890000000000146e+04 1.440089960827231792e-02
1.881220000000000073e+04 1.468067435401009500e-02
1.881550000000000000e+04 1.499529755335227837e-02
1.881879999999999927e+04 1.526967424208884420e-02
1.882209999999999854e+04 1.555097227341581921e-02
1.882540000000000146e+04 1.584602353753603726e-02
1.882870000000000073e+04 1.617294033660205896e-02
1.883200000000000000e+04 1.648022328942577372e-02
1.883529999999999927e+04 1.680257657185496578e-02
1.883859999999999854e+04 1.712292423160370614e-02
1.884179999999999927e+04 1.743138870490238551e-02
1.884509999999999854e+04 1.772877370448686790e-02
1.884840000000000146e+04 1.797623104258770643e-02
1.885170000000000073e+04 1.821242434394495374e-02
1.885500000000000000e+04 1.844126865420932238e-02
1.885829999999999927e+04 1.863333962862294066e-02
1.886159999999999854e+04 1.880637501657739588e-02
1.886490000000000146e+04 1.915829287379145970e-02
1.886820000000000073e+04 1.952867386955104215e-02
1.887150000000000000e+04 1.978673541194638993e-02
1.887479999999999927e+04 1.994424123216545844e-02
1.887809999999999854e+04 2.019263018166305573e-02
1.888140000000000146e+04 2.051827376838386702e-02
1.888470000000000073e+04 2.081949218819405950e-02
1.888800000000000000e+04 2.110934866654792449e-02
1.889129999999999927e+04 2.138321964734090849e-02
1.889459999999999854e+04 2.173318166517794470e-02
1.889790000000000146e+04 2.205278613218663447e-02
1.890120000000000073e+04 2.238157885195023525e-02
1.890440000000000146e+04 2.266405209013254776e-02
1.890770000000000073e+04 2.310616037023732403e-02
1.891100000000000000e+04 2.343461338361698884e-02
1.891429999999999927e+04 2.388169546050296008e-02
1.891759999999999854e+04 2.431297712875581454e-02
1.892090000000000146e+04 2.474885877618118041e-02
1.892420000000000073e+04 2.514552306921143121e-02
1.892750000000000000e+04 2.553148821747848463e-02
1.893079999999999927e+04 2.594958050861763052e-02
1.893409999999999854e+04 2.636353948101559375e-02
1.893740000000000146e+04 2.675014780554764091e-02
1.894070000000000073e+04 2.705891728244846223e-02
1.894400000000000000e+04 2.745598416696406682e-02
1.894729999999999927e+04 2.779939510062779881e-02
1.895059999999999854e+04 2.813121995575610865e-02
1.895390000000000146e+04 2.846019561203789669e-02
1.895720000000000073e+04 2.873637134602508025e-02
1.896050000000000000e+04 2.903539975807617815e-02
1.896379999999999927e+04 2.930503418447366962e-02
1.896709999999999854e+04 2.955399327374156476e-02
1.897029999999999927e+04 2.976052892512419737e-02
1.897359999999999854e+04 2.996687946137913464e-02
1.897690000000000146e+04 3.021910362141459402e-02
1.898020000000000073e+04 3.041689211049586339e-02
1.898350000000000000e+04 3.062350013873514284e-02
1.898679999999999927e+04 3.084759836669119168e-02
1.899009999999999854e+04 3.105576205106538867e-02
1.899340000000000146e+04 3.124882267104322695e-02
1.899670000000000073e+04 3.143448650006534090e-02
1.900000000000000000e+04 3.162818054585603972e-02
1.900329999999999927e+04 3.180377303954035756e-02
1.900659999999999854e+04 3.198635436232474816e-02
1.900990000000000146e+04 3.212440817138366433e-02
1.901320000000000073e+04 3.224066756703067305e-02
1.901650000000000000e+04 3.235555213975325334e-02
1.901979999999999927e+04 3.249427690882709246e-02
1.902309999999999854e+04 3.262788051457379823e-02
1.902640000000000146e+04 3.278657099529538183e-02
1.902970000000000073e+04 3.287055551792429642e-02
1.903290000000000146e+04 3.296036012146556782e-02
1.903620000000000073e+04 3.303295650656364740e-02
1.903950000000000000e+04 3.310799674541700655e-02
1.904279999999999927e+04 3.319550224336630800e-02
1.904609999999999854e+04 3.324736465740434771e-02
1.904940000000000146e+04 3.331072879567845146e-02
1.905270000000000073e+04 3.339601627296492209e-02
1.905600000000000000e+04 3.344914006390210109e-02
1.905929999999999927e+04 3.350235464765143056e-02
1.906259999999999854e+04 3.352239076631331055e-02
1.906590000000000146e+04 3.355023354383147860e-02
1.906920000000000073e+04 3.357192679763518900e-02
1.907250000000000000e+04 3.353826110773051178e-02
1.907579999999999927e+04 3.352152748255173009e-02
1.907909999999999854e+04 3.350917303320946616e-02
1.908240000000000146e+04 3.350772321573845802e-02
1.908570000000000073e+04 3.347534069693346159e-02
1.908900000000000000e+04 3.342757321109299934e-02
1.909229999999999927e+04 3.336744246051153578e-02
1.909559999999999854e+04 3.331482524869825573e-02
1.909879999999999927e+04 3.328156012981400153e-02
1.910209999999999854e+04 3.319580813420990040e-02
1.910540000000000146e+04 3.313867480693368645e-02
1.910870000000000073e+04 3.308653691757620918e-02
1.911200000000000000e+04 3.301758198704410341e-02
1.911529999999999927e+04 3.294300929690333057e-02
1.911859999999999854e+04 3.278672696219329247e-02
1.912190000000000146e+04 3.266222263639289441e-02
1.912520000000000073e+04 3.248805865767687151e-02
1.912850000000000000e+04 3.231736595000395118e-02
1.913179999999999927e+04 3.217239977950791391e-02
1.913509999999999854e+04 3.203496565160691978e-02
1.913840000000000146e+04 3.188871240316654837e-02
1.914170000000000073e+04 3.169724375770836822e-02
1.914500000000000000e+04 3.152875371923873765e-02
1.914829999999999927e+04 3.132684774708299758e-02
1.915159999999999854e+04 3.113450459552379729e-02
1.915490000000000146e+04 3.093535349680569604e-02
1.915820000000000073e+04 3.073063170116366663e-02
1.916140000000000146e+04 3.055301120606000384e-02
1.916470000000000073e+04 3.032901923609851100e-02
1.916800000000000000e+04 3.011572469317870190e-02
1.917129999999999927e+04 2.987691939481396108e-02
1.917459999999999854e+04 2.966116747100821724e-02
1.917790000000000146e+04 2.944745927252543152e-02
1.918120000000000073e+04 2.923488497510429510e-02
1.918450000000000000e+04 2.898355454159645683e-02
1.918779999999999927e+04 2.873084785463417279e-02
1.919109999999999854e+04 2.847249008334021628e-02
1.919440000000000146e+04 2.823789156571542003e-02
1.919770000000000073e+04 2.798103794011701229e-02
1.920100000000000000e+04 2.772746667099303119e-02
1.920429999999999927e+04 2.747464595580658558e-02
1.920759999999999854e+04 2.720634746962206224e-02
1.921090000000000146e+04 2.694653199447629224e-02
1.921420000000000073e+04 2.666801308124939693e-02
1.921750000000000000e+04 2.638377884250189473e-02
1.922079999999999927e+04 2.609714420232953080e-02
1.922409999999999854e+04 2.580060471652560750e-02
1.922729999999999927e+04 2.550851752935342012e-02
1.923059999999999854e+04 2.521822036407472822e-02
1.923390000000000146e+04 2.492925791163375787e-02
1.923720000000000073e+04 2.465891466531271517e-02
1.924050000000000000e+04 2.436132477304544033e-02
1.924379999999999927e+04 2.406127192734043227e-02
1.924709999999999854e+04 2.376005000254667252e-02
1.925040000000000146e+04 2.345597484782202882e-02
1.925370000000000073e+04 2.312252705932121843e-02
1.925700000000000000e+04 2.282770173226906021e-02
1.926029999999999927e+04 2.250248310021748036e-02
1.926359999999999854e+04 2.217619603976947809e-02
1.926690000000000146e+04 2.187840051348634990e-02
1.927020000000000073e+04 2.154096162897269420e-02
1.927350000000000000e+04 2.122672289085016789e-02
1.927679999999999927e+04 2.090422155421272146e-02
1.928009999999999854e+04 2.058793999817541687e-02
1.928340000000000146e+04 2.028866879248892793e-02
1.928670000000000073e+04 1.997947676568452915e-02
1.929000000000000000e+04 1.966321275279701852e-02
1.929320000000000073e+04 1.936249268251324582e-02
1.929650000000000000e+04 1.903700252962714848e-02
1.929979999999999927e+04 1.872597930719472129e-02
1.930309999999999854e+04 1.841977158858703473e-02
1.930640000000000146e+04 1.812128146154272715e-02
1.930970000000000073e+04 1.782250468011539399e-02
1.931300000000000000e+04 1.752682220724413251e-02
1.931629999999999927e+04 1.720084339490022401e-02
1.931959999999999854e+04 1.688352795870168288e-02
1.932290000000000146e+04 1.655662532770949338e-02
1.932620000000000073e+04 1.623810064578489962e-02
1.932950000000000000e+04 1.592738124567314936e-02
1.933279999999999927e+04 1.561737919998528595e-02
1.933609999999999854e+04 1.532447859760012465e-02
1.933940000000000146e+04 1.503049865418159582e-02
1.934270000000000073e+04 1.474049850347471970e-02
1.934600000000000000e+04 1.443383155508174732e-02
1.934929999999999927e+04 1.414310615247402030e-02
1.935259999999999854e+04 1.384155013372636786e-02
1.935579999999999927e+04 1.353792660643793160e-02
1.935909999999999854e+04 1.323129492701225103e-02
1.936240000000000146e+04 1.292435836358606094e-02
1.936570000000000073e+04 1.263405616902637391e-02
1.936900000000000000e+04 1.235261896984544798e-02
1.937229999999999927e+04 1.207169031594828613e-02
1.937559999999999854e+04 1.178442582565740124e-02
1.937890000000000146e+04 1.150323754454701114e-02
1.938220000000000073e+04 1.121219593484741595e-02
1.938550000000000000e+04 1.093250144638974707e-02
1.938879999999999927e+04 1.066105863662560917e-02
1.939209999999999854e+04 1.038625962782381909e-02
1.939540000000000146e+04 1.012111113399098185e-02
1.939870000000000073e+04 9.845275652785206652e-03
1.940200000000000000e+04 9.573354767740986301e-03
1.940529999999999927e+04 9.323798236332002040e-03
1.940859999999999854e+04 9.070540672796615494e-03
1.941190000000000146e+04 8.816863369779843335e-03
1.941520000000000073e+04 8.561939666535036547e-03
1.941850000000000000e+04 8.316226330350819096e-03
1.942170000000000073e+04 8.057883576958557378e-03
1.942500000000000000e+04 7.803860051994715961e-03
1.942829999999999927e+04 7.554683075928872102e-03
1.943159999999999854e+04 7.306409321315253738e-03
1.943490000000000146e+04 7.065901812683694945e-03
1.943820000000000073e+04 6.809865834959558974e-03
1.944150000000000000e+04 6.564999464311186035e-03
1.944479999999999927e+04 6.327872269545599393e-03
1.944809999999999854e+04 6.104230827162387615e-03
1.945140000000000146e+04 5.879590149949074501e-03
1.945470000000000073e+04 5.666339899768274048e-03
1.945800000000000000e+04 5.437184725330987400e-03
1.946129999999999927e+04 5.207093416030251359e-03
1.946459999999999854e+04 4.976203220544026841e-03
1.946790000000000146e+04 4.751306812087473068e-03
1.947120000000000073e+04 4.515620971464589899e-03
1.947450000000000000e+04 4.283692568536424938e-03
1.947779999999999927e+04 4.060394533301973918e-03
1.948109999999999854e+04 3.849026503913102835e-03
1.948429999999999927e+04 3.646109911245885415e-03
1.948759999999999854e+04 3.444607770986708208e-03
1.949090000000000146e+04 3.253152105539747554e-03
1.949420000000000073e+04 3.054626246597969864e-03
1.949750000000000000e+04 2.863086772040941089e-03
1.950079999999999927e+04 2.658559524380741095e-03
1.950409999999999854e+04 2.457273913294962496e-03
1.950740000000000146e+04 2.261335532871236020e-03
1.951070000000000073e+04 2.061016670293600288e-03
1.951400000000000000e+04 1.864190351074780086e-03
1.951729999999999927e+04 1.667791096212572913e-03
1.952059999999999854e+04 1.470163933750365899e-03
1.952390000000000146e+04 1.290611544910519586e-03
1.952720000000000073e+04 1.129998260668773572e-03
1.953050000000000000e+04 9.603268934763280326e-04
1.953379999999999927e+04 7.790541866842065578e-04
1.953709999999999854e+04 5.953655617578055724e-04
1.954040000000000146e+04 4.232450211819356991e-04
1.954370000000000073e+04 2.554506360622122883e-04
1.954700000000000000e+04 9.943009185969679863e-05
1.955020000000000073e+04 -5.713062605454981893e-05
1.955350000000000000e+04 -2.124813580754903884e-04
1.955679999999999927e+04 -3.608600317652568314e-04
1.956009999999999854e+04 -5.145213164360453242e-04
1.956340000000000146e+04 -6.691412079167721738e-04
1.956670000000000073e+04 -8.034467382826085283e-04
1.957000000000000000e+04 -9.467691759504878778e-04
1.957329999999999927e+04 -1.099279740406767245e-03
1.957659999999999854e+04 -1.243407878408292044e-03
1.957990000000000146e+04 -1.376904764481382470e-03
1.958320000000000073e+04 -1.521388802033229364e-03
1.958650000000000000e+04 -1.668400425401064639e-03
1.958979999999999927e+04 -1.777153847434314194e-03
1.959309999999999854e+04 -1.893373329300270707e-03
1.959640000000000146e+04 -2.019998333518098401e-03
1.959970000000000073e+04 -2.136365838504330952e-03
1.960300000000000000e+04 -2.252116600144772173e-03
1.960629999999999927e+04 -2.392616835574561552e-03
1.960959999999999854e+04 -2.523907124662638866e-03
1.961290000000000146e+04 -2.649267402771331766e-03
1.961609999999999854e+04 -2.770397021320276237e-03
1.961940000000000146e+04 -2.881887621511081393e-03
1.962270000000000073e+04 -3.002204654207586178e-03
1.962600000000000000e+04 -3.091666628504457972e-03
1.962929999999999927e+04 -3.181783070903163209e-03
1.963259999999999854e+04 -3.258687027444385435e-03
1.963590000000000146e+04 -3.315109566276840634e-03
1.963920000000000073e+04 -3.427413272522536036e-03
1.964250000000000000e+04 -3.498675304015960111e-03
1.964579999999999927e+04 -3.608614604733874961e-03
1.964909999999999854e+04 -3.729609271326039376e-03
1.965240000000000146e+04 -3.838910381488172281e-03
1.965570000000000073e+04 -3.971435817461172260e-03
1.965900000000000000e+04 -4.044938830856418047e-03
1.966229999999999927e+04 -4.123642641097436702e-03
1.966559999999999854e+04 -4.206092211257877328e-03
1.966890000000000146e+04 -4.288372845025189076e-03
1.967220000000000073e+04 -4.374797080631577517e-03
1.967550000000000000e+04 -4.451910853316239612e-03
1.967870000000000073e+04 -4.535680593555433369e-03
1.968200000000000000e+04 -4.579604876165871766e-03
1.968529999999999927e+04 -4.624365946678156078e-03
1.968859999999999854e+04 -4.666795394532022127e-03
1.969190000000000146e+04 -4.725136628597220723e-03
1.969520000000000073e+04 -4.806511103837400774e-03
1.969850000000000000e+04 -4.862646094943336161e-03
1.970179999999999927e+04 -4.906076944614583268e-03
1.970509999999999854e+04 -4.986888521857298778e-03
1.970840000000000146e+04 -5.079152501821183538e-03
1.971170000000000073e+04 -5.173625934854974955e-03
1.971500000000000000e+04 -5.248297029883075906e-03
1.971829999999999927e+04 -5.339975598218360542e-03
1.972159999999999854e+04 -5.370719977491500430e-03
1.972490000000000146e+04 -5.409592403427257272e-03
1.972820000000000073e+04 -5.481321148681915674e-03
1.973150000000000000e+04 -5.573626676869619309e-03
1.973479999999999927e+04 -5.651072443046934249e-03
1.973809999999999854e+04 -5.717876037350393820e-03
1.974140000000000146e+04 -5.792943511247928591e-03
1.974459999999999854e+04 -5.869858465620595399e-03
1.974790000000000146e+04 -5.906421274731589281e-03
1.975120000000000073e+04 -5.926806606278045737e-03
1.975450000000000000e+04 -5.976274813237657073e-03
1.975779999999999927e+04 -6.012790085542824188e-03
1.976109999999999854e+04 -6.060086325104498128e-03
1.976440000000000146e+04 -6.116492280392634741e-03
1.976770000000000073e+04 -6.186244004054553165e-03
1.977100000000000000e+04 -6.235802873508286027e-03
1.977429999999999927e+04 -6.277874158842293613e-03
1.977759999999999854e+04 -6.334721570387873840e-03
1.978090000000000146e+04 -6.388510913660413841e-03
1.978420000000000073e+04 -6.456211211602516653e-03
1.978750000000000000e+04 -6.478914494246865337e-03
1.979079999999999927e+04 -6.561000695930289082e-03
1.979409999999999854e+04 -6.596263092187955833e-03
1.979740000000000146e+04 -6.636499191342400822e-03
1.980070000000000073e+04 -6.711502804206607824e-03
1.980400000000000000e+04 -6.742499616995066905e-03
1.980720000000000073e+04 -6.788084419231414993e-03
1.981050000000000000e+04 -6.780770842823593235e-03
1.981379999999999927e+04 -6.771396269117518039e-03
1.981709999999999854e+04 -6.812031240313388622e-03
1.982040000000000146e+04 -6.788577624784148529e-03
1.982370000000000073e+04 -6.810304478429494469e-03
1.982700000000000000e+04 -6.842938205235975582e-03
1.983029999999999927e+04 -6.846585296195654459e-03
1.983359999999999854e+04 -6.844376364913203926e-03
1.983690000000000146e+04 -6.848076432917103024e-03
1.984020000000000073e+04 -6.838411414388078507e-03
1.984350000000000000e+04 -6.856685220601715230e-03
1.984679999999999927e+04 -6.877374113337651231e-03
1.985009999999999854e+04 -6.904471114973972749e-03
1.985340000000000146e+04 -6.942708124601832016e-03
1.985670000000000073e+04 -6.994887222808791362e-03
1.986000000000000000e+04 -7.015560280094307669e-03
1.986329999999999927e+04 -7.066364211735042151e-03
1.986659999999999854e+04 -7.092212201720390907e-03
1.986990000000000146e+04 -7.086127541710341739e-03
1.987309999999999854e+04 -7.060864534742122139e-03
1.987640000000000146e+04 -7.047669441499119711e-03
1.987970000000000073e+04 -7.065882460758489414e-03
1.988300000000000000e+04 -7.044231546081278043e-03
1.988629999999999927e+04 -7.110871028836159534e-03
1.988959999999999854e+04 -7.170867270946682664e-03
1.989290000000000146e+04 -7.171495854086682407e-03
1.989620000000000073e+04 -7.139945484563133514e-03
1.989950000000000000e+04 -7.113933878004957169e-03
1.990279999999999927e+04 -7.092393294093039639e-03
1.990609999999999854e+04 -7.078043922769144090e-03
1.990940000000000146e+04 -7.059998394883231637e-03
1.991270000000000073e+04 -7.085817529553329469e-03
1.991600000000000000e+04 -7.077412826733148893e-03
1.991929999999999927e+04 -7.090420712508242566e-03
1.992259999999999854e+04 -7.105452989431044857e-03
1.992590000000000146e+04 -7.115566506411259533e-03
