1.716800000000000000e+04 -3.915713566595254900e-04
1.717129999999999927e+04 -3.932666149224019777e-04
1.717459999999999854e+04 -4.077144610844039407e-04
1.717790000000000146e+04 -4.335245473422725984e-04
1.718120000000000073e+04 -4.625978271631392283e-04
1.718450000000000000e+04 -4.768457586445609556e-04
1.718779999999999927e+04 -4.999491007880655768e-04
1.719109999999999854e+04 -5.147353022503999443e-04
1.719440000000000146e+04 -5.246388793284915454e-04
1.719770000000000073e+04 -5.368200340976806524e-04
1.720100000000000000e+04 -5.386033451726847257e-04
1.720429999999999927e+04 -5.422818503390681825e-04
1.720759999999999854e+04 -5.308542994333366157e-04
1.721090000000000146e+04 -5.415787574679091672e-04
1.721420000000000073e+04 -5.467746126061678131e-04
1.721750000000000000e+04 -5.876074513973549062e-04
1.722079999999999927e+04 -6.113456101393103951e-04
1.722409999999999854e+04 -6.239238068696552602e-04
1.722729999999999927e+04 -6.280293967532098219e-04
1.723059999999999854e+04 -6.427852549618533803e-04
1.723390000000000146e+04 -6.604364366269386286e-04
1.723720000000000073e+04 -6.751901442965626459e-04
1.724050000000000000e+04 -6.987280485020182881e-04
1.724379999999999927e+04 -7.160171628483249931e-04
1.724709999999999854e+04 -7.227256958147010128e-04
1.725040000000000146e+04 -7.370583834409120136e-04
1.725370000000000073e+04 -7.460020157650749592e-04
1.725700000000000000e+04 -7.647120331949602010e-04
1.726029999999999927e+04 -7.868703583214380114e-04
1.726359999999999854e+04 -7.983840698139419182e-04
1.726690000000000146e+04 -8.144947864782639416e-04
1.727020000000000073e+04 -8.285193945553765435e-04
1.727350000000000000e+04 -8.392279028650326354e-04
1.727679999999999927e+04 -8.592028581688173575e-04
1.728009999999999854e+04 -8.707783318193957484e-04
1.728340000000000146e+04 -8.839363884331364468e-04
1.728670000000000073e+04 -8.767822497484639840e-04
1.729000000000000000e+04 -8.897516212726004625e-04
1.729320000000000073e+04 -8.919918372035942839e-04
1.729650000000000000e+04 -9.010500227766653474e-04
1.729979999999999927e+04 -9.194023831552557233e-04
1.730309999999999854e+04 -9.418322508128586321e-04
1.730640000000000146e+04 -9.559681059523312922e-04
1.730970000000000073e+04 -9.710268599784178467e-04
1.731300000000000000e+04 -9.766101817921433396e-04
1.731629999999999927e+04 -9.894019996512252915e-04
1.731959999999999854e+04 -1.005510171608454918e-03
1.732290000000000146e+04 -9.996338244903217075e-04
1.732620000000000073e+04 -1.016123874026883056e-03
1.732950000000000000e+04 -1.026385335366903837e-03
1.733279999999999927e+04 -1.034012817557426658e-03
1.733609999999999854e+04 -1.044965801107841001e-03
1.733940000000000146e+04 -1.049818470986202618e-03
1.734270000000000073e+04 -1.049663364783023824e-03
1.734600000000000000e+04 -1.052638636191300216e-03
1.734929999999999927e+04 -1.058242165437800215e-03
1.735259999999999854e+04 -1.061220284055673386e-03
1.735579999999999927e+04 -1.070086759565830629e-03
1.735909999999999854e+04 -1.085809135761347339e-03
1.736240000000000146e+04 -1.091477556952241473e-03
1.736570000000000073e+04 -1.099785008586057688e-03
1.736900000000000000e+04 -1.112897187437984466e-03
1.737229999999999927e+04 -1.134126591559169979e-03
1.737559999999999854e+04 -1.143120140831004918e-03
1.737890000000000146e+04 -1.159993181795577295e-03
1.738220000000000073e+04 -1.165769109089266793e-03
1.738550000000000000e+04 -1.173348591030750655e-03
1.738879999999999927e+04 -1.187266496344087331e-03
1.739209999999999854e+04 -1.204783212310794448e-03
1.739540000000000146e+04 -1.213899753236280478e-03
1.739870000000000073e+04 -1.221950807565009298e-03
1.740200000000000000e+04 -1.232534165810358472e-03
1.740529999999999927e+04 -1.234955098990116922e-03
1.740859999999999854e+04 -1.239190750940407770e-03
1.741190000000000146e+04 -1.250446617791741485e-03
1.741520000000000073e+04 -1.266310909833958699e-03
1.741850000000000000e+04 -1.280498417774668081e-03
1.742170000000000073e+04 -1.287464793875251227e-03
1.742500000000000000e+04 -1.295523958116549020e-03
1.742829999999999927e+04 -1.307416447738508642e-03
1.743159999999999854e+04 -1.317811633416264647e-03
1.743490000000000146e+04 -1.330773081812772641e-03
1.743820000000000073e+04 -1.341116946250340940e-03
1.744150000000000000e+04 -1.350907982239754742e-03
1.744479999999999927e+04 -1.371622155639439129e-03
1.744809999999999854e+04 -1.385482381202612825e-03
1.745140000000000146e+04 -1.397972337993974318e-03
1.745470000000000073e+04 -1.410440599288855304e-03
1.745800000000000000e+04 -1.428248151844415531e-03
1.746129999999999927e+04 -1.445153481856707332e-03
1.746459999999999854e+04 -1.457980266601256476e-03
1.746790000000000146e+04 -1.474755994185374119e-03
1.747120000000000073e+04 -1.494042731190627039e-03
1.747450000000000000e+04 -1.506415150391721310e-03
1.747779999999999927e+04 -1.526146700297190606e-03
1.748109999999999854e+04 -1.542921806290572769e-03
1.748429999999999927e+04 -1.556006453689374232e-03
1.748759999999999854e+04 -1.586533536127354531e-03
1.749090000000000146e+04 -1.600316784634112305e-03
1.749420000000000073e+04 -1.615883725199628463e-03
1.749750000000000000e+04 -1.632486615057735478e-03
1.750079999999999927e+04 -1.647095812449110271e-03
1.750409999999999854e+04 -1.660217001295113395e-03
1.750740000000000146e+04 -1.674363654437573254e-03
1.751070000000000073e+04 -1.696356564681919272e-03
1.751400000000000000e+04 -1.716982679046032438e-03
1.751729999999999927e+04 -1.728706322468645962e-03
1.752059999999999854e+04 -1.748349619868335434e-03
1.752390000000000146e+04 -1.756438612120246340e-03
1.752720000000000073e+04 -1.773516393737896825e-03
1.753050000000000000e+04 -1.795267322065472512e-03
1.753379999999999927e+04 -1.808649022491692600e-03
1.753709999999999854e+04 -1.818711851324889038e-03
1.754040000000000146e+04 -1.831629262410107515e-03
1.754370000000000073e+04 -1.840250820364998027e-03
1.754700000000000000e+04 -1.857259468181974736e-03
1.755020000000000073e+04 -1.875274301390317125e-03
1.755350000000000000e+04 -1.888188259836175208e-03
1.755679999999999927e+04 -1.903366837075666680e-03
1.756009999999999854e+04 -1.922607272616141689e-03
1.756340000000000146e+04 -1.938653874353055487e-03
1.756670000000000073e+04 -1.960548706897035590e-03
1.757000000000000000e+04 -1.980464050928742049e-03
1.757329999999999927e+04 -2.001752346833852742e-03
1.757659999999999854e+04 -2.019928415815767930e-03
1.757990000000000146e+04 -2.034678971199016442e-03
1.758320000000000073e+04 -2.048976569811028318e-03
1.758650000000000000e+04 -2.070676531452142737e-03
1.758979999999999927e+04 -2.092126901238014047e-03
1.759309999999999854e+04 -2.109897818122873168e-03
1.759640000000000146e+04 -2.132224540984553433e-03
1.759970000000000073e+04 -2.145039558218834932e-03
1.760300000000000000e+04 -2.173381343293040533e-03
1.760629999999999927e+04 -2.194934487473220591e-03
1.760959999999999854e+04 -2.212117497839454546e-03
1.761290000000000146e+04 -2.227882342179594161e-03
1.761609999999999854e+04 -2.251932137227552998e-03
1.761940000000000146e+04 -2.276157009709899124e-03
1.762270000000000073e+04 -2.294476105888933627e-03
1.762600000000000000e+04 -2.311154332995759165e-03
1.762929999999999927e+04 -2.330599293946107511e-03
1.763259999999999854e+04 -2.343899291462210686e-03
1.763590000000000146e+04 -2.358858336339360144e-03
1.763920000000000073e+04 -2.382496655060993302e-03
1.764250000000000000e+04 -2.406775823648499117e-03
1.764579999999999927e+04 -2.425681111942561401e-03
1.764909999999999854e+04 -2.445600954877555962e-03
1.765240000000000146e+04 -2.456266064130446097e-03
1.765570000000000073e+04 -2.476562734156112066e-03
1.765900000000000000e+04 -2.493262142358424957e-03
1.766229999999999927e+04 -2.513638670255113460e-03
1.766559999999999854e+04 -2.535117047890534780e-03
1.766890000000000146e+04 -2.556289166995142324e-03
1.767220000000000073e+04 -2.572724001458452040e-03
1.767550000000000000e+04 -2.591406995862479377e-03
1.767870000000000073e+04 -2.603256440007688678e-03
1.768200000000000000e+04 -2.628105952721569542e-03
1.768529999999999927e+04 -2.640807317331714515e-03
1.768859999999999854e+04 -2.664196785661072410e-03
1.769190000000000146e+04 -2.690412540574464197e-03
1.769520000000000073e+04 -2.712516645159444417e-03
1.769850000000000000e+04 -2.743967120079186979e-03
1.770179999999999927e+04 -2.764459385926643000e-03
1.770509999999999854e+04 -2.788517057355503065e-03
1.770840000000000146e+04 -2.810902385422985733e-03
1.771170000000000073e+04 -2.824396133211199734e-03
1.771500000000000000e+04 -2.842154073417811708e-03
1.771829999999999927e+04 -2.865794889951050854e-03
1.772159999999999854e+04 -2.878233531422444251e-03
1.772490000000000146e+04 -2.895301706293359166e-03
1.772820000000000073e+04 -2.920942960048608476e-03
1.773150000000000000e+04 -2.939277281481157082e-03
1.773479999999999927e+04 -2.958075365097601571e-03
1.773809999999999854e+04 -2.980026820196342470e-03
1.774140000000000146e+04 -3.003581268836957863e-03
1.774459999999999854e+04 -3.021777458644244341e-03
1.774790000000000146e+04 -3.047374361857381562e-03
1.775120000000000073e+04 -3.060840249222869774e-03
1.775450000000000000e+04 -3.077416850397857086e-03
1.775779999999999927e+04 -3.099639011282695217e-03
1.776109999999999854e+04 -3.118017993056416883e-03
1.776440000000000146e+04 -3.145280810422784300e-03
1.776770000000000073e+04 -3.163564596375764964e-03
1.777100000000000000e+04 -3.185551186859474516e-03
1.777429999999999927e+04 -3.209058672680777709e-03
1.777759999999999854e+04 -3.236900831485871495e-03
1.778090000000000146e+04 -3.256627440323164868e-03
1.778420000000000073e+04 -3.280774295981577545e-03
1.778750000000000000e+04 -3.297464775646760746e-03
1.779079999999999927e+04 -3.322599257621836489e-03
1.779409999999999854e+04 -3.347177461696638611e-03
1.779740000000000146e+04 -3.373793408990695842e-03
1.780070000000000073e+04 -3.400335381681537927e-03
1.780400000000000000e+04 -3.423811655098637791e-03
1.780720000000000073e+04 -3.440643981398538564e-03
1.781050000000000000e+04 -3.460240718173318401e-03
1.781379999999999927e+04 -3.481268921471016280e-03
1.781709999999999854e+04 -3.507550764347298899e-03
1.782040000000000146e+04 -3.532740932141103379e-03
1.782370000000000073e+04 -3.558336765674339087e-03
1.782700000000000000e+04 -3.586282720609604204e-03
1.783029999999999927e+04 -3.611583496703861876e-03
1.783359999999999854e+04 -3.642188223606462969e-03
1.783690000000000146e+04 -3.669367674952999075e-03
1.784020000000000073e+04 -3.695062123978347379e-03
1.784350000000000000e+04 -3.728455812075426746e-03
1.784679999999999927e+04 -3.755344878860421374e-03
1.785009999999999854e+04 -3.788254703599242684e-03
1.785340000000000146e+04 -3.821999149165446457e-03
1.785670000000000073e+04 -3.840168713198545934e-03
1.786000000000000000e+04 -3.864668478020515021e-03
1.786329999999999927e+04 -3.886366332015155425e-03
1.786659999999999854e+04 -3.918608477067809376e-03
1.786990000000000146e+04 -3.944108744441271637e-03
1.787309999999999854e+04 -3.973451264577381077e-03
1.787640000000000146e+04 -4.012808629564982264e-03
1.787970000000000073e+04 -4.041493468978954798e-03
1.788300000000000000e+04 -4.072902485958941263e-03
1.788629999999999927e+04 -4.107139418478481137e-03
1.788959999999999854e+04 -4.138500631649571875e-03
1.789290000000000146e+04 -4.169907330739573356e-03
1.789620000000000073e+04 -4.204334805421221580e-03
1.789950000000000000e+04 -4.238757768041580970e-03
1.790279999999999927e+04 -4.272082393383824610e-03
1.790609999999999854e+04 -4.305535027249110178e-03
1.790940000000000146e+04 -4.334633131949896384e-03
1.791270000000000073e+04 -4.374087087867463766e-03
1.791600000000000000e+04 -4.412718303440540425e-03
1.791929999999999927e+04 -4.450235832853402865e-03
1.792259999999999854e+04 -4.478858959323129239e-03
1.792590000000000146e+04 -4.516197677022474113e-03
1.792920000000000073e+04 -4.559200928777432799e-03
1.793250000000000000e+04 -4.594275186931062738e-03
1.793570000000000073e+04 -4.623283266307173962e-03
1.793900000000000000e+04 -4.655098556955572682e-03
1.794229999999999927e+04 -4.685581735871881953e-03
1.794559999999999854e+04 -4.720514526611851655e-03
1.794890000000000146e+04 -4.755507405834633224e-03
1.795220000000000073e+04 -4.800540395905006537e-03
1.795550000000000000e+04 -4.837294646890985886e-03
1.795879999999999927e+04 -4.874399089155424108e-03
1.796209999999999854e+04 -4.913747865458926306e-03
1.796540000000000146e+04 -4.953015045661823129e-03
1.796870000000000073e+04 -4.988506629647520077e-03
1.797200000000000000e+04 -5.034406807002014643e-03
1.797529999999999927e+04 -5.082447564028627976e-03
1.797859999999999854e+04 -5.121318680505263822e-03
1.798190000000000146e+04 -5.166259452362782952e-03
1.798520000000000073e+04 -5.211194814051822201e-03
1.798850000000000000e+04 -5.251127932550828624e-03
1.799179999999999927e+04 -5.296043732536290585e-03
1.799509999999999854e+04 -5.337743275842976760e-03
1.799840000000000146e+04 -5.373935757119915196e-03
1.800159999999999854e+04 -5.414741675269981250e-03
1.800490000000000146e+04 -5.454712008615416122e-03
1.800820000000000073e+04 -5.496985388997280807e-03
1.801150000000000000e+04 -5.536692416516494214e-03
1.801479999999999927e+04 -5.585004438003297010e-03
1.801809999999999854e+04 -5.625461931824551551e-03
1.802140000000000146e+04 -5.677126495159770178e-03
1.802470000000000073e+04 -5.718809520692541212e-03
1.802800000000000000e+04 -5.764220203078074777e-03
1.803129999999999927e+04 -5.805604406383561150e-03
1.803459999999999854e+04 -5.842974517323088791e-03
1.803790000000000146e+04 -5.876103309214087203e-03
1.804120000000000073e+04 -5.901282720078694470e-03
1.804450000000000000e+04 -5.938297747598983087e-03
1.804779999999999927e+04 -5.986236071839186323e-03
1.805109999999999854e+04 -6.018775819248330279e-03
1.805440000000000146e+04 -6.071359371724997268e-03
1.805770000000000073e+04 -6.106453866304741886e-03
1.806100000000000000e+04 -6.143971520158213184e-03
1.806429999999999927e+04 -6.183582286754644303e-03
1.806750000000000000e+04 -6.209377597628964844e-03
1.807079999999999927e+04 -6.218174651538982411e-03
1.807409999999999854e+04 -6.227630881019858254e-03
1.807740000000000146e+04 -6.226389071787703094e-03
1.808070000000000073e+04 -6.252356357554760685e-03
1.808400000000000000e+04 -6.287269427947510606e-03
1.808729999999999927e+04 -6.308692886696702466e-03
1.809059999999999854e+04 -6.323116415503510224e-03
1.809390000000000146e+04 -6.320718491952234501e-03
1.809720000000000073e+04 -6.329233125551581365e-03
1.810050000000000000e+04 -6.344674509450345425e-03
1.810379999999999927e+04 -6.355502860915567855e-03
1.810709999999999854e+04 -6.366216693549320467e-03
1.811040000000000146e+04 -6.381692880057561121e-03
1.811370000000000073e+04 -6.394050084288107824e-03
1.811700000000000000e+04 -6.386312664661141121e-03
1.812029999999999927e+04 -6.385885521185584272e-03
1.812359999999999854e+04 -6.381736670281264352e-03
1.812690000000000146e+04 -6.384385923702581671e-03
1.813009999999999854e+04 -6.379007651567790947e-03
1.813340000000000146e+04 -6.405590033106461217e-03
1.813670000000000073e+04 -6.416374338023203908e-03
1.814000000000000000e+04 -6.479548563250615324e-03
1.814329999999999927e+04 -6.480974758183597091e-03
1.814659999999999854e+04 -6.483789492161225188e-03
1.814990000000000146e+04 -6.476612586267735394e-03
1.815320000000000073e+04 -6.474216381578234807e-03
1.815650000000000000e+04 -6.462505751256760259e-03
1.815979999999999927e+04 -6.468888424665382615e-03
1.816309999999999854e+04 -6.470172122050228160e-03
1.816640000000000146e+04 -6.473645470378869629e-03
1.816970000000000073e+04 -6.483476546447534961e-03
1.817300000000000000e+04 -6.469534612366369293e-03
1.817629999999999927e+04 -6.493117120783355178e-03
1.817959999999999854e+04 -6.505342016886423578e-03
1.818290000000000146e+04 -6.630925555318926447e-03
1.818620000000000073e+04 -6.735559588784767807e-03
1.818950000000000000e+04 -6.776880865303032235e-03
1.819279999999999927e+04 -6.802399116225145599e-03
1.819600000000000000e+04 -6.835973458929919637e-03
1.819929999999999927e+04 -6.883531620746218341e-03
1.820259999999999854e+04 -6.887152555699195544e-03
1.820590000000000146e+04 -6.888197393411694264e-03
1.820920000000000073e+04 -6.884130375924523738e-03
1.821250000000000000e+04 -6.863273799220295443e-03
1.821579999999999927e+04 -6.872741904692597666e-03
1.821909999999999854e+04 -6.902484623594578282e-03
1.822240000000000146e+04 -7.026787504216177108e-03
1.822570000000000073e+04 -7.143787671063420511e-03
1.822900000000000000e+04 -7.274936887855351815e-03
1.823229999999999927e+04 -7.411430739575420971e-03
1.823559999999999854e+04 -7.567251567462428274e-03
1.823890000000000146e+04 -7.675274086267372745e-03
1.824220000000000073e+04 -7.835093278358639529e-03
1.824550000000000000e+04 -7.991481374826300138e-03
1.824879999999999927e+04 -8.130290728700102082e-03
1.825209999999999854e+04 -8.207400681203619666e-03
1.825540000000000146e+04 -8.360913298005765229e-03
1.825859999999999854e+04 -8.522868301729547014e-03
1.826190000000000146e+04 -8.674348447918946853e-03
1.826520000000000073e+04 -8.818975945194150109e-03
1.826850000000000000e+04 -8.969268828879451913e-03
1.827179999999999927e+04 -9.105315450291797882e-03
1.827509999999999854e+04 -9.213523551652958929e-03
1.827840000000000146e+04 -9.343181874221758235e-03
1.828170000000000073e+04 -9.495190554805519809e-03
1.828500000000000000e+04 -9.670314780658400070e-03
1.828829999999999927e+04 -9.857954817162117855e-03
1.829159999999999854e+04 -1.003109261908872660e-02
1.829490000000000146e+04 -1.021761840331930279e-02
1.829820000000000073e+04 -1.032313390719660252e-02
1.830150000000000000e+04 -1.044343571554913475e-02
1.830479999999999927e+04 -1.055482042070400583e-02
1.830809999999999854e+04 -1.069643061829371987e-02
1.831140000000000146e+04 -1.078519675435566164e-02
1.831470000000000073e+04 -1.093439558738349728e-02
1.831800000000000000e+04 -1.103295108603697533e-02
1.832129999999999927e+04 -1.118896567559251980e-02
1.832450000000000000e+04 -1.128510051396672438e-02
1.832779999999999927e+04 -1.137752348514877235e-02
1.833109999999999854e+04 -1.156147163325977299e-02
1.833440000000000146e+04 -1.168717830253047409e-02
1.833770000000000073e+04 -1.181845713237722299e-02
1.834100000000000000e+04 -1.197730472308117765e-02
1.834429999999999927e+04 -1.203165090617756318e-02
1.834759999999999854e+04 -1.210619774891419365e-02
1.835090000000000146e+04 -1.219406956937036518e-02
1.835420000000000073e+04 -1.235066240582726252e-02
1.835750000000000000e+04 -1.252039687973199346e-02
1.836079999999999927e+04 -1.266466186960656277e-02
1.836409999999999854e+04 -1.278506492057335762e-02
1.836740000000000146e+04 -1.292269016610284385e-02
1.837070000000000073e+04 -1.312804484444588665e-02
1.837400000000000000e+04 -1.333921676965085443e-02
1.837729999999999927e+04 -1.353709817602619624e-02
1.838059999999999854e+04 -1.369944598284843738e-02
1.838390000000000146e+04 -1.386793704930387727e-02
1.838709999999999854e+04 -1.394685375056778365e-02
1.839040000000000146e+04 -1.404960422613973046e-02
1.839370000000000073e+04 -1.405961708345320783e-02
1.839700000000000000e+04 -1.412874759380344618e-02
1.840029999999999927e+04 -1.415980159701866678e-02
1.840359999999999854e+04 -1.428220564147505804e-02
1.840690000000000146e+04 -1.434077627630034150e-02
1.841020000000000073e+04 -1.437982408942236473e-02
1.841350000000000000e+04 -1.444799037068287759e-02
1.841679999999999927e+04 -1.459127624187135826e-02
1.842009999999999854e+04 -1.460019712651539243e-02
1.842340000000000146e+04 -1.465116394067406645e-02
1.842670000000000073e+04 -1.470995103271490259e-02
1.843000000000000000e+04 -1.476218379107847693e-02
1.843329999999999927e+04 -1.479950766220412134e-02
1.843659999999999854e+04 -1.487664641261058837e-02
1.843990000000000146e+04 -1.495564224816859494e-02
1.844320000000000073e+04 -1.503659787681983599e-02
1.844650000000000000e+04 -1.510650000289473840e-02
1.844979999999999927e+04 -1.516566332897050472e-02
1.845300000000000000e+04 -1.516742547122176474e-02
1.845629999999999927e+04 -1.515600886277008313e-02
1.845959999999999854e+04 -1.507424402182577262e-02
1.846290000000000146e+04 -1.515707520486661575e-02
1.846620000000000073e+04 -1.507067758394730131e-02
1.846950000000000000e+04 -1.497121577274585294e-02
1.847279999999999927e+04 -1.493258510359960628e-02
1.847609999999999854e+04 -1.490180100786581141e-02
1.847940000000000146e+04 -1.481146172725581432e-02
1.848270000000000073e+04 -1.475489937707940430e-02
1.848600000000000000e+04 -1.465730554178819832e-02
1.848929999999999927e+04 -1.460147309115245561e-02
1.849259999999999854e+04 -1.457838091285818330e-02
1.849590000000000146e+04 -1.446374962243134922e-02
1.849920000000000073e+04 -1.442987380824152337e-02
1.850250000000000000e+04 -1.441903902709457466e-02
1.850579999999999927e+04 -1.436612540790977929e-02
1.850909999999999854e+04 -1.441087409584463665e-02
1.851240000000000146e+04 -1.425886482457036468e-02
1.851570000000000073e+04 -1.407561710668839283e-02
1.851890000000000146e+04 -1.392747928444256107e-02
1.852220000000000073e+04 -1.380347888577726674e-02
1.852550000000000000e+04 -1.371134528111905143e-02
1.852879999999999927e+04 -1.363827755040544418e-02
1.853209999999999854e+04 -1.359049473277261499e-02
1.853540000000000146e+04 -1.348745224002226469e-02
1.853870000000000073e+04 -1.337792714411135779e-02
1.854200000000000000e+04 -1.327617605661179402e-02
1.854529999999999927e+04 -1.320295789051489574e-02
1.854859999999999854e+04 -1.304311043994561305e-02
1.855190000000000146e+04 -1.291788894263830312e-02
1.855520000000000073e+04 -1.276844115742237738e-02
1.855850000000000000e+04 -1.267871668262587556e-02
1.856179999999999927e+04 -1.253588371280487702e-02
1.856509999999999854e+04 -1.242456229936705903e-02
1.856840000000000146e+04 -1.228445689129356588e-02
1.857170000000000073e+04 -1.211671644571687620e-02
1.857500000000000000e+04 -1.196724168819829348e-02
1.857829999999999927e+04 -1.180539273553058745e-02
1.858150000000000000e+04 -1.163186681130510061e-02
1.858479999999999927e+04 -1.150027349990233837e-02
1.858809999999999854e+04 -1.130524276739603914e-02
1.859140000000000146e+04 -1.109638090557627486e-02
1.859470000000000073e+04 -1.091315753964329158e-02
1.859800000000000000e+04 -1.073843260284174615e-02
1.860129999999999927e+04 -1.052150157761870021e-02
1.860459999999999854e+04 -1.035481753932229222e-02
1.860790000000000146e+04 -1.014361357565251275e-02
1.861120000000000073e+04 -9.955166526933503443e-03
1.861450000000000000e+04 -9.759923028682946852e-03
1.861779999999999927e+04 -9.567881116773686509e-03
1.862109999999999854e+04 -9.373110605649815491e-03
1.862440000000000146e+04 -9.247482505717923712e-03
1.862770000000000073e+04 -9.012638622908691541e-03
1.863100000000000000e+04 -8.934441210411177628e-03
1.863429999999999927e+04 -8.805626114561551643e-03
1.863759999999999854e+04 -8.645984034005155250e-03
1.864090000000000146e+04 -8.535453587398197928e-03
1.864420000000000073e+04 -8.444310278213454021e-03
1.864740000000000146e+04 -8.336490770770210029e-03
1.865070000000000073e+04 -8.203333143373568379e-03
1.865400000000000000e+04 -8.069190031605331589e-03
1.865729999999999927e+04 -7.921969494104482215e-03
1.866059999999999854e+04 -7.743798586047022196e-03
1.866390000000000146e+04 -7.532820773849828802e-03
1.866720000000000073e+04 -7.297744624511077506e-03
1.867050000000000000e+04 -7.038057281366814737e-03
1.867379999999999927e+04 -6.792363817899918846e-03
1.867709999999999854e+04 -6.592483929289256334e-03
1.868040000000000146e+04 -6.418646315980783279e-03
1.868370000000000073e+04 -6.198754197467385221e-03
1.868700000000000000e+04 -5.945032679222067747e-03
1.869029999999999927e+04 -5.676443365802711673e-03
1.869359999999999854e+04 -5.371063973520321354e-03
1.869690000000000146e+04 -5.064142473743587537e-03
1.870020000000000073e+04 -4.775648777657982673e-03
1.870350000000000000e+04 -4.484470167821513580e-03
1.870679999999999927e+04 -4.166530593760357608e-03
1.871000000000000000e+04 -3.786377064376275203e-03
1.871329999999999927e+04 -3.484688557829340987e-03
1.871659999999999854e+04 -3.167776885108432479e-03
1.871990000000000146e+04 -2.849174721951263853e-03
1.872320000000000073e+04 -2.534721264665619478e-03
1.872650000000000000e+04 -2.207335526542326173e-03
1.872979999999999927e+04 -1.902764077136711012e-03
1.873309999999999854e+04 -1.568031606179430331e-03
1.873640000000000146e+04 -1.267317290198852371e-03
1.873970000000000073e+04 -9.179240655200006415e-04
1.874300000000000000e+04 -6.088575845960266181e-04
1.874629999999999927e+04 -2.724894077814065145e-04
1.874959999999999854e+04 -6.098800928661757972e-06
1.875290000000000146e+04 2.580549839941925707e-04
1.875620000000000073e+04 5.209128871103686732e-04
1.875950000000000000e+04 8.482572865627920978e-04
1.876279999999999927e+04 1.168029188911895140e-03
1.876609999999999854e+04 1.453159825301122022e-03
1.876940000000000146e+04 1.769941730486083000e-03
1.877270000000000073e+04 2.109015044442697894e-03
1.877590000000000146e+04 2.514169838491111739e-03
1.877920000000000073e+04 2.857387902645180684e-03
1.878250000000000000e+04 3.220034204754026325e-03
1.878579999999999927e+04 3.575929636551033065e-03
1.878909999999999854e+04 3.961272272888548621e-03
1.879240000000000146e+04 4.373767257262991918e-03
1.879570000000000073e+04 4.798334487438091212e-03
1.879900000000000000e+04 5.240411800760657809e-03
1.880229999999999927e+04 5.691504984830173149e-03
1.880559999999999854e+04 6.161712498747319230e-03
1.880890000000000146e+04 6.648700806130616696e-03
1.881220000000000073e+04 7.091688508084659920e-03
1.881550000000000000e+04 7.565390773946134573e-03
1.881879999999999927e+04 8.044000041786566330e-03
1.882209999999999854e+04 8.530063494376268277e-03
1.882540000000000146e+04 9.009401142976710547e-03
1.882870000000000073e+04 9.504091084333289585e-03
1.883200000000000000e+04 9.962469419499537376e-03
1.883529999999999927e+04 1.043678405996778871e-02
1.883859999999999854e+04 1.092976428242109499e-02
1.884179999999999927e+04 1.140803283232023901e-02
1.884509999999999854e+04 1.191164223155846864e-02
1.884840000000000146e+04 1.240250197375299991e-02
1.885170000000000073e+04 1.289701288034349191e-02
1.885500000000000000e+04 1.339740516273864313e-02
1.885829999999999927e+04 1.388120426281118890e-02
1.886159999999999854e+04 1.434923643216745072e-02
1.886490000000000146e+04 1.487737964890470041e-02
1.886820000000000073e+04 1.541424120538712438e-02
1.887150000000000000e+04 1.592764111439340727e-02
1.887479999999999927e+04 1.637120456584173142e-02
1.887809999999999854e+04 1.686386610136103928e-02
1.888140000000000146e+04 1.738982908650562806e-02
1.888470000000000073e+04 1.791709199316002601e-02
1.888800000000000000e+04 1.841732385129352806e-02
1.889129999999999927e+04 1.891761992106492929e-02
1.889459999999999854e+04 1.945278755032548226e-02
1.889790000000000146e+04 1.998798867246753819e-02
1.890120000000000073e+04 2.050927374712421813e-02
1.890440000000000146e+04 2.100675493377639896e-02
1.890770000000000073e+04 2.159096505821248013e-02
1.891100000000000000e+04 2.211939967675373431e-02
1.891429999999999927e+04 2.270040870193128224e-02
1.891759999999999854e+04 2.326781246213355941e-02
1.892090000000000146e+04 2.384610033133737969e-02
1.892420000000000073e+04 2.441842591186922651e-02
1.892750000000000000e+04 2.496383223407584728e-02
1.893079999999999927e+04 2.555186438364106041e-02
1.893409999999999854e+04 2.612628853706881055e-02
1.893740000000000146e+04 2.666859941180068153e-02
1.894070000000000073e+04 2.716687255018881628e-02
1.894400000000000000e+04 2.772283834316202969e-02
1.894729999999999927e+04 2.823285272724308098e-02
1.895059999999999854e+04 2.873374912784307234e-02
1.895390000000000146e+04 2.924941046255103219e-02
1.895720000000000073e+04 2.970264050392466826e-02
1.896050000000000000e+04 3.019241007489007270e-02
1.896379999999999927e+04 3.064507396918977541e-02
1.896709999999999854e+04 3.107256952755724569e-02
1.897029999999999927e+04 3.147347747067061330e-02
1.897359999999999854e+04 3.186563950367779507e-02
1.897690000000000146e+04 3.231569567037228391e-02
1.898020000000000073e+04 3.269460661622491937e-02
1.898350000000000000e+04 3.309527668716160526e-02
1.898679999999999927e+04 3.349713703399836984e-02
1.899009999999999854e+04 3.388652009391022318e-02
1.899340000000000146e+04 3.426050619472893050e-02
1.899670000000000073e+04 3.461970862486288963e-02
1.900000000000000000e+04 3.498951961102952229e-02
1.900329999999999927e+04 3.531888200792900750e-02
1.900659999999999854e+04 3.567404566685523915e-02
1.900990000000000146e+04 3.598651131219471333e-02
1.901320000000000073e+04 3.628933428122853300e-02
1.901650000000000000e+04 3.658769926894906571e-02
1.901979999999999927e+04 3.689561000138114055e-02
1.902309999999999854e+04 3.719966797483899301e-02
1.902640000000000146e+04 3.751107717852043139e-02
1.902970000000000073e+04 3.774253591632609206e-02
1.903290000000000146e+04 3.796289357907531997e-02
1.903620000000000073e+04 3.819089797403579095e-02
1.903950000000000000e+04 3.841665703877858440e-02
1.904279999999999927e+04 3.866081403675564188e-02
1.904609999999999854e+04 3.887751417952601402e-02
1.904940000000000146e+04 3.909887895825871901e-02
1.905270000000000073e+04 3.933182657274161831e-02
1.905600000000000000e+04 3.952257333353992319e-02
1.905929999999999927e+04 3.970291931075855402e-02
1.906259999999999854e+04 3.985776591273593183e-02
1.906590000000000146e+04 4.002335724661282984e-02
1.906920000000000073e+04 4.016431095078600022e-02
1.907250000000000000e+04 4.026578809766973022e-02
1.907579999999999927e+04 4.039299117408986367e-02
1.907909999999999854e+04 4.051348196500205445e-02
1.908240000000000146e+04 4.063456280401075288e-02
1.908570000000000073e+04 4.072270373347151862e-02
1.908900000000000000e+04 4.078844145271606769e-02
1.909229999999999927e+04 4.087399813457763542e-02
1.909559999999999854e+04 4.094682531020503446e-02
1.909879999999999927e+04 4.101632357736419848e-02
1.910209999999999854e+04 4.104661166294600733e-02
1.910540000000000146e+04 4.111032345366221613e-02
1.910870000000000073e+04 4.116927871394196470e-02
1.911200000000000000e+04 4.118474782225963610e-02
1.911529999999999927e+04 4.120686685241967823e-02
1.911859999999999854e+04 4.114767676798782026e-02
1.912190000000000146e+04 4.114096523633488378e-02
1.912520000000000073e+04 4.107510186896197457e-02
1.912850000000000000e+04 4.099108789360210447e-02
1.913179999999999927e+04 4.093639663966005399e-02
1.913509999999999854e+04 4.089135633498296174e-02
1.913840000000000146e+04 4.082503670832564324e-02
1.914170000000000073e+04 4.070404198021423253e-02
1.914500000000000000e+04 4.062298818509758186e-02
1.914829999999999927e+04 4.050344432276407891e-02
1.915159999999999854e+04 4.040434293551812411e-02
1.915490000000000146e+04 4.027932284785516737e-02
1.915820000000000073e+04 4.012928271113692241e-02
1.916140000000000146e+04 4.002876813078198870e-02
1.916470000000000073e+04 3.987459480527132810e-02
1.916800000000000000e+04 3.974293472112923331e-02
1.917129999999999927e+04 3.956470201296436590e-02
1.917459999999999854e+04 3.939836064347924938e-02
1.917790000000000146e+04 3.922548365739334658e-02
1.918120000000000073e+04 3.904809443334451846e-02
1.918450000000000000e+04 3.885535246157796607e-02
1.918779999999999927e+04 3.863280632303068424e-02
1.919109999999999854e+04 3.842239900338430270e-02
1.919440000000000146e+04 3.824009961449817419e-02
1.919770000000000073e+04 3.805305681342690399e-02
1.920100000000000000e+04 3.783845645115032491e-02
1.920429999999999927e+04 3.762060069841784149e-02
1.920759999999999854e+04 3.738939521385645226e-02
1.921090000000000146e+04 3.714423776044394748e-02
1.921420000000000073e+04 3.689461181471898749e-02
1.921750000000000000e+04 3.664466572272149364e-02
1.922079999999999927e+04 3.639899459388931668e-02
1.922409999999999854e+04 3.613063667756628849e-02
1.922729999999999927e+04 3.585886698181235677e-02
1.923059999999999854e+04 3.557016806936141862e-02
1.923390000000000146e+04 3.531980817886594404e-02
1.923720000000000073e+04 3.506589026780576601e-02
1.924050000000000000e+04 3.476532485709836473e-02
1.924379999999999927e+04 3.446791407222838527e-02
1.924709999999999854e+04 3.418832371404769560e-02
1.925040000000000146e+04 3.387943063834052831e-02
1.925370000000000073e+04 3.354739222759595824e-02
1.925700000000000000e+04 3.324388284011440403e-02
1.926029999999999927e+04 3.290634438032977865e-02
1.926359999999999854e+04 3.257214785348046954e-02
1.926690000000000146e+04 3.226864885002097422e-02
1.927020000000000073e+04 3.191495221005964666e-02
1.927350000000000000e+04 3.158145330424684538e-02
1.927679999999999927e+04 3.124882684425823315e-02
1.928009999999999854e+04 3.090782952550698293e-02
1.928340000000000146e+04 3.058384388816440605e-02
1.928670000000000073e+04 3.024201787714991818e-02
1.929000000000000000e+04 2.990633595752148835e-02
1.929320000000000073e+04 2.959084522779472856e-02
1.929650000000000000e+04 2.925327755742702235e-02
1.929979999999999927e+04 2.892730781038295104e-02
1.930309999999999854e+04 2.860465021372846778e-02
1.930640000000000146e+04 2.828311034743342250e-02
1.930970000000000073e+04 2.797334699703064517e-02
1.931300000000000000e+04 2.764008699766935112e-02
1.931629999999999927e+04 2.726871425097940338e-02
1.931959999999999854e+04 2.692886048786377953e-02
1.932290000000000146e+04 2.658013364886875965e-02
1.932620000000000073e+04 2.621850922298851402e-02
1.932950000000000000e+04 2.588540454873804880e-02
1.933279999999999927e+04 2.554369389661432371e-02
1.933609999999999854e+04 2.523667599797314517e-02
1.933940000000000146e+04 2.489949241425431017e-02
1.934270000000000073e+04 2.456441966827723269e-02
1.934600000000000000e+04 2.422504893885638749e-02
1.934929999999999927e+04 2.387968724564331832e-02
1.935259999999999854e+04 2.354257543767919111e-02
1.935579999999999927e+04 2.321052427336255802e-02
1.935909999999999854e+04 2.286388902707655116e-02
1.936240000000000146e+04 2.251853426774853492e-02
1.936570000000000073e+04 2.219153352134693030e-02
1.936900000000000000e+04 2.187181095261289676e-02
1.937229999999999927e+04 2.152885939935361356e-02
1.937559999999999854e+04 2.119536978105100028e-02
1.937890000000000146e+04 2.086456259528567461e-02
1.938220000000000073e+04 2.053219406279838122e-02
1.938550000000000000e+04 2.021613106655668554e-02
1.938879999999999927e+04 1.990729865817065375e-02
1.939209999999999854e+04 1.959437680354074451e-02
1.939540000000000146e+04 1.929660771296028490e-02
1.939870000000000073e+04 1.898084005529473636e-02
1.940200000000000000e+04 1.865824536733512798e-02
1.940529999999999927e+04 1.836134853942048353e-02
1.940859999999999854e+04 1.807062176495506656e-02
1.941190000000000146e+04 1.774831436597737802e-02
1.941520000000000073e+04 1.746303064684954359e-02
1.941850000000000000e+04 1.716805371918681683e-02
1.942170000000000073e+04 1.685318960358762885e-02
1.942500000000000000e+04 1.656264090545574164e-02
1.942829999999999927e+04 1.627474068637530316e-02
1.943159999999999854e+04 1.599524147607509286e-02
1.943490000000000146e+04 1.570608608957378000e-02
1.943820000000000073e+04 1.541381758208435100e-02
1.944150000000000000e+04 1.513849059373643079e-02
1.944479999999999927e+04 1.486377922997883690e-02
1.944809999999999854e+04 1.460076334713759569e-02
1.945140000000000146e+04 1.433946836105684866e-02
1.945470000000000073e+04 1.407740265973230279e-02
1.945800000000000000e+04 1.382893881231398066e-02
1.946129999999999927e+04 1.358036485592539235e-02
1.946459999999999854e+04 1.332653136015111116e-02
1.946790000000000146e+04 1.307716343471172771e-02
1.947120000000000073e+04 1.284377561348523308e-02
1.947450000000000000e+04 1.257945602837297686e-02
1.947779999999999927e+04 1.235487562636856593e-02
1.948109999999999854e+04 1.211749211894383796e-02
1.948429999999999927e+04 1.186395500883630390e-02
1.948759999999999854e+04 1.165604500110055050e-02
1.949090000000000146e+04 1.143566267250426677e-02
1.949420000000000073e+04 1.118830896997958721e-02
1.949750000000000000e+04 1.095323039619587949e-02
1.950079999999999927e+04 1.070318029625240419e-02
1.950409999999999854e+04 1.046774385804692328e-02
1.950740000000000146e+04 1.024268012470438798e-02
1.951070000000000073e+04 1.001809537002518354e-02
1.951400000000000000e+04 9.772296130220327337e-03
1.951729999999999927e+04 9.541730874762564471e-03
1.952059999999999854e+04 9.318160318558307148e-03
1.952390000000000146e+04 9.116918699976380575e-03
1.952720000000000073e+04 8.899660806155743065e-03
1.953050000000000000e+04 8.685256872335652203e-03
1.953379999999999927e+04 8.468112231056614675e-03
1.953709999999999854e+04 8.285819491977423901e-03
1.954040000000000146e+04 8.080300777380425986e-03
1.954370000000000073e+04 7.847638963942631107e-03
1.954700000000000000e+04 7.611698102579459758e-03
1.955020000000000073e+04 7.385196508836839105e-03
1.955350000000000000e+04 7.163418611902136121e-03
1.955679999999999927e+04 6.939496866741175218e-03
1.956009999999999854e+04 6.723228413282865759e-03
1.956340000000000146e+04 6.497361025578581029e-03
1.956670000000000073e+04 6.291095799296124967e-03
1.957000000000000000e+04 6.089740622509597426e-03
1.957329999999999927e+04 5.891466078020025053e-03
1.957659999999999854e+04 5.692816594444007755e-03
1.957990000000000146e+04 5.484338163217310387e-03
1.958320000000000073e+04 5.314915105254579275e-03
1.958650000000000000e+04 5.130292715567362147e-03
1.958979999999999927e+04 4.936719125541264887e-03
1.959309999999999854e+04 4.746361155498286279e-03
1.959640000000000146e+04 4.549198902067368676e-03
1.959970000000000073e+04 4.368014587940049868e-03
1.960300000000000000e+04 4.174278475040753278e-03
1.960629999999999927e+04 3.996186535310238507e-03
1.960959999999999854e+04 3.808201531843166936e-03
1.961290000000000146e+04 3.639661015798443481e-03
1.961609999999999854e+04 3.469174101594454853e-03
1.961940000000000146e+04 3.297847803499968401e-03
1.962270000000000073e+04 3.122472251056716049e-03
1.962600000000000000e+04 2.944585407861218754e-03
1.962929999999999927e+04 2.762354365520663067e-03
1.963259999999999854e+04 2.597380115158784246e-03
1.963590000000000146e+04 2.427979867791795702e-03
1.963920000000000073e+04 2.250327961377314879e-03
1.964250000000000000e+04 2.066444689118411386e-03
1.964579999999999927e+04 1.896622304766952495e-03
1.964909999999999854e+04 1.727488133845454582e-03
1.965240000000000146e+04 1.542602619159089356e-03
1.965570000000000073e+04 1.379818394167058688e-03
1.965900000000000000e+04 1.242540310054686013e-03
1.966229999999999927e+04 1.101380436300706612e-03
1.966559999999999854e+04 9.475697982252688631e-04
1.966890000000000146e+04 8.025505993556551320e-04
1.967220000000000073e+04 6.547175746083040530e-04
1.967550000000000000e+04 5.204277899848481093e-04
1.967870000000000073e+04 3.979729400081896858e-04
1.968200000000000000e+04 2.842887729739849490e-04
1.968529999999999927e+04 1.468216298117456934e-04
1.968859999999999854e+04 2.011071659413863754e-05
1.969190000000000146e+04 -8.873943350155762697e-05
1.969520000000000073e+04 -2.213021682360443614e-04
1.969850000000000000e+04 -3.362889218448587110e-04
1.970179999999999927e+04 -4.646388587658089177e-04
1.970509999999999854e+04 -5.967341019293442199e-04
1.970840000000000146e+04 -7.097366169840172443e-04
1.971170000000000073e+04 -8.131001594982452093e-04
1.971500000000000000e+04 -9.225366136420206113e-04
1.971829999999999927e+04 -1.032239642179063515e-03
1.972159999999999854e+04 -1.097480435548847926e-03
1.972490000000000146e+04 -1.176815845818077362e-03
1.972820000000000073e+04 -1.276242237059702946e-03
1.973150000000000000e+04 -1.383291485872006942e-03
1.973479999999999927e+04 -1.472372121690402984e-03
1.973809999999999854e+04 -1.583000091846489170e-03
1.974140000000000146e+04 -1.678784840409894459e-03
1.974459999999999854e+04 -1.773365718923671300e-03
1.974790000000000146e+04 -1.871369072242156598e-03
1.975120000000000073e+04 -1.944754311779620494e-03
1.975450000000000000e+04 -2.008650848963607592e-03
1.975779999999999927e+04 -2.072543197683357572e-03
1.976109999999999854e+04 -2.154066166883359182e-03
1.976440000000000146e+04 -2.233795183579069706e-03
1.976770000000000073e+04 -2.319122676848149427e-03
1.977100000000000000e+04 -2.414160661835997295e-03
1.977429999999999927e+04 -2.487581301146763769e-03
1.977759999999999854e+04 -2.590147069705907822e-03
1.978090000000000146e+04 -2.681509221880403263e-03
1.978420000000000073e+04 -2.769801468970873974e-03
1.978750000000000000e+04 -2.857336845971011376e-03
1.979079999999999927e+04 -2.969211160426978805e-03
1.979409999999999854e+04 -3.041325490984824950e-03
1.979740000000000146e+04 -3.109690422068703795e-03
1.980070000000000073e+04 -3.198261736557731459e-03
1.980400000000000000e+04 -3.266876314829815584e-03
1.980720000000000073e+04 -3.339594683981755331e-03
1.981050000000000000e+04 -3.389315648460592897e-03
1.981379999999999927e+04 -3.432356203153754358e-03
1.981709999999999854e+04 -3.507068671420672870e-03
1.982040000000000146e+04 -3.554274662516631461e-03
1.982370000000000073e+04 -3.607735024319941395e-03
1.982700000000000000e+04 -3.671562044028235661e-03
1.983029999999999927e+04 -3.707143920053730668e-03
1.983359999999999854e+04 -3.736764603292813333e-03
1.983690000000000146e+04 -3.780928184050802183e-03
1.984020000000000073e+04 -3.821194863391771251e-03
1.984350000000000000e+04 -3.877557546048532137e-03
1.984679999999999927e+04 -3.921662038474577928e-03
1.985009999999999854e+04 -3.981993303143763208e-03
1.985340000000000146e+04 -4.039905753366756884e-03
1.985670000000000073e+04 -4.120786373406624611e-03
1.986000000000000000e+04 -4.185693349516954320e-03
1.986329999999999927e+04 -4.264811381533002536e-03
1.986659999999999854e+04 -4.321013158596531158e-03
1.986990000000000146e+04 -4.343448240616529059e-03
1.987309999999999854e+04 -4.374503731492653848e-03
1.987640000000000146e+04 -4.416053501320706814e-03
1.987970000000000073e+04 -4.462042540835164245e-03
1.988300000000000000e+04 -4.479542450063997774e-03
1.988629999999999927e+04 -4.552785669070848369e-03
1.988959999999999854e+04 -4.622976473929109494e-03
1.989290000000000146e+04 -4.655880696902124811e-03
1.989620000000000073e+04 -4.659673660806547962e-03
1.989950000000000000e+04 -4.679994218077101337e-03
1.990279999999999927e+04 -4.698644189166427398e-03
1.990609999999999854e+04 -4.717650845027006150e-03
1.990940000000000146e+04 -4.732306091301913438e-03
1.991270000000000073e+04 -4.789826989827960547e-03
1.991600000000000000e+04 -4.820541879493630069e-03
1.991929999999999927e+04 -4.859908365703566845e-03
1.992259999999999854e+04 -4.892156746890560619e-03
1.992590000000000146e+04 -4.923390845175356495e-03
