1.716800000000000000e+04 4.275365609909499904e-04
1.717129999999999927e+04 4.230658119174754471e-04
1.717459999999999854e+04 4.273165910620574924e-04
1.717790000000000146e+04 4.344025008147679853e-04
1.718120000000000073e+04 4.423006059678663972e-04
1.718450000000000000e+04 4.492220022043901429e-04
1.718779999999999927e+04 4.500098389274570921e-04
1.719109999999999854e+04 4.532767618005497951e-04
1.719440000000000146e+04 4.511319481812400812e-04
1.719770000000000073e+04 4.665941394244689576e-04
1.720100000000000000e+04 4.731109778510330039e-04
1.720429999999999927e+04 4.816826380110345073e-04
1.720759999999999854e+04 4.692006350943316376e-04
1.721090000000000146e+04 4.651607718603311282e-04
1.721420000000000073e+04 4.787747938380948758e-04
1.721750000000000000e+04 4.697811255087950958e-04
1.722079999999999927e+04 4.585589529698783800e-04
1.722409999999999854e+04 4.714125261136033044e-04
1.722729999999999927e+04 4.681304172236699793e-04
1.723059999999999854e+04 4.683054193681339384e-04
1.723390000000000146e+04 4.791518346481503246e-04
1.723720000000000073e+04 4.754258416426071390e-04
1.724050000000000000e+04 4.813521317053050231e-04
1.724379999999999927e+04 4.810496946102096232e-04
1.724709999999999854e+04 4.831069212867192958e-04
1.725040000000000146e+04 4.805670267679841459e-04
1.725370000000000073e+04 4.889660014583068577e-04
1.725700000000000000e+04 4.924571159363570500e-04
1.726029999999999927e+04 5.034040129274272969e-04
1.726359999999999854e+04 5.010847871838498445e-04
1.726690000000000146e+04 5.031770467442808065e-04
1.727020000000000073e+04 4.937830013310998611e-04
1.727350000000000000e+04 5.016846968202095690e-04
1.727679999999999927e+04 4.992601377154610651e-04
1.728009999999999854e+04 4.972355666898657742e-04
1.728340000000000146e+04 5.061509150583908467e-04
1.728670000000000073e+04 5.117270612646305367e-04
1.729000000000000000e+04 5.267323726061639384e-04
1.729320000000000073e+04 5.347839153811329189e-04
1.729650000000000000e+04 5.486335356111596761e-04
1.729979999999999927e+04 5.484343134438836830e-04
1.730309999999999854e+04 5.434159864960813298e-04
1.730640000000000146e+04 5.436175835589071798e-04
1.730970000000000073e+04 5.544522000350155530e-04
1.731300000000000000e+04 5.603837613818242512e-04
1.731629999999999927e+04 5.625676155812187398e-04
1.731959999999999854e+04 5.596957416826561825e-04
1.732290000000000146e+04 5.729489938618274620e-04
1.732620000000000073e+04 5.744563384973095993e-04
1.732950000000000000e+04 5.833888075557169643e-04
1.733279999999999927e+04 5.904316790418011806e-04
1.733609999999999854e+04 5.978058457942934077e-04
1.733940000000000146e+04 6.094459692034661985e-04
1.734270000000000073e+04 6.179326898852250836e-04
1.734600000000000000e+04 6.175223699531632790e-04
1.734929999999999927e+04 6.197306200449504733e-04
1.735259999999999854e+04 6.391027951295293920e-04
1.735579999999999927e+04 6.441442569441952273e-04
1.735909999999999854e+04 6.446848777314939010e-04
1.736240000000000146e+04 6.477368803353270900e-04
1.736570000000000073e+04 6.473766038987255854e-04
1.736900000000000000e+04 6.531510839468055970e-04
1.737229999999999927e+04 6.592296508359894855e-04
1.737559999999999854e+04 6.620159338740260260e-04
1.737890000000000146e+04 6.678149185922756768e-04
1.738220000000000073e+04 6.779555073973399064e-04
1.738550000000000000e+04 6.793174812650646125e-04
1.738879999999999927e+04 6.784313249664099656e-04
1.739209999999999854e+04 6.807550597528448265e-04
1.739540000000000146e+04 6.776454124305395302e-04
1.739870000000000073e+04 6.738486384591221628e-04
1.740200000000000000e+04 6.746988719967846179e-04
1.740529999999999927e+04 6.722016020866472324e-04
1.740859999999999854e+04 6.797622620848250757e-04
1.741190000000000146e+04 6.772607515614760890e-04
1.741520000000000073e+04 6.819747106443213970e-04
1.741850000000000000e+04 6.725835243254702292e-04
1.742170000000000073e+04 6.765681030143419613e-04
1.742500000000000000e+04 6.920909906242308889e-04
1.742829999999999927e+04 7.050698686429621468e-04
1.743159999999999854e+04 7.031801982937679885e-04
1.743490000000000146e+04 7.164462160120726271e-04
1.743820000000000073e+04 7.200348771891648767e-04
1.744150000000000000e+04 7.279602636521437806e-04
1.744479999999999927e+04 7.249933091276140797e-04
1.744809999999999854e+04 7.268710394130417597e-04
1.745140000000000146e+04 7.316221177110332182e-04
1.745470000000000073e+04 7.297666384800110140e-04
1.745800000000000000e+04 7.321807347207589774e-04
1.746129999999999927e+04 7.300801932600324649e-04
1.746459999999999854e+04 7.283222956937942085e-04
1.746790000000000146e+04 7.345408456425775532e-04
1.747120000000000073e+04 7.357520862737633059e-04
1.747450000000000000e+04 7.299333974627576858e-04
1.747779999999999927e+04 7.251112080120222835e-04
1.748109999999999854e+04 7.229922769542780799e-04
1.748429999999999927e+04 7.301791157953549296e-04
1.748759999999999854e+04 7.267688778463855673e-04
1.749090000000000146e+04 7.296949501945285523e-04
1.749420000000000073e+04 7.296967449308775638e-04
1.749750000000000000e+04 7.252457935236712640e-04
1.750079999999999927e+04 7.237416257075764310e-04
1.750409999999999854e+04 7.166779730999996503e-04
1.750740000000000146e+04 7.131934667633062696e-04
1.751070000000000073e+04 7.107768828901328420e-04
1.751400000000000000e+04 7.135443801909272269e-04
1.751729999999999927e+04 7.083891300754218117e-04
1.752059999999999854e+04 7.058084173562049774e-04
1.752390000000000146e+04 7.100867054884681725e-04
1.752720000000000073e+04 7.098873914146406911e-04
1.753050000000000000e+04 7.112227961029276820e-04
1.753379999999999927e+04 7.091169624310780621e-04
1.753709999999999854e+04 7.024555732177797159e-04
1.754040000000000146e+04 7.038639875533407456e-04
1.754370000000000073e+04 6.992909481961261976e-04
1.754700000000000000e+04 7.064238200098326825e-04
1.755020000000000073e+04 7.059108698497576755e-04
1.755350000000000000e+04 7.136747636501750754e-04
1.755679999999999927e+04 7.142591494747160992e-04
1.756009999999999854e+04 7.199524743268445603e-04
1.756340000000000146e+04 7.268250339637072344e-04
1.756670000000000073e+04 7.280596773807895654e-04
1.757000000000000000e+04 7.240627269136801084e-04
1.757329999999999927e+04 7.204826982294330840e-04
1.757659999999999854e+04 7.282230745934898698e-04
1.757990000000000146e+04 7.317185019699921737e-04
1.758320000000000073e+04 7.355149887946465766e-04
1.758650000000000000e+04 7.389169237435640062e-04
1.758979999999999927e+04 7.337478542209584882e-04
1.759309999999999854e+04 7.296947523878949578e-04
1.759640000000000146e+04 7.304508364796620133e-04
1.759970000000000073e+04 7.260768326431822454e-04
1.760300000000000000e+04 7.210965108724083509e-04
1.760629999999999927e+04 7.181391313565281022e-04
1.760959999999999854e+04 7.202839330813054193e-04
1.761290000000000146e+04 7.222600325242268691e-04
1.761609999999999854e+04 7.241714439656263226e-04
1.761940000000000146e+04 7.348886231592686004e-04
1.762270000000000073e+04 7.373832133800897314e-04
1.762600000000000000e+04 7.347307704827016816e-04
1.762929999999999927e+04 7.360757803844149554e-04
1.763259999999999854e+04 7.397623279539249043e-04
1.763590000000000146e+04 7.424336670390083636e-04
1.763920000000000073e+04 7.509221544975949519e-04
1.764250000000000000e+04 7.488554382431962747e-04
1.764579999999999927e+04 7.511769462395347444e-04
1.764909999999999854e+04 7.473839606377985934e-04
1.765240000000000146e+04 7.544689001850009768e-04
1.765570000000000073e+04 7.455074793792162979e-04
1.765900000000000000e+04 7.515613461235643626e-04
1.766229999999999927e+04 7.556763043856714462e-04
1.766559999999999854e+04 7.590449674351802027e-04
1.766890000000000146e+04 7.660181994530270485e-04
1.767220000000000073e+04 7.756659870530868695e-04
1.767550000000000000e+04 7.796428029801469881e-04
1.767870000000000073e+04 7.823936065547266267e-04
1.768200000000000000e+04 7.863485864302049337e-04
1.768529999999999927e+04 7.881173535414163741e-04
1.768859999999999854e+04 7.812962106743114466e-04
1.769190000000000146e+04 7.847780001837103333e-04
1.769520000000000073e+04 7.858351761887308416e-04
1.769850000000000000e+04 7.920985184142624504e-04
1.770179999999999927e+04 7.977023523650552794e-04
1.770509999999999854e+04 7.994137722482639371e-04
1.770840000000000146e+04 8.115254385006975650e-04
1.771170000000000073e+04 8.104901940215096610e-04
1.771500000000000000e+04 8.150849389796009864e-04
1.771829999999999927e+04 8.139934429218396647e-04
1.772159999999999854e+04 8.194337670564594191e-04
1.772490000000000146e+04 8.185444896820638205e-04
1.772820000000000073e+04 8.198848805098785499e-04
1.773150000000000000e+04 8.256957356676438700e-04
1.773479999999999927e+04 8.324428209159029325e-04
1.773809999999999854e+04 8.317773121216045108e-04
1.774140000000000146e+04 8.345919964268007493e-04
1.774459999999999854e+04 8.358115834583605078e-04
1.774790000000000146e+04 8.460507288073152712e-04
1.775120000000000073e+04 8.520310272575582454e-04
1.775450000000000000e+04 8.574824818038497606e-04
1.775779999999999927e+04 8.635109093458331756e-04
1.776109999999999854e+04 8.749406151829973661e-04
1.776440000000000146e+04 8.836540212821020505e-04
1.776770000000000073e+04 8.895509545563090158e-04
1.777100000000000000e+04 8.949528728541789827e-04
1.777429999999999927e+04 9.005816268401577044e-04
1.777759999999999854e+04 9.007050433484180794e-04
1.778090000000000146e+04 9.021906672197173901e-04
1.778420000000000073e+04 8.980649378464615820e-04
1.778750000000000000e+04 9.071109532001150107e-04
1.779079999999999927e+04 9.196151357965321512e-04
1.779409999999999854e+04 9.277273768023037038e-04
1.779740000000000146e+04 9.334343621389342045e-04
1.780070000000000073e+04 9.364132422655655538e-04
1.780400000000000000e+04 9.380532221441192876e-04
1.780720000000000073e+04 9.516609058158619940e-04
1.781050000000000000e+04 9.572525433633200659e-04
1.781379999999999927e+04 9.719045374648885641e-04
1.781709999999999854e+04 9.753557167586161250e-04
1.782040000000000146e+04 9.896148796687796474e-04
1.782370000000000073e+04 9.973132748257672840e-04
1.782700000000000000e+04 1.004271331535531173e-03
1.783029999999999927e+04 1.006372386751814554e-03
1.783359999999999854e+04 1.006972896130890489e-03
1.783690000000000146e+04 1.010521013206830496e-03
1.784020000000000073e+04 1.016272241496007358e-03
1.784350000000000000e+04 1.023726838195075173e-03
1.784679999999999927e+04 1.025220373799212584e-03
1.785009999999999854e+04 1.031116267364567659e-03
1.785340000000000146e+04 1.043393745346327291e-03
1.785670000000000073e+04 1.046808791065260156e-03
1.786000000000000000e+04 1.054928801107205862e-03
1.786329999999999927e+04 1.059104621171635995e-03
1.786659999999999854e+04 1.061987375129470586e-03
1.786990000000000146e+04 1.069195816703834116e-03
1.787309999999999854e+04 1.071734096974023397e-03
1.787640000000000146e+04 1.074965861373145329e-03
1.787970000000000073e+04 1.076850550435093845e-03
1.788300000000000000e+04 1.079428420438089190e-03
1.788629999999999927e+04 1.081372472584182657e-03
1.788959999999999854e+04 1.086523574848050934e-03
1.789290000000000146e+04 1.091626514277173202e-03
1.789620000000000073e+04 1.102293375167923053e-03
1.789950000000000000e+04 1.107192832194289506e-03
1.790279999999999927e+04 1.114631662635048003e-03
1.790609999999999854e+04 1.118588558418534941e-03
1.790940000000000146e+04 1.119549272310835187e-03
1.791270000000000073e+04 1.121838949934276641e-03
1.791600000000000000e+04 1.121261877383196827e-03
1.791929999999999927e+04 1.118782041724413661e-03
1.792259999999999854e+04 1.123763189272304706e-03
1.792590000000000146e+04 1.122092533440696227e-03
1.792920000000000073e+04 1.122485935908955476e-03
1.793250000000000000e+04 1.120597188953090890e-03
1.793570000000000073e+04 1.128679211878531050e-03
1.793900000000000000e+04 1.133943764621201744e-03
1.794229999999999927e+04 1.134710305907940401e-03
1.794559999999999854e+04 1.140589735772799687e-03
1.794890000000000146e+04 1.155126441121839169e-03
1.795220000000000073e+04 1.153873315653195343e-03
1.795550000000000000e+04 1.151279546822491211e-03
1.795879999999999927e+04 1.161488555660940454e-03
1.796209999999999854e+04 1.159796698399213942e-03
1.796540000000000146e+04 1.163201413820696452e-03
1.796870000000000073e+04 1.164773454535494987e-03
1.797200000000000000e+04 1.163654215466833472e-03
1.797529999999999927e+04 1.167472840308295080e-03
1.797859999999999854e+04 1.167542436914497999e-03
1.798190000000000146e+04 1.170288089324335919e-03
1.798520000000000073e+04 1.175067965673670493e-03
1.798850000000000000e+04 1.174566143125374117e-03
1.799179999999999927e+04 1.174487157935684379e-03
1.799509999999999854e+04 1.181779322144582700e-03
1.799840000000000146e+04 1.189126747066607996e-03
1.800159999999999854e+04 1.188536604709861631e-03
1.800490000000000146e+04 1.190605631979160372e-03
1.800820000000000073e+04 1.192375960888198945e-03
1.801150000000000000e+04 1.197932968510962044e-03
1.801479999999999927e+04 1.197163038131154487e-03
1.801809999999999854e+04 1.201248279150326581e-03
1.802140000000000146e+04 1.203783932079106325e-03
1.802470000000000073e+04 1.207972907736199223e-03
1.802800000000000000e+04 1.208995832885289634e-03
1.803129999999999927e+04 1.209871255580100870e-03
1.803459999999999854e+04 1.201614265416575374e-03
1.803790000000000146e+04 1.197317025914092963e-03
1.804120000000000073e+04 1.196736662639182134e-03
1.804450000000000000e+04 1.198952334695777911e-03
1.804779999999999927e+04 1.210400522029269569e-03
1.805109999999999854e+04 1.206919671011267041e-03
1.805440000000000146e+04 1.210583414103999673e-03
1.805770000000000073e+04 1.214889413391557777e-03
1.806100000000000000e+04 1.216935225706915766e-03
1.806429999999999927e+04 1.216560486149088210e-03
1.806750000000000000e+04 1.216798290582521208e-03
1.807079999999999927e+04 1.209335737567494027e-03
1.807409999999999854e+04 1.210248687282898484e-03
1.807740000000000146e+04 1.213112589277630295e-03
1.808070000000000073e+04 1.209034674749559935e-03
1.808400000000000000e+04 1.213278719405109412e-03
1.808729999999999927e+04 1.211944035328061829e-03
1.809059999999999854e+04 1.212681919844531232e-03
1.809390000000000146e+04 1.218456636984054401e-03
1.809720000000000073e+04 1.225547419585412429e-03
1.810050000000000000e+04 1.219673122523160782e-03
1.810379999999999927e+04 1.219579443616825281e-03
1.810709999999999854e+04 1.232412439365898485e-03
1.811040000000000146e+04 1.242020542100236592e-03
1.811370000000000073e+04 1.243802640283203642e-03
1.811700000000000000e+04 1.236263455060841905e-03
1.812029999999999927e+04 1.233628448593137531e-03
1.812359999999999854e+04 1.225682728325568549e-03
1.812690000000000146e+04 1.223227993992712700e-03
1.813009999999999854e+04 1.219143889297899649e-03
1.813340000000000146e+04 1.219791665868676838e-03
1.813670000000000073e+04 1.232413647634784254e-03
1.814000000000000000e+04 1.265055522317152592e-03
1.814329999999999927e+04 1.263493224272854926e-03
1.814659999999999854e+04 1.261246032697774765e-03
1.814990000000000146e+04 1.257825048839608965e-03
1.815320000000000073e+04 1.260027267816380119e-03
1.815650000000000000e+04 1.255754759772710659e-03
1.815979999999999927e+04 1.264649663577897343e-03
1.816309999999999854e+04 1.271913113052400724e-03
1.816640000000000146e+04 1.275098237466877225e-03
1.816970000000000073e+04 1.283973220585366481e-03
1.817300000000000000e+04 1.284112164783285772e-03
1.817629999999999927e+04 1.295156049599915753e-03
1.817959999999999854e+04 1.306318139300406602e-03
1.818290000000000146e+04 1.332311030705135568e-03
1.818620000000000073e+04 1.351107145936117837e-03
1.818950000000000000e+04 1.367132918663116785e-03
1.819279999999999927e+04 1.380371602663801487e-03
1.819600000000000000e+04 1.393352111856665252e-03
1.819929999999999927e+04 1.430171789893258704e-03
1.820259999999999854e+04 1.434050955275430021e-03
1.820590000000000146e+04 1.439907017823062289e-03
1.820920000000000073e+04 1.450906378148920451e-03
1.821250000000000000e+04 1.447665194085793767e-03
1.821579999999999927e+04 1.460419118709306834e-03
1.821909999999999854e+04 1.480438378374459305e-03
1.822240000000000146e+04 1.509309004379777702e-03
1.822570000000000073e+04 1.526097782497578799e-03
1.822900000000000000e+04 1.556949257393236462e-03
1.823229999999999927e+04 1.579723569719248882e-03
1.823559999999999854e+04 1.618276870184291250e-03
1.823890000000000146e+04 1.646604222516002665e-03
1.824220000000000073e+04 1.672457606828154156e-03
1.824550000000000000e+04 1.702862277201972613e-03
1.824879999999999927e+04 1.742518198397965132e-03
1.825209999999999854e+04 1.765806869220945194e-03
1.825540000000000146e+04 1.804854065349455064e-03
1.825859999999999854e+04 1.830506119567474601e-03
1.826190000000000146e+04 1.865629776766648774e-03
1.826520000000000073e+04 1.900904992390915023e-03
1.826850000000000000e+04 1.925029083761487523e-03
1.827179999999999927e+04 1.932496845090922932e-03
1.827509999999999854e+04 1.937810152224940432e-03
1.827840000000000146e+04 1.935636230607811186e-03
1.828170000000000073e+04 1.963144542490163034e-03
1.828500000000000000e+04 1.995982830458137899e-03
1.828829999999999927e+04 2.029776386465251790e-03
1.829159999999999854e+04 2.063017765138734378e-03
1.829490000000000146e+04 2.096562199205025470e-03
1.829820000000000073e+04 2.113915972078723570e-03
1.830150000000000000e+04 2.115402825427869019e-03
1.830479999999999927e+04 2.116833904832810930e-03
1.830809999999999854e+04 2.151739827470663339e-03
1.831140000000000146e+04 2.179287985464579101e-03
1.831470000000000073e+04 2.202447120131902428e-03
1.831800000000000000e+04 2.226188246144945176e-03
1.832129999999999927e+04 2.277263239872012734e-03
1.832450000000000000e+04 2.290458551146086659e-03
1.832779999999999927e+04 2.313779241023342093e-03
1.833109999999999854e+04 2.356190557166324990e-03
1.833440000000000146e+04 2.384727331776721661e-03
1.833770000000000073e+04 2.423363436809452751e-03
1.834100000000000000e+04 2.457917101758123630e-03
1.834429999999999927e+04 2.472906976984042687e-03
1.834759999999999854e+04 2.487118795537228942e-03
1.835090000000000146e+04 2.516545993952786203e-03
1.835420000000000073e+04 2.545059111876750609e-03
1.835750000000000000e+04 2.579322968240653231e-03
1.836079999999999927e+04 2.609324071231311319e-03
1.836409999999999854e+04 2.620473979576400363e-03
1.836740000000000146e+04 2.652849432345175812e-03
1.837070000000000073e+04 2.699399681326519838e-03
1.837400000000000000e+04 2.736187832016535263e-03
1.837729999999999927e+04 2.784377928322438658e-03
1.838059999999999854e+04 2.822599187764096226e-03
1.838390000000000146e+04 2.857621035691291361e-03
1.838709999999999854e+04 2.878660339668424797e-03
1.839040000000000146e+04 2.910901177400548705e-03
1.839370000000000073e+04 2.924383814854962602e-03
1.839700000000000000e+04 2.958814849943688929e-03
1.840029999999999927e+04 2.975894276457448709e-03
1.840359999999999854e+04 3.013441575478788270e-03
1.840690000000000146e+04 3.042865366409849143e-03
1.841020000000000073e+04 3.075506344141866466e-03
1.841350000000000000e+04 3.094032065952876439e-03
1.841679999999999927e+04 3.126995866192290238e-03
1.842009999999999854e+04 3.141848221667789195e-03
1.842340000000000146e+04 3.172730439718495464e-03
1.842670000000000073e+04 3.198076323620604056e-03
1.843000000000000000e+04 3.227032989254834203e-03
1.843329999999999927e+04 3.265269644541460032e-03
1.843659999999999854e+04 3.320428681324950285e-03
1.843990000000000146e+04 3.374117049616725920e-03
1.844320000000000073e+04 3.440319488099187646e-03
1.844650000000000000e+04 3.490273171764964565e-03
1.844979999999999927e+04 3.530927354548004781e-03
1.845300000000000000e+04 3.566398219328539409e-03
1.845629999999999927e+04 3.606201510129834926e-03
1.845959999999999854e+04 3.628997889551864153e-03
1.846290000000000146e+04 3.684887044843047216e-03
1.846620000000000073e+04 3.703400434876800724e-03
1.846950000000000000e+04 3.724517900100100896e-03
1.847279999999999927e+04 3.749279943146707761e-03
1.847609999999999854e+04 3.774705619841325129e-03
1.847940000000000146e+04 3.790033747368094005e-03
1.848270000000000073e+04 3.807495579600527879e-03
1.848600000000000000e+04 3.802198449290143840e-03
1.848929999999999927e+04 3.819553928774727970e-03
1.849259999999999854e+04 3.838918705121260617e-03
1.849590000000000146e+04 3.841383365913441771e-03
1.849920000000000073e+04 3.865079143326290503e-03
1.850250000000000000e+04 3.891553561139877472e-03
1.850579999999999927e+04 3.922801482483940019e-03
1.850909999999999854e+04 3.978450402526946365e-03
1.851240000000000146e+04 3.986670773536728045e-03
1.851570000000000073e+04 3.991562894689785514e-03
1.851890000000000146e+04 3.998496110426384871e-03
1.852220000000000073e+04 4.016416321803669733e-03
1.852550000000000000e+04 4.053029337016797809e-03
1.852879999999999927e+04 4.094885476241295029e-03
1.853209999999999854e+04 4.138079807466233002e-03
1.853540000000000146e+04 4.171276039695461998e-03
1.853870000000000073e+04 4.213427954022339918e-03
1.854200000000000000e+04 4.259756901274182848e-03
1.854529999999999927e+04 4.314361433490928981e-03
1.854859999999999854e+04 4.344010298700339348e-03
1.855190000000000146e+04 4.388068588840754111e-03
1.855520000000000073e+04 4.437580534314040925e-03
1.855850000000000000e+04 4.503161311138914429e-03
1.856179999999999927e+04 4.565166636592849457e-03
1.856509999999999854e+04 4.616649653170675979e-03
1.856840000000000146e+04 4.667931961473234526e-03
1.857170000000000073e+04 4.702704565058353665e-03
1.857500000000000000e+04 4.762538527269813068e-03
1.857829999999999927e+04 4.840945278008910307e-03
1.858150000000000000e+04 4.893293830310362948e-03
1.858479999999999927e+04 4.954605120324260051e-03
1.858809999999999854e+04 4.995911054639310886e-03
1.859140000000000146e+04 5.056479991034432478e-03
1.859470000000000073e+04 5.114538206490759457e-03
1.859800000000000000e+04 5.169236856229255696e-03
1.860129999999999927e+04 5.216466157016446184e-03
1.860459999999999854e+04 5.285243447800906831e-03
1.860790000000000146e+04 5.346819919449144476e-03
1.861120000000000073e+04 5.432165450756065370e-03
1.861450000000000000e+04 5.541614068803415484e-03
1.861779999999999927e+04 5.616356571830744514e-03
1.862109999999999854e+04 5.680130539623528402e-03
1.862440000000000146e+04 5.776368332405293002e-03
1.862770000000000073e+04 5.850375592908573473e-03
1.863100000000000000e+04 5.988282241981132334e-03
1.863429999999999927e+04 6.081254396042994753e-03
1.863759999999999854e+04 6.179770539431733885e-03
1.864090000000000146e+04 6.286492342217955658e-03
1.864420000000000073e+04 6.466892552470196454e-03
1.864740000000000146e+04 6.602642703264155824e-03
1.865070000000000073e+04 6.729315209894162417e-03
1.865400000000000000e+04 6.880353475975201603e-03
1.865729999999999927e+04 7.022914968502895830e-03
1.866059999999999854e+04 7.169394863589807244e-03
1.866390000000000146e+04 7.296784318439621629e-03
1.866720000000000073e+04 7.413237581978175325e-03
1.867050000000000000e+04 7.523408072568408406e-03
1.867379999999999927e+04 7.639573132932541040e-03
1.867709999999999854e+04 7.797479562724835868e-03
1.868040000000000146e+04 7.990263136699394045e-03
1.868370000000000073e+04 8.224978184995155456e-03
1.868700000000000000e+04 8.462624740317168867e-03
1.869029999999999927e+04 8.674515138649720875e-03
1.869359999999999854e+04 8.945608995012815923e-03
1.869690000000000146e+04 9.205353728067404429e-03
1.870020000000000073e+04 9.328204003543789924e-03
1.870350000000000000e+04 9.432712413197810383e-03
1.870679999999999927e+04 9.637829497002956686e-03
1.871000000000000000e+04 9.930868613655906285e-03
1.871329999999999927e+04 1.014710915284853208e-02
1.871659999999999854e+04 1.030262737802128785e-02
1.871990000000000146e+04 1.047430110520427594e-02
1.872320000000000073e+04 1.063359493169259082e-02
1.872650000000000000e+04 1.081744199218958452e-02
1.872979999999999927e+04 1.095611255527322893e-02
1.873309999999999854e+04 1.112648459396762407e-02
1.873640000000000146e+04 1.130436013981542080e-02
1.873970000000000073e+04 1.149106426767352099e-02
1.874300000000000000e+04 1.154349889215122715e-02
1.874629999999999927e+04 1.171777235820840868e-02
1.874959999999999854e+04 1.178344724742172098e-02
1.875290000000000146e+04 1.186343843144416904e-02
1.875620000000000073e+04 1.193223907949087122e-02
1.875950000000000000e+04 1.207154728910988552e-02
1.876279999999999927e+04 1.221039067365141569e-02
1.876609999999999854e+04 1.233069685535616300e-02
1.876940000000000146e+04 1.241365560574887554e-02
1.877270000000000073e+04 1.254687430743877535e-02
1.877590000000000146e+04 1.272841800260193432e-02
1.877920000000000073e+04 1.278484555322515447e-02
1.878250000000000000e+04 1.293866284754194816e-02
1.878579999999999927e+04 1.311224170407828890e-02
1.878909999999999854e+04 1.331225482617568769e-02
1.879240000000000146e+04 1.354030782056825540e-02
1.879570000000000073e+04 1.376763506959430804e-02
1.879900000000000000e+04 1.403839192536912757e-02
1.880229999999999927e+04 1.432130765455189025e-02
1.880559999999999854e+04 1.461207313245379072e-02
1.880890000000000146e+04 1.483623526894731030e-02
1.881220000000000073e+04 1.510056470218493728e-02
1.881550000000000000e+04 1.539302271523525049e-02
1.881879999999999927e+04 1.566880610016530007e-02
1.882209999999999854e+04 1.594120598832553248e-02
1.882540000000000146e+04 1.623121779811531259e-02
1.882870000000000073e+04 1.653216762833860723e-02
1.883200000000000000e+04 1.683272061563564556e-02
1.883529999999999927e+04 1.713531621888641707e-02
1.883859999999999854e+04 1.743861799474562616e-02
1.884179999999999927e+04 1.772585436486128624e-02
1.884509999999999854e+04 1.799641644978999117e-02
1.884840000000000146e+04 1.823013574320073507e-02
1.885170000000000073e+04 1.845692376301397500e-02
1.885500000000000000e+04 1.869635888919049527e-02
1.885829999999999927e+04 1.888663931800326976e-02
1.886159999999999854e+04 1.907093072316729324e-02
1.886490000000000146e+04 1.942018116318733334e-02
1.886820000000000073e+04 1.978849516356223290e-02
1.887150000000000000e+04 2.005167622951474146e-02
1.887479999999999927e+04 2.020749544865844266e-02
1.887809999999999854e+04 2.046268417550107035e-02
1.888140000000000146e+04 2.078418201796934997e-02
1.888470000000000073e+04 2.107722362565687610e-02
1.888800000000000000e+04 2.137822176803136354e-02
1.889129999999999927e+04 2.165123178407156804e-02
1.889459999999999854e+04 2.200232611888546658e-02
1.889790000000000146e+04 2.232463448222208810e-02
1.890120000000000073e+04 2.263820513707760773e-02
1.890440000000000146e+04 2.292669032124998452e-02
1.890770000000000073e+04 2.336125422363182630e-02
1.891100000000000000e+04 2.368145842367218659e-02
1.891429999999999927e+04 2.410517848003292107e-02
1.891759999999999854e+04 2.453314655428393345e-02
1.892090000000000146e+04 2.496071796815862304e-02
1.892420000000000073e+04 2.535211814966459656e-02
1.892750000000000000e+04 2.572269126170679751e-02
1.893079999999999927e+04 2.612446058892954961e-02
1.893409999999999854e+04 2.653719331669204123e-02
1.893740000000000146e+04 2.690921752570248765e-02
1.894070000000000073e+04 2.720702738053663861e-02
1.894400000000000000e+04 2.759400364469477909e-02
1.894729999999999927e+04 2.793693716587253989e-02
1.895059999999999854e+04 2.826396525317377562e-02
1.895390000000000146e+04 2.858941240725557456e-02
1.895720000000000073e+04 2.885954399401397669e-02
1.896050000000000000e+04 2.914832798656665988e-02
1.896379999999999927e+04 2.940362275121768607e-02
1.896709999999999854e+04 2.962397247120858446e-02
1.897029999999999927e+04 2.980948795992640135e-02
1.897359999999999854e+04 3.001207037362204483e-02
1.897690000000000146e+04 3.024642128981254105e-02
1.898020000000000073e+04 3.043833378625918074e-02
1.898350000000000000e+04 3.064600063089418028e-02
1.898679999999999927e+04 3.085451984007235582e-02
1.899009999999999854e+04 3.105556593744274174e-02
1.899340000000000146e+04 3.124309031486482632e-02
1.899670000000000073e+04 3.139801213545731495e-02
1.900000000000000000e+04 3.157747456383994816e-02
1.900329999999999927e+04 3.172780840709588102e-02
1.900659999999999854e+04 3.190296184696659459e-02
1.900990000000000146e+04 3.203513860408764569e-02
1.901320000000000073e+04 3.214643675531025924e-02
1.901650000000000000e+04 3.225376524650554189e-02
1.901979999999999927e+04 3.238665085896760137e-02
1.902309999999999854e+04 3.251779713085254514e-02
1.902640000000000146e+04 3.266813695209012935e-02
1.902970000000000073e+04 3.273276293373682949e-02
1.903290000000000146e+04 3.280829557040178257e-02
1.903620000000000073e+04 3.287271629601584005e-02
1.903950000000000000e+04 3.293441532016952444e-02
1.904279999999999927e+04 3.300771051928191174e-02
1.904609999999999854e+04 3.305133083935438143e-02
1.904940000000000146e+04 3.311553239173904706e-02
1.905270000000000073e+04 3.318958187818297351e-02
1.905600000000000000e+04 3.323357831404503276e-02
1.905929999999999927e+04 3.326751142584546961e-02
1.906259999999999854e+04 3.326840948067544268e-02
1.906590000000000146e+04 3.329336640316025303e-02
1.906920000000000073e+04 3.329466154742169448e-02
1.907250000000000000e+04 3.325217975611306082e-02
1.907579999999999927e+04 3.323296104750500524e-02
1.907909999999999854e+04 3.321283738085968607e-02
1.908240000000000146e+04 3.319121217578670929e-02
1.908570000000000073e+04 3.315455580621540915e-02
1.908900000000000000e+04 3.309424974250362722e-02
1.909229999999999927e+04 3.303483498510032673e-02
1.909559999999999854e+04 3.298301923912304312e-02
1.909879999999999927e+04 3.292944775495161569e-02
1.910209999999999854e+04 3.283495971539662078e-02
1.910540000000000146e+04 3.277666777121606562e-02
1.910870000000000073e+04 3.272250045702818078e-02
1.911200000000000000e+04 3.263273248576532143e-02
1.911529999999999927e+04 3.254918703360894228e-02
1.911859999999999854e+04 3.238229903061640852e-02
1.912190000000000146e+04 3.225299472859740474e-02
1.912520000000000073e+04 3.208050159187039035e-02
1.912850000000000000e+04 3.189412043838707467e-02
1.913179999999999927e+04 3.175682442320183763e-02
1.913509999999999854e+04 3.162534367251567530e-02
1.913840000000000146e+04 3.145854602823362767e-02
1.914170000000000073e+04 3.125168369613245956e-02
1.914500000000000000e+04 3.108045437723012949e-02
1.914829999999999927e+04 3.086378560044428232e-02
1.915159999999999854e+04 3.067481895408422088e-02
1.915490000000000146e+04 3.045962834000473865e-02
1.915820000000000073e+04 3.024456518969205823e-02
1.916140000000000146e+04 3.006600508134353242e-02
1.916470000000000073e+04 2.984528998441757577e-02
1.916800000000000000e+04 2.963528868985190745e-02
1.917129999999999927e+04 2.938535698148102629e-02
1.917459999999999854e+04 2.915566963660271363e-02
1.917790000000000146e+04 2.893793765149340128e-02
1.918120000000000073e+04 2.871857431836548000e-02
1.918450000000000000e+04 2.846253879866613226e-02
1.918779999999999927e+04 2.819323431983519410e-02
1.919109999999999854e+04 2.792173959846860898e-02
1.919440000000000146e+04 2.768604406262951609e-02
1.919770000000000073e+04 2.743006012365199406e-02
1.920100000000000000e+04 2.717434901054857285e-02
1.920429999999999927e+04 2.692540610379945756e-02
1.920759999999999854e+04 2.665272203884789734e-02
1.921090000000000146e+04 2.639240220329571243e-02
1.921420000000000073e+04 2.610921727310850857e-02
1.921750000000000000e+04 2.580875855628836021e-02
1.922079999999999927e+04 2.552821814828942770e-02
1.922409999999999854e+04 2.523527291296605649e-02
1.922729999999999927e+04 2.493485794496807725e-02
1.923059999999999854e+04 2.462671768056307053e-02
1.923390000000000146e+04 2.435055002305144128e-02
1.923720000000000073e+04 2.407035184453858515e-02
1.924050000000000000e+04 2.376250964289002357e-02
1.924379999999999927e+04 2.345947602426958975e-02
1.924709999999999854e+04 2.315949358851076070e-02
1.925040000000000146e+04 2.284717243086662603e-02
1.925370000000000073e+04 2.251832679310722049e-02
1.925700000000000000e+04 2.222698880345758826e-02
1.926029999999999927e+04 2.189896320362210574e-02
1.926359999999999854e+04 2.156377920931221853e-02
1.926690000000000146e+04 2.127510112220102126e-02
1.927020000000000073e+04 2.094634650481498606e-02
1.927350000000000000e+04 2.062441313069204168e-02
1.927679999999999927e+04 2.031138397026671996e-02
1.928009999999999854e+04 1.997385252575372555e-02
1.928340000000000146e+04 1.967653604695701261e-02
1.928670000000000073e+04 1.935748833041714759e-02
1.929000000000000000e+04 1.903276456657946800e-02
1.929320000000000073e+04 1.873367280133085566e-02
1.929650000000000000e+04 1.841448181564971434e-02
1.929979999999999927e+04 1.810356273177609471e-02
1.930309999999999854e+04 1.780980512127678175e-02
1.930640000000000146e+04 1.751372273234399687e-02
1.930970000000000073e+04 1.721476356120757792e-02
1.931300000000000000e+04 1.692673520043629781e-02
1.931629999999999927e+04 1.659823369775600618e-02
1.931959999999999854e+04 1.629447869560764900e-02
1.932290000000000146e+04 1.597174342861467158e-02
1.932620000000000073e+04 1.566042480957687694e-02
1.932950000000000000e+04 1.533424648571066543e-02
1.933279999999999927e+04 1.502245162560526988e-02
1.933609999999999854e+04 1.473551608940344357e-02
1.933940000000000146e+04 1.444761678882643813e-02
1.934270000000000073e+04 1.415643393594580128e-02
1.934600000000000000e+04 1.385330830954735991e-02
1.934929999999999927e+04 1.355519646800458326e-02
1.935259999999999854e+04 1.325522701211378704e-02
1.935579999999999927e+04 1.295853382489308391e-02
1.935909999999999854e+04 1.266103040909534461e-02
1.936240000000000146e+04 1.236371962111557088e-02
1.936570000000000073e+04 1.207816982729225871e-02
1.936900000000000000e+04 1.179463165561251553e-02
1.937229999999999927e+04 1.151367166976997349e-02
1.937559999999999854e+04 1.122454624934759136e-02
1.937890000000000146e+04 1.093873895782599380e-02
1.938220000000000073e+04 1.065804851298926548e-02
1.938550000000000000e+04 1.037829875606459396e-02
1.938879999999999927e+04 1.009101613448505630e-02
1.939209999999999854e+04 9.831532431384378337e-03
1.939540000000000146e+04 9.571978709410029068e-03
1.939870000000000073e+04 9.296321904971540165e-03
1.940200000000000000e+04 9.034506776902763783e-03
1.940529999999999927e+04 8.794862581156904363e-03
1.940859999999999854e+04 8.541002427419739154e-03
1.941190000000000146e+04 8.281892575570552056e-03
1.941520000000000073e+04 8.039446337139665583e-03
1.941850000000000000e+04 7.791059605637193526e-03
1.942170000000000073e+04 7.518877982882003416e-03
1.942500000000000000e+04 7.261428181524915218e-03
1.942829999999999927e+04 7.020600682370398138e-03
1.943159999999999854e+04 6.771145864420184853e-03
1.943490000000000146e+04 6.519079878882820360e-03
1.943820000000000073e+04 6.275451860495934522e-03
1.944150000000000000e+04 6.030480042335776766e-03
1.944479999999999927e+04 5.803451526103620139e-03
1.944809999999999854e+04 5.575062368879969525e-03
1.945140000000000146e+04 5.356708655865232739e-03
1.945470000000000073e+04 5.142803203159563435e-03
1.945800000000000000e+04 4.922859483656621613e-03
1.946129999999999927e+04 4.682134535739016640e-03
1.946459999999999854e+04 4.443044130325220394e-03
1.946790000000000146e+04 4.206573821513271381e-03
1.947120000000000073e+04 3.980591480936285058e-03
1.947450000000000000e+04 3.751202905431922936e-03
1.947779999999999927e+04 3.537875713059017869e-03
1.948109999999999854e+04 3.329037203953827753e-03
1.948429999999999927e+04 3.113719519554225199e-03
1.948759999999999854e+04 2.918513763048904627e-03
1.949090000000000146e+04 2.710843346803104136e-03
1.949420000000000073e+04 2.517996254796553424e-03
1.949750000000000000e+04 2.324386553376814758e-03
1.950079999999999927e+04 2.105513844613459296e-03
1.950409999999999854e+04 1.904324057915725591e-03
1.950740000000000146e+04 1.704879709406521447e-03
1.951070000000000073e+04 1.512641255433457487e-03
1.951400000000000000e+04 1.330812291075855270e-03
1.951729999999999927e+04 1.153630897258240903e-03
1.952059999999999854e+04 9.538303801128134246e-04
1.952390000000000146e+04 7.670832861032040630e-04
1.952720000000000073e+04 5.951767023493946757e-04
1.953050000000000000e+04 4.096202423926802801e-04
1.953379999999999927e+04 2.387792920083548864e-04
1.953709999999999854e+04 6.288428624281648064e-05
1.954040000000000146e+04 -9.363064843048558524e-05
1.954370000000000073e+04 -2.474064106406080338e-04
1.954700000000000000e+04 -3.912656995403600074e-04
1.955020000000000073e+04 -5.663849679329400338e-04
1.955350000000000000e+04 -6.990818567632985960e-04
1.955679999999999927e+04 -8.481127303301295300e-04
1.956009999999999854e+04 -9.843228137663571822e-04
1.956340000000000146e+04 -1.127347680791469103e-03
1.956670000000000073e+04 -1.263493980430204985e-03
1.957000000000000000e+04 -1.398706517951331559e-03
1.957329999999999927e+04 -1.535067928343685113e-03
1.957659999999999854e+04 -1.661262727015953454e-03
1.957990000000000146e+04 -1.788211973816468056e-03
1.958320000000000073e+04 -1.936919772417669159e-03
1.958650000000000000e+04 -2.078295072630331839e-03
1.958979999999999927e+04 -2.183051009978323378e-03
1.959309999999999854e+04 -2.297347734118335930e-03
1.959640000000000146e+04 -2.413693703383994454e-03
1.959970000000000073e+04 -2.514263755705120531e-03
1.960300000000000000e+04 -2.632974467824450351e-03
1.960629999999999927e+04 -2.770797904099097861e-03
1.960959999999999854e+04 -2.881647562754926627e-03
1.961290000000000146e+04 -3.004024738302533363e-03
1.961609999999999854e+04 -3.120455025723148281e-03
1.961940000000000146e+04 -3.205869812895920795e-03
1.962270000000000073e+04 -3.319903707349624970e-03
1.962600000000000000e+04 -3.418861877957666238e-03
1.962929999999999927e+04 -3.508236485885658611e-03
1.963259999999999854e+04 -3.576587103696644582e-03
1.963590000000000146e+04 -3.636787584575972530e-03
1.963920000000000073e+04 -3.763837582957489485e-03
1.964250000000000000e+04 -3.834568886703571249e-03
1.964579999999999927e+04 -3.945516574644730712e-03
1.964909999999999854e+04 -4.058486914860434842e-03
1.965240000000000146e+04 -4.181829991662536564e-03
1.965570000000000073e+04 -4.283626423793272624e-03
1.965900000000000000e+04 -4.361494658196791822e-03
1.966229999999999927e+04 -4.413973423776783485e-03
1.966559999999999854e+04 -4.454683957035762351e-03
1.966890000000000146e+04 -4.544192992478950435e-03
1.967220000000000073e+04 -4.639511166620314576e-03
1.967550000000000000e+04 -4.726238679631455074e-03
1.967870000000000073e+04 -4.818296552203597642e-03
1.968200000000000000e+04 -4.865152539597516167e-03
1.968529999999999927e+04 -4.903632248833745058e-03
1.968859999999999854e+04 -4.927397505237143815e-03
1.969190000000000146e+04 -4.966308624360932754e-03
1.969520000000000073e+04 -5.028396651347955687e-03
1.969850000000000000e+04 -5.083595875339717157e-03
1.970179999999999927e+04 -5.118295435741391022e-03
1.970509999999999854e+04 -5.214343029856339379e-03
1.970840000000000146e+04 -5.315912341771741011e-03
1.971170000000000073e+04 -5.415022629345944520e-03
1.971500000000000000e+04 -5.455861112872732212e-03
1.971829999999999927e+04 -5.556865013828575679e-03
1.972159999999999854e+04 -5.567744158214290966e-03
1.972490000000000146e+04 -5.601434780114906455e-03
1.972820000000000073e+04 -5.681290758316577365e-03
1.973150000000000000e+04 -5.769109640049521759e-03
1.973479999999999927e+04 -5.834210946609401371e-03
1.973809999999999854e+04 -5.902219924784640574e-03
1.974140000000000146e+04 -5.979715576718318965e-03
1.974459999999999854e+04 -6.071443664969207454e-03
1.974790000000000146e+04 -6.091757420494310106e-03
1.975120000000000073e+04 -6.091927112343385048e-03
1.975450000000000000e+04 -6.127058295236242035e-03
1.975779999999999927e+04 -6.154356420828086503e-03
1.976109999999999854e+04 -6.211586643162530022e-03
1.976440000000000146e+04 -6.273840414412985844e-03
1.976770000000000073e+04 -6.360442285391624401e-03
1.977100000000000000e+04 -6.420152935061171871e-03
1.977429999999999927e+04 -6.470621131002449525e-03
1.977759999999999854e+04 -6.522531720864305563e-03
1.978090000000000146e+04 -6.586458772615782012e-03
1.978420000000000073e+04 -6.682897035432216332e-03
1.978750000000000000e+04 -6.695338166309102237e-03
1.979079999999999927e+04 -6.768828767758211344e-03
1.979409999999999854e+04 -6.784118491113163597e-03
1.979740000000000146e+04 -6.803066811060303094e-03
1.980070000000000073e+04 -6.875223072314986215e-03
1.980400000000000000e+04 -6.893861471304157419e-03
1.980720000000000073e+04 -6.926712707019754174e-03
1.981050000000000000e+04 -6.917457454012606276e-03
1.981379999999999927e+04 -6.904310789780985710e-03
1.981709999999999854e+04 -6.927125210661119747e-03
1.982040000000000146e+04 -6.913307100764700883e-03
1.982370000000000073e+04 -6.908645904809993139e-03
1.982700000000000000e+04 -6.948680399817944858e-03
1.983029999999999927e+04 -6.968379442687706177e-03
1.983359999999999854e+04 -6.952325700473617129e-03
1.983690000000000146e+04 -6.947915969035299739e-03
1.984020000000000073e+04 -6.919616884306885492e-03
1.984350000000000000e+04 -6.935519535624890160e-03
1.984679999999999927e+04 -6.944836819481207089e-03
1.985009999999999854e+04 -6.960304689774427303e-03
1.985340000000000146e+04 -7.002787326401688564e-03
1.985670000000000073e+04 -7.064952520185981306e-03
1.986000000000000000e+04 -7.079415027664144773e-03
1.986329999999999927e+04 -7.122315679577303008e-03
1.986659999999999854e+04 -7.139116478365414159e-03
1.986990000000000146e+04 -7.126668863334702404e-03
1.987309999999999854e+04 -7.083314718717535416e-03
1.987640000000000146e+04 -7.061689604951148537e-03
1.987970000000000073e+04 -7.089573581042275113e-03
1.988300000000000000e+04 -7.045774811340391013e-03
1.988629999999999927e+04 -7.120692345038714260e-03
1.988959999999999854e+04 -7.196449279047154035e-03
1.989290000000000146e+04 -7.183772590548804897e-03
1.989620000000000073e+04 -7.140628668269090665e-03
1.989950000000000000e+04 -7.118168751737636787e-03
1.990279999999999927e+04 -7.097945081524790860e-03
1.990609999999999854e+04 -7.091537282365800200e-03
1.990940000000000146e+04 -7.043530796607707853e-03
1.991270000000000073e+04 -7.061365470202112492e-03
1.991600000000000000e+04 -7.068927589944124824e-03
1.991929999999999927e+04 -7.081833634589271807e-03
1.992259999999999854e+04 -7.081980222330855855e-03
1.992590000000000146e+04 -7.061901955596419471e-03
