1.716800000000000000e+04 4.651047739721612473e-04
1.717129999999999927e+04 4.764641844191512391e-04
1.717459999999999854e+04 4.926767811024078490e-04
1.717790000000000146e+04 4.994917759607770975e-04
1.718120000000000073e+04 5.063974320961396949e-04
1.718450000000000000e+04 5.132916282908095993e-04
1.718779999999999927e+04 5.100224550958733704e-04
1.719109999999999854e+04 5.098088191982724175e-04
1.719440000000000146e+04 5.134405570306106465e-04
1.719770000000000073e+04 5.033311782140084201e-04
1.720100000000000000e+04 5.192089580342019442e-04
1.720429999999999927e+04 5.343923980886961921e-04
1.720759999999999854e+04 5.281707402434565992e-04
1.721090000000000146e+04 5.362585483415903019e-04
1.721420000000000073e+04 5.397598746444135431e-04
1.721750000000000000e+04 5.461364287681760377e-04
1.722079999999999927e+04 5.482271702821462202e-04
1.722409999999999854e+04 5.565696084816263356e-04
1.722729999999999927e+04 5.640414489475892171e-04
1.723059999999999854e+04 5.638535463406969773e-04
1.723390000000000146e+04 5.508213209133959584e-04
1.723720000000000073e+04 5.490105616794445495e-04
1.724050000000000000e+04 5.553684610425405023e-04
1.724379999999999927e+04 5.497543350835180703e-04
1.724709999999999854e+04 5.434292076878902188e-04
1.725040000000000146e+04 5.324563687091268685e-04
1.725370000000000073e+04 5.410216160841701529e-04
1.725700000000000000e+04 5.497161461891544301e-04
1.726029999999999927e+04 5.489578251249561903e-04
1.726359999999999854e+04 5.474180002994108148e-04
1.726690000000000146e+04 5.628806990625579267e-04
1.727020000000000073e+04 5.638882557297908785e-04
1.727350000000000000e+04 5.770832540868377691e-04
1.727679999999999927e+04 5.827984799259532936e-04
1.728009999999999854e+04 5.921485256029312104e-04
1.728340000000000146e+04 6.042914892590254021e-04
1.728670000000000073e+04 6.129198070128263204e-04
1.729000000000000000e+04 6.184881030979486266e-04
1.729320000000000073e+04 6.283368156374741827e-04
1.729650000000000000e+04 6.327084297773518913e-04
1.729979999999999927e+04 6.275067854254948304e-04
1.730309999999999854e+04 6.207316102657712024e-04
1.730640000000000146e+04 6.257918559619295900e-04
1.730970000000000073e+04 6.186856009507755820e-04
1.731300000000000000e+04 6.130862594731347013e-04
1.731629999999999927e+04 6.066514069055286293e-04
1.731959999999999854e+04 6.075504905637121519e-04
1.732290000000000146e+04 6.115773429996808255e-04
1.732620000000000073e+04 6.003208461407779934e-04
1.732950000000000000e+04 6.023272572035191655e-04
1.733279999999999927e+04 6.084539484409100208e-04
1.733609999999999854e+04 6.135931964208853669e-04
1.733940000000000146e+04 6.089818031575809990e-04
1.734270000000000073e+04 6.207136579092404922e-04
1.734600000000000000e+04 6.169994179004194756e-04
1.734929999999999927e+04 6.238048094052280014e-04
1.735259999999999854e+04 6.237670631413379761e-04
1.735579999999999927e+04 6.319436535223910871e-04
1.735909999999999854e+04 6.336725787250143630e-04
1.736240000000000146e+04 6.390352051446807936e-04
1.736570000000000073e+04 6.388938720416389560e-04
1.736900000000000000e+04 6.402846174452043104e-04
1.737229999999999927e+04 6.396439124002823492e-04
1.737559999999999854e+04 6.418400403386864597e-04
1.737890000000000146e+04 6.458846515022157809e-04
1.738220000000000073e+04 6.551767052436091067e-04
1.738550000000000000e+04 6.587445202169522592e-04
1.738879999999999927e+04 6.603139877957767525e-04
1.739209999999999854e+04 6.651001348833085816e-04
1.739540000000000146e+04 6.739199939389346663e-04
1.739870000000000073e+04 6.802889851757306294e-04
1.740200000000000000e+04 6.873713354346561687e-04
1.740529999999999927e+04 6.919347046314759490e-04
1.740859999999999854e+04 7.083530547129672289e-04
1.741190000000000146e+04 7.104872506331450866e-04
1.741520000000000073e+04 7.188916604676350497e-04
1.741850000000000000e+04 7.133239568835767971e-04
1.742170000000000073e+04 7.167068495256515449e-04
1.742500000000000000e+04 7.296480708365575985e-04
1.742829999999999927e+04 7.352039519626411227e-04
1.743159999999999854e+04 7.369808319280074212e-04
1.743490000000000146e+04 7.477904226680696194e-04
1.743820000000000073e+04 7.493509662169701210e-04
1.744150000000000000e+04 7.462785761523241593e-04
1.744479999999999927e+04 7.398842429250584388e-04
1.744809999999999854e+04 7.349303329537986047e-04
1.745140000000000146e+04 7.391516713018656155e-04
1.745470000000000073e+04 7.374168075090318250e-04
1.745800000000000000e+04 7.457700088964102844e-04
1.746129999999999927e+04 7.505898034017236941e-04
1.746459999999999854e+04 7.494418085667637784e-04
1.746790000000000146e+04 7.567126252517273341e-04
1.747120000000000073e+04 7.569948537958126784e-04
1.747450000000000000e+04 7.615894855671267788e-04
1.747779999999999927e+04 7.653505275417214976e-04
1.748109999999999854e+04 7.684837669260819208e-04
1.748429999999999927e+04 7.718640725565421900e-04
1.748759999999999854e+04 7.791175207600365077e-04
1.749090000000000146e+04 7.852608828511940331e-04
1.749420000000000073e+04 7.810578644699692815e-04
1.749750000000000000e+04 7.745616213443124809e-04
1.750079999999999927e+04 7.718161743421608637e-04
1.750409999999999854e+04 7.663249687760470986e-04
1.750740000000000146e+04 7.577546114368629692e-04
1.751070000000000073e+04 7.526885298254986333e-04
1.751400000000000000e+04 7.444619731707133661e-04
1.751729999999999927e+04 7.472760377801660999e-04
1.752059999999999854e+04 7.395010994476485140e-04
1.752390000000000146e+04 7.388639059861304946e-04
1.752720000000000073e+04 7.420898436808766015e-04
1.753050000000000000e+04 7.427475032926431119e-04
1.753379999999999927e+04 7.399403703545579143e-04
1.753709999999999854e+04 7.472530321440435264e-04
1.754040000000000146e+04 7.478851848586408725e-04
1.754370000000000073e+04 7.496120907174887290e-04
1.754700000000000000e+04 7.449641378725869144e-04
1.755020000000000073e+04 7.469741023809539420e-04
1.755350000000000000e+04 7.494003792356473351e-04
1.755679999999999927e+04 7.482031960672907859e-04
1.756009999999999854e+04 7.446065682237063476e-04
1.756340000000000146e+04 7.418555564842695040e-04
1.756670000000000073e+04 7.396782971668237157e-04
1.757000000000000000e+04 7.311757905840238431e-04
1.757329999999999927e+04 7.209668751884370976e-04
1.757659999999999854e+04 7.216077555626217773e-04
1.757990000000000146e+04 7.137878478694312549e-04
1.758320000000000073e+04 7.172672893113098830e-04
1.758650000000000000e+04 7.192764786578522080e-04
1.758979999999999927e+04 7.114940554546219211e-04
1.759309999999999854e+04 7.157481727368421830e-04
1.759640000000000146e+04 7.178439249081410879e-04
1.759970000000000073e+04 7.159278522460492226e-04
1.760300000000000000e+04 7.119601668799533040e-04
1.760629999999999927e+04 7.164996878734613151e-04
1.760959999999999854e+04 7.318641965299589039e-04
1.761290000000000146e+04 7.393474904556216528e-04
1.761609999999999854e+04 7.451876505538950618e-04
1.761940000000000146e+04 7.441449278186434979e-04
1.762270000000000073e+04 7.373370148117322628e-04
1.762600000000000000e+04 7.441478849875563439e-04
1.762929999999999927e+04 7.474257054345982351e-04
1.763259999999999854e+04 7.408737558772638494e-04
1.763590000000000146e+04 7.431699545803390492e-04
1.763920000000000073e+04 7.465811315851371682e-04
1.764250000000000000e+04 7.540778477466825560e-04
1.764579999999999927e+04 7.519059761557868229e-04
1.764909999999999854e+04 7.519271965116360642e-04
1.765240000000000146e+04 7.464090871797049312e-04
1.765570000000000073e+04 7.438105041458497636e-04
1.765900000000000000e+04 7.466900444820913450e-04
1.766229999999999927e+04 7.573168894304811542e-04
1.766559999999999854e+04 7.561312976402341296e-04
1.766890000000000146e+04 7.662620841384394643e-04
1.767220000000000073e+04 7.669492497530422002e-04
1.767550000000000000e+04 7.753676678148523592e-04
1.767870000000000073e+04 7.795340480525721422e-04
1.768200000000000000e+04 7.770489906801242167e-04
1.768529999999999927e+04 7.857756275142763853e-04
1.768859999999999854e+04 7.831285384074455945e-04
1.769190000000000146e+04 7.860165804789273538e-04
1.769520000000000073e+04 7.874028534170453460e-04
1.769850000000000000e+04 7.950606589622473928e-04
1.770179999999999927e+04 7.865267337636899564e-04
1.770509999999999854e+04 7.883538068416893725e-04
1.770840000000000146e+04 7.856768451293974715e-04
1.771170000000000073e+04 7.895623560226372071e-04
1.771500000000000000e+04 7.923055910040567671e-04
1.771829999999999927e+04 7.937831370540661749e-04
1.772159999999999854e+04 8.004309966882653185e-04
1.772490000000000146e+04 8.067951872990613681e-04
1.772820000000000073e+04 8.055673817208258269e-04
1.773150000000000000e+04 8.044824461402103055e-04
1.773479999999999927e+04 8.142342905331164966e-04
1.773809999999999854e+04 8.158312636409320454e-04
1.774140000000000146e+04 8.236821296907804188e-04
1.774459999999999854e+04 8.268573155115481639e-04
1.774790000000000146e+04 8.346593530892984329e-04
1.775120000000000073e+04 8.377902131970535850e-04
1.775450000000000000e+04 8.415054217209285651e-04
1.775779999999999927e+04 8.428790776707505194e-04
1.776109999999999854e+04 8.499079350739424362e-04
1.776440000000000146e+04 8.518580211879646195e-04
1.776770000000000073e+04 8.600197693513531938e-04
1.777100000000000000e+04 8.635683619515518430e-04
1.777429999999999927e+04 8.612686059557198405e-04
1.777759999999999854e+04 8.574214112666855587e-04
1.778090000000000146e+04 8.596412531232141933e-04
1.778420000000000073e+04 8.706732351088737522e-04
1.778750000000000000e+04 8.767836133004201175e-04
1.779079999999999927e+04 8.732535162848774216e-04
1.779409999999999854e+04 8.798429424460447448e-04
1.779740000000000146e+04 8.904558478769179384e-04
1.780070000000000073e+04 8.915449320743305600e-04
1.780400000000000000e+04 8.920249327785440170e-04
1.780720000000000073e+04 8.935680263334191357e-04
1.781050000000000000e+04 8.961599043571252072e-04
1.781379999999999927e+04 9.059000369937478649e-04
1.781709999999999854e+04 9.102774196926379825e-04
1.782040000000000146e+04 9.191955360500088899e-04
1.782370000000000073e+04 9.238834931119811701e-04
1.782700000000000000e+04 9.197099655710933496e-04
1.783029999999999927e+04 9.270363066862338146e-04
1.783359999999999854e+04 9.280683791428397285e-04
1.783690000000000146e+04 9.355500510073267795e-04
1.784020000000000073e+04 9.388647516283068779e-04
1.784350000000000000e+04 9.527088932339847433e-04
1.784679999999999927e+04 9.611718431782419929e-04
1.785009999999999854e+04 9.645629196875089547e-04
1.785340000000000146e+04 9.680506545168844059e-04
1.785670000000000073e+04 9.751453434839885007e-04
1.786000000000000000e+04 9.808934189393940691e-04
1.786329999999999927e+04 9.795748241754999655e-04
1.786659999999999854e+04 9.877047318573267502e-04
1.786990000000000146e+04 9.940850519039141301e-04
1.787309999999999854e+04 1.001038588044591855e-03
1.787640000000000146e+04 1.006418877797053604e-03
1.787970000000000073e+04 1.014565932124032082e-03
1.788300000000000000e+04 1.023082736977317308e-03
1.788629999999999927e+04 1.029036814705338232e-03
1.788959999999999854e+04 1.033964468986673345e-03
1.789290000000000146e+04 1.048141771409841867e-03
1.789620000000000073e+04 1.062264424319025709e-03
1.789950000000000000e+04 1.070220192337153998e-03
1.790279999999999927e+04 1.084148299532632044e-03
1.790609999999999854e+04 1.088926935689662513e-03
1.790940000000000146e+04 1.102352581474650350e-03
1.791270000000000073e+04 1.102645334761196382e-03
1.791600000000000000e+04 1.105708324953515653e-03
1.791929999999999927e+04 1.114461854450356573e-03
1.792259999999999854e+04 1.117664511373885929e-03
1.792590000000000146e+04 1.122712311117617231e-03
1.792920000000000073e+04 1.134147838159671072e-03
1.793250000000000000e+04 1.141554303032217294e-03
1.793570000000000073e+04 1.147713225381401985e-03
1.793900000000000000e+04 1.157701008580506010e-03
1.794229999999999927e+04 1.165286762139684882e-03
1.794559999999999854e+04 1.169142456003471496e-03
1.794890000000000146e+04 1.173645461522438609e-03
1.795220000000000073e+04 1.180085073983191523e-03
1.795550000000000000e+04 1.192804423261069639e-03
1.795879999999999927e+04 1.196356371307909748e-03
1.796209999999999854e+04 1.203314151153427915e-03
1.796540000000000146e+04 1.214304035144998274e-03
1.796870000000000073e+04 1.225975958383389167e-03
1.797200000000000000e+04 1.233155755070309331e-03
1.797529999999999927e+04 1.242176602201020387e-03
1.797859999999999854e+04 1.243516710636201859e-03
1.798190000000000146e+04 1.258790000117565762e-03
1.798520000000000073e+04 1.265046885926054444e-03
1.798850000000000000e+04 1.272848532365787339e-03
1.799179999999999927e+04 1.291127207863983391e-03
1.799509999999999854e+04 1.299591812849889725e-03
1.799840000000000146e+04 1.306546951231789527e-03
1.800159999999999854e+04 1.309196793954177677e-03
1.800490000000000146e+04 1.313742313014465597e-03
1.800820000000000073e+04 1.309344886419926872e-03
1.801150000000000000e+04 1.319546571673801180e-03
1.801479999999999927e+04 1.324832312552387580e-03
1.801809999999999854e+04 1.338449470587479593e-03
1.802140000000000146e+04 1.351312429094872610e-03
1.802470000000000073e+04 1.361314963126571305e-03
1.802800000000000000e+04 1.369442691923762221e-03
1.803129999999999927e+04 1.374741281780582445e-03
1.803459999999999854e+04 1.385203320480057855e-03
1.803790000000000146e+04 1.390559604358260898e-03
1.804120000000000073e+04 1.393362090785380501e-03
1.804450000000000000e+04 1.394189670852613366e-03
1.804779999999999927e+04 1.395952671753005001e-03
1.805109999999999854e+04 1.400703487126204278e-03
1.805440000000000146e+04 1.409171265706580948e-03
1.805770000000000073e+04 1.408060218716109500e-03
1.806100000000000000e+04 1.411200407779648631e-03
1.806429999999999927e+04 1.417214309989642002e-03
1.806750000000000000e+04 1.413926186094409442e-03
1.807079999999999927e+04 1.408614609304404764e-03
1.807409999999999854e+04 1.394911710653085621e-03
1.807740000000000146e+04 1.391512741343666707e-03
1.808070000000000073e+04 1.393508349703771916e-03
1.808400000000000000e+04 1.399945230330318065e-03
1.808729999999999927e+04 1.400366619169317924e-03
1.809059999999999854e+04 1.398513520285105029e-03
1.809390000000000146e+04 1.391166576239853681e-03
1.809720000000000073e+04 1.386371948978627842e-03
1.810050000000000000e+04 1.386430913215370205e-03
1.810379999999999927e+04 1.377055363931613870e-03
1.810709999999999854e+04 1.379362413927231546e-03
1.811040000000000146e+04 1.370117408442962084e-03
1.811370000000000073e+04 1.364606472266119202e-03
1.811700000000000000e+04 1.360362356595511092e-03
1.812029999999999927e+04 1.357803262337038469e-03
1.812359999999999854e+04 1.355041451660530995e-03
1.812690000000000146e+04 1.361954753255550238e-03
1.813009999999999854e+04 1.359052157273420549e-03
1.813340000000000146e+04 1.364194826556910803e-03
1.813670000000000073e+04 1.353356970156817081e-03
1.814000000000000000e+04 1.346800608653092330e-03
1.814329999999999927e+04 1.345553212531832828e-03
1.814659999999999854e+04 1.339652471075705341e-03
1.814990000000000146e+04 1.332279192802280233e-03
1.815320000000000073e+04 1.325979262469979695e-03
1.815650000000000000e+04 1.320002036776595248e-03
1.815979999999999927e+04 1.314010949935468181e-03
1.816309999999999854e+04 1.314020393175549138e-03
1.816640000000000146e+04 1.317218150232864551e-03
1.816970000000000073e+04 1.316576397263089686e-03
1.817300000000000000e+04 1.324342512422026306e-03
1.817629999999999927e+04 1.312027801247842495e-03
1.817959999999999854e+04 1.309048507898951785e-03
1.818290000000000146e+04 1.333019892140922509e-03
1.818620000000000073e+04 1.333131950725867810e-03
1.818950000000000000e+04 1.330035970900640945e-03
1.819279999999999927e+04 1.329060521006089797e-03
1.819600000000000000e+04 1.328779760175800547e-03
1.819929999999999927e+04 1.323124666448347638e-03
1.820259999999999854e+04 1.324458525265867622e-03
1.820590000000000146e+04 1.323951217581861677e-03
1.820920000000000073e+04 1.324715817017057921e-03
1.821250000000000000e+04 1.319223091709629484e-03
1.821579999999999927e+04 1.308207817116173585e-03
1.821909999999999854e+04 1.300055929636035517e-03
1.822240000000000146e+04 1.314123331325830644e-03
1.822570000000000073e+04 1.322729668941621198e-03
1.822900000000000000e+04 1.345070110784833423e-03
1.823229999999999927e+04 1.379552326912540910e-03
1.823559999999999854e+04 1.413538765093175871e-03
1.823890000000000146e+04 1.434347950765857416e-03
1.824220000000000073e+04 1.475163217511974616e-03
1.824550000000000000e+04 1.513471390867384206e-03
1.824879999999999927e+04 1.537194252244721395e-03
1.825209999999999854e+04 1.552352375733645484e-03
1.825540000000000146e+04 1.581661886135212781e-03
1.825859999999999854e+04 1.612967803819603634e-03
1.826190000000000146e+04 1.647126476600889238e-03
1.826520000000000073e+04 1.678757758127543288e-03
1.826850000000000000e+04 1.717551587475956440e-03
1.827179999999999927e+04 1.752867479464271204e-03
1.827509999999999854e+04 1.799147570329918131e-03
1.827840000000000146e+04 1.842105536829024724e-03
1.828170000000000073e+04 1.883579681163583897e-03
1.828500000000000000e+04 1.913131841795585484e-03
1.828829999999999927e+04 1.954909590029884660e-03
1.829159999999999854e+04 1.983954106644137544e-03
1.829490000000000146e+04 2.019391442189099294e-03
1.829820000000000073e+04 2.040310380091373346e-03
1.830150000000000000e+04 2.089139567494507389e-03
1.830479999999999927e+04 2.138706907935822646e-03
1.830809999999999854e+04 2.176680516762330691e-03
1.831140000000000146e+04 2.198455282721823584e-03
1.831470000000000073e+04 2.233489750452232001e-03
1.831800000000000000e+04 2.271632128621139338e-03
1.832129999999999927e+04 2.312001596881056460e-03
1.832450000000000000e+04 2.345707735707640035e-03
1.832779999999999927e+04 2.378204041589152343e-03
1.833109999999999854e+04 2.423780978461866163e-03
1.833440000000000146e+04 2.465813292019518235e-03
1.833770000000000073e+04 2.501942561049544551e-03
1.834100000000000000e+04 2.555371383775926260e-03
1.834429999999999927e+04 2.581681218961853590e-03
1.834759999999999854e+04 2.598934355073801317e-03
1.835090000000000146e+04 2.633204211472982455e-03
1.835420000000000073e+04 2.677425479204487060e-03
1.835750000000000000e+04 2.728902288885151975e-03
1.836079999999999927e+04 2.776563835932131796e-03
1.836409999999999854e+04 2.812421777154588357e-03
1.836740000000000146e+04 2.842815908522166191e-03
1.837070000000000073e+04 2.890293788397753708e-03
1.837400000000000000e+04 2.942034266122450087e-03
1.837729999999999927e+04 2.998986460879340694e-03
1.838059999999999854e+04 3.053268911886449204e-03
1.838390000000000146e+04 3.111912518313544092e-03
1.838709999999999854e+04 3.147038662760603782e-03
1.839040000000000146e+04 3.192136071565924126e-03
1.839370000000000073e+04 3.204869276301107808e-03
1.839700000000000000e+04 3.228334000442080638e-03
1.840029999999999927e+04 3.251597657106765002e-03
1.840359999999999854e+04 3.302543932195927453e-03
1.840690000000000146e+04 3.330820395588226200e-03
1.841020000000000073e+04 3.357675608766030710e-03
1.841350000000000000e+04 3.388662439125506975e-03
1.841679999999999927e+04 3.436304438522789963e-03
1.842009999999999854e+04 3.461390085525839402e-03
1.842340000000000146e+04 3.497769870695371670e-03
1.842670000000000073e+04 3.533251909493502051e-03
1.843000000000000000e+04 3.570150936342386238e-03
1.843329999999999927e+04 3.596209775466906351e-03
1.843659999999999854e+04 3.633501291596447427e-03
1.843990000000000146e+04 3.665899724172750219e-03
1.844320000000000073e+04 3.706729782354722426e-03
1.844650000000000000e+04 3.739146695512063356e-03
1.844979999999999927e+04 3.784528261814640825e-03
1.845300000000000000e+04 3.813245849228839857e-03
1.845629999999999927e+04 3.843523322281898816e-03
1.845959999999999854e+04 3.848428497366830972e-03
1.846290000000000146e+04 3.896400611341293944e-03
1.846620000000000073e+04 3.880538729528735381e-03
1.846950000000000000e+04 3.883019854173412264e-03
1.847279999999999927e+04 3.904729190181258341e-03
1.847609999999999854e+04 3.917477645655920160e-03
1.847940000000000146e+04 3.924325174870473346e-03
1.848270000000000073e+04 3.923572727014621418e-03
1.848600000000000000e+04 3.922290648501999648e-03
1.848929999999999927e+04 3.934294567151968257e-03
1.849259999999999854e+04 3.947169664668999899e-03
1.849590000000000146e+04 3.946247122108505548e-03
1.849920000000000073e+04 3.972053999230649307e-03
1.850250000000000000e+04 4.004090186108406543e-03
1.850579999999999927e+04 4.049759150707770046e-03
1.850909999999999854e+04 4.118871200917182708e-03
1.851240000000000146e+04 4.127753292331831983e-03
1.851570000000000073e+04 4.126225659515423902e-03
1.851890000000000146e+04 4.140694186263338405e-03
1.852220000000000073e+04 4.163064758472483778e-03
1.852550000000000000e+04 4.203454927449964615e-03
1.852879999999999927e+04 4.261592051369318332e-03
1.853209999999999854e+04 4.314724060590530673e-03
1.853540000000000146e+04 4.362911231339449900e-03
1.853870000000000073e+04 4.411905225019425655e-03
1.854200000000000000e+04 4.466408480462951379e-03
1.854529999999999927e+04 4.528212265585815702e-03
1.854859999999999854e+04 4.559232892304063839e-03
1.855190000000000146e+04 4.619567326838068533e-03
1.855520000000000073e+04 4.680829997982075517e-03
1.855850000000000000e+04 4.755675326289362723e-03
1.856179999999999927e+04 4.822389316211509076e-03
1.856509999999999854e+04 4.877640901593259179e-03
1.856840000000000146e+04 4.946197116674182735e-03
1.857170000000000073e+04 4.969782044698460056e-03
1.857500000000000000e+04 5.025704668059437392e-03
1.857829999999999927e+04 5.108254631471886506e-03
1.858150000000000000e+04 5.159637398769416697e-03
1.858479999999999927e+04 5.218380085923394161e-03
1.858809999999999854e+04 5.251794476828634470e-03
1.859140000000000146e+04 5.295836282168204547e-03
1.859470000000000073e+04 5.358866773603653683e-03
1.859800000000000000e+04 5.420662409326948775e-03
1.860129999999999927e+04 5.460999995529380521e-03
1.860459999999999854e+04 5.540451597282966198e-03
1.860790000000000146e+04 5.598886514364576072e-03
1.861120000000000073e+04 5.706181201341192256e-03
1.861450000000000000e+04 5.828318763299069651e-03
1.861779999999999927e+04 5.911146410398796479e-03
1.862109999999999854e+04 5.970708172801025143e-03
1.862440000000000146e+04 6.070744261618223059e-03
1.862770000000000073e+04 6.151059809541352744e-03
1.863100000000000000e+04 6.312207876891640264e-03
1.863429999999999927e+04 6.415211995509655270e-03
1.863759999999999854e+04 6.507236784521057069e-03
1.864090000000000146e+04 6.650471819850643784e-03
1.864420000000000073e+04 6.861613669532377370e-03
1.864740000000000146e+04 7.010555343083721067e-03
1.865070000000000073e+04 7.130667910579189563e-03
1.865400000000000000e+04 7.278691637987987420e-03
1.865729999999999927e+04 7.412400749062232792e-03
1.866059999999999854e+04 7.544550390912652636e-03
1.866390000000000146e+04 7.689413669542357298e-03
1.866720000000000073e+04 7.806525767869681824e-03
1.867050000000000000e+04 7.904496190608328171e-03
1.867379999999999927e+04 8.005307327207805690e-03
1.867709999999999854e+04 8.180433429926926500e-03
1.868040000000000146e+04 8.389157778267614801e-03
1.868370000000000073e+04 8.653054732468174956e-03
1.868700000000000000e+04 8.915609741367293631e-03
1.869029999999999927e+04 9.109359677555734641e-03
1.869359999999999854e+04 9.396276566548438652e-03
1.869690000000000146e+04 9.636545909618769029e-03
1.870020000000000073e+04 9.713935229566152477e-03
1.870350000000000000e+04 9.790435617635659740e-03
1.870679999999999927e+04 9.963712209676726939e-03
1.871000000000000000e+04 1.027451367819459845e-02
1.871329999999999927e+04 1.045287309814629459e-02
1.871659999999999854e+04 1.056355541009966828e-02
1.871990000000000146e+04 1.070383122734358539e-02
1.872320000000000073e+04 1.082587962546543124e-02
1.872650000000000000e+04 1.099166686985966063e-02
1.872979999999999927e+04 1.109484420607767877e-02
1.873309999999999854e+04 1.121107479668433278e-02
1.873640000000000146e+04 1.135970599313371882e-02
1.873970000000000073e+04 1.152531732557126459e-02
1.874300000000000000e+04 1.156570985525093992e-02
1.874629999999999927e+04 1.170154244374364653e-02
1.874959999999999854e+04 1.176015772163843329e-02
1.875290000000000146e+04 1.185550433091482614e-02
1.875620000000000073e+04 1.195192411573889682e-02
1.875950000000000000e+04 1.209717367171743267e-02
1.876279999999999927e+04 1.224532640322609917e-02
1.876609999999999854e+04 1.237550580350478026e-02
1.876940000000000146e+04 1.244587588888618028e-02
1.877270000000000073e+04 1.259256149391361525e-02
1.877590000000000146e+04 1.276372259088615242e-02
1.877920000000000073e+04 1.281772660209709591e-02
1.878250000000000000e+04 1.297815264417129244e-02
1.878579999999999927e+04 1.317181194140603848e-02
1.878909999999999854e+04 1.339375724494135111e-02
1.879240000000000146e+04 1.362237383033280611e-02
1.879570000000000073e+04 1.384646195807889661e-02
1.879900000000000000e+04 1.411980635124406719e-02
1.880229999999999927e+04 1.441788171885132093e-02
1.880559999999999854e+04 1.468190946833655350e-02
1.880890000000000146e+04 1.488998072641511267e-02
1.881220000000000073e+04 1.514556785316042119e-02
1.881550000000000000e+04 1.545471812945123889e-02
1.881879999999999927e+04 1.574220021896016383e-02
1.882209999999999854e+04 1.603576724757215660e-02
1.882540000000000146e+04 1.634669100327204236e-02
1.882870000000000073e+04 1.663251026587138359e-02
1.883200000000000000e+04 1.692046545574518376e-02
1.883529999999999927e+04 1.722804487962882256e-02
1.883859999999999854e+04 1.754021624430390780e-02
1.884179999999999927e+04 1.781492974114526687e-02
1.884509999999999854e+04 1.808693659555662275e-02
1.884840000000000146e+04 1.829073119743953105e-02
1.885170000000000073e+04 1.848987337131765066e-02
1.885500000000000000e+04 1.875397049097949492e-02
1.885829999999999927e+04 1.892045638860581636e-02
1.886159999999999854e+04 1.911891814932387482e-02
1.886490000000000146e+04 1.950332959822275239e-02
1.886820000000000073e+04 1.989750052430613522e-02
1.887150000000000000e+04 2.018780759130857708e-02
1.887479999999999927e+04 2.033214967363337206e-02
1.887809999999999854e+04 2.062459086736126435e-02
1.888140000000000146e+04 2.099295423731522420e-02
1.888470000000000073e+04 2.131570278533901144e-02
1.888800000000000000e+04 2.164502249432428277e-02
1.889129999999999927e+04 2.194213797032893223e-02
1.889459999999999854e+04 2.232047427351949859e-02
1.889790000000000146e+04 2.268585872065266573e-02
1.890120000000000073e+04 2.304195538505228458e-02
1.890440000000000146e+04 2.335621898863520646e-02
1.890770000000000073e+04 2.379861018910115963e-02
1.891100000000000000e+04 2.417252185042804286e-02
1.891429999999999927e+04 2.460871696327340818e-02
1.891759999999999854e+04 2.503258021382529994e-02
1.892090000000000146e+04 2.545760039618928661e-02
1.892420000000000073e+04 2.584624931327634753e-02
1.892750000000000000e+04 2.620411954953259445e-02
1.893079999999999927e+04 2.661589003496299746e-02
1.893409999999999854e+04 2.702379193823214662e-02
1.893740000000000146e+04 2.739158623711799787e-02
1.894070000000000073e+04 2.769663148718580839e-02
1.894400000000000000e+04 2.808138200352098407e-02
1.894729999999999927e+04 2.841704935131440096e-02
1.895059999999999854e+04 2.873394623961944214e-02
1.895390000000000146e+04 2.905113865746211665e-02
1.895720000000000073e+04 2.932150535319986637e-02
1.896050000000000000e+04 2.960576437702703428e-02
1.896379999999999927e+04 2.986870734208994446e-02
1.896709999999999854e+04 3.009281405549916327e-02
1.897029999999999927e+04 3.029464803910111859e-02
1.897359999999999854e+04 3.048351786846421885e-02
1.897690000000000146e+04 3.072768822288496349e-02
1.898020000000000073e+04 3.092089094438213101e-02
1.898350000000000000e+04 3.112572619761926757e-02
1.898679999999999927e+04 3.133359965784342227e-02
1.899009999999999854e+04 3.153085771402385634e-02
1.899340000000000146e+04 3.172687170359869691e-02
1.899670000000000073e+04 3.189561219906426187e-02
1.900000000000000000e+04 3.208252852547307382e-02
1.900329999999999927e+04 3.224127996660361428e-02
1.900659999999999854e+04 3.241516757312518787e-02
1.900990000000000146e+04 3.254312936454979016e-02
1.901320000000000073e+04 3.265744249231276874e-02
1.901650000000000000e+04 3.276848118341784549e-02
1.901979999999999927e+04 3.289156258212801859e-02
1.902309999999999854e+04 3.301879744051457871e-02
1.902640000000000146e+04 3.317132530435074750e-02
1.902970000000000073e+04 3.324895076203730065e-02
1.903290000000000146e+04 3.331825994125164198e-02
1.903620000000000073e+04 3.338128003043933784e-02
1.903950000000000000e+04 3.343721844738251070e-02
1.904279999999999927e+04 3.352562672380624692e-02
1.904609999999999854e+04 3.355913469183324782e-02
1.904940000000000146e+04 3.361651506262641753e-02
1.905270000000000073e+04 3.369387423134786314e-02
1.905600000000000000e+04 3.373228980259609933e-02
1.905929999999999927e+04 3.377475451102705806e-02
1.906259999999999854e+04 3.377853507966453728e-02
1.906590000000000146e+04 3.379977128679987480e-02
1.906920000000000073e+04 3.380260146348040146e-02
1.907250000000000000e+04 3.376195933725635590e-02
1.907579999999999927e+04 3.374274240632354344e-02
1.907909999999999854e+04 3.372112253671505355e-02
1.908240000000000146e+04 3.370631996692705773e-02
1.908570000000000073e+04 3.365745504859497111e-02
1.908900000000000000e+04 3.359621178302539535e-02
1.909229999999999927e+04 3.353877872763114804e-02
1.909559999999999854e+04 3.348141387997671803e-02
1.909879999999999927e+04 3.344647421250651620e-02
1.910209999999999854e+04 3.334538163065013661e-02
1.910540000000000146e+04 3.327832759189862377e-02
1.910870000000000073e+04 3.321173914526880794e-02
1.911200000000000000e+04 3.312932278385833512e-02
1.911529999999999927e+04 3.304562353106704764e-02
1.911859999999999854e+04 3.286736330017198116e-02
1.912190000000000146e+04 3.273180727568159032e-02
1.912520000000000073e+04 3.255283430321563587e-02
1.912850000000000000e+04 3.235814954317510483e-02
1.913179999999999927e+04 3.221787786069615217e-02
1.913509999999999854e+04 3.207800402503327430e-02
1.913840000000000146e+04 3.191947764825243949e-02
1.914170000000000073e+04 3.171629096049559393e-02
1.914500000000000000e+04 3.153541419065676588e-02
1.914829999999999927e+04 3.131882037924574314e-02
1.915159999999999854e+04 3.112306657881509092e-02
1.915490000000000146e+04 3.091482470883055722e-02
1.915820000000000073e+04 3.068920447190664688e-02
1.916140000000000146e+04 3.049831912415055732e-02
1.916470000000000073e+04 3.026394427545631496e-02
1.916800000000000000e+04 3.004426970665932325e-02
1.917129999999999927e+04 2.979369892016245358e-02
1.917459999999999854e+04 2.956434844027578182e-02
1.917790000000000146e+04 2.934252793872565990e-02
1.918120000000000073e+04 2.912286263909093578e-02
1.918450000000000000e+04 2.886163590690815975e-02
1.918779999999999927e+04 2.859547418344062300e-02
1.919109999999999854e+04 2.831553441036671614e-02
1.919440000000000146e+04 2.806305178937439429e-02
1.919770000000000073e+04 2.779553886020849282e-02
1.920100000000000000e+04 2.752933919135490404e-02
1.920429999999999927e+04 2.726803625110536811e-02
1.920759999999999854e+04 2.698406585366415131e-02
1.921090000000000146e+04 2.671744176719145769e-02
1.921420000000000073e+04 2.642071803992135023e-02
1.921750000000000000e+04 2.612014631244401197e-02
1.922079999999999927e+04 2.583250160285227234e-02
1.922409999999999854e+04 2.553687631135659331e-02
1.922729999999999927e+04 2.523096693425743581e-02
1.923059999999999854e+04 2.491514907270509643e-02
1.923390000000000146e+04 2.462699266889852023e-02
1.923720000000000073e+04 2.434169715335606984e-02
1.924050000000000000e+04 2.401917109224610200e-02
1.924379999999999927e+04 2.370481471584223385e-02
1.924709999999999854e+04 2.338551939410927691e-02
1.925040000000000146e+04 2.306508119790852060e-02
1.925370000000000073e+04 2.271803818753689863e-02
1.925700000000000000e+04 2.242210925846645914e-02
1.926029999999999927e+04 2.207851304351297200e-02
1.926359999999999854e+04 2.172965301210877734e-02
1.926690000000000146e+04 2.142926771323206206e-02
1.927020000000000073e+04 2.108699497014126720e-02
1.927350000000000000e+04 2.076326651749940688e-02
1.927679999999999927e+04 2.043005340859596272e-02
1.928009999999999854e+04 2.009387224717095952e-02
1.928340000000000146e+04 1.979783880570777643e-02
1.928670000000000073e+04 1.947032572846571843e-02
1.929000000000000000e+04 1.914410666265706218e-02
1.929320000000000073e+04 1.883700014791136329e-02
1.929650000000000000e+04 1.850743876280709285e-02
1.929979999999999927e+04 1.818812304874161540e-02
1.930309999999999854e+04 1.787938438836560173e-02
1.930640000000000146e+04 1.757282918124261281e-02
1.930970000000000073e+04 1.726305515199284477e-02
1.931300000000000000e+04 1.696565044968496513e-02
1.931629999999999927e+04 1.663539349882372370e-02
1.931959999999999854e+04 1.631147265896473741e-02
1.932290000000000146e+04 1.597990824228736825e-02
1.932620000000000073e+04 1.566211774087016007e-02
1.932950000000000000e+04 1.533993301849746055e-02
1.933279999999999927e+04 1.501835450784357040e-02
1.933609999999999854e+04 1.472694422212388748e-02
1.933940000000000146e+04 1.442126435730891644e-02
1.934270000000000073e+04 1.411560622646382962e-02
1.934600000000000000e+04 1.380080899021131347e-02
1.934929999999999927e+04 1.349693139103504483e-02
1.935259999999999854e+04 1.318350946603060944e-02
1.935579999999999927e+04 1.288594712699864947e-02
1.935909999999999854e+04 1.258635588509979079e-02
1.936240000000000146e+04 1.229618981316711081e-02
1.936570000000000073e+04 1.201104640763203148e-02
1.936900000000000000e+04 1.172802881149242506e-02
1.937229999999999927e+04 1.143753436691269561e-02
1.937559999999999854e+04 1.114188662500991724e-02
1.937890000000000146e+04 1.086211409596253216e-02
1.938220000000000073e+04 1.057929285560790800e-02
1.938550000000000000e+04 1.029692765923209165e-02
1.938879999999999927e+04 1.000222603683046871e-02
1.939209999999999854e+04 9.727953003456165162e-03
1.939540000000000146e+04 9.469139717902745612e-03
1.939870000000000073e+04 9.187332913035049786e-03
1.940200000000000000e+04 8.921875874344542198e-03
1.940529999999999927e+04 8.669800052199257145e-03
1.940859999999999854e+04 8.425100963894645995e-03
1.941190000000000146e+04 8.164728658782538506e-03
1.941520000000000073e+04 7.922527537051927624e-03
1.941850000000000000e+04 7.678996214707761551e-03
1.942170000000000073e+04 7.404902997884871621e-03
1.942500000000000000e+04 7.146112064434786103e-03
1.942829999999999927e+04 6.902355543135590965e-03
1.943159999999999854e+04 6.645729535527150796e-03
1.943490000000000146e+04 6.388120220458403872e-03
1.943820000000000073e+04 6.130145823643436478e-03
1.944150000000000000e+04 5.878802516255084501e-03
1.944479999999999927e+04 5.646525428487470660e-03
1.944809999999999854e+04 5.411300568574982199e-03
1.945140000000000146e+04 5.190811409322794445e-03
1.945470000000000073e+04 4.973976183526798538e-03
1.945800000000000000e+04 4.757087487371078512e-03
1.946129999999999927e+04 4.516265815403905197e-03
1.946459999999999854e+04 4.284197933306387908e-03
1.946790000000000146e+04 4.052071450530798404e-03
1.947120000000000073e+04 3.821797193486815153e-03
1.947450000000000000e+04 3.596706612407339979e-03
1.947779999999999927e+04 3.380089700427778027e-03
1.948109999999999854e+04 3.169711907110228481e-03
1.948429999999999927e+04 2.962372782359399496e-03
1.948759999999999854e+04 2.763783379031684202e-03
1.949090000000000146e+04 2.563743025509739992e-03
1.949420000000000073e+04 2.359652721403161443e-03
1.949750000000000000e+04 2.157775768657731446e-03
1.950079999999999927e+04 1.942205339344358185e-03
1.950409999999999854e+04 1.745537524762509618e-03
1.950740000000000146e+04 1.554393176963372826e-03
1.951070000000000073e+04 1.352043741050073774e-03
1.951400000000000000e+04 1.173364033387582720e-03
1.951729999999999927e+04 9.946932263483301059e-04
1.952059999999999854e+04 7.872475784234816715e-04
1.952390000000000146e+04 6.085207680862869369e-04
1.952720000000000073e+04 4.330846916870098899e-04
1.953050000000000000e+04 2.493335549714260934e-04
1.953379999999999927e+04 7.184350203298373028e-05
1.953709999999999854e+04 -1.189987770676548392e-04
1.954040000000000146e+04 -2.693221386278636990e-04
1.954370000000000073e+04 -4.246553310193333284e-04
1.954700000000000000e+04 -5.815504537506438433e-04
1.955020000000000073e+04 -7.615366290455222089e-04
1.955350000000000000e+04 -8.958198406538691715e-04
1.955679999999999927e+04 -1.030248743631196002e-03
1.956009999999999854e+04 -1.163095276422872497e-03
1.956340000000000146e+04 -1.299755724396256615e-03
1.956670000000000073e+04 -1.430247654483015251e-03
1.957000000000000000e+04 -1.548753727011292682e-03
1.957329999999999927e+04 -1.695495360210672476e-03
1.957659999999999854e+04 -1.803226245171803436e-03
1.957990000000000146e+04 -1.916649202577836971e-03
1.958320000000000073e+04 -2.060211675179246874e-03
1.958650000000000000e+04 -2.205034273309528035e-03
1.958979999999999927e+04 -2.306443423335008576e-03
1.959309999999999854e+04 -2.414354572786314539e-03
1.959640000000000146e+04 -2.516251250749835990e-03
1.959970000000000073e+04 -2.609509534333647948e-03
1.960300000000000000e+04 -2.714831375731184028e-03
1.960629999999999927e+04 -2.840797649250095900e-03
1.960959999999999854e+04 -2.952223665945227695e-03
1.961290000000000146e+04 -3.067126751494683203e-03
1.961609999999999854e+04 -3.169945772618740654e-03
1.961940000000000146e+04 -3.258864298597655921e-03
1.962270000000000073e+04 -3.368848191603086070e-03
1.962600000000000000e+04 -3.463290880171837702e-03
1.962929999999999927e+04 -3.555127975152430099e-03
1.963259999999999854e+04 -3.622091080482147014e-03
1.963590000000000146e+04 -3.672779606619155229e-03
1.963920000000000073e+04 -3.792734477978332557e-03
1.964250000000000000e+04 -3.860615705146863610e-03
1.964579999999999927e+04 -3.976562989616284211e-03
1.964909999999999854e+04 -4.093049617368890898e-03
1.965240000000000146e+04 -4.212435978908515496e-03
1.965570000000000073e+04 -4.322872660055974460e-03
1.965900000000000000e+04 -4.405449284437856598e-03
1.966229999999999927e+04 -4.447303199332903155e-03
1.966559999999999854e+04 -4.512007184287360716e-03
1.966890000000000146e+04 -4.596605079580255715e-03
1.967220000000000073e+04 -4.706605040431249484e-03
1.967550000000000000e+04 -4.782166892271611652e-03
1.967870000000000073e+04 -4.882957267543883151e-03
1.968200000000000000e+04 -4.919578973854290584e-03
1.968529999999999927e+04 -4.954338503855498961e-03
1.968859999999999854e+04 -4.986882605237585517e-03
1.969190000000000146e+04 -5.021434030851345751e-03
1.969520000000000073e+04 -5.077958847037787604e-03
1.969850000000000000e+04 -5.123656494825276110e-03
1.970179999999999927e+04 -5.149392656912168791e-03
1.970509999999999854e+04 -5.263338330224561455e-03
1.970840000000000146e+04 -5.367991142606238358e-03
1.971170000000000073e+04 -5.462643994965266959e-03
1.971500000000000000e+04 -5.496747606887417668e-03
1.971829999999999927e+04 -5.598257138747547886e-03
1.972159999999999854e+04 -5.616659573629759553e-03
1.972490000000000146e+04 -5.656889277158037854e-03
1.972820000000000073e+04 -5.736648419760319827e-03
1.973150000000000000e+04 -5.832332914015288770e-03
1.973479999999999927e+04 -5.907271024571334947e-03
1.973809999999999854e+04 -5.966040665988923443e-03
1.974140000000000146e+04 -6.057350568908105928e-03
1.974459999999999854e+04 -6.154943685704380822e-03
1.974790000000000146e+04 -6.181955507487753472e-03
1.975120000000000073e+04 -6.186164740603477055e-03
1.975450000000000000e+04 -6.218972634372167338e-03
1.975779999999999927e+04 -6.253266363852064309e-03
1.976109999999999854e+04 -6.315711042128282528e-03
1.976440000000000146e+04 -6.375316581288485024e-03
1.976770000000000073e+04 -6.457364611834627392e-03
1.977100000000000000e+04 -6.504654869409539492e-03
1.977429999999999927e+04 -6.551690918143736157e-03
1.977759999999999854e+04 -6.616745184924635766e-03
1.978090000000000146e+04 -6.692814780477975706e-03
1.978420000000000073e+04 -6.770879719914572881e-03
1.978750000000000000e+04 -6.783328638718274378e-03
1.979079999999999927e+04 -6.846846104270140447e-03
1.979409999999999854e+04 -6.866091353083040617e-03
1.979740000000000146e+04 -6.887771177904113314e-03
1.980070000000000073e+04 -6.970274607059527908e-03
1.980400000000000000e+04 -6.993742760192148654e-03
1.980720000000000073e+04 -7.027923231499818603e-03
1.981050000000000000e+04 -7.006709272735638615e-03
1.981379999999999927e+04 -6.982891392958976741e-03
1.981709999999999854e+04 -7.019338426438458296e-03
1.982040000000000146e+04 -6.991103513014151373e-03
1.982370000000000073e+04 -6.979148740983332974e-03
1.982700000000000000e+04 -7.018646407287019127e-03
1.983029999999999927e+04 -7.026202617240793688e-03
1.983359999999999854e+04 -7.010632374690592937e-03
1.983690000000000146e+04 -6.988560748361359425e-03
1.984020000000000073e+04 -6.960000909336867998e-03
1.984350000000000000e+04 -6.964442176445740339e-03
1.984679999999999927e+04 -6.984491960549102721e-03
1.985009999999999854e+04 -7.004183626636560980e-03
1.985340000000000146e+04 -7.047911430512193189e-03
1.985670000000000073e+04 -7.109386974705745460e-03
1.986000000000000000e+04 -7.118554442155249941e-03
1.986329999999999927e+04 -7.159598796282390376e-03
1.986659999999999854e+04 -7.179803032016838192e-03
1.986990000000000146e+04 -7.158292575725487376e-03
1.987309999999999854e+04 -7.119747292024361345e-03
1.987640000000000146e+04 -7.092825933103627870e-03
1.987970000000000073e+04 -7.123828856794705948e-03
1.988300000000000000e+04 -7.080423444012557375e-03
1.988629999999999927e+04 -7.160175628834124055e-03
1.988959999999999854e+04 -7.235179299474710224e-03
1.989290000000000146e+04 -7.235089667926508476e-03
1.989620000000000073e+04 -7.194462058888141318e-03
1.989950000000000000e+04 -7.172983573745950019e-03
1.990279999999999927e+04 -7.158876255013417282e-03
1.990609999999999854e+04 -7.145001066873285338e-03
1.990940000000000146e+04 -7.112333421909066908e-03
1.991270000000000073e+04 -7.127912402526982369e-03
1.991600000000000000e+04 -7.132534818223807555e-03
1.991929999999999927e+04 -7.153257165172964387e-03
1.992259999999999854e+04 -7.155606282301565924e-03
1.992590000000000146e+04 -7.145709411463910775e-03
