1.716800000000000000e+04 4.702914513796196765e-04
1.717129999999999927e+04 4.739061288214869105e-04
1.717459999999999854e+04 4.615236791477023560e-04
1.717790000000000146e+04 4.556858708497878423e-04
1.718120000000000073e+04 4.835327706839837579e-04
1.718450000000000000e+04 4.800480645297168112e-04
1.718779999999999927e+04 4.830180128552824742e-04
1.719109999999999854e+04 4.905050268718200027e-04
1.719440000000000146e+04 4.762274824076671094e-04
1.719770000000000073e+04 4.873994665088675739e-04
1.720100000000000000e+04 4.817071813194358123e-04
1.720429999999999927e+04 4.890588035094729389e-04
1.720759999999999854e+04 4.928829828017708891e-04
1.721090000000000146e+04 4.951889848985466464e-04
1.721420000000000073e+04 4.978991647304959519e-04
1.721750000000000000e+04 5.101147836489311081e-04
1.722079999999999927e+04 5.042426789232220185e-04
1.722409999999999854e+04 5.154403484399226786e-04
1.722729999999999927e+04 5.233621678538512420e-04
1.723059999999999854e+04 5.282924216203464677e-04
1.723390000000000146e+04 5.357545099492043309e-04
1.723720000000000073e+04 5.499099117489656156e-04
1.724050000000000000e+04 5.609291902346509985e-04
1.724379999999999927e+04 5.580531016383181823e-04
1.724709999999999854e+04 5.528732730929232248e-04
1.725040000000000146e+04 5.554766611503031849e-04
1.725370000000000073e+04 5.671135510976923859e-04
1.725700000000000000e+04 5.788539825276688665e-04
1.726029999999999927e+04 5.649312564013395750e-04
1.726359999999999854e+04 5.703797586787111989e-04
1.726690000000000146e+04 5.596094512679856275e-04
1.727020000000000073e+04 5.547544532292755836e-04
1.727350000000000000e+04 5.622757379598573857e-04
1.727679999999999927e+04 5.574335526374117177e-04
1.728009999999999854e+04 5.664584990890160357e-04
1.728340000000000146e+04 5.653160790638207638e-04
1.728670000000000073e+04 5.702618536241820489e-04
1.729000000000000000e+04 5.819866947842339917e-04
1.729320000000000073e+04 5.912027672429416873e-04
1.729650000000000000e+04 5.763065991585369745e-04
1.729979999999999927e+04 5.853841418564437920e-04
1.730309999999999854e+04 5.986456346899200580e-04
1.730640000000000146e+04 6.014897857371779861e-04
1.730970000000000073e+04 6.023553258715550569e-04
1.731300000000000000e+04 6.003887972554652983e-04
1.731629999999999927e+04 6.174893588905237818e-04
1.731959999999999854e+04 6.241355994982704164e-04
1.732290000000000146e+04 6.407579709030336882e-04
1.732620000000000073e+04 6.385468089712116688e-04
1.732950000000000000e+04 6.444105551576419623e-04
1.733279999999999927e+04 6.432174801480600558e-04
1.733609999999999854e+04 6.483149676606704374e-04
1.733940000000000146e+04 6.545849915361990051e-04
1.734270000000000073e+04 6.557210771311616521e-04
1.734600000000000000e+04 6.551595344182005497e-04
1.734929999999999927e+04 6.607200686593498557e-04
1.735259999999999854e+04 6.512535580378293453e-04
1.735579999999999927e+04 6.479277889693248410e-04
1.735909999999999854e+04 6.508825348476925902e-04
1.736240000000000146e+04 6.542189592855783033e-04
1.736570000000000073e+04 6.523413460357266238e-04
1.736900000000000000e+04 6.528380584088862206e-04
1.737229999999999927e+04 6.648267772575868319e-04
1.737559999999999854e+04 6.640688623759231392e-04
1.737890000000000146e+04 6.642971501805552742e-04
1.738220000000000073e+04 6.693440143171347110e-04
1.738550000000000000e+04 6.741702377247222634e-04
1.738879999999999927e+04 6.695155017858162158e-04
1.739209999999999854e+04 6.722380633675142762e-04
1.739540000000000146e+04 6.748549118489945457e-04
1.739870000000000073e+04 6.718023515575871759e-04
1.740200000000000000e+04 6.609482125978368653e-04
1.740529999999999927e+04 6.697021525986740324e-04
1.740859999999999854e+04 6.742406252289692876e-04
1.741190000000000146e+04 6.783176214530879959e-04
1.741520000000000073e+04 6.809040522408644916e-04
1.741850000000000000e+04 6.750078011702011823e-04
1.742170000000000073e+04 6.747911350261015170e-04
1.742500000000000000e+04 6.822186927955449509e-04
1.742829999999999927e+04 6.882931193651561919e-04
1.743159999999999854e+04 6.960971274094472638e-04
1.743490000000000146e+04 7.045777332715192015e-04
1.743820000000000073e+04 7.066691444802157074e-04
1.744150000000000000e+04 7.103024398246535892e-04
1.744479999999999927e+04 7.122688107669984106e-04
1.744809999999999854e+04 7.152256763665743988e-04
1.745140000000000146e+04 7.163712122376324600e-04
1.745470000000000073e+04 7.112283794136273077e-04
1.745800000000000000e+04 7.095773095698743732e-04
1.746129999999999927e+04 7.117353856942947683e-04
1.746459999999999854e+04 7.052446158111995043e-04
1.746790000000000146e+04 7.076828465446514949e-04
1.747120000000000073e+04 7.098349529465056758e-04
1.747450000000000000e+04 7.106180410471247839e-04
1.747779999999999927e+04 7.127431568999053431e-04
1.748109999999999854e+04 7.166780790925317843e-04
1.748429999999999927e+04 7.147019202792937289e-04
1.748759999999999854e+04 7.090570837480082277e-04
1.749090000000000146e+04 7.116978210567119446e-04
1.749420000000000073e+04 7.138368555658584219e-04
1.749750000000000000e+04 7.144343101160056941e-04
1.750079999999999927e+04 7.123675742913591425e-04
1.750409999999999854e+04 7.137346249674986990e-04
1.750740000000000146e+04 7.090153840947009374e-04
1.751070000000000073e+04 6.976467930751157872e-04
1.751400000000000000e+04 6.969906809855704304e-04
1.751729999999999927e+04 7.062097932977587150e-04
1.752059999999999854e+04 7.093364945794726180e-04
1.752390000000000146e+04 7.100544474076747126e-04
1.752720000000000073e+04 7.019966409421809269e-04
1.753050000000000000e+04 7.041131291625056954e-04
1.753379999999999927e+04 7.141334599984824894e-04
1.753709999999999854e+04 7.027864664438091989e-04
1.754040000000000146e+04 7.025811654055157552e-04
1.754370000000000073e+04 7.087531040452451931e-04
1.754700000000000000e+04 7.101125308942148138e-04
1.755020000000000073e+04 7.095676601747681828e-04
1.755350000000000000e+04 7.120761210503070027e-04
1.755679999999999927e+04 7.110897949013187400e-04
1.756009999999999854e+04 7.118997066611495138e-04
1.756340000000000146e+04 7.176459766515568732e-04
1.756670000000000073e+04 7.291351241878638815e-04
1.757000000000000000e+04 7.334053074506607581e-04
1.757329999999999927e+04 7.357013488193980171e-04
1.757659999999999854e+04 7.356215309021530736e-04
1.757990000000000146e+04 7.347428574156555448e-04
1.758320000000000073e+04 7.475195947620682461e-04
1.758650000000000000e+04 7.493917644396150919e-04
1.758979999999999927e+04 7.510985102367771565e-04
1.759309999999999854e+04 7.488936233061541277e-04
1.759640000000000146e+04 7.426405408038578909e-04
1.759970000000000073e+04 7.349914165649231237e-04
1.760300000000000000e+04 7.317520888087461744e-04
1.760629999999999927e+04 7.359892215279391576e-04
1.760959999999999854e+04 7.403099176867142467e-04
1.761290000000000146e+04 7.412125484813760845e-04
1.761609999999999854e+04 7.418993549740461081e-04
1.761940000000000146e+04 7.435586626176415945e-04
1.762270000000000073e+04 7.515330414688881945e-04
1.762600000000000000e+04 7.541492453538192579e-04
1.762929999999999927e+04 7.624533112769476444e-04
1.763259999999999854e+04 7.646774927842355744e-04
1.763590000000000146e+04 7.675450761097237862e-04
1.763920000000000073e+04 7.751873409995985566e-04
1.764250000000000000e+04 7.775945195934753917e-04
1.764579999999999927e+04 7.776006671231392104e-04
1.764909999999999854e+04 7.829929588346102752e-04
1.765240000000000146e+04 7.908009586558115579e-04
1.765570000000000073e+04 7.973534920694603676e-04
1.765900000000000000e+04 8.075892792748266217e-04
1.766229999999999927e+04 8.167478814284578285e-04
1.766559999999999854e+04 8.296448790190642840e-04
1.766890000000000146e+04 8.375207926857238276e-04
1.767220000000000073e+04 8.483747398575767259e-04
1.767550000000000000e+04 8.497988921920638511e-04
1.767870000000000073e+04 8.520060408949649191e-04
1.768200000000000000e+04 8.546378752217446842e-04
1.768529999999999927e+04 8.585043582961810870e-04
1.768859999999999854e+04 8.675659289197431472e-04
1.769190000000000146e+04 8.723594912200632835e-04
1.769520000000000073e+04 8.830431982522005943e-04
1.769850000000000000e+04 8.770842884022718791e-04
1.770179999999999927e+04 8.803487769652002751e-04
1.770509999999999854e+04 8.884601396674265917e-04
1.770840000000000146e+04 8.932652677196127209e-04
1.771170000000000073e+04 8.945039601599664514e-04
1.771500000000000000e+04 9.035636570133626826e-04
1.771829999999999927e+04 9.090473577695610055e-04
1.772159999999999854e+04 9.188504182973516446e-04
1.772490000000000146e+04 9.199266151642326514e-04
1.772820000000000073e+04 9.212984697562132856e-04
1.773150000000000000e+04 9.262476227992483139e-04
1.773479999999999927e+04 9.243958874820326892e-04
1.773809999999999854e+04 9.251440083681023580e-04
1.774140000000000146e+04 9.330563177385367947e-04
1.774459999999999854e+04 9.415731102355532353e-04
1.774790000000000146e+04 9.438917356981565629e-04
1.775120000000000073e+04 9.505504979707735417e-04
1.775450000000000000e+04 9.533530807017396615e-04
1.775779999999999927e+04 9.611022601455478185e-04
1.776109999999999854e+04 9.668680608592748272e-04
1.776440000000000146e+04 9.737618124339093894e-04
1.776770000000000073e+04 9.846894308449467056e-04
1.777100000000000000e+04 9.843911128595140940e-04
1.777429999999999927e+04 9.886834526386626288e-04
1.777759999999999854e+04 9.979001338008134433e-04
1.778090000000000146e+04 1.004617611691417103e-03
1.778420000000000073e+04 1.007944809882904431e-03
1.778750000000000000e+04 1.010614780518052274e-03
1.779079999999999927e+04 1.011282094143198512e-03
1.779409999999999854e+04 1.022908981527953639e-03
1.779740000000000146e+04 1.032535315548050369e-03
1.780070000000000073e+04 1.036773997918918888e-03
1.780400000000000000e+04 1.044282961686655549e-03
1.780720000000000073e+04 1.052339907186124407e-03
1.781050000000000000e+04 1.058006777454310789e-03
1.781379999999999927e+04 1.062596272544059440e-03
1.781709999999999854e+04 1.061855914187144609e-03
1.782040000000000146e+04 1.063346088169813634e-03
1.782370000000000073e+04 1.067407224897426454e-03
1.782700000000000000e+04 1.068288917136671432e-03
1.783029999999999927e+04 1.062646562288454286e-03
1.783359999999999854e+04 1.060084076042533581e-03
1.783690000000000146e+04 1.061913683469491772e-03
1.784020000000000073e+04 1.070277732678001073e-03
1.784350000000000000e+04 1.081091251980377055e-03
1.784679999999999927e+04 1.085528728052403838e-03
1.785009999999999854e+04 1.090343369823688294e-03
1.785340000000000146e+04 1.091783056707801682e-03
1.785670000000000073e+04 1.103462971376080199e-03
1.786000000000000000e+04 1.100459874506483533e-03
1.786329999999999927e+04 1.105965736453739124e-03
1.786659999999999854e+04 1.116081367231308618e-03
1.786990000000000146e+04 1.125123247217524238e-03
1.787309999999999854e+04 1.128066658816192190e-03
1.787640000000000146e+04 1.141734516364311053e-03
1.787970000000000073e+04 1.140609841041660471e-03
1.788300000000000000e+04 1.152450525917607599e-03
1.788629999999999927e+04 1.159256112037487579e-03
1.788959999999999854e+04 1.174564488928869516e-03
1.789290000000000146e+04 1.184966734142661564e-03
1.789620000000000073e+04 1.190642770659792278e-03
1.789950000000000000e+04 1.202393037715352060e-03
1.790279999999999927e+04 1.209710301738045916e-03
1.790609999999999854e+04 1.213343504755492585e-03
1.790940000000000146e+04 1.221301106567040506e-03
1.791270000000000073e+04 1.228646264277235200e-03
1.791600000000000000e+04 1.231116095339143896e-03
1.791929999999999927e+04 1.239197556488940474e-03
1.792259999999999854e+04 1.243590999436372784e-03
1.792590000000000146e+04 1.252426609900048494e-03
1.792920000000000073e+04 1.259069457486091791e-03
1.793250000000000000e+04 1.256295815910932938e-03
1.793570000000000073e+04 1.264714305203427317e-03
1.793900000000000000e+04 1.264030049529998780e-03
1.794229999999999927e+04 1.262942335760895837e-03
1.794559999999999854e+04 1.272316539295518731e-03
1.794890000000000146e+04 1.283772081497603452e-03
1.795220000000000073e+04 1.288058945401955634e-03
1.795550000000000000e+04 1.296733879414787736e-03
1.795879999999999927e+04 1.297900481882146868e-03
1.796209999999999854e+04 1.302256673651906510e-03
1.796540000000000146e+04 1.308949806076074385e-03
1.796870000000000073e+04 1.312720436940218458e-03
1.797200000000000000e+04 1.318015887230971706e-03
1.797529999999999927e+04 1.325021571855239605e-03
1.797859999999999854e+04 1.333859937164409400e-03
1.798190000000000146e+04 1.349867098917846607e-03
1.798520000000000073e+04 1.358926935841667499e-03
1.798850000000000000e+04 1.360198781726353100e-03
1.799179999999999927e+04 1.360760884104282109e-03
1.799509999999999854e+04 1.371653316014598625e-03
1.799840000000000146e+04 1.382500540440436809e-03
1.800159999999999854e+04 1.387782675802242457e-03
1.800490000000000146e+04 1.385362610941958056e-03
1.800820000000000073e+04 1.389194777137219873e-03
1.801150000000000000e+04 1.396496549405266832e-03
1.801479999999999927e+04 1.403141441094328491e-03
1.801809999999999854e+04 1.413244967070145667e-03
1.802140000000000146e+04 1.416530059072876845e-03
1.802470000000000073e+04 1.419900810099073308e-03
1.802800000000000000e+04 1.422342187853406058e-03
1.803129999999999927e+04 1.420359073383986115e-03
1.803459999999999854e+04 1.415914807115626825e-03
1.803790000000000146e+04 1.420474849601203104e-03
1.804120000000000073e+04 1.416440056213294366e-03
1.804450000000000000e+04 1.418085729824926540e-03
1.804779999999999927e+04 1.415397657066057909e-03
1.805109999999999854e+04 1.412778580437480148e-03
1.805440000000000146e+04 1.408212692601308385e-03
1.805770000000000073e+04 1.408035237217092079e-03
1.806100000000000000e+04 1.406742942167434887e-03
1.806429999999999927e+04 1.406467745378930890e-03
1.806750000000000000e+04 1.409128431571037314e-03
1.807079999999999927e+04 1.399796333090309267e-03
1.807409999999999854e+04 1.393569922625058702e-03
1.807740000000000146e+04 1.389404781234637645e-03
1.808070000000000073e+04 1.391402454714694634e-03
1.808400000000000000e+04 1.391934675562739700e-03
1.808729999999999927e+04 1.392981924298661647e-03
1.809059999999999854e+04 1.392157450630127167e-03
1.809390000000000146e+04 1.386550521835495670e-03
1.809720000000000073e+04 1.383333920338585118e-03
1.810050000000000000e+04 1.382910983381334911e-03
1.810379999999999927e+04 1.385889551446212002e-03
1.810709999999999854e+04 1.385451793133700427e-03
1.811040000000000146e+04 1.377203659193912367e-03
1.811370000000000073e+04 1.377011950295457593e-03
1.811700000000000000e+04 1.374275411680108078e-03
1.812029999999999927e+04 1.369908703633099245e-03
1.812359999999999854e+04 1.363681793713505995e-03
1.812690000000000146e+04 1.372774384728105927e-03
1.813009999999999854e+04 1.372404026474459589e-03
1.813340000000000146e+04 1.373751025292304371e-03
1.813670000000000073e+04 1.370034820422174867e-03
1.814000000000000000e+04 1.372080033194767162e-03
1.814329999999999927e+04 1.368506054739992072e-03
1.814659999999999854e+04 1.358895016849750699e-03
1.814990000000000146e+04 1.352719317216151190e-03
1.815320000000000073e+04 1.348037625591170944e-03
1.815650000000000000e+04 1.354253546058367718e-03
1.815979999999999927e+04 1.352928760359978742e-03
1.816309999999999854e+04 1.346512836419727546e-03
1.816640000000000146e+04 1.340585379522727522e-03
1.816970000000000073e+04 1.345752967330102927e-03
1.817300000000000000e+04 1.342397270027644723e-03
1.817629999999999927e+04 1.342608965094753805e-03
1.817959999999999854e+04 1.343963229486938018e-03
1.818290000000000146e+04 1.353139082589646441e-03
1.818620000000000073e+04 1.360430589333731484e-03
1.818950000000000000e+04 1.369767528592085283e-03
1.819279999999999927e+04 1.369319699921378369e-03
1.819600000000000000e+04 1.373534955355113201e-03
1.819929999999999927e+04 1.382255281648563181e-03
1.820259999999999854e+04 1.384148812076423443e-03
1.820590000000000146e+04 1.380864764805892755e-03
1.820920000000000073e+04 1.389419914727672324e-03
1.821250000000000000e+04 1.388691661653551667e-03
1.821579999999999927e+04 1.393307063431697057e-03
1.821909999999999854e+04 1.391823865667527393e-03
1.822240000000000146e+04 1.401050504755100819e-03
1.822570000000000073e+04 1.415437700173918269e-03
1.822900000000000000e+04 1.432149275070270346e-03
1.823229999999999927e+04 1.448816708706287355e-03
1.823559999999999854e+04 1.475618426020703245e-03
1.823890000000000146e+04 1.483990891064466489e-03
1.824220000000000073e+04 1.516527113115589964e-03
1.824550000000000000e+04 1.541806219851680213e-03
1.824879999999999927e+04 1.565918907882082791e-03
1.825209999999999854e+04 1.573771534060535663e-03
1.825540000000000146e+04 1.592951826694968560e-03
1.825859999999999854e+04 1.626251588320094029e-03
1.826190000000000146e+04 1.652233143443698673e-03
1.826520000000000073e+04 1.675231337189298083e-03
1.826850000000000000e+04 1.691837568368032615e-03
1.827179999999999927e+04 1.710212665676994230e-03
1.827509999999999854e+04 1.733369904362065282e-03
1.827840000000000146e+04 1.750401348043734411e-03
1.828170000000000073e+04 1.777147749498100490e-03
1.828500000000000000e+04 1.802669103920373408e-03
1.828829999999999927e+04 1.835298502548323449e-03
1.829159999999999854e+04 1.853333877558442991e-03
1.829490000000000146e+04 1.885438017575020130e-03
1.829820000000000073e+04 1.901438172425232165e-03
1.830150000000000000e+04 1.926451526990622396e-03
1.830479999999999927e+04 1.950285806305515146e-03
1.830809999999999854e+04 1.991241130444255589e-03
1.831140000000000146e+04 2.013287566178300746e-03
1.831470000000000073e+04 2.038865720869794361e-03
1.831800000000000000e+04 2.074815644908921224e-03
1.832129999999999927e+04 2.118023748186368890e-03
1.832450000000000000e+04 2.145775834617098463e-03
1.832779999999999927e+04 2.172182550897136001e-03
1.833109999999999854e+04 2.220916509697027936e-03
1.833440000000000146e+04 2.262926264360423049e-03
1.833770000000000073e+04 2.302998561224834945e-03
1.834100000000000000e+04 2.352800979977361356e-03
1.834429999999999927e+04 2.372470238169398053e-03
1.834759999999999854e+04 2.399963377978634686e-03
1.835090000000000146e+04 2.440059013244383953e-03
1.835420000000000073e+04 2.485124537142757370e-03
1.835750000000000000e+04 2.531416685331062608e-03
1.836079999999999927e+04 2.573355263623133566e-03
1.836409999999999854e+04 2.602331333976529854e-03
1.836740000000000146e+04 2.627929538548001102e-03
1.837070000000000073e+04 2.673925515060028655e-03
1.837400000000000000e+04 2.714442713957758869e-03
1.837729999999999927e+04 2.762792154795546198e-03
1.838059999999999854e+04 2.807716546002069109e-03
1.838390000000000146e+04 2.865354297499331238e-03
1.838709999999999854e+04 2.897307121711132066e-03
1.839040000000000146e+04 2.944089658043182439e-03
1.839370000000000073e+04 2.957927485402204060e-03
1.839700000000000000e+04 2.991860420572478585e-03
1.840029999999999927e+04 3.011565298104789453e-03
1.840359999999999854e+04 3.063577637380951024e-03
1.840690000000000146e+04 3.094223687517554285e-03
1.841020000000000073e+04 3.124274512012212811e-03
1.841350000000000000e+04 3.160203197937879512e-03
1.841679999999999927e+04 3.216295936941286800e-03
1.842009999999999854e+04 3.246401380131494312e-03
1.842340000000000146e+04 3.277772664118164953e-03
1.842670000000000073e+04 3.321065476197623649e-03
1.843000000000000000e+04 3.361344839698473565e-03
1.843329999999999927e+04 3.401122293541407240e-03
1.843659999999999854e+04 3.457295773533823786e-03
1.843990000000000146e+04 3.502951178472962779e-03
1.844320000000000073e+04 3.557791935947198034e-03
1.844650000000000000e+04 3.610596282963935040e-03
1.844979999999999927e+04 3.660567789703869125e-03
1.845300000000000000e+04 3.709922899780823246e-03
1.845629999999999927e+04 3.756981975556968924e-03
1.845959999999999854e+04 3.772263267786090703e-03
1.846290000000000146e+04 3.831383093579351570e-03
1.846620000000000073e+04 3.834894419972801911e-03
1.846950000000000000e+04 3.858099554991109310e-03
1.847279999999999927e+04 3.871077627502752128e-03
1.847609999999999854e+04 3.893141036920534041e-03
1.847940000000000146e+04 3.902151436636646948e-03
1.848270000000000073e+04 3.904614745892351618e-03
1.848600000000000000e+04 3.891794395354848321e-03
1.848929999999999927e+04 3.896515016295089978e-03
1.849259999999999854e+04 3.911358194199855177e-03
1.849590000000000146e+04 3.909567801425699318e-03
1.849920000000000073e+04 3.927168923004257205e-03
1.850250000000000000e+04 3.950375484076812382e-03
1.850579999999999927e+04 3.980690010797833384e-03
1.850909999999999854e+04 4.036910374730766707e-03
1.851240000000000146e+04 4.048897731904077361e-03
1.851570000000000073e+04 4.036154466042119089e-03
1.851890000000000146e+04 4.034330944301216249e-03
1.852220000000000073e+04 4.056799465235227768e-03
1.852550000000000000e+04 4.093719447218692638e-03
1.852879999999999927e+04 4.147448453157611889e-03
1.853209999999999854e+04 4.197051718690752997e-03
1.853540000000000146e+04 4.237103456504758350e-03
1.853870000000000073e+04 4.285348636299013067e-03
1.854200000000000000e+04 4.338707886356114179e-03
1.854529999999999927e+04 4.395792745164561061e-03
1.854859999999999854e+04 4.418069688341423086e-03
1.855190000000000146e+04 4.470382252753575189e-03
1.855520000000000073e+04 4.512975881505443959e-03
1.855850000000000000e+04 4.591255359617891704e-03
1.856179999999999927e+04 4.659256569996029183e-03
1.856509999999999854e+04 4.725296657192019911e-03
1.856840000000000146e+04 4.782961082584507445e-03
1.857170000000000073e+04 4.810374886275979762e-03
1.857500000000000000e+04 4.855540571784715265e-03
1.857829999999999927e+04 4.917060495126335772e-03
1.858150000000000000e+04 4.964151779719046254e-03
1.858479999999999927e+04 5.013068666403236277e-03
1.858809999999999854e+04 5.052350640616844885e-03
1.859140000000000146e+04 5.102111385667951020e-03
1.859470000000000073e+04 5.149592377325836953e-03
1.859800000000000000e+04 5.209957968809351622e-03
1.860129999999999927e+04 5.239578001368463446e-03
1.860459999999999854e+04 5.299533990304589569e-03
1.860790000000000146e+04 5.345795090426042930e-03
1.861120000000000073e+04 5.412496235527421498e-03
1.861450000000000000e+04 5.516433975427906256e-03
1.861779999999999927e+04 5.567938776741556198e-03
1.862109999999999854e+04 5.611501967626063118e-03
1.862440000000000146e+04 5.690023862862577178e-03
1.862770000000000073e+04 5.753238078043313060e-03
1.863100000000000000e+04 5.885836263915067944e-03
1.863429999999999927e+04 5.979630565284159427e-03
1.863759999999999854e+04 6.062715792362780194e-03
1.864090000000000146e+04 6.162224968864470423e-03
1.864420000000000073e+04 6.357063726152697471e-03
1.864740000000000146e+04 6.481631080795071005e-03
1.865070000000000073e+04 6.610478648604072721e-03
1.865400000000000000e+04 6.763950584793673032e-03
1.865729999999999927e+04 6.901723015911334115e-03
1.866059999999999854e+04 7.035740691307674696e-03
1.866390000000000146e+04 7.160634183830554000e-03
1.866720000000000073e+04 7.283526359552640501e-03
1.867050000000000000e+04 7.369904642095870435e-03
1.867379999999999927e+04 7.481239082370174688e-03
1.867709999999999854e+04 7.625285077817095525e-03
1.868040000000000146e+04 7.824418502744670198e-03
1.868370000000000073e+04 8.082099809915298597e-03
1.868700000000000000e+04 8.327096802854610028e-03
1.869029999999999927e+04 8.501343541986323624e-03
1.869359999999999854e+04 8.776610619045100564e-03
1.869690000000000146e+04 9.041751727536696467e-03
1.870020000000000073e+04 9.145023896192410601e-03
1.870350000000000000e+04 9.219997649041902429e-03
1.870679999999999927e+04 9.385801725367126647e-03
1.871000000000000000e+04 9.694316276781233047e-03
1.871329999999999927e+04 9.902309069687373691e-03
1.871659999999999854e+04 1.005095508748815765e-02
1.871990000000000146e+04 1.019589183644861556e-02
1.872320000000000073e+04 1.032676609769967585e-02
1.872650000000000000e+04 1.047180303652511801e-02
1.872979999999999927e+04 1.057891642616227458e-02
1.873309999999999854e+04 1.073074785532020237e-02
1.873640000000000146e+04 1.088092314683671707e-02
1.873970000000000073e+04 1.106382644287919742e-02
1.874300000000000000e+04 1.111523733594853812e-02
1.874629999999999927e+04 1.125408365278555978e-02
1.874959999999999854e+04 1.131877179331221804e-02
1.875290000000000146e+04 1.139425692925794854e-02
1.875620000000000073e+04 1.146855125204380640e-02
1.875950000000000000e+04 1.162799067826383523e-02
1.876279999999999927e+04 1.175897839476871057e-02
1.876609999999999854e+04 1.189528434869571369e-02
1.876940000000000146e+04 1.197090750431999834e-02
1.877270000000000073e+04 1.210377357552947473e-02
1.877590000000000146e+04 1.229015051611330976e-02
1.877920000000000073e+04 1.233875349239737032e-02
1.878250000000000000e+04 1.251481569250472575e-02
1.878579999999999927e+04 1.269608711205490355e-02
1.878909999999999854e+04 1.291188828424151731e-02
1.879240000000000146e+04 1.313375078810058265e-02
1.879570000000000073e+04 1.336093937215409796e-02
1.879900000000000000e+04 1.362404970219196002e-02
1.880229999999999927e+04 1.391240975546982964e-02
1.880559999999999854e+04 1.420393443911181948e-02
1.880890000000000146e+04 1.440886503853376459e-02
1.881220000000000073e+04 1.466683250931194449e-02
1.881550000000000000e+04 1.495089411805594973e-02
1.881879999999999927e+04 1.521880616777286643e-02
1.882209999999999854e+04 1.548302658467418623e-02
1.882540000000000146e+04 1.576795613179748229e-02
1.882870000000000073e+04 1.606145514901100371e-02
1.883200000000000000e+04 1.633133803655141547e-02
1.883529999999999927e+04 1.662757810898496391e-02
1.883859999999999854e+04 1.691074837989349489e-02
1.884179999999999927e+04 1.718624180334426751e-02
1.884509999999999854e+04 1.745497914336286566e-02
1.884840000000000146e+04 1.765630702536116065e-02
1.885170000000000073e+04 1.785671259968767827e-02
1.885500000000000000e+04 1.812414898621571291e-02
1.885829999999999927e+04 1.828295400920195227e-02
1.886159999999999854e+04 1.843643011139111873e-02
1.886490000000000146e+04 1.877665862841140440e-02
1.886820000000000073e+04 1.914904341164122906e-02
1.887150000000000000e+04 1.943203555700284343e-02
1.887479999999999927e+04 1.955549928990405611e-02
1.887809999999999854e+04 1.980504918306016243e-02
1.888140000000000146e+04 2.012148815917930503e-02
1.888470000000000073e+04 2.043273118199389130e-02
1.888800000000000000e+04 2.073657382509120142e-02
1.889129999999999927e+04 2.103068276614579804e-02
1.889459999999999854e+04 2.138460816833360340e-02
1.889790000000000146e+04 2.169973427332103771e-02
1.890120000000000073e+04 2.202100611065730199e-02
1.890440000000000146e+04 2.231152945862215076e-02
1.890770000000000073e+04 2.271865256603076630e-02
1.891100000000000000e+04 2.306105169661164939e-02
1.891429999999999927e+04 2.347743110621063750e-02
1.891759999999999854e+04 2.388080516448249160e-02
1.892090000000000146e+04 2.430020121468103034e-02
1.892420000000000073e+04 2.465841179311218864e-02
1.892750000000000000e+04 2.502376632198954204e-02
1.893079999999999927e+04 2.542132101676270253e-02
1.893409999999999854e+04 2.581398135428227339e-02
1.893740000000000146e+04 2.617444993320252808e-02
1.894070000000000073e+04 2.646153417880606207e-02
1.894400000000000000e+04 2.683681658471737119e-02
1.894729999999999927e+04 2.713938733109512447e-02
1.895059999999999854e+04 2.744135639768227955e-02
1.895390000000000146e+04 2.775265796528439063e-02
1.895720000000000073e+04 2.800619406876740311e-02
1.896050000000000000e+04 2.828207752650576529e-02
1.896379999999999927e+04 2.852783510902584876e-02
1.896709999999999854e+04 2.875081184710817639e-02
1.897029999999999927e+04 2.892480036657305367e-02
1.897359999999999854e+04 2.911470250970627296e-02
1.897690000000000146e+04 2.934848072130122679e-02
1.898020000000000073e+04 2.953221038541116103e-02
1.898350000000000000e+04 2.971843206297838935e-02
1.898679999999999927e+04 2.993077460404949125e-02
1.899009999999999854e+04 3.011080281078483065e-02
1.899340000000000146e+04 3.028492566869722333e-02
1.899670000000000073e+04 3.044531863196733509e-02
1.900000000000000000e+04 3.062801576885605323e-02
1.900329999999999927e+04 3.078477755948124880e-02
1.900659999999999854e+04 3.095318252693571304e-02
1.900990000000000146e+04 3.105880028639752127e-02
1.901320000000000073e+04 3.115316288673591893e-02
1.901650000000000000e+04 3.123919023604415299e-02
1.901979999999999927e+04 3.134418918018188477e-02
1.902309999999999854e+04 3.146682873258890845e-02
1.902640000000000146e+04 3.159962424819171001e-02
1.902970000000000073e+04 3.166961641691044133e-02
1.903290000000000146e+04 3.174741625453414429e-02
1.903620000000000073e+04 3.179598521218360285e-02
1.903950000000000000e+04 3.184476819890173088e-02
1.904279999999999927e+04 3.190742349278916784e-02
1.904609999999999854e+04 3.193220622420708116e-02
1.904940000000000146e+04 3.196996018983911531e-02
1.905270000000000073e+04 3.202801906165128609e-02
1.905600000000000000e+04 3.206436645227988408e-02
1.905929999999999927e+04 3.209674442101318609e-02
1.906259999999999854e+04 3.209956640441512937e-02
1.906590000000000146e+04 3.211462963287627093e-02
1.906920000000000073e+04 3.211852632469325286e-02
1.907250000000000000e+04 3.208359539729088716e-02
1.907579999999999927e+04 3.205131233182258871e-02
1.907909999999999854e+04 3.202411137032357830e-02
1.908240000000000146e+04 3.201062568322714935e-02
1.908570000000000073e+04 3.195569238826664882e-02
1.908900000000000000e+04 3.188867202661512662e-02
1.909229999999999927e+04 3.180703120417728569e-02
1.909559999999999854e+04 3.172271755859566722e-02
1.909879999999999927e+04 3.167171480638593384e-02
1.910209999999999854e+04 3.158438762133559258e-02
1.910540000000000146e+04 3.151096088765752840e-02
1.910870000000000073e+04 3.144545402364283537e-02
1.911200000000000000e+04 3.136707617535409998e-02
1.911529999999999927e+04 3.129124660164960686e-02
1.911859999999999854e+04 3.112018382766192776e-02
1.912190000000000146e+04 3.098320675225974680e-02
1.912520000000000073e+04 3.080451453845612850e-02
1.912850000000000000e+04 3.062579643226987294e-02
1.913179999999999927e+04 3.047575869670536911e-02
1.913509999999999854e+04 3.034188757377368970e-02
1.913840000000000146e+04 3.018015819568195882e-02
1.914170000000000073e+04 2.998389831553456911e-02
1.914500000000000000e+04 2.980337435102762070e-02
1.914829999999999927e+04 2.959211348335554631e-02
1.915159999999999854e+04 2.937827333182498057e-02
1.915490000000000146e+04 2.919217866006196260e-02
1.915820000000000073e+04 2.899916450474615895e-02
1.916140000000000146e+04 2.881199636212709858e-02
1.916470000000000073e+04 2.859111980697602584e-02
1.916800000000000000e+04 2.837422566150138437e-02
1.917129999999999927e+04 2.812616093036903256e-02
1.917459999999999854e+04 2.789656334814660452e-02
1.917790000000000146e+04 2.768630526698993496e-02
1.918120000000000073e+04 2.748563264679082171e-02
1.918450000000000000e+04 2.723926747905163967e-02
1.918779999999999927e+04 2.697785019340076182e-02
1.919109999999999854e+04 2.672819753642508012e-02
1.919440000000000146e+04 2.649166767828255512e-02
1.919770000000000073e+04 2.622424808753883244e-02
1.920100000000000000e+04 2.597327839439804442e-02
1.920429999999999927e+04 2.572971423096665280e-02
1.920759999999999854e+04 2.545784647158785136e-02
1.921090000000000146e+04 2.521408275969073617e-02
1.921420000000000073e+04 2.493868441305846853e-02
1.921750000000000000e+04 2.464806612755543816e-02
1.922079999999999927e+04 2.437377804188759628e-02
1.922409999999999854e+04 2.409253673597755441e-02
1.922729999999999927e+04 2.379844445739373246e-02
1.923059999999999854e+04 2.351721491516189921e-02
1.923390000000000146e+04 2.322660396673461441e-02
1.923720000000000073e+04 2.295873859751403068e-02
1.924050000000000000e+04 2.266739805020659415e-02
1.924379999999999927e+04 2.237319522207215083e-02
1.924709999999999854e+04 2.207515581003857350e-02
1.925040000000000146e+04 2.176792358464445937e-02
1.925370000000000073e+04 2.144780405651249000e-02
1.925700000000000000e+04 2.116334915126950530e-02
1.926029999999999927e+04 2.085384864759335169e-02
1.926359999999999854e+04 2.054243069762524618e-02
1.926690000000000146e+04 2.025053409810716534e-02
1.927020000000000073e+04 1.994169800112359503e-02
1.927350000000000000e+04 1.964408743976718899e-02
1.927679999999999927e+04 1.933069363231215351e-02
1.928009999999999854e+04 1.900896338715948874e-02
1.928340000000000146e+04 1.871693390733612100e-02
1.928670000000000073e+04 1.842102662635485347e-02
1.929000000000000000e+04 1.812034080905123787e-02
1.929320000000000073e+04 1.782297118628953930e-02
1.929650000000000000e+04 1.751517984916604181e-02
1.929979999999999927e+04 1.720920362585206392e-02
1.930309999999999854e+04 1.692749918025479583e-02
1.930640000000000146e+04 1.663806052312154574e-02
1.930970000000000073e+04 1.634875522417024440e-02
1.931300000000000000e+04 1.608090004773182410e-02
1.931629999999999927e+04 1.579015677539953588e-02
1.931959999999999854e+04 1.547422672398756326e-02
1.932290000000000146e+04 1.514951741652113999e-02
1.932620000000000073e+04 1.485223992969808039e-02
1.932950000000000000e+04 1.454502843117194515e-02
1.933279999999999927e+04 1.425585908378640236e-02
1.933609999999999854e+04 1.398440849096585677e-02
1.933940000000000146e+04 1.372199574114277461e-02
1.934270000000000073e+04 1.344313608289888183e-02
1.934600000000000000e+04 1.315253349649106451e-02
1.934929999999999927e+04 1.287074938072242831e-02
1.935259999999999854e+04 1.258259948943201562e-02
1.935579999999999927e+04 1.230103755355145545e-02
1.935909999999999854e+04 1.201545037273302891e-02
1.936240000000000146e+04 1.173648338107110764e-02
1.936570000000000073e+04 1.146882915408502235e-02
1.936900000000000000e+04 1.120128215429948455e-02
1.937229999999999927e+04 1.094859148786472315e-02
1.937559999999999854e+04 1.067152576573273011e-02
1.937890000000000146e+04 1.041045935810592030e-02
1.938220000000000073e+04 1.015219620296505150e-02
1.938550000000000000e+04 9.887403541032362478e-03
1.938879999999999927e+04 9.622499280395629961e-03
1.939209999999999854e+04 9.364631840004494778e-03
1.939540000000000146e+04 9.116080727454400900e-03
1.939870000000000073e+04 8.863082990987697710e-03
1.940200000000000000e+04 8.613783694904822777e-03
1.940529999999999927e+04 8.377355633509891639e-03
1.940859999999999854e+04 8.147543970947124931e-03
1.941190000000000146e+04 7.904246644565010929e-03
1.941520000000000073e+04 7.679609911016041686e-03
1.941850000000000000e+04 7.456794706156993219e-03
1.942170000000000073e+04 7.211070814374377809e-03
1.942500000000000000e+04 6.968896969598852194e-03
1.942829999999999927e+04 6.732423807950346784e-03
1.943159999999999854e+04 6.499024604705081962e-03
1.943490000000000146e+04 6.262170482902625936e-03
1.943820000000000073e+04 6.019535245334308761e-03
1.944150000000000000e+04 5.786255003932445212e-03
1.944479999999999927e+04 5.560870545948001092e-03
1.944809999999999854e+04 5.347227060107039541e-03
1.945140000000000146e+04 5.138990664571504129e-03
1.945470000000000073e+04 4.934552380063735727e-03
1.945800000000000000e+04 4.722641653869655114e-03
1.946129999999999927e+04 4.502010973338020292e-03
1.946459999999999854e+04 4.292475606494960613e-03
1.946790000000000146e+04 4.059587812053551056e-03
1.947120000000000073e+04 3.833703880740184280e-03
1.947450000000000000e+04 3.623357095622286358e-03
1.947779999999999927e+04 3.412275676010506891e-03
1.948109999999999854e+04 3.204440338975166318e-03
1.948429999999999927e+04 3.011352399939260654e-03
1.948759999999999854e+04 2.823803393667605188e-03
1.949090000000000146e+04 2.642651558165572991e-03
1.949420000000000073e+04 2.459319416028329149e-03
1.949750000000000000e+04 2.257167940605012309e-03
1.950079999999999927e+04 2.060227122594503971e-03
1.950409999999999854e+04 1.868087591723092663e-03
1.950740000000000146e+04 1.684490871019333775e-03
1.951070000000000073e+04 1.505191268306289420e-03
1.951400000000000000e+04 1.344837398705928718e-03
1.951729999999999927e+04 1.181696023354846577e-03
1.952059999999999854e+04 9.915996026722739744e-04
1.952390000000000146e+04 8.278012552919069428e-04
1.952720000000000073e+04 6.652301000354644486e-04
1.953050000000000000e+04 4.973063402927852547e-04
1.953379999999999927e+04 3.250272965791481524e-04
1.953709999999999854e+04 1.394069849981936728e-04
1.954040000000000146e+04 -1.059651039381382841e-05
1.954370000000000073e+04 -1.565412084288240362e-04
1.954700000000000000e+04 -3.129063807043207723e-04
1.955020000000000073e+04 -4.883109527490227340e-04
1.955350000000000000e+04 -6.423910160620525901e-04
1.955679999999999927e+04 -7.848025635753844110e-04
1.956009999999999854e+04 -9.375479099657779139e-04
1.956340000000000146e+04 -1.066598877403106315e-03
1.956670000000000073e+04 -1.210059600985996736e-03
1.957000000000000000e+04 -1.345926273819957053e-03
1.957329999999999927e+04 -1.471892795702648121e-03
1.957659999999999854e+04 -1.600256112291299510e-03
1.957990000000000146e+04 -1.710433673423869321e-03
1.958320000000000073e+04 -1.835239090609969408e-03
1.958650000000000000e+04 -1.959499736294406051e-03
1.958979999999999927e+04 -2.048275251478371990e-03
1.959309999999999854e+04 -2.167604476755271171e-03
1.959640000000000146e+04 -2.268162022156753645e-03
1.959970000000000073e+04 -2.370990262543140777e-03
1.960300000000000000e+04 -2.497268183141883573e-03
1.960629999999999927e+04 -2.633574717977147425e-03
1.960959999999999854e+04 -2.752655590454401637e-03
1.961290000000000146e+04 -2.872720922278147130e-03
1.961609999999999854e+04 -3.002061808635088456e-03
1.961940000000000146e+04 -3.099353579084355124e-03
1.962270000000000073e+04 -3.213327959008370309e-03
1.962600000000000000e+04 -3.326302903405330309e-03
1.962929999999999927e+04 -3.430191248114329398e-03
1.963259999999999854e+04 -3.510961099312019055e-03
1.963590000000000146e+04 -3.568501157521577344e-03
1.963920000000000073e+04 -3.675585558930956950e-03
1.964250000000000000e+04 -3.762268288207159129e-03
1.964579999999999927e+04 -3.857878340050439111e-03
1.964909999999999854e+04 -3.977836959798581110e-03
1.965240000000000146e+04 -4.074698974993723639e-03
1.965570000000000073e+04 -4.188455133072479034e-03
1.965900000000000000e+04 -4.246707578231393929e-03
1.966229999999999927e+04 -4.281389680629368866e-03
1.966559999999999854e+04 -4.329673384293399215e-03
1.966890000000000146e+04 -4.395172530900785281e-03
1.967220000000000073e+04 -4.478343972601616513e-03
1.967550000000000000e+04 -4.540552538782400421e-03
1.967870000000000073e+04 -4.648718025370301814e-03
1.968200000000000000e+04 -4.714895157813631284e-03
1.968529999999999927e+04 -4.775130020161801742e-03
1.968859999999999854e+04 -4.840882825843956065e-03
1.969190000000000146e+04 -4.872619676589025166e-03
1.969520000000000073e+04 -4.929324518446419161e-03
1.969850000000000000e+04 -4.963947191574416724e-03
1.970179999999999927e+04 -4.978908544467960939e-03
1.970509999999999854e+04 -5.078542299017212158e-03
1.970840000000000146e+04 -5.192462982505572679e-03
1.971170000000000073e+04 -5.273261342600966267e-03
1.971500000000000000e+04 -5.284935430038774709e-03
1.971829999999999927e+04 -5.352234360813901311e-03
1.972159999999999854e+04 -5.360212252306577156e-03
1.972490000000000146e+04 -5.380332425277628908e-03
1.972820000000000073e+04 -5.456351829697009791e-03
1.973150000000000000e+04 -5.529312824920574326e-03
1.973479999999999927e+04 -5.602683947870391347e-03
1.973809999999999854e+04 -5.686218948855907736e-03
1.974140000000000146e+04 -5.766320171263937186e-03
1.974459999999999854e+04 -5.860365999727007967e-03
1.974790000000000146e+04 -5.895421800655267427e-03
1.975120000000000073e+04 -5.916220605732635737e-03
1.975450000000000000e+04 -5.961673969630157215e-03
1.975779999999999927e+04 -5.975251124721667022e-03
1.976109999999999854e+04 -6.039465311164616580e-03
1.976440000000000146e+04 -6.122531515665847329e-03
1.976770000000000073e+04 -6.186554204638254617e-03
1.977100000000000000e+04 -6.223961216211278992e-03
1.977429999999999927e+04 -6.233264932654498415e-03
1.977759999999999854e+04 -6.281656231510823578e-03
1.978090000000000146e+04 -6.312120486922333240e-03
1.978420000000000073e+04 -6.377243819759736108e-03
1.978750000000000000e+04 -6.400703636317076929e-03
1.979079999999999927e+04 -6.464016463688843778e-03
1.979409999999999854e+04 -6.471192423011503173e-03
1.979740000000000146e+04 -6.498186425479342276e-03
1.980070000000000073e+04 -6.532965507155271724e-03
1.980400000000000000e+04 -6.539578861786368713e-03
1.980720000000000073e+04 -6.567540909468023644e-03
1.981050000000000000e+04 -6.571912850342351287e-03
1.981379999999999927e+04 -6.538571201186184866e-03
1.981709999999999854e+04 -6.572938208084119771e-03
1.982040000000000146e+04 -6.559844494047051104e-03
1.982370000000000073e+04 -6.575503420195607379e-03
1.982700000000000000e+04 -6.614224149234996034e-03
1.983029999999999927e+04 -6.648092452212085030e-03
1.983359999999999854e+04 -6.658334880301278180e-03
1.983690000000000146e+04 -6.660726797550435042e-03
1.984020000000000073e+04 -6.668190676726032905e-03
1.984350000000000000e+04 -6.676866245552435207e-03
1.984679999999999927e+04 -6.684573365086601653e-03
1.985009999999999854e+04 -6.705984632537669715e-03
1.985340000000000146e+04 -6.731217724021019630e-03
1.985670000000000073e+04 -6.805179268540823001e-03
1.986000000000000000e+04 -6.848424134463951783e-03
1.986329999999999927e+04 -6.912482381609963422e-03
1.986659999999999854e+04 -6.929019883558050312e-03
1.986990000000000146e+04 -6.895428360870777158e-03
1.987309999999999854e+04 -6.854729021966649363e-03
1.987640000000000146e+04 -6.851194011307526650e-03
1.987970000000000073e+04 -6.911079681508538498e-03
1.988300000000000000e+04 -6.903258844524512612e-03
1.988629999999999927e+04 -6.961067365920149685e-03
1.988959999999999854e+04 -7.032168156552050069e-03
1.989290000000000146e+04 -7.019215923770789553e-03
1.989620000000000073e+04 -6.982987841921121756e-03
1.989950000000000000e+04 -6.951877407171237234e-03
1.990279999999999927e+04 -6.933095460543017147e-03
1.990609999999999854e+04 -6.918133396500847701e-03
1.990940000000000146e+04 -6.885377822860997907e-03
1.991270000000000073e+04 -6.906881669927502493e-03
1.991600000000000000e+04 -6.917183918820646663e-03
1.991929999999999927e+04 -6.935150781557802152e-03
1.992259999999999854e+04 -6.946742495495243468e-03
1.992590000000000146e+04 -6.944004080369294701e-03
