1.716800000000000000e+04 5.752963455492411194e-04
1.717129999999999927e+04 5.689288294223216347e-04
1.717459999999999854e+04 5.645630485492309555e-04
1.717790000000000146e+04 5.475617392976248662e-04
1.718120000000000073e+04 5.338651871278658409e-04
1.718450000000000000e+04 5.335842897829166627e-04
1.718779999999999927e+04 5.226744455001138944e-04
1.719109999999999854e+04 5.149088806610063697e-04
1.719440000000000146e+04 5.120475337247208441e-04
1.719770000000000073e+04 5.106259547054709403e-04
1.720100000000000000e+04 5.126992273220994361e-04
1.720429999999999927e+04 5.222318030171373311e-04
1.720759999999999854e+04 5.189992346629082685e-04
1.721090000000000146e+04 5.165116380540145597e-04
1.721420000000000073e+04 5.083077995461212023e-04
1.721750000000000000e+04 5.098638183620287983e-04
1.722079999999999927e+04 5.052964089414108129e-04
1.722409999999999854e+04 4.930019490515121471e-04
1.722729999999999927e+04 4.936457037174310286e-04
1.723059999999999854e+04 4.913305605207781215e-04
1.723390000000000146e+04 4.845022622449326826e-04
1.723720000000000073e+04 4.901955086224782463e-04
1.724050000000000000e+04 4.941221214965416109e-04
1.724379999999999927e+04 4.809341831769309533e-04
1.724709999999999854e+04 4.748013753397222034e-04
1.725040000000000146e+04 4.687777717460963646e-04
1.725370000000000073e+04 4.690466217526594300e-04
1.725700000000000000e+04 4.716910043801806739e-04
1.726029999999999927e+04 4.704634133736852286e-04
1.726359999999999854e+04 4.659001237383963686e-04
1.726690000000000146e+04 4.651611433620369911e-04
1.727020000000000073e+04 4.582373932947892705e-04
1.727350000000000000e+04 4.616718289962464645e-04
1.727679999999999927e+04 4.511460401672163210e-04
1.728009999999999854e+04 4.586766745577782172e-04
1.728340000000000146e+04 4.569418382981521283e-04
1.728670000000000073e+04 4.517365491888318887e-04
1.729000000000000000e+04 4.604614731374557634e-04
1.729320000000000073e+04 4.638058559297572690e-04
1.729650000000000000e+04 4.693527725782119372e-04
1.729979999999999927e+04 4.579359563526996411e-04
1.730309999999999854e+04 4.573706459554673586e-04
1.730640000000000146e+04 4.540317902954905927e-04
1.730970000000000073e+04 4.521858289193348324e-04
1.731300000000000000e+04 4.596714417392979563e-04
1.731629999999999927e+04 4.655110408775873349e-04
1.731959999999999854e+04 4.592046038748715518e-04
1.732290000000000146e+04 4.587333329649014870e-04
1.732620000000000073e+04 4.591914615632711801e-04
1.732950000000000000e+04 4.503157256838076017e-04
1.733279999999999927e+04 4.476682012036534803e-04
1.733609999999999854e+04 4.394191974822174570e-04
1.733940000000000146e+04 4.393991843226435052e-04
1.734270000000000073e+04 4.417102860464188082e-04
1.734600000000000000e+04 4.398931483825823286e-04
1.734929999999999927e+04 4.459194752683705819e-04
1.735259999999999854e+04 4.464328512972159588e-04
1.735579999999999927e+04 4.457605714001500836e-04
1.735909999999999854e+04 4.404195709033015206e-04
1.736240000000000146e+04 4.406410311050353479e-04
1.736570000000000073e+04 4.355865405520706747e-04
1.736900000000000000e+04 4.391356680936262685e-04
1.737229999999999927e+04 4.380406034973256812e-04
1.737559999999999854e+04 4.465207023336426333e-04
1.737890000000000146e+04 4.505572567147917611e-04
1.738220000000000073e+04 4.519550835835035407e-04
1.738550000000000000e+04 4.495498862262454804e-04
1.738879999999999927e+04 4.491790804310249758e-04
1.739209999999999854e+04 4.521768470412522857e-04
1.739540000000000146e+04 4.584002380207883296e-04
1.739870000000000073e+04 4.685239907593636969e-04
1.740200000000000000e+04 4.688415417241355537e-04
1.740529999999999927e+04 4.650162679311618027e-04
1.740859999999999854e+04 4.734776721144192215e-04
1.741190000000000146e+04 4.803913185020796794e-04
1.741520000000000073e+04 4.832781742086886701e-04
1.741850000000000000e+04 4.838825900835603427e-04
1.742170000000000073e+04 4.842509849511894907e-04
1.742500000000000000e+04 4.896102908001465732e-04
1.742829999999999927e+04 4.988485275138780433e-04
1.743159999999999854e+04 5.041339874944138558e-04
1.743490000000000146e+04 5.149211428026301794e-04
1.743820000000000073e+04 5.176477796818701590e-04
1.744150000000000000e+04 5.146930408994051598e-04
1.744479999999999927e+04 5.186785335941440861e-04
1.744809999999999854e+04 5.272934615952413811e-04
1.745140000000000146e+04 5.323905288316038232e-04
1.745470000000000073e+04 5.348608505492219401e-04
1.745800000000000000e+04 5.405465294081421464e-04
1.746129999999999927e+04 5.336210371774885919e-04
1.746459999999999854e+04 5.398804978508027529e-04
1.746790000000000146e+04 5.493258924621633376e-04
1.747120000000000073e+04 5.482236821277155581e-04
1.747450000000000000e+04 5.496276410153629836e-04
1.747779999999999927e+04 5.600378402077309638e-04
1.748109999999999854e+04 5.698138533340492157e-04
1.748429999999999927e+04 5.731361010410094582e-04
1.748759999999999854e+04 5.761413774794227859e-04
1.749090000000000146e+04 5.843511808872392044e-04
1.749420000000000073e+04 5.884222693312899212e-04
1.749750000000000000e+04 5.961983718900741146e-04
1.750079999999999927e+04 5.958909003727190512e-04
1.750409999999999854e+04 6.017236056642437728e-04
1.750740000000000146e+04 6.027554538945834430e-04
1.751070000000000073e+04 6.127626029411243139e-04
1.751400000000000000e+04 6.136559757697849105e-04
1.751729999999999927e+04 6.141761412722136770e-04
1.752059999999999854e+04 6.127832173718758069e-04
1.752390000000000146e+04 6.154985601566118720e-04
1.752720000000000073e+04 6.151928750272938696e-04
1.753050000000000000e+04 6.180961199314044877e-04
1.753379999999999927e+04 6.190959847795190606e-04
1.753709999999999854e+04 6.296928122589226127e-04
1.754040000000000146e+04 6.233550088778609275e-04
1.754370000000000073e+04 6.226640866277875037e-04
1.754700000000000000e+04 6.283178351505621859e-04
1.755020000000000073e+04 6.330978628319133394e-04
1.755350000000000000e+04 6.498657975997037444e-04
1.755679999999999927e+04 6.539963814436625762e-04
1.756009999999999854e+04 6.617430039748704645e-04
1.756340000000000146e+04 6.606720176662332286e-04
1.756670000000000073e+04 6.620941537683408410e-04
1.757000000000000000e+04 6.614023854445665171e-04
1.757329999999999927e+04 6.579995483901168859e-04
1.757659999999999854e+04 6.602514217378846776e-04
1.757990000000000146e+04 6.610967300464370543e-04
1.758320000000000073e+04 6.653558170076112653e-04
1.758650000000000000e+04 6.710506041021100992e-04
1.758979999999999927e+04 6.694257319765030325e-04
1.759309999999999854e+04 6.754987634465833661e-04
1.759640000000000146e+04 6.828597320197114101e-04
1.759970000000000073e+04 6.814137844820338744e-04
1.760300000000000000e+04 6.874489658882504666e-04
1.760629999999999927e+04 6.968695938629398609e-04
1.760959999999999854e+04 6.999302841520266445e-04
1.761290000000000146e+04 6.973306561794749255e-04
1.761609999999999854e+04 6.959749052155694143e-04
1.761940000000000146e+04 6.936172818113438970e-04
1.762270000000000073e+04 6.950213868958106216e-04
1.762600000000000000e+04 7.041362723676493308e-04
1.762929999999999927e+04 7.080033311729482404e-04
1.763259999999999854e+04 7.106970358318562969e-04
1.763590000000000146e+04 7.148862262987327630e-04
1.763920000000000073e+04 7.136923942329957866e-04
1.764250000000000000e+04 7.158929852627642608e-04
1.764579999999999927e+04 7.131050470062891711e-04
1.764909999999999854e+04 7.180991433028753547e-04
1.765240000000000146e+04 7.251293709392263049e-04
1.765570000000000073e+04 7.228517886165794232e-04
1.765900000000000000e+04 7.291470821306042689e-04
1.766229999999999927e+04 7.318910793832317891e-04
1.766559999999999854e+04 7.367413150204003489e-04
1.766890000000000146e+04 7.411038014410139315e-04
1.767220000000000073e+04 7.485566595572631281e-04
1.767550000000000000e+04 7.469934376781882292e-04
1.767870000000000073e+04 7.550214330008824708e-04
1.768200000000000000e+04 7.559111724109569917e-04
1.768529999999999927e+04 7.632396959541847730e-04
1.768859999999999854e+04 7.635847314948559931e-04
1.769190000000000146e+04 7.747608211867518333e-04
1.769520000000000073e+04 7.770564541079269701e-04
1.769850000000000000e+04 7.817692259713104322e-04
1.770179999999999927e+04 7.795398087553478397e-04
1.770509999999999854e+04 7.923788159361822752e-04
1.770840000000000146e+04 7.954349501448836979e-04
1.771170000000000073e+04 7.956017797713432543e-04
1.771500000000000000e+04 7.911788459140761112e-04
1.771829999999999927e+04 7.825779748332177413e-04
1.772159999999999854e+04 7.931669245462571408e-04
1.772490000000000146e+04 7.918111257739923617e-04
1.772820000000000073e+04 7.984469711446054527e-04
1.773150000000000000e+04 8.060392018562215558e-04
1.773479999999999927e+04 8.097731128744641840e-04
1.773809999999999854e+04 8.123588717571333896e-04
1.774140000000000146e+04 8.135177410032928347e-04
1.774459999999999854e+04 8.209916325412471103e-04
1.774790000000000146e+04 8.277706989241837444e-04
1.775120000000000073e+04 8.348935184059057312e-04
1.775450000000000000e+04 8.408847013717838607e-04
1.775779999999999927e+04 8.433991256395509482e-04
1.776109999999999854e+04 8.413886590099652930e-04
1.776440000000000146e+04 8.487271120226418889e-04
1.776770000000000073e+04 8.493459937205190052e-04
1.777100000000000000e+04 8.530284560473779540e-04
1.777429999999999927e+04 8.548276091856240981e-04
1.777759999999999854e+04 8.605839564074332275e-04
1.778090000000000146e+04 8.692003654564167420e-04
1.778420000000000073e+04 8.741433878849295480e-04
1.778750000000000000e+04 8.770963738563031806e-04
1.779079999999999927e+04 8.774930704153530419e-04
1.779409999999999854e+04 8.847901376641373501e-04
1.779740000000000146e+04 8.986637357786742735e-04
1.780070000000000073e+04 9.051170907722582955e-04
1.780400000000000000e+04 9.203042661040522487e-04
1.780720000000000073e+04 9.229659997784312505e-04
1.781050000000000000e+04 9.331521141646543192e-04
1.781379999999999927e+04 9.419158418665538827e-04
1.781709999999999854e+04 9.373554953036460384e-04
1.782040000000000146e+04 9.454475801189990381e-04
1.782370000000000073e+04 9.447097186721506099e-04
1.782700000000000000e+04 9.494847729912094577e-04
1.783029999999999927e+04 9.524021619321971230e-04
1.783359999999999854e+04 9.530516671722494195e-04
1.783690000000000146e+04 9.605007583733239738e-04
1.784020000000000073e+04 9.630997418170146379e-04
1.784350000000000000e+04 9.684878336296338279e-04
1.784679999999999927e+04 9.736753397105270876e-04
1.785009999999999854e+04 9.843150195808550960e-04
1.785340000000000146e+04 9.960875286985949872e-04
1.785670000000000073e+04 1.000265210774339570e-03
1.786000000000000000e+04 1.004750122457391450e-03
1.786329999999999927e+04 1.005149487719764635e-03
1.786659999999999854e+04 1.015037275509253099e-03
1.786990000000000146e+04 1.014279076429722452e-03
1.787309999999999854e+04 1.022407687419022663e-03
1.787640000000000146e+04 1.030679940021085768e-03
1.787970000000000073e+04 1.043370778594428575e-03
1.788300000000000000e+04 1.053615521089392272e-03
1.788629999999999927e+04 1.053979030766513279e-03
1.788959999999999854e+04 1.056139951228214462e-03
1.789290000000000146e+04 1.062493140060294166e-03
1.789620000000000073e+04 1.064399063843247256e-03
1.789950000000000000e+04 1.071229315535668488e-03
1.790279999999999927e+04 1.072302178014606765e-03
1.790609999999999854e+04 1.078022417656488482e-03
1.790940000000000146e+04 1.090300806466089649e-03
1.791270000000000073e+04 1.091591679473208646e-03
1.791600000000000000e+04 1.089421886519371940e-03
1.791929999999999927e+04 1.091948233086914707e-03
1.792259999999999854e+04 1.094195873325633445e-03
1.792590000000000146e+04 1.103892065988470528e-03
1.792920000000000073e+04 1.101381251870585170e-03
1.793250000000000000e+04 1.102284911984642134e-03
1.793570000000000073e+04 1.110669205890407480e-03
1.793900000000000000e+04 1.116857732002252829e-03
1.794229999999999927e+04 1.119153791703792269e-03
1.794559999999999854e+04 1.119775883117541488e-03
1.794890000000000146e+04 1.124538912472978483e-03
1.795220000000000073e+04 1.126655263684564262e-03
1.795550000000000000e+04 1.130794884080830748e-03
1.795879999999999927e+04 1.126520190681702628e-03
1.796209999999999854e+04 1.120017363520803364e-03
1.796540000000000146e+04 1.126822425090277411e-03
1.796870000000000073e+04 1.124061031740612509e-03
1.797200000000000000e+04 1.128898453842115072e-03
1.797529999999999927e+04 1.122446870641910814e-03
1.797859999999999854e+04 1.128525595683044789e-03
1.798190000000000146e+04 1.140755100790476250e-03
1.798520000000000073e+04 1.146603466154260970e-03
1.798850000000000000e+04 1.151736795961810561e-03
1.799179999999999927e+04 1.150729607376480132e-03
1.799509999999999854e+04 1.161645445444864149e-03
1.799840000000000146e+04 1.159479504051058639e-03
1.800159999999999854e+04 1.158472391463930950e-03
1.800490000000000146e+04 1.159944043164138922e-03
1.800820000000000073e+04 1.156289144501627909e-03
1.801150000000000000e+04 1.164860434737562556e-03
1.801479999999999927e+04 1.154724159266973943e-03
1.801809999999999854e+04 1.157608274558721102e-03
1.802140000000000146e+04 1.156339282989333941e-03
1.802470000000000073e+04 1.154143364682154536e-03
1.802800000000000000e+04 1.153742975747449988e-03
1.803129999999999927e+04 1.146036564538772083e-03
1.803459999999999854e+04 1.136194555424924245e-03
1.803790000000000146e+04 1.128404032524759314e-03
1.804120000000000073e+04 1.125129941265275244e-03
1.804450000000000000e+04 1.121160352328381266e-03
1.804779999999999927e+04 1.118316885550357060e-03
1.805109999999999854e+04 1.117042731477266293e-03
1.805440000000000146e+04 1.115381318175635069e-03
1.805770000000000073e+04 1.109622448009354003e-03
1.806100000000000000e+04 1.106971566965797007e-03
1.806429999999999927e+04 1.103901111186117619e-03
1.806750000000000000e+04 1.106146650164026909e-03
1.807079999999999927e+04 1.103356854944352074e-03
1.807409999999999854e+04 1.092121854302532296e-03
1.807740000000000146e+04 1.083154629020606670e-03
1.808070000000000073e+04 1.079033949557787727e-03
1.808400000000000000e+04 1.072233936790076628e-03
1.808729999999999927e+04 1.054957334850109476e-03
1.809059999999999854e+04 1.042104025367386003e-03
1.809390000000000146e+04 1.035795033525884054e-03
1.809720000000000073e+04 1.029908025424636957e-03
1.810050000000000000e+04 1.018468912946978019e-03
1.810379999999999927e+04 1.006124574883827992e-03
1.810709999999999854e+04 1.000338086072957060e-03
1.811040000000000146e+04 9.934802864382187744e-04
1.811370000000000073e+04 9.792150816750517812e-04
1.811700000000000000e+04 9.792884468025702359e-04
1.812029999999999927e+04 9.708609569183576345e-04
1.812359999999999854e+04 9.686242106280315784e-04
1.812690000000000146e+04 9.661464112246467579e-04
1.813009999999999854e+04 9.612887712072225701e-04
1.813340000000000146e+04 9.615717918294233594e-04
1.813670000000000073e+04 9.507202337022159500e-04
1.814000000000000000e+04 9.537202709725845634e-04
1.814329999999999927e+04 9.427274948951379742e-04
1.814659999999999854e+04 9.343376610717571591e-04
1.814990000000000146e+04 9.164350830910409414e-04
1.815320000000000073e+04 9.105343157430267290e-04
1.815650000000000000e+04 9.047692862421109978e-04
1.815979999999999927e+04 8.953913071889431667e-04
1.816309999999999854e+04 8.974849636104728157e-04
1.816640000000000146e+04 8.918627589920159315e-04
1.816970000000000073e+04 8.845224197878016328e-04
1.817300000000000000e+04 8.781643980947057091e-04
1.817629999999999927e+04 8.669873793607789543e-04
1.817959999999999854e+04 8.704074289580885759e-04
1.818290000000000146e+04 8.716762108545201984e-04
1.818620000000000073e+04 8.730885445993630560e-04
1.818950000000000000e+04 8.715947221445256594e-04
1.819279999999999927e+04 8.755232255741133294e-04
1.819600000000000000e+04 8.722759000529445479e-04
1.819929999999999927e+04 8.824205110233246472e-04
1.820259999999999854e+04 8.836169011511327102e-04
1.820590000000000146e+04 8.822355736996633901e-04
1.820920000000000073e+04 8.837438608956064154e-04
1.821250000000000000e+04 8.758066988119795520e-04
1.821579999999999927e+04 8.746526524717303588e-04
1.821909999999999854e+04 8.760609001711778436e-04
1.822240000000000146e+04 8.785079491464845491e-04
1.822570000000000073e+04 8.906719274728596867e-04
1.822900000000000000e+04 8.974174455741104487e-04
1.823229999999999927e+04 9.123511150281138175e-04
1.823559999999999854e+04 9.321255182389769165e-04
1.823890000000000146e+04 9.383540718430038443e-04
1.824220000000000073e+04 9.626622104047628196e-04
1.824550000000000000e+04 9.836943166236205693e-04
1.824879999999999927e+04 1.014339743816026736e-03
1.825209999999999854e+04 1.032965578777274860e-03
1.825540000000000146e+04 1.041221495108945972e-03
1.825859999999999854e+04 1.062508680260412005e-03
1.826190000000000146e+04 1.077751701144920391e-03
1.826520000000000073e+04 1.092967298086553081e-03
1.826850000000000000e+04 1.109024735511570606e-03
1.827179999999999927e+04 1.134521798285150753e-03
1.827509999999999854e+04 1.155960528300161360e-03
1.827840000000000146e+04 1.180180339917705386e-03
1.828170000000000073e+04 1.194368920646435078e-03
1.828500000000000000e+04 1.220983271641843055e-03
1.828829999999999927e+04 1.239704145063831283e-03
1.829159999999999854e+04 1.262734161475833955e-03
1.829490000000000146e+04 1.289573868750538543e-03
1.829820000000000073e+04 1.299353597830440804e-03
1.830150000000000000e+04 1.317106389429086814e-03
1.830479999999999927e+04 1.333027757501563729e-03
1.830809999999999854e+04 1.361300939059269764e-03
1.831140000000000146e+04 1.376375434627391797e-03
1.831470000000000073e+04 1.398039633814122940e-03
1.831800000000000000e+04 1.421892429240407228e-03
1.832129999999999927e+04 1.451436936171902328e-03
1.832450000000000000e+04 1.472684551732056238e-03
1.832779999999999927e+04 1.495873395890652503e-03
1.833109999999999854e+04 1.515975097331810715e-03
1.833440000000000146e+04 1.544946853558718664e-03
1.833770000000000073e+04 1.575438748291116539e-03
1.834100000000000000e+04 1.596785027688065904e-03
1.834429999999999927e+04 1.620398059234508465e-03
1.834759999999999854e+04 1.630786898049644152e-03
1.835090000000000146e+04 1.658899869887519793e-03
1.835420000000000073e+04 1.682335930792307459e-03
1.835750000000000000e+04 1.695334865734801503e-03
1.836079999999999927e+04 1.715775535235334465e-03
1.836409999999999854e+04 1.735745135046505789e-03
1.836740000000000146e+04 1.754853122795093983e-03
1.837070000000000073e+04 1.779169083873154448e-03
1.837400000000000000e+04 1.794774469451609379e-03
1.837729999999999927e+04 1.825839743303235476e-03
1.838059999999999854e+04 1.853396320811984393e-03
1.838390000000000146e+04 1.881514961247374596e-03
1.838709999999999854e+04 1.891535299018572884e-03
1.839040000000000146e+04 1.904825008787341262e-03
1.839370000000000073e+04 1.920004760133943097e-03
1.839700000000000000e+04 1.931963959479109962e-03
1.840029999999999927e+04 1.936282863527579411e-03
1.840359999999999854e+04 1.957560811734911175e-03
1.840690000000000146e+04 1.962993162453917622e-03
1.841020000000000073e+04 1.973643945554014179e-03
1.841350000000000000e+04 1.975801960289118742e-03
1.841679999999999927e+04 1.999514205426848688e-03
1.842009999999999854e+04 2.030031514085714819e-03
1.842340000000000146e+04 2.051693465741779177e-03
1.842670000000000073e+04 2.079023408795043978e-03
1.843000000000000000e+04 2.108830736716541410e-03
1.843329999999999927e+04 2.132071765324477109e-03
1.843659999999999854e+04 2.148434746957745070e-03
1.843990000000000146e+04 2.168826014332873864e-03
1.844320000000000073e+04 2.193528617718769509e-03
1.844650000000000000e+04 2.216380468915957278e-03
1.844979999999999927e+04 2.227367964802813224e-03
1.845300000000000000e+04 2.260096900940909617e-03
1.845629999999999927e+04 2.283578791656875120e-03
1.845959999999999854e+04 2.291321453646303491e-03
1.846290000000000146e+04 2.323211401527649177e-03
1.846620000000000073e+04 2.345099193301911598e-03
1.846950000000000000e+04 2.374461165638368926e-03
1.847279999999999927e+04 2.399437733245434780e-03
1.847609999999999854e+04 2.425937785355193176e-03
1.847940000000000146e+04 2.458147294071934708e-03
1.848270000000000073e+04 2.481703973614330684e-03
1.848600000000000000e+04 2.496482064199102586e-03
1.848929999999999927e+04 2.520018175893599770e-03
1.849259999999999854e+04 2.535299093754048334e-03
1.849590000000000146e+04 2.549344816707335704e-03
1.849920000000000073e+04 2.569569998271329595e-03
1.850250000000000000e+04 2.594267624385152883e-03
1.850579999999999927e+04 2.637832352839819105e-03
1.850909999999999854e+04 2.676152432144855275e-03
1.851240000000000146e+04 2.705334199258284129e-03
1.851570000000000073e+04 2.722801087061435706e-03
1.851890000000000146e+04 2.741033592702005889e-03
1.852220000000000073e+04 2.778994065914105246e-03
1.852550000000000000e+04 2.820500111465763793e-03
1.852879999999999927e+04 2.859844241308382839e-03
1.853209999999999854e+04 2.903349190530655870e-03
1.853540000000000146e+04 2.944274541834668475e-03
1.853870000000000073e+04 3.020706616589928159e-03
1.854200000000000000e+04 3.071484248391537566e-03
1.854529999999999927e+04 3.129004124950470443e-03
1.854859999999999854e+04 3.165833677369942964e-03
1.855190000000000146e+04 3.223621680403157292e-03
1.855520000000000073e+04 3.286803278488781982e-03
1.855850000000000000e+04 3.344916406028664978e-03
1.856179999999999927e+04 3.425972642740882437e-03
1.856509999999999854e+04 3.475390745309344699e-03
1.856840000000000146e+04 3.552835027907826938e-03
1.857170000000000073e+04 3.627015170923405130e-03
1.857500000000000000e+04 3.696814651999898171e-03
1.857829999999999927e+04 3.765304682732712512e-03
1.858150000000000000e+04 3.839012016993261119e-03
1.858479999999999927e+04 3.904023209028110748e-03
1.858809999999999854e+04 3.981186905872421619e-03
1.859140000000000146e+04 4.076850610537309863e-03
1.859470000000000073e+04 4.150320877720052766e-03
1.859800000000000000e+04 4.242089410001865894e-03
1.860129999999999927e+04 4.328072844905072637e-03
1.860459999999999854e+04 4.414571876837754261e-03
1.860790000000000146e+04 4.502931901352376365e-03
1.861120000000000073e+04 4.597011549556287435e-03
1.861450000000000000e+04 4.718637200455720951e-03
1.861779999999999927e+04 4.803332852901469503e-03
1.862109999999999854e+04 4.899908043948990842e-03
1.862440000000000146e+04 5.005949414350847025e-03
1.862770000000000073e+04 5.115990384945744499e-03
1.863100000000000000e+04 5.239342905373240052e-03
1.863429999999999927e+04 5.355787962715823601e-03
1.863759999999999854e+04 5.470957970397489177e-03
1.864090000000000146e+04 5.580621842959561547e-03
1.864420000000000073e+04 5.731577476126954555e-03
1.864740000000000146e+04 5.862584898529636657e-03
1.865070000000000073e+04 6.006367472673299242e-03
1.865400000000000000e+04 6.173336808126015512e-03
1.865729999999999927e+04 6.328845432602685922e-03
1.866059999999999854e+04 6.499505303050497930e-03
1.866390000000000146e+04 6.661286327167035420e-03
1.866720000000000073e+04 6.819630215661564264e-03
1.867050000000000000e+04 6.963764918669301980e-03
1.867379999999999927e+04 7.122991159837931477e-03
1.867709999999999854e+04 7.295348380047591598e-03
1.868040000000000146e+04 7.493606512692181122e-03
1.868370000000000073e+04 7.741655669576924352e-03
1.868700000000000000e+04 7.959602435872495732e-03
1.869029999999999927e+04 8.136204638491609589e-03
1.869359999999999854e+04 8.373901697133638578e-03
1.869690000000000146e+04 8.586640427961450550e-03
1.870020000000000073e+04 8.702846630654428178e-03
1.870350000000000000e+04 8.791644408762299551e-03
1.870679999999999927e+04 8.962682312766673265e-03
1.871000000000000000e+04 9.221999968791026389e-03
1.871329999999999927e+04 9.414222703254837912e-03
1.871659999999999854e+04 9.567255103327312188e-03
1.871990000000000146e+04 9.714833155409753618e-03
1.872320000000000073e+04 9.862136933647893886e-03
1.872650000000000000e+04 1.000865110044867404e-02
1.872979999999999927e+04 1.015296402151340087e-02
1.873309999999999854e+04 1.029847743061631377e-02
1.873640000000000146e+04 1.043484557553728091e-02
1.873970000000000073e+04 1.060542447068909926e-02
1.874300000000000000e+04 1.071269211996313080e-02
1.874629999999999927e+04 1.085966621116442148e-02
1.874959999999999854e+04 1.096336627698702576e-02
1.875290000000000146e+04 1.106061642988962791e-02
1.875620000000000073e+04 1.115673058745174362e-02
1.875950000000000000e+04 1.132939650048706177e-02
1.876279999999999927e+04 1.148552397397550537e-02
1.876609999999999854e+04 1.162355795111974684e-02
1.876940000000000146e+04 1.174720804615635682e-02
1.877270000000000073e+04 1.191650436561152333e-02
1.877590000000000146e+04 1.213942570298864529e-02
1.877920000000000073e+04 1.225589548813421116e-02
1.878250000000000000e+04 1.245659091084551189e-02
1.878579999999999927e+04 1.265240740197912279e-02
1.878909999999999854e+04 1.288328477910391338e-02
1.879240000000000146e+04 1.312607807509221132e-02
1.879570000000000073e+04 1.338395554043242050e-02
1.879900000000000000e+04 1.365650071320441070e-02
1.880229999999999927e+04 1.393004621504400839e-02
1.880559999999999854e+04 1.422936304535385270e-02
1.880890000000000146e+04 1.448225676160742360e-02
1.881220000000000073e+04 1.475073890162896181e-02
1.881550000000000000e+04 1.503550184081784563e-02
1.881879999999999927e+04 1.530428295724029983e-02
1.882209999999999854e+04 1.558405242029981853e-02
1.882540000000000146e+04 1.587011694233189316e-02
1.882870000000000073e+04 1.616286114173240765e-02
1.883200000000000000e+04 1.644904719361501774e-02
1.883529999999999927e+04 1.674943695156010104e-02
1.883859999999999854e+04 1.704265348380169451e-02
1.884179999999999927e+04 1.732875302158786920e-02
1.884509999999999854e+04 1.761136691422762052e-02
1.884840000000000146e+04 1.785494751922588400e-02
1.885170000000000073e+04 1.812667678894521947e-02
1.885500000000000000e+04 1.843911535251194569e-02
1.885829999999999927e+04 1.869207463038594086e-02
1.886159999999999854e+04 1.896044319645911330e-02
1.886490000000000146e+04 1.934435370222146663e-02
1.886820000000000073e+04 1.974105520103865141e-02
1.887150000000000000e+04 2.006892466077931855e-02
1.887479999999999927e+04 2.030582255458731819e-02
1.887809999999999854e+04 2.063058756357934523e-02
1.888140000000000146e+04 2.100853354270022788e-02
1.888470000000000073e+04 2.137490147085813197e-02
1.888800000000000000e+04 2.173670366408813823e-02
1.889129999999999927e+04 2.208857367109601580e-02
1.889459999999999854e+04 2.248809553083298135e-02
1.889790000000000146e+04 2.286003844612633645e-02
1.890120000000000073e+04 2.323608291979167850e-02
1.890440000000000146e+04 2.359055446234637615e-02
1.890770000000000073e+04 2.401741128040005974e-02
1.891100000000000000e+04 2.440992385857083946e-02
1.891429999999999927e+04 2.484208893789512790e-02
1.891759999999999854e+04 2.527208480898084086e-02
1.892090000000000146e+04 2.569798498159213754e-02
1.892420000000000073e+04 2.608637956535224053e-02
1.892750000000000000e+04 2.646430665797598961e-02
1.893079999999999927e+04 2.688053912995082284e-02
1.893409999999999854e+04 2.728578914821780735e-02
1.893740000000000146e+04 2.766325733879658813e-02
1.894070000000000073e+04 2.797835586822433954e-02
1.894400000000000000e+04 2.836013869784865041e-02
1.894729999999999927e+04 2.868676726860150406e-02
1.895059999999999854e+04 2.901099568786929053e-02
1.895390000000000146e+04 2.933599043616011426e-02
1.895720000000000073e+04 2.961810477878268344e-02
1.896050000000000000e+04 2.991219074355879609e-02
1.896379999999999927e+04 3.017490546474179205e-02
1.896709999999999854e+04 3.043897941034209853e-02
1.897029999999999927e+04 3.065778167665104970e-02
1.897359999999999854e+04 3.088541140216204822e-02
1.897690000000000146e+04 3.114291782163077990e-02
1.898020000000000073e+04 3.136760692419082036e-02
1.898350000000000000e+04 3.159542825056357862e-02
1.898679999999999927e+04 3.182159909692956756e-02
1.899009999999999854e+04 3.203372776800225002e-02
1.899340000000000146e+04 3.224560213359038696e-02
1.899670000000000073e+04 3.242900365133231932e-02
1.900000000000000000e+04 3.262445843953575703e-02
1.900329999999999927e+04 3.279196481015431153e-02
1.900659999999999854e+04 3.298788856648379730e-02
1.900990000000000146e+04 3.314298000489041690e-02
1.901320000000000073e+04 3.328254781526171491e-02
1.901650000000000000e+04 3.341178543693423819e-02
1.901979999999999927e+04 3.356182897290264922e-02
1.902309999999999854e+04 3.370967396038161701e-02
1.902640000000000146e+04 3.386990102870137548e-02
1.902970000000000073e+04 3.397576572456095789e-02
1.903290000000000146e+04 3.407200213305000558e-02
1.903620000000000073e+04 3.416619905163298387e-02
1.903950000000000000e+04 3.424539806283970200e-02
1.904279999999999927e+04 3.433316929373840531e-02
1.904609999999999854e+04 3.438975970907396512e-02
1.904940000000000146e+04 3.445823765101261454e-02
1.905270000000000073e+04 3.454533613010636606e-02
1.905600000000000000e+04 3.459509416726969794e-02
1.905929999999999927e+04 3.463946552051156563e-02
1.906259999999999854e+04 3.466758351038517344e-02
1.906590000000000146e+04 3.470212330707329179e-02
1.906920000000000073e+04 3.472941936450085754e-02
1.907250000000000000e+04 3.472285424043580065e-02
1.907579999999999927e+04 3.470866910060999705e-02
1.907909999999999854e+04 3.469256687220465679e-02
1.908240000000000146e+04 3.468320086636046684e-02
1.908570000000000073e+04 3.465351482530470983e-02
1.908900000000000000e+04 3.460185806581859286e-02
1.909229999999999927e+04 3.454953305540499342e-02
1.909559999999999854e+04 3.448895161345386789e-02
1.909879999999999927e+04 3.444775903055687788e-02
1.910209999999999854e+04 3.437157829829133593e-02
1.910540000000000146e+04 3.431561577717800321e-02
1.910870000000000073e+04 3.427056346444616597e-02
1.911200000000000000e+04 3.420858564698894821e-02
1.911529999999999927e+04 3.413707534033912083e-02
1.911859999999999854e+04 3.398156457077362164e-02
1.912190000000000146e+04 3.385787003571128634e-02
1.912520000000000073e+04 3.369898682481135832e-02
1.912850000000000000e+04 3.354255462609394278e-02
1.913179999999999927e+04 3.340286975750471343e-02
1.913509999999999854e+04 3.327450307111563810e-02
1.913840000000000146e+04 3.312971712298286298e-02
1.914170000000000073e+04 3.293998909386725016e-02
1.914500000000000000e+04 3.276932960552350615e-02
1.914829999999999927e+04 3.256519696191723795e-02
1.915159999999999854e+04 3.238296071764052569e-02
1.915490000000000146e+04 3.219387853687835643e-02
1.915820000000000073e+04 3.199269889234930553e-02
1.916140000000000146e+04 3.181548244031935646e-02
1.916470000000000073e+04 3.160262340341353504e-02
1.916800000000000000e+04 3.139885392613186998e-02
1.917129999999999927e+04 3.116332976071517144e-02
1.917459999999999854e+04 3.094135101598314078e-02
1.917790000000000146e+04 3.072443563876973982e-02
1.918120000000000073e+04 3.051774863598136212e-02
1.918450000000000000e+04 3.025813794752170438e-02
1.918779999999999927e+04 3.000238145921981306e-02
1.919109999999999854e+04 2.974270836603285992e-02
1.919440000000000146e+04 2.950179016287091463e-02
1.919770000000000073e+04 2.924167033971525678e-02
1.920100000000000000e+04 2.898491842727664650e-02
1.920429999999999927e+04 2.872530400774464532e-02
1.920759999999999854e+04 2.845300659123424850e-02
1.921090000000000146e+04 2.818845082941418695e-02
1.921420000000000073e+04 2.789791217967352993e-02
1.921750000000000000e+04 2.759583941086997047e-02
1.922079999999999927e+04 2.731484497904785105e-02
1.922409999999999854e+04 2.702546583057990892e-02
1.922729999999999927e+04 2.672788493650016597e-02
1.923059999999999854e+04 2.642932472672887556e-02
1.923390000000000146e+04 2.612783039338766738e-02
1.923720000000000073e+04 2.583882113880709916e-02
1.924050000000000000e+04 2.552769187647429758e-02
1.924379999999999927e+04 2.522615465189274875e-02
1.924709999999999854e+04 2.492386862335500136e-02
1.925040000000000146e+04 2.460040546894341762e-02
1.925370000000000073e+04 2.427103644539774230e-02
1.925700000000000000e+04 2.397617917393264977e-02
1.926029999999999927e+04 2.365422704669641052e-02
1.926359999999999854e+04 2.332512829942831253e-02
1.926690000000000146e+04 2.301847263732406321e-02
1.927020000000000073e+04 2.268394450022209741e-02
1.927350000000000000e+04 2.236321144215014725e-02
1.927679999999999927e+04 2.203416137288965668e-02
1.928009999999999854e+04 2.169864152851162450e-02
1.928340000000000146e+04 2.139911127943594851e-02
1.928670000000000073e+04 2.107776999589208722e-02
1.929000000000000000e+04 2.075459760406486373e-02
1.929320000000000073e+04 2.043864284387091751e-02
1.929650000000000000e+04 2.010999808162162311e-02
1.929979999999999927e+04 1.978364129734925397e-02
1.930309999999999854e+04 1.947435455880911978e-02
1.930640000000000146e+04 1.916820120168667707e-02
1.930970000000000073e+04 1.886022435909186223e-02
1.931300000000000000e+04 1.856394023913409547e-02
1.931629999999999927e+04 1.824265198096839888e-02
1.931959999999999854e+04 1.792356675604567587e-02
1.932290000000000146e+04 1.758902036394221005e-02
1.932620000000000073e+04 1.726457746748681979e-02
1.932950000000000000e+04 1.693704214759524443e-02
1.933279999999999927e+04 1.661267824538338600e-02
1.933609999999999854e+04 1.631429873706439007e-02
1.933940000000000146e+04 1.600881661214923271e-02
1.934270000000000073e+04 1.570915694458045395e-02
1.934600000000000000e+04 1.539416166682960885e-02
1.934929999999999927e+04 1.509381264666425672e-02
1.935259999999999854e+04 1.478904034297696089e-02
1.935579999999999927e+04 1.448829351063366834e-02
1.935909999999999854e+04 1.417500618150407954e-02
1.936240000000000146e+04 1.387345593714967365e-02
1.936570000000000073e+04 1.357509867866978602e-02
1.936900000000000000e+04 1.328410929729336061e-02
1.937229999999999927e+04 1.299147030403517006e-02
1.937559999999999854e+04 1.269454698677321448e-02
1.937890000000000146e+04 1.241347796242675723e-02
1.938220000000000073e+04 1.213326776199247399e-02
1.938550000000000000e+04 1.184268088155931292e-02
1.938879999999999927e+04 1.155290569060522451e-02
1.939209999999999854e+04 1.126842736328129146e-02
1.939540000000000146e+04 1.098953995999550973e-02
1.939870000000000073e+04 1.070884570187101599e-02
1.940200000000000000e+04 1.043874898545074821e-02
1.940529999999999927e+04 1.018176212972302271e-02
1.940859999999999854e+04 9.921919304002891835e-03
1.941190000000000146e+04 9.652260405910738361e-03
1.941520000000000073e+04 9.407080777283412937e-03
1.941850000000000000e+04 9.155945721467679405e-03
1.942170000000000073e+04 8.872676111201426019e-03
1.942500000000000000e+04 8.612187349116649099e-03
1.942829999999999927e+04 8.359074301380598621e-03
1.943159999999999854e+04 8.101098249154746467e-03
1.943490000000000146e+04 7.836346095854944752e-03
1.943820000000000073e+04 7.568854097435794535e-03
1.944150000000000000e+04 7.312249312635646370e-03
1.944479999999999927e+04 7.070813794280199349e-03
1.944809999999999854e+04 6.836136652184104066e-03
1.945140000000000146e+04 6.596851408639233492e-03
1.945470000000000073e+04 6.370765398682198821e-03
1.945800000000000000e+04 6.146807542409270068e-03
1.946129999999999927e+04 5.901212876622164046e-03
1.946459999999999854e+04 5.664030484646419804e-03
1.946790000000000146e+04 5.419062266209791721e-03
1.947120000000000073e+04 5.185025349062417216e-03
1.947450000000000000e+04 4.946781687543524639e-03
1.947779999999999927e+04 4.711111564657539073e-03
1.948109999999999854e+04 4.475405547453409870e-03
1.948429999999999927e+04 4.251967607270579035e-03
1.948759999999999854e+04 4.043087324091833995e-03
1.949090000000000146e+04 3.836187016335395293e-03
1.949420000000000073e+04 3.636955716112731923e-03
1.949750000000000000e+04 3.432049287414168804e-03
1.950079999999999927e+04 3.202392807396572862e-03
1.950409999999999854e+04 3.001606261636020987e-03
1.950740000000000146e+04 2.793991599184821560e-03
1.951070000000000073e+04 2.583540846894869392e-03
1.951400000000000000e+04 2.401138680906813282e-03
1.951729999999999927e+04 2.200657095404830697e-03
1.952059999999999854e+04 1.986000922457099339e-03
1.952390000000000146e+04 1.799694368035410210e-03
1.952720000000000073e+04 1.613120746770542544e-03
1.953050000000000000e+04 1.429073539089280916e-03
1.953379999999999927e+04 1.240041395513432222e-03
1.953709999999999854e+04 1.049963256288405106e-03
1.954040000000000146e+04 8.786302193000999254e-04
1.954370000000000073e+04 7.061011594158784956e-04
1.954700000000000000e+04 5.361673762501851332e-04
1.955020000000000073e+04 3.552062116208730067e-04
1.955350000000000000e+04 1.981356601000746980e-04
1.955679999999999927e+04 4.838549028615519933e-05
1.956009999999999854e+04 -9.724668268670084124e-05
1.956340000000000146e+04 -2.490367932985842721e-04
1.956670000000000073e+04 -3.990464657086210411e-04
1.957000000000000000e+04 -5.386832089514383788e-04
1.957329999999999927e+04 -6.940356463245745539e-04
1.957659999999999854e+04 -8.430683720096386830e-04
1.957990000000000146e+04 -9.865583002450193945e-04
1.958320000000000073e+04 -1.136747609156155440e-03
1.958650000000000000e+04 -1.281173269449949149e-03
1.958979999999999927e+04 -1.418030937609489860e-03
1.959309999999999854e+04 -1.549736557127303401e-03
1.959640000000000146e+04 -1.676002586137909697e-03
1.959970000000000073e+04 -1.776387350469202635e-03
1.960300000000000000e+04 -1.901524026395331373e-03
1.960629999999999927e+04 -2.051062236834304536e-03
1.960959999999999854e+04 -2.173940568317270054e-03
1.961290000000000146e+04 -2.327253653308854978e-03
1.961609999999999854e+04 -2.452473293659382554e-03
1.961940000000000146e+04 -2.560458474977953935e-03
1.962270000000000073e+04 -2.700108129700644864e-03
1.962600000000000000e+04 -2.811539205391808214e-03
1.962929999999999927e+04 -2.916895693217603624e-03
1.963259999999999854e+04 -3.006273975971301450e-03
1.963590000000000146e+04 -3.091731433994257972e-03
1.963920000000000073e+04 -3.224168978491894193e-03
1.964250000000000000e+04 -3.319158784194033499e-03
1.964579999999999927e+04 -3.427703926657214763e-03
1.964909999999999854e+04 -3.558944912686746141e-03
1.965240000000000146e+04 -3.679165339030576482e-03
1.965570000000000073e+04 -3.802421810407909889e-03
1.965900000000000000e+04 -3.890867393371013824e-03
1.966229999999999927e+04 -3.947361966817895633e-03
1.966559999999999854e+04 -4.007344549034318366e-03
1.966890000000000146e+04 -4.122230633691554257e-03
1.967220000000000073e+04 -4.231341246849833551e-03
1.967550000000000000e+04 -4.317289063324977402e-03
1.967870000000000073e+04 -4.440154122936587101e-03
1.968200000000000000e+04 -4.501612089965237838e-03
1.968529999999999927e+04 -4.563362809743536606e-03
1.968859999999999854e+04 -4.628917871884637159e-03
1.969190000000000146e+04 -4.674625182402097727e-03
1.969520000000000073e+04 -4.745836568012799794e-03
1.969850000000000000e+04 -4.802977534794686774e-03
1.970179999999999927e+04 -4.864273950828089561e-03
1.970509999999999854e+04 -4.975593703677113483e-03
1.970840000000000146e+04 -5.089201922432996100e-03
1.971170000000000073e+04 -5.182127903891515369e-03
1.971500000000000000e+04 -5.231669039063232239e-03
1.971829999999999927e+04 -5.327912313437114557e-03
1.972159999999999854e+04 -5.363402887393652237e-03
1.972490000000000146e+04 -5.404399562387600733e-03
1.972820000000000073e+04 -5.495859014859064140e-03
1.973150000000000000e+04 -5.595924059859510961e-03
1.973479999999999927e+04 -5.690018053599930729e-03
1.973809999999999854e+04 -5.766891428789653641e-03
1.974140000000000146e+04 -5.862152416181092875e-03
1.974459999999999854e+04 -5.965531775430971649e-03
1.974790000000000146e+04 -6.004990350938204692e-03
1.975120000000000073e+04 -6.031544424906610559e-03
1.975450000000000000e+04 -6.073182132568417067e-03
1.975779999999999927e+04 -6.119154534348097800e-03
1.976109999999999854e+04 -6.189668374525421693e-03
1.976440000000000146e+04 -6.284640397739656506e-03
1.976770000000000073e+04 -6.359808937689134453e-03
1.977100000000000000e+04 -6.410336055484851941e-03
1.977429999999999927e+04 -6.470429383574036880e-03
1.977759999999999854e+04 -6.519533447037871229e-03
1.978090000000000146e+04 -6.577341698234599049e-03
1.978420000000000073e+04 -6.664331100844716159e-03
1.978750000000000000e+04 -6.681840847724628864e-03
1.979079999999999927e+04 -6.764744103674042927e-03
1.979409999999999854e+04 -6.789917423496588840e-03
1.979740000000000146e+04 -6.824319908947799537e-03
1.980070000000000073e+04 -6.887243311108517778e-03
1.980400000000000000e+04 -6.904488388220325970e-03
1.980720000000000073e+04 -6.936808701564752509e-03
1.981050000000000000e+04 -6.933339004423408856e-03
1.981379999999999927e+04 -6.916752304171143104e-03
1.981709999999999854e+04 -6.951326965747283218e-03
1.982040000000000146e+04 -6.950040171264212224e-03
1.982370000000000073e+04 -6.975948834303472706e-03
1.982700000000000000e+04 -7.011906639934792698e-03
1.983029999999999927e+04 -7.056296149673019734e-03
1.983359999999999854e+04 -7.048005222524552152e-03
1.983690000000000146e+04 -7.071685531250718193e-03
1.984020000000000073e+04 -7.061102920420029780e-03
1.984350000000000000e+04 -7.078120680683586997e-03
1.984679999999999927e+04 -7.101506600162751578e-03
1.985009999999999854e+04 -7.125837414526930459e-03
1.985340000000000146e+04 -7.171682523651586039e-03
1.985670000000000073e+04 -7.238486694075839910e-03
1.986000000000000000e+04 -7.281929245561220149e-03
1.986329999999999927e+04 -7.340313650073089329e-03
1.986659999999999854e+04 -7.345084088213815580e-03
1.986990000000000146e+04 -7.322486137306087085e-03
1.987309999999999854e+04 -7.281788971728815445e-03
1.987640000000000146e+04 -7.283985798738835254e-03
1.987970000000000073e+04 -7.345405806931121044e-03
1.988300000000000000e+04 -7.342720696745548038e-03
1.988629999999999927e+04 -7.412003306734267667e-03
1.988959999999999854e+04 -7.497083022899217117e-03
1.989290000000000146e+04 -7.486425349980159981e-03
1.989620000000000073e+04 -7.458716046294248600e-03
1.989950000000000000e+04 -7.442949107659364849e-03
1.990279999999999927e+04 -7.440489391237791947e-03
1.990609999999999854e+04 -7.433852684558275858e-03
1.990940000000000146e+04 -7.395632259822824787e-03
1.991270000000000073e+04 -7.415012414148399941e-03
1.991600000000000000e+04 -7.414621700496252729e-03
1.991929999999999927e+04 -7.438199048154288222e-03
1.992259999999999854e+04 -7.436141932358781605e-03
1.992590000000000146e+04 -7.424222060257632504e-03
