1.716800000000000000e+04 4.548772498768866674e-04
1.717129999999999927e+04 4.488145129938211041e-04
1.717459999999999854e+04 4.431806964806695196e-04
1.717790000000000146e+04 4.353741985715476963e-04
1.718120000000000073e+04 4.386807990945266003e-04
1.718450000000000000e+04 4.328881849012832287e-04
1.718779999999999927e+04 4.314112243549546245e-04
1.719109999999999854e+04 4.355419876351924969e-04
1.719440000000000146e+04 4.348947899909156342e-04
1.719770000000000073e+04 4.404549841034319994e-04
1.720100000000000000e+04 4.331690937290439618e-04
1.720429999999999927e+04 4.378024339311823213e-04
1.720759999999999854e+04 4.398464246837972195e-04
1.721090000000000146e+04 4.416491188249056028e-04
1.721420000000000073e+04 4.393757851508458016e-04
1.721750000000000000e+04 4.285146994962981347e-04
1.722079999999999927e+04 4.327401875548202333e-04
1.722409999999999854e+04 4.252063743978985559e-04
1.722729999999999927e+04 4.287899153193867495e-04
1.723059999999999854e+04 4.311861883205942141e-04
1.723390000000000146e+04 4.455870637194322384e-04
1.723720000000000073e+04 4.543706599088825860e-04
1.724050000000000000e+04 4.709948159595315196e-04
1.724379999999999927e+04 4.732398562187797148e-04
1.724709999999999854e+04 4.720361300972443974e-04
1.725040000000000146e+04 4.802602598894951101e-04
1.725370000000000073e+04 4.901885953237664290e-04
1.725700000000000000e+04 4.917429726808757130e-04
1.726029999999999927e+04 4.880933483018175538e-04
1.726359999999999854e+04 4.982727650310821198e-04
1.726690000000000146e+04 5.138378573063299374e-04
1.727020000000000073e+04 5.250287012889063697e-04
1.727350000000000000e+04 5.173199188792528772e-04
1.727679999999999927e+04 5.252187977555985987e-04
1.728009999999999854e+04 5.341168882959061856e-04
1.728340000000000146e+04 5.434564965634630868e-04
1.728670000000000073e+04 5.453402370116206769e-04
1.729000000000000000e+04 5.461853768355067308e-04
1.729320000000000073e+04 5.454240392656860541e-04
1.729650000000000000e+04 5.499659341780690179e-04
1.729979999999999927e+04 5.562275237464520908e-04
1.730309999999999854e+04 5.723160003937516685e-04
1.730640000000000146e+04 5.680633895312802231e-04
1.730970000000000073e+04 5.823485293483260253e-04
1.731300000000000000e+04 5.964995769518901354e-04
1.731629999999999927e+04 5.965632540419126559e-04
1.731959999999999854e+04 5.995924861944161360e-04
1.732290000000000146e+04 6.194347996541762959e-04
1.732620000000000073e+04 6.176236433785892068e-04
1.732950000000000000e+04 6.203681061695121403e-04
1.733279999999999927e+04 6.313349182779724299e-04
1.733609999999999854e+04 6.363485518028696867e-04
1.733940000000000146e+04 6.415443057995775774e-04
1.734270000000000073e+04 6.535424627371775805e-04
1.734600000000000000e+04 6.545265180385336206e-04
1.734929999999999927e+04 6.502981580864109325e-04
1.735259999999999854e+04 6.415862262070965447e-04
1.735579999999999927e+04 6.505245255974234208e-04
1.735909999999999854e+04 6.472301375209551762e-04
1.736240000000000146e+04 6.472641273678042800e-04
1.736570000000000073e+04 6.474482606196749418e-04
1.736900000000000000e+04 6.515225020948248917e-04
1.737229999999999927e+04 6.524953081910874570e-04
1.737559999999999854e+04 6.415484579290881267e-04
1.737890000000000146e+04 6.407488997877116904e-04
1.738220000000000073e+04 6.481959171816491618e-04
1.738550000000000000e+04 6.454270974958381838e-04
1.738879999999999927e+04 6.561753426861885062e-04
1.739209999999999854e+04 6.614509328616155958e-04
1.739540000000000146e+04 6.586145973108077688e-04
1.739870000000000073e+04 6.541584390497521282e-04
1.740200000000000000e+04 6.510679259753155953e-04
1.740529999999999927e+04 6.448364114939130311e-04
1.740859999999999854e+04 6.453696896648766605e-04
1.741190000000000146e+04 6.434648902193715846e-04
1.741520000000000073e+04 6.498459622581940478e-04
1.741850000000000000e+04 6.536351309361263743e-04
1.742170000000000073e+04 6.555284668111020915e-04
1.742500000000000000e+04 6.657519819525698369e-04
1.742829999999999927e+04 6.672972388184608477e-04
1.743159999999999854e+04 6.585778048228854535e-04
1.743490000000000146e+04 6.518336899259768004e-04
1.743820000000000073e+04 6.524679823957518776e-04
1.744150000000000000e+04 6.464409273270267696e-04
1.744479999999999927e+04 6.452183198329217856e-04
1.744809999999999854e+04 6.495875951971038153e-04
1.745140000000000146e+04 6.549461510000755080e-04
1.745470000000000073e+04 6.623752453872964064e-04
1.745800000000000000e+04 6.692840318963341230e-04
1.746129999999999927e+04 6.726948717600668513e-04
1.746459999999999854e+04 6.745658561593209732e-04
1.746790000000000146e+04 6.797578253668089873e-04
1.747120000000000073e+04 6.940252418249758665e-04
1.747450000000000000e+04 6.895605220352352214e-04
1.747779999999999927e+04 6.853785928806249619e-04
1.748109999999999854e+04 6.859835366437276464e-04
1.748429999999999927e+04 6.853742342002288592e-04
1.748759999999999854e+04 6.836712507537742517e-04
1.749090000000000146e+04 6.852408585963945488e-04
1.749420000000000073e+04 6.926499141973385329e-04
1.749750000000000000e+04 6.902694448948137797e-04
1.750079999999999927e+04 6.966622159018170599e-04
1.750409999999999854e+04 6.943426259107419920e-04
1.750740000000000146e+04 6.970758469755677141e-04
1.751070000000000073e+04 6.950076800650741146e-04
1.751400000000000000e+04 7.062832594675345216e-04
1.751729999999999927e+04 7.169422578441198967e-04
1.752059999999999854e+04 7.157106327463808341e-04
1.752390000000000146e+04 7.178589574480652045e-04
1.752720000000000073e+04 7.193315321715432979e-04
1.753050000000000000e+04 7.261315340338086880e-04
1.753379999999999927e+04 7.262912190140922378e-04
1.753709999999999854e+04 7.218875522502965405e-04
1.754040000000000146e+04 7.331190690540214652e-04
1.754370000000000073e+04 7.369049617112925559e-04
1.754700000000000000e+04 7.411292551988678820e-04
1.755020000000000073e+04 7.460103768980585201e-04
1.755350000000000000e+04 7.434636541018487281e-04
1.755679999999999927e+04 7.466878292959511394e-04
1.756009999999999854e+04 7.604476928300200585e-04
1.756340000000000146e+04 7.652154737641408445e-04
1.756670000000000073e+04 7.702316977111878888e-04
1.757000000000000000e+04 7.682684492057454198e-04
1.757329999999999927e+04 7.723526196904820012e-04
1.757659999999999854e+04 7.785140804341157553e-04
1.757990000000000146e+04 7.755689947556052791e-04
1.758320000000000073e+04 7.768096846951718119e-04
1.758650000000000000e+04 7.791830492662859533e-04
1.758979999999999927e+04 7.782641352377269155e-04
1.759309999999999854e+04 7.862189552122928219e-04
1.759640000000000146e+04 7.870322676599289524e-04
1.759970000000000073e+04 7.986465583929334240e-04
1.760300000000000000e+04 8.031014331529560697e-04
1.760629999999999927e+04 8.130191948044118624e-04
1.760959999999999854e+04 8.141401838742003518e-04
1.761290000000000146e+04 8.144985016799389990e-04
1.761609999999999854e+04 8.127813925594359629e-04
1.761940000000000146e+04 8.106707986890429509e-04
1.762270000000000073e+04 8.178442123969378993e-04
1.762600000000000000e+04 8.194788797009967297e-04
1.762929999999999927e+04 8.190032344681499790e-04
1.763259999999999854e+04 8.182105626016265149e-04
1.763590000000000146e+04 8.167012154440722767e-04
1.763920000000000073e+04 8.218271816472905427e-04
1.764250000000000000e+04 8.278933218527708988e-04
1.764579999999999927e+04 8.344192979922090145e-04
1.764909999999999854e+04 8.402726543979680864e-04
1.765240000000000146e+04 8.427476636552036276e-04
1.765570000000000073e+04 8.460632966180293806e-04
1.765900000000000000e+04 8.453474427856000513e-04
1.766229999999999927e+04 8.508576754882033518e-04
1.766559999999999854e+04 8.486318725913430134e-04
1.766890000000000146e+04 8.542300196274086243e-04
1.767220000000000073e+04 8.592307059614947727e-04
1.767550000000000000e+04 8.647315277702053446e-04
1.767870000000000073e+04 8.576260357599908932e-04
1.768200000000000000e+04 8.507955444612896401e-04
1.768529999999999927e+04 8.505639370159297262e-04
1.768859999999999854e+04 8.549332715833011988e-04
1.769190000000000146e+04 8.544915484704460095e-04
1.769520000000000073e+04 8.599868936239327480e-04
1.769850000000000000e+04 8.584940601875054892e-04
1.770179999999999927e+04 8.669508797281639178e-04
1.770509999999999854e+04 8.703319043833151027e-04
1.770840000000000146e+04 8.761449102175710530e-04
1.771170000000000073e+04 8.775949628904750228e-04
1.771500000000000000e+04 8.776346961236951121e-04
1.771829999999999927e+04 8.827645956340139741e-04
1.772159999999999854e+04 8.854146415606794227e-04
1.772490000000000146e+04 8.837702588600319107e-04
1.772820000000000073e+04 8.837010256661329303e-04
1.773150000000000000e+04 8.889278521843998375e-04
1.773479999999999927e+04 9.001561257374644321e-04
1.773809999999999854e+04 9.003544895684715025e-04
1.774140000000000146e+04 9.052970611638958909e-04
1.774459999999999854e+04 9.098803260503337143e-04
1.774790000000000146e+04 9.131916331287821950e-04
1.775120000000000073e+04 9.189139767162456856e-04
1.775450000000000000e+04 9.237533931960427045e-04
1.775779999999999927e+04 9.269975332716090966e-04
1.776109999999999854e+04 9.354989217047562401e-04
1.776440000000000146e+04 9.426239202683806689e-04
1.776770000000000073e+04 9.514023680903763852e-04
1.777100000000000000e+04 9.547446580258402973e-04
1.777429999999999927e+04 9.635516237190703062e-04
1.777759999999999854e+04 9.690946494185675216e-04
1.778090000000000146e+04 9.702400845338400321e-04
1.778420000000000073e+04 9.786297328985915991e-04
1.778750000000000000e+04 9.801179012320991157e-04
1.779079999999999927e+04 9.818510676836073644e-04
1.779409999999999854e+04 9.891897809902662920e-04
1.779740000000000146e+04 9.977385578963840051e-04
1.780070000000000073e+04 1.007462684538302329e-03
1.780400000000000000e+04 1.019217429286187974e-03
1.780720000000000073e+04 1.023197505820940684e-03
1.781050000000000000e+04 1.035812541684574904e-03
1.781379999999999927e+04 1.047728199016451263e-03
1.781709999999999854e+04 1.054540913228157019e-03
1.782040000000000146e+04 1.065927091816722561e-03
1.782370000000000073e+04 1.073751069517091261e-03
1.782700000000000000e+04 1.079016982088821857e-03
1.783029999999999927e+04 1.087313436362607197e-03
1.783359999999999854e+04 1.084942750618554490e-03
1.783690000000000146e+04 1.088278433934061025e-03
1.784020000000000073e+04 1.090960915060096900e-03
1.784350000000000000e+04 1.101353686201119158e-03
1.784679999999999927e+04 1.109207417008680049e-03
1.785009999999999854e+04 1.116241529921158191e-03
1.785340000000000146e+04 1.121301382257933535e-03
1.785670000000000073e+04 1.137296703225428073e-03
1.786000000000000000e+04 1.145345052229409903e-03
1.786329999999999927e+04 1.154021294237029356e-03
1.786659999999999854e+04 1.162984117809084906e-03
1.786990000000000146e+04 1.170156547955354806e-03
1.787309999999999854e+04 1.180383278979584352e-03
1.787640000000000146e+04 1.192503670831049920e-03
1.787970000000000073e+04 1.204279421844655284e-03
1.788300000000000000e+04 1.211031308969591014e-03
1.788629999999999927e+04 1.219055686990714671e-03
1.788959999999999854e+04 1.223822480217230625e-03
1.789290000000000146e+04 1.231449435293187041e-03
1.789620000000000073e+04 1.232876779753124203e-03
1.789950000000000000e+04 1.240114594346310726e-03
1.790279999999999927e+04 1.246904557254369453e-03
1.790609999999999854e+04 1.251240623138045755e-03
1.790940000000000146e+04 1.260117918579911839e-03
1.791270000000000073e+04 1.264278338178594693e-03
1.791600000000000000e+04 1.269033748847972921e-03
1.791929999999999927e+04 1.270140551749962456e-03
1.792259999999999854e+04 1.275678094745814417e-03
1.792590000000000146e+04 1.276947602342161023e-03
1.792920000000000073e+04 1.276893415937370348e-03
1.793250000000000000e+04 1.280511242809900026e-03
1.793570000000000073e+04 1.284320677252117487e-03
1.793900000000000000e+04 1.290498928000576506e-03
1.794229999999999927e+04 1.302086696145737235e-03
1.794559999999999854e+04 1.315083841295128491e-03
1.794890000000000146e+04 1.327572735355298092e-03
1.795220000000000073e+04 1.336477035632875751e-03
1.795550000000000000e+04 1.346855041364078930e-03
1.795879999999999927e+04 1.352547732764068124e-03
1.796209999999999854e+04 1.359222948035754275e-03
1.796540000000000146e+04 1.365274656000891934e-03
1.796870000000000073e+04 1.368771785245171801e-03
1.797200000000000000e+04 1.376596386139168062e-03
1.797529999999999927e+04 1.374646939165183324e-03
1.797859999999999854e+04 1.385274394179929723e-03
1.798190000000000146e+04 1.397250040463836546e-03
1.798520000000000073e+04 1.398003529076386310e-03
1.798850000000000000e+04 1.404793689765039023e-03
1.799179999999999927e+04 1.412327202880336559e-03
1.799509999999999854e+04 1.425993756510071349e-03
1.799840000000000146e+04 1.440174359255432272e-03
1.800159999999999854e+04 1.441787325993757309e-03
1.800490000000000146e+04 1.449912974003900569e-03
1.800820000000000073e+04 1.458655539547994064e-03
1.801150000000000000e+04 1.472897856920357077e-03
1.801479999999999927e+04 1.482117323010325328e-03
1.801809999999999854e+04 1.490072478831841636e-03
1.802140000000000146e+04 1.494787129013528835e-03
1.802470000000000073e+04 1.505463573473862868e-03
1.802800000000000000e+04 1.517631414296574015e-03
1.803129999999999927e+04 1.520620529367172147e-03
1.803459999999999854e+04 1.522391981583049326e-03
1.803790000000000146e+04 1.527326380918522060e-03
1.804120000000000073e+04 1.530415479765209578e-03
1.804450000000000000e+04 1.534719946707617175e-03
1.804779999999999927e+04 1.553375042639543006e-03
1.805109999999999854e+04 1.556040502268120178e-03
1.805440000000000146e+04 1.566200595930809921e-03
1.805770000000000073e+04 1.574939618215737743e-03
1.806100000000000000e+04 1.581447767472207461e-03
1.806429999999999927e+04 1.581580209655855792e-03
1.806750000000000000e+04 1.576613552826149154e-03
1.807079999999999927e+04 1.574461944283787971e-03
1.807409999999999854e+04 1.573178318347287497e-03
1.807740000000000146e+04 1.572672450507888158e-03
1.808070000000000073e+04 1.581223950970657779e-03
1.808400000000000000e+04 1.594772767769835932e-03
1.808729999999999927e+04 1.587466870529993411e-03
1.809059999999999854e+04 1.590510659062102910e-03
1.809390000000000146e+04 1.585943726191228927e-03
1.809720000000000073e+04 1.582178586927173152e-03
1.810050000000000000e+04 1.577702192638420677e-03
1.810379999999999927e+04 1.578769564672891611e-03
1.810709999999999854e+04 1.573755549142266197e-03
1.811040000000000146e+04 1.560314864126118028e-03
1.811370000000000073e+04 1.548752925926929558e-03
1.811700000000000000e+04 1.545891744432949938e-03
1.812029999999999927e+04 1.543395151752178455e-03
1.812359999999999854e+04 1.537537341959341547e-03
1.812690000000000146e+04 1.536804927513358556e-03
1.813009999999999854e+04 1.529182265845588189e-03
1.813340000000000146e+04 1.525717506286817376e-03
1.813670000000000073e+04 1.519729186734155961e-03
1.814000000000000000e+04 1.521407567355389026e-03
1.814329999999999927e+04 1.504734692470414753e-03
1.814659999999999854e+04 1.492040839067189026e-03
1.814990000000000146e+04 1.482213304554133668e-03
1.815320000000000073e+04 1.468362882385821928e-03
1.815650000000000000e+04 1.461620280482817807e-03
1.815979999999999927e+04 1.447059509935769931e-03
1.816309999999999854e+04 1.441444619750178969e-03
1.816640000000000146e+04 1.440769218162204178e-03
1.816970000000000073e+04 1.435858382507926301e-03
1.817300000000000000e+04 1.426999800977310062e-03
1.817629999999999927e+04 1.423002911838536786e-03
1.817959999999999854e+04 1.414437087492611189e-03
1.818290000000000146e+04 1.433392950255514813e-03
1.818620000000000073e+04 1.439794578564981614e-03
1.818950000000000000e+04 1.431182600552762495e-03
1.819279999999999927e+04 1.417603966569379358e-03
1.819600000000000000e+04 1.418014493240961089e-03
1.819929999999999927e+04 1.426598875071677505e-03
1.820259999999999854e+04 1.421556491130730304e-03
1.820590000000000146e+04 1.410697033116693885e-03
1.820920000000000073e+04 1.407801006985065495e-03
1.821250000000000000e+04 1.390003267229816732e-03
1.821579999999999927e+04 1.383774467060900747e-03
1.821909999999999854e+04 1.380109754555740179e-03
1.822240000000000146e+04 1.386637044345671692e-03
1.822570000000000073e+04 1.401093085037861475e-03
1.822900000000000000e+04 1.427087304721127731e-03
1.823229999999999927e+04 1.461404802923049794e-03
1.823559999999999854e+04 1.485920322376114468e-03
1.823890000000000146e+04 1.497696153325197123e-03
1.824220000000000073e+04 1.530856336981303682e-03
1.824550000000000000e+04 1.548596653661682681e-03
1.824879999999999927e+04 1.572281666096601947e-03
1.825209999999999854e+04 1.581533961426336531e-03
1.825540000000000146e+04 1.604544470112553552e-03
1.825859999999999854e+04 1.631993847507075572e-03
1.826190000000000146e+04 1.664728900190887845e-03
1.826520000000000073e+04 1.695570526371518614e-03
1.826850000000000000e+04 1.718032526978109133e-03
1.827179999999999927e+04 1.745167393318567328e-03
1.827509999999999854e+04 1.773172352314579363e-03
1.827840000000000146e+04 1.801025223514264324e-03
1.828170000000000073e+04 1.823984950818291571e-03
1.828500000000000000e+04 1.856793705022599357e-03
1.828829999999999927e+04 1.905220522368839377e-03
1.829159999999999854e+04 1.930217767021007820e-03
1.829490000000000146e+04 1.969881375211074599e-03
1.829820000000000073e+04 1.995320363812080802e-03
1.830150000000000000e+04 2.022515635151195864e-03
1.830479999999999927e+04 2.066916141797291162e-03
1.830809999999999854e+04 2.092389721552050802e-03
1.831140000000000146e+04 2.110233837937705321e-03
1.831470000000000073e+04 2.151700781180343382e-03
1.831800000000000000e+04 2.175455261980064128e-03
1.832129999999999927e+04 2.211727787265635632e-03
1.832450000000000000e+04 2.227241173530072286e-03
1.832779999999999927e+04 2.241037073180511974e-03
1.833109999999999854e+04 2.282550018112177500e-03
1.833440000000000146e+04 2.303599330165005069e-03
1.833770000000000073e+04 2.334404206291925375e-03
1.834100000000000000e+04 2.366680997462589434e-03
1.834429999999999927e+04 2.374462856100548018e-03
1.834759999999999854e+04 2.392818628619718460e-03
1.835090000000000146e+04 2.427135331580234159e-03
1.835420000000000073e+04 2.465525686246889270e-03
1.835750000000000000e+04 2.514860875668071746e-03
1.836079999999999927e+04 2.563909943182854367e-03
1.836409999999999854e+04 2.599700700181573239e-03
1.836740000000000146e+04 2.637608836648049938e-03
1.837070000000000073e+04 2.693259115708062854e-03
1.837400000000000000e+04 2.747755655928020395e-03
1.837729999999999927e+04 2.789453305834983105e-03
1.838059999999999854e+04 2.829078502398529090e-03
1.838390000000000146e+04 2.871894430212033368e-03
1.838709999999999854e+04 2.905619289849368809e-03
1.839040000000000146e+04 2.940081772266098931e-03
1.839370000000000073e+04 2.959553777702320261e-03
1.839700000000000000e+04 2.994151239769107364e-03
1.840029999999999927e+04 3.030411485057134431e-03
1.840359999999999854e+04 3.082191604617265292e-03
1.840690000000000146e+04 3.114999827643831314e-03
1.841020000000000073e+04 3.147213440499013401e-03
1.841350000000000000e+04 3.182924534698017369e-03
1.841679999999999927e+04 3.233610917904127316e-03
1.842009999999999854e+04 3.252311071606565213e-03
1.842340000000000146e+04 3.289388846055426099e-03
1.842670000000000073e+04 3.327238815960135553e-03
1.843000000000000000e+04 3.354847774294246552e-03
1.843329999999999927e+04 3.386983769742828599e-03
1.843659999999999854e+04 3.426264940496210037e-03
1.843990000000000146e+04 3.478872533075659176e-03
1.844320000000000073e+04 3.528552612443147316e-03
1.844650000000000000e+04 3.574072565877518207e-03
1.844979999999999927e+04 3.618940730581014700e-03
1.845300000000000000e+04 3.632196703509951111e-03
1.845629999999999927e+04 3.660752117966084140e-03
1.845959999999999854e+04 3.659366948195215321e-03
1.846290000000000146e+04 3.707199674616848926e-03
1.846620000000000073e+04 3.705707018669547603e-03
1.846950000000000000e+04 3.695782679154926628e-03
1.847279999999999927e+04 3.721853575910215144e-03
1.847609999999999854e+04 3.741316191866719300e-03
1.847940000000000146e+04 3.741322299214980100e-03
1.848270000000000073e+04 3.754530600078791192e-03
1.848600000000000000e+04 3.764194520309984988e-03
1.848929999999999927e+04 3.789331184210795872e-03
1.849259999999999854e+04 3.823321137932662872e-03
1.849590000000000146e+04 3.831402062365558275e-03
1.849920000000000073e+04 3.886519274336302111e-03
1.850250000000000000e+04 3.937043337666136684e-03
1.850579999999999927e+04 3.984350517051680335e-03
1.850909999999999854e+04 4.063656691008693533e-03
1.851240000000000146e+04 4.075330968755921240e-03
1.851570000000000073e+04 4.071968596446139468e-03
1.851890000000000146e+04 4.089539779143017140e-03
1.852220000000000073e+04 4.118058261385477460e-03
1.852550000000000000e+04 4.149118706859480921e-03
1.852879999999999927e+04 4.195090597066932631e-03
1.853209999999999854e+04 4.243064076132388972e-03
1.853540000000000146e+04 4.285710140392659170e-03
1.853870000000000073e+04 4.322997818123406992e-03
1.854200000000000000e+04 4.384483056054442121e-03
1.854529999999999927e+04 4.452750738996254926e-03
1.854859999999999854e+04 4.491324472152016800e-03
1.855190000000000146e+04 4.554934588611012428e-03
1.855520000000000073e+04 4.617823507791320344e-03
1.855850000000000000e+04 4.692545466586968937e-03
1.856179999999999927e+04 4.745966175353037546e-03
1.856509999999999854e+04 4.798108225052320243e-03
1.856840000000000146e+04 4.853426814248398835e-03
1.857170000000000073e+04 4.870417919901328871e-03
1.857500000000000000e+04 4.931183082028245748e-03
1.857829999999999927e+04 5.004890578670036054e-03
1.858150000000000000e+04 5.059922945310353116e-03
1.858479999999999927e+04 5.136015496661472217e-03
1.858809999999999854e+04 5.167638860196071063e-03
1.859140000000000146e+04 5.207360932595156769e-03
1.859470000000000073e+04 5.285466688884509281e-03
1.859800000000000000e+04 5.340340924221330388e-03
1.860129999999999927e+04 5.379868395474668961e-03
1.860459999999999854e+04 5.458797056567258298e-03
1.860790000000000146e+04 5.527087684991049098e-03
1.861120000000000073e+04 5.629583312449954434e-03
1.861450000000000000e+04 5.742700332556750255e-03
1.861779999999999927e+04 5.827923917032149480e-03
1.862109999999999854e+04 5.901419704634393998e-03
1.862440000000000146e+04 6.006840981204762675e-03
1.862770000000000073e+04 6.090733250018131283e-03
1.863100000000000000e+04 6.245833025278198052e-03
1.863429999999999927e+04 6.360693676777259831e-03
1.863759999999999854e+04 6.456647424272769949e-03
1.864090000000000146e+04 6.598198542978980785e-03
1.864420000000000073e+04 6.802505464767797522e-03
1.864740000000000146e+04 6.951710692309020709e-03
1.865070000000000073e+04 7.068858533831260359e-03
1.865400000000000000e+04 7.208874420725860065e-03
1.865729999999999927e+04 7.326522214128586633e-03
1.866059999999999854e+04 7.450859484793879300e-03
1.866390000000000146e+04 7.583666290109558096e-03
1.866720000000000073e+04 7.694313501661681313e-03
1.867050000000000000e+04 7.789057379871119208e-03
1.867379999999999927e+04 7.891220000503242418e-03
1.867709999999999854e+04 8.057869176955629459e-03
1.868040000000000146e+04 8.266651553603086844e-03
1.868370000000000073e+04 8.519532562527493136e-03
1.868700000000000000e+04 8.769488682674641405e-03
1.869029999999999927e+04 8.962227765372358934e-03
1.869359999999999854e+04 9.239610053959429470e-03
1.869690000000000146e+04 9.462786525433364293e-03
1.870020000000000073e+04 9.535772114395303645e-03
1.870350000000000000e+04 9.604939591557472983e-03
1.870679999999999927e+04 9.772459184575216923e-03
1.871000000000000000e+04 1.007802467079323659e-02
1.871329999999999927e+04 1.024697811794513663e-02
1.871659999999999854e+04 1.034936065579207011e-02
1.871990000000000146e+04 1.048129062631643696e-02
1.872320000000000073e+04 1.058730484838045320e-02
1.872650000000000000e+04 1.074707569707820422e-02
1.872979999999999927e+04 1.083274344557731694e-02
1.873309999999999854e+04 1.094308097507796541e-02
1.873640000000000146e+04 1.108048283443171557e-02
1.873970000000000073e+04 1.122604042413808019e-02
1.874300000000000000e+04 1.125897414836932349e-02
1.874629999999999927e+04 1.137604760478446060e-02
1.874959999999999854e+04 1.142079535794096601e-02
1.875290000000000146e+04 1.150726281340155865e-02
1.875620000000000073e+04 1.160175314402679680e-02
1.875950000000000000e+04 1.173583813817636635e-02
1.876279999999999927e+04 1.188164276240585328e-02
1.876609999999999854e+04 1.201157089275261755e-02
1.876940000000000146e+04 1.207410649753914815e-02
1.877270000000000073e+04 1.220643295923517016e-02
1.877590000000000146e+04 1.237462691027481181e-02
1.877920000000000073e+04 1.242200716874054117e-02
1.878250000000000000e+04 1.258828246612605367e-02
1.878579999999999927e+04 1.277378431819465622e-02
1.878909999999999854e+04 1.299108661309275083e-02
1.879240000000000146e+04 1.321842317442969116e-02
1.879570000000000073e+04 1.343925896304004608e-02
1.879900000000000000e+04 1.369928907365379998e-02
1.880229999999999927e+04 1.398905579467922024e-02
1.880559999999999854e+04 1.425409761928247455e-02
1.880890000000000146e+04 1.446165336348654955e-02
1.881220000000000073e+04 1.470294184583073420e-02
1.881550000000000000e+04 1.499367533929497377e-02
1.881879999999999927e+04 1.528518168102749146e-02
1.882209999999999854e+04 1.556948879656446308e-02
1.882540000000000146e+04 1.587075701699377714e-02
1.882870000000000073e+04 1.614340172522764350e-02
1.883200000000000000e+04 1.641656354167831885e-02
1.883529999999999927e+04 1.672197719400720858e-02
1.883859999999999854e+04 1.701987302165343732e-02
1.884179999999999927e+04 1.727728932663075839e-02
1.884509999999999854e+04 1.753983981347764787e-02
1.884840000000000146e+04 1.774117740204981392e-02
1.885170000000000073e+04 1.793711230033796442e-02
1.885500000000000000e+04 1.818866202686798828e-02
1.885829999999999927e+04 1.834492992455240626e-02
1.886159999999999854e+04 1.853377463855660628e-02
1.886490000000000146e+04 1.890729826709117503e-02
1.886820000000000073e+04 1.929477860510488488e-02
1.887150000000000000e+04 1.957963825430599283e-02
1.887479999999999927e+04 1.971313161602649550e-02
1.887809999999999854e+04 1.999773767012413481e-02
1.888140000000000146e+04 2.034940124904445827e-02
1.888470000000000073e+04 2.066339749131337888e-02
1.888800000000000000e+04 2.098155875266445591e-02
1.889129999999999927e+04 2.126305428916643384e-02
1.889459999999999854e+04 2.162810678749868196e-02
1.889790000000000146e+04 2.197670594327759408e-02
1.890120000000000073e+04 2.232572759042411939e-02
1.890440000000000146e+04 2.263814526619889467e-02
1.890770000000000073e+04 2.305641716701773564e-02
1.891100000000000000e+04 2.342337914124207471e-02
1.891429999999999927e+04 2.384739355569209449e-02
1.891759999999999854e+04 2.425682899676406823e-02
1.892090000000000146e+04 2.466880296369945713e-02
1.892420000000000073e+04 2.504034878553026283e-02
1.892750000000000000e+04 2.539644840720449437e-02
1.893079999999999927e+04 2.579975622703855470e-02
1.893409999999999854e+04 2.619663542372676138e-02
1.893740000000000146e+04 2.655641153331816245e-02
1.894070000000000073e+04 2.684421363070571900e-02
1.894400000000000000e+04 2.720799988512972306e-02
1.894729999999999927e+04 2.751074269307443240e-02
1.895059999999999854e+04 2.780401631612940128e-02
1.895390000000000146e+04 2.809713155283826910e-02
1.895720000000000073e+04 2.833362389560497088e-02
1.896050000000000000e+04 2.860456042172857330e-02
1.896379999999999927e+04 2.884860301511311953e-02
1.896709999999999854e+04 2.906541504753844263e-02
1.897029999999999927e+04 2.924625070566939933e-02
1.897359999999999854e+04 2.942475817764786047e-02
1.897690000000000146e+04 2.966084408106580556e-02
1.898020000000000073e+04 2.984746110805400893e-02
1.898350000000000000e+04 3.003005696347604142e-02
1.898679999999999927e+04 3.023795969053211241e-02
1.899009999999999854e+04 3.041522105526190192e-02
1.899340000000000146e+04 3.059537880849106870e-02
1.899670000000000073e+04 3.074994066486248442e-02
1.900000000000000000e+04 3.091077236928941804e-02
1.900329999999999927e+04 3.106231264514855081e-02
1.900659999999999854e+04 3.122905949035560333e-02
1.900990000000000146e+04 3.132695508406445339e-02
1.901320000000000073e+04 3.142094376147198942e-02
1.901650000000000000e+04 3.151032824250675490e-02
1.901979999999999927e+04 3.162506963699424078e-02
1.902309999999999854e+04 3.174555763830520100e-02
1.902640000000000146e+04 3.188772565510056972e-02
1.902970000000000073e+04 3.194710586275625874e-02
1.903290000000000146e+04 3.201260232436087955e-02
1.903620000000000073e+04 3.206134214293208939e-02
1.903950000000000000e+04 3.211042010703886451e-02
1.904279999999999927e+04 3.218079173681462346e-02
1.904609999999999854e+04 3.220622954612976235e-02
1.904940000000000146e+04 3.225107649096290580e-02
1.905270000000000073e+04 3.231342465642468575e-02
1.905600000000000000e+04 3.235518926836158937e-02
1.905929999999999927e+04 3.240049878379355069e-02
1.906259999999999854e+04 3.240906663434291179e-02
1.906590000000000146e+04 3.242934088416215416e-02
1.906920000000000073e+04 3.242891540490152463e-02
1.907250000000000000e+04 3.239171808306376410e-02
1.907579999999999927e+04 3.235628662452452731e-02
1.907909999999999854e+04 3.231546957622956351e-02
1.908240000000000146e+04 3.229584303283171420e-02
1.908570000000000073e+04 3.224045077499130413e-02
1.908900000000000000e+04 3.216876792114374550e-02
1.909229999999999927e+04 3.208834829596736438e-02
1.909559999999999854e+04 3.200512694364655158e-02
1.909879999999999927e+04 3.195308520555606435e-02
1.910209999999999854e+04 3.184379164036893473e-02
1.910540000000000146e+04 3.177030600181285358e-02
1.910870000000000073e+04 3.169981632920075565e-02
1.911200000000000000e+04 3.162141372520690941e-02
1.911529999999999927e+04 3.153857855851579378e-02
1.911859999999999854e+04 3.136569813678447005e-02
1.912190000000000146e+04 3.123946535070099700e-02
1.912520000000000073e+04 3.105605419467745085e-02
1.912850000000000000e+04 3.088212419203842721e-02
1.913179999999999927e+04 3.073578670613977271e-02
1.913509999999999854e+04 3.058960133894481764e-02
1.913840000000000146e+04 3.043044273266317171e-02
1.914170000000000073e+04 3.022446821739865550e-02
1.914500000000000000e+04 3.003672708616842227e-02
1.914829999999999927e+04 2.982292311987068748e-02
1.915159999999999854e+04 2.962145276697891044e-02
1.915490000000000146e+04 2.942965465936325103e-02
1.915820000000000073e+04 2.921709201743729473e-02
1.916140000000000146e+04 2.903631524519571447e-02
1.916470000000000073e+04 2.881999215586879617e-02
1.916800000000000000e+04 2.859624849463874782e-02
1.917129999999999927e+04 2.835767899853224028e-02
1.917459999999999854e+04 2.814047821358049706e-02
1.917790000000000146e+04 2.792879184277251639e-02
1.918120000000000073e+04 2.772231985994668205e-02
1.918450000000000000e+04 2.747087489759363066e-02
1.918779999999999927e+04 2.721007926638335447e-02
1.919109999999999854e+04 2.694584639770920137e-02
1.919440000000000146e+04 2.670607273912214974e-02
1.919770000000000073e+04 2.644289485599873174e-02
1.920100000000000000e+04 2.619106154862870309e-02
1.920429999999999927e+04 2.594602865065191374e-02
1.920759999999999854e+04 2.567801583753624370e-02
1.921090000000000146e+04 2.542198379552076254e-02
1.921420000000000073e+04 2.514423130277295554e-02
1.921750000000000000e+04 2.485983131016282835e-02
1.922079999999999927e+04 2.458218713370969449e-02
1.922409999999999854e+04 2.429167827405404739e-02
1.922729999999999927e+04 2.399813379766033844e-02
1.923059999999999854e+04 2.369627918095369018e-02
1.923390000000000146e+04 2.341097944462031816e-02
1.923720000000000073e+04 2.313892449393868678e-02
1.924050000000000000e+04 2.284490653146752093e-02
1.924379999999999927e+04 2.256342156686096112e-02
1.924709999999999854e+04 2.226608452433555610e-02
1.925040000000000146e+04 2.195712820288872949e-02
1.925370000000000073e+04 2.162970164566510589e-02
1.925700000000000000e+04 2.135285894413087304e-02
1.926029999999999927e+04 2.104282356318397385e-02
1.926359999999999854e+04 2.071995760154440869e-02
1.926690000000000146e+04 2.043216306514391428e-02
1.927020000000000073e+04 2.011001718599206636e-02
1.927350000000000000e+04 1.980950616076734838e-02
1.927679999999999927e+04 1.949181965956978124e-02
1.928009999999999854e+04 1.917466385605486739e-02
1.928340000000000146e+04 1.889390341567381490e-02
1.928670000000000073e+04 1.857985425124042411e-02
1.929000000000000000e+04 1.827179983595128565e-02
1.929320000000000073e+04 1.796608736364862027e-02
1.929650000000000000e+04 1.765278510929936193e-02
1.929979999999999927e+04 1.734898507571837681e-02
1.930309999999999854e+04 1.705649565237932208e-02
1.930640000000000146e+04 1.676754842439761792e-02
1.930970000000000073e+04 1.649183592966739845e-02
1.931300000000000000e+04 1.621601041074130153e-02
1.931629999999999927e+04 1.590659441716349085e-02
1.931959999999999854e+04 1.559782135309479949e-02
1.932290000000000146e+04 1.527854245714831485e-02
1.932620000000000073e+04 1.497486741538887021e-02
1.932950000000000000e+04 1.467084834286414181e-02
1.933279999999999927e+04 1.437129960985278170e-02
1.933609999999999854e+04 1.408895610317251190e-02
1.933940000000000146e+04 1.380817412043085050e-02
1.934270000000000073e+04 1.352950337468699152e-02
1.934600000000000000e+04 1.323789809177518956e-02
1.934929999999999927e+04 1.294123561855059154e-02
1.935259999999999854e+04 1.264973030259052000e-02
1.935579999999999927e+04 1.236627112850404407e-02
1.935909999999999854e+04 1.207908639169084919e-02
1.936240000000000146e+04 1.180005149161738459e-02
1.936570000000000073e+04 1.152196929886765454e-02
1.936900000000000000e+04 1.124597922828067184e-02
1.937229999999999927e+04 1.096800943005915227e-02
1.937559999999999854e+04 1.069152863417081531e-02
1.937890000000000146e+04 1.041523398473369333e-02
1.938220000000000073e+04 1.014400081029382533e-02
1.938550000000000000e+04 9.876689952060190361e-03
1.938879999999999927e+04 9.597222684077496777e-03
1.939209999999999854e+04 9.335139827242879343e-03
1.939540000000000146e+04 9.078793101409651442e-03
1.939870000000000073e+04 8.820082541068982943e-03
1.940200000000000000e+04 8.562925066875263017e-03
1.940529999999999927e+04 8.319870397808827589e-03
1.940859999999999854e+04 8.077850775176677323e-03
1.941190000000000146e+04 7.825344695160938932e-03
1.941520000000000073e+04 7.590450379576052335e-03
1.941850000000000000e+04 7.360700561244291028e-03
1.942170000000000073e+04 7.103070414178473159e-03
1.942500000000000000e+04 6.855268907821413828e-03
1.942829999999999927e+04 6.617652444004584744e-03
1.943159999999999854e+04 6.371952993842609943e-03
1.943490000000000146e+04 6.130157449633758839e-03
1.943820000000000073e+04 5.888275074630778226e-03
1.944150000000000000e+04 5.655776400013475848e-03
1.944479999999999927e+04 5.430558687750589378e-03
1.944809999999999854e+04 5.215936303483893408e-03
1.945140000000000146e+04 5.003902358654678181e-03
1.945470000000000073e+04 4.799233076304864308e-03
1.945800000000000000e+04 4.588206772574189574e-03
1.946129999999999927e+04 4.355968729492547958e-03
1.946459999999999854e+04 4.133332850830365342e-03
1.946790000000000146e+04 3.906961854169809130e-03
1.947120000000000073e+04 3.687926875211375386e-03
1.947450000000000000e+04 3.455730183065421502e-03
1.947779999999999927e+04 3.238342269028275308e-03
1.948109999999999854e+04 3.030440976707703560e-03
1.948429999999999927e+04 2.821193048681264366e-03
1.948759999999999854e+04 2.618953430745294721e-03
1.949090000000000146e+04 2.423311223788135634e-03
1.949420000000000073e+04 2.231865993237578533e-03
1.949750000000000000e+04 2.043201786939751775e-03
1.950079999999999927e+04 1.840969142394804307e-03
1.950409999999999854e+04 1.649920475221544223e-03
1.950740000000000146e+04 1.449686320899674832e-03
1.951070000000000073e+04 1.254614970446675526e-03
1.951400000000000000e+04 1.082738239203038643e-03
1.951729999999999927e+04 9.087961108355212259e-04
1.952059999999999854e+04 7.036863072364563532e-04
1.952390000000000146e+04 5.336404941266125043e-04
1.952720000000000073e+04 3.651103670429196911e-04
1.953050000000000000e+04 1.985118185010853063e-04
1.953379999999999927e+04 2.312229762064029078e-05
1.953709999999999854e+04 -1.510945738380210736e-04
1.954040000000000146e+04 -3.054081235018628847e-04
1.954370000000000073e+04 -4.549032079773299023e-04
1.954700000000000000e+04 -5.968775755580103207e-04
1.955020000000000073e+04 -7.671144149694498083e-04
1.955350000000000000e+04 -9.053896759691058187e-04
1.955679999999999927e+04 -1.038538506488911450e-03
1.956009999999999854e+04 -1.165661687091610514e-03
1.956340000000000146e+04 -1.305902593444968575e-03
1.956670000000000073e+04 -1.437218460696245131e-03
1.957000000000000000e+04 -1.562358244491833482e-03
1.957329999999999927e+04 -1.705235652937665347e-03
1.957659999999999854e+04 -1.828173039276552274e-03
1.957990000000000146e+04 -1.947628202842545137e-03
1.958320000000000073e+04 -2.089690745128587688e-03
1.958650000000000000e+04 -2.229590477559253037e-03
1.958979999999999927e+04 -2.331996648183824999e-03
1.959309999999999854e+04 -2.436783548656531757e-03
1.959640000000000146e+04 -2.544676640601989479e-03
1.959970000000000073e+04 -2.645256250989091399e-03
1.960300000000000000e+04 -2.759853918933008292e-03
1.960629999999999927e+04 -2.883274480496572992e-03
1.960959999999999854e+04 -2.995866218624872353e-03
1.961290000000000146e+04 -3.120729734629594607e-03
1.961609999999999854e+04 -3.228252203635399373e-03
1.961940000000000146e+04 -3.321322466681978468e-03
1.962270000000000073e+04 -3.423106887822669961e-03
1.962600000000000000e+04 -3.504929903403338192e-03
1.962929999999999927e+04 -3.580150114399972393e-03
1.963259999999999854e+04 -3.647563610271607488e-03
1.963590000000000146e+04 -3.701515284612962378e-03
1.963920000000000073e+04 -3.808046006189344870e-03
1.964250000000000000e+04 -3.877575757961788244e-03
1.964579999999999927e+04 -3.989978896442490479e-03
1.964909999999999854e+04 -4.100028122874834792e-03
1.965240000000000146e+04 -4.197563399814582125e-03
1.965570000000000073e+04 -4.317057011291665532e-03
1.965900000000000000e+04 -4.392582921932157262e-03
1.966229999999999927e+04 -4.447268178075778830e-03
1.966559999999999854e+04 -4.509768121139463848e-03
1.966890000000000146e+04 -4.595213345693779927e-03
1.967220000000000073e+04 -4.673537964638870695e-03
1.967550000000000000e+04 -4.740077281312481648e-03
1.967870000000000073e+04 -4.818360049607606915e-03
1.968200000000000000e+04 -4.867603005014711597e-03
1.968529999999999927e+04 -4.905440659756974374e-03
1.968859999999999854e+04 -4.945535915410653564e-03
1.969190000000000146e+04 -4.993299214444163470e-03
1.969520000000000073e+04 -5.050532448770417467e-03
1.969850000000000000e+04 -5.092655267422647146e-03
1.970179999999999927e+04 -5.125263598987622217e-03
1.970509999999999854e+04 -5.214520979714492958e-03
1.970840000000000146e+04 -5.308252304691869240e-03
1.971170000000000073e+04 -5.401551074122818222e-03
1.971500000000000000e+04 -5.450512701478706090e-03
1.971829999999999927e+04 -5.530152522077475853e-03
1.972159999999999854e+04 -5.558071096322204918e-03
1.972490000000000146e+04 -5.600036302152438562e-03
1.972820000000000073e+04 -5.670616913734542741e-03
1.973150000000000000e+04 -5.745217109968310011e-03
1.973479999999999927e+04 -5.810148223187042854e-03
1.973809999999999854e+04 -5.867123409125547806e-03
1.974140000000000146e+04 -5.934263021328209549e-03
1.974459999999999854e+04 -6.015635079971064572e-03
1.974790000000000146e+04 -6.049922154892408907e-03
1.975120000000000073e+04 -6.063829573952081789e-03
1.975450000000000000e+04 -6.111114105252626882e-03
1.975779999999999927e+04 -6.150543401172944326e-03
1.976109999999999854e+04 -6.205125851451759496e-03
1.976440000000000146e+04 -6.266567580759397835e-03
1.976770000000000073e+04 -6.341112138278629309e-03
1.977100000000000000e+04 -6.400387649968941953e-03
1.977429999999999927e+04 -6.440112547170531547e-03
1.977759999999999854e+04 -6.489621843996107482e-03
1.978090000000000146e+04 -6.539219009759473372e-03
1.978420000000000073e+04 -6.608604282715537306e-03
1.978750000000000000e+04 -6.637498761074022736e-03
1.979079999999999927e+04 -6.700791234045364898e-03
1.979409999999999854e+04 -6.741676702925410852e-03
1.979740000000000146e+04 -6.788531081382049095e-03
1.980070000000000073e+04 -6.857930865109759799e-03
1.980400000000000000e+04 -6.879074811999326931e-03
1.980720000000000073e+04 -6.920574867241460586e-03
1.981050000000000000e+04 -6.909881496674802510e-03
1.981379999999999927e+04 -6.900872047975722956e-03
1.981709999999999854e+04 -6.925724175942745905e-03
1.982040000000000146e+04 -6.909236009193141063e-03
1.982370000000000073e+04 -6.921196582069993018e-03
1.982700000000000000e+04 -6.956637013200490070e-03
1.983029999999999927e+04 -6.978934917980111202e-03
1.983359999999999854e+04 -6.965709255975440113e-03
1.983690000000000146e+04 -6.971039804957053325e-03
1.984020000000000073e+04 -6.970267610099270192e-03
1.984350000000000000e+04 -6.993915140975358845e-03
1.984679999999999927e+04 -7.015834876307249293e-03
1.985009999999999854e+04 -7.039036533862423270e-03
1.985340000000000146e+04 -7.081038249567635223e-03
1.985670000000000073e+04 -7.120080585597967672e-03
1.986000000000000000e+04 -7.156920637338909721e-03
1.986329999999999927e+04 -7.197460237465652319e-03
1.986659999999999854e+04 -7.234452615286249624e-03
1.986990000000000146e+04 -7.221210206603487398e-03
1.987309999999999854e+04 -7.195808682286044221e-03
1.987640000000000146e+04 -7.191581691525731485e-03
1.987970000000000073e+04 -7.198811806303897186e-03
1.988300000000000000e+04 -7.176555060824674551e-03
1.988629999999999927e+04 -7.238044470064496777e-03
1.988959999999999854e+04 -7.300436597506900285e-03
1.989290000000000146e+04 -7.298003940558069752e-03
1.989620000000000073e+04 -7.289116935132461915e-03
1.989950000000000000e+04 -7.279279416206872397e-03
1.990279999999999927e+04 -7.268455138454233376e-03
1.990609999999999854e+04 -7.272159073290622965e-03
1.990940000000000146e+04 -7.245680322761498086e-03
1.991270000000000073e+04 -7.252076004844693752e-03
1.991600000000000000e+04 -7.257594654794340301e-03
1.991929999999999927e+04 -7.271434946432088313e-03
1.992259999999999854e+04 -7.283397764184693438e-03
1.992590000000000146e+04 -7.277661516162343275e-03
