1.716800000000000000e+04 -7.783331284150927446e-05
1.717129999999999927e+04 -6.212424403105498336e-05
1.717459999999999854e+04 -5.877344609188541710e-05
1.717790000000000146e+04 -7.017359038790541394e-05
1.718120000000000073e+04 -8.744172733401874259e-05
1.718450000000000000e+04 -9.569534806027301093e-05
1.718779999999999927e+04 -1.020847493401437077e-04
1.719109999999999854e+04 -9.775997584890764539e-05
1.719440000000000146e+04 -1.113641699220668818e-04
1.719770000000000073e+04 -1.267584539211139211e-04
1.720100000000000000e+04 -1.458010522569530326e-04
1.720429999999999927e+04 -1.506751769690654495e-04
1.720759999999999854e+04 -1.588854272377858607e-04
1.721090000000000146e+04 -1.515733763863702120e-04
1.721420000000000073e+04 -1.572424744903708053e-04
1.721750000000000000e+04 -1.608433121400520646e-04
1.722079999999999927e+04 -1.765485275978153756e-04
1.722409999999999854e+04 -1.774980762305213803e-04
1.722729999999999927e+04 -1.827576169521867653e-04
1.723059999999999854e+04 -1.885687317898153642e-04
1.723390000000000146e+04 -2.065111164286793758e-04
1.723720000000000073e+04 -2.048784386140212687e-04
1.724050000000000000e+04 -2.140159498243453045e-04
1.724379999999999927e+04 -2.258542200436392845e-04
1.724709999999999854e+04 -2.210943284389107197e-04
1.725040000000000146e+04 -2.182310811868657340e-04
1.725370000000000073e+04 -2.200726448755977761e-04
1.725700000000000000e+04 -2.094320706815487858e-04
1.726029999999999927e+04 -2.104149123725740519e-04
1.726359999999999854e+04 -2.230860494302701509e-04
1.726690000000000146e+04 -2.314961780320952043e-04
1.727020000000000073e+04 -2.428699514460911247e-04
1.727350000000000000e+04 -2.444105552583572235e-04
1.727679999999999927e+04 -2.438931577443602893e-04
1.728009999999999854e+04 -2.384910359587191471e-04
1.728340000000000146e+04 -2.402145655732638009e-04
1.728670000000000073e+04 -2.533913212424810757e-04
1.729000000000000000e+04 -2.501600240902101093e-04
1.729320000000000073e+04 -2.589141185897215472e-04
1.729650000000000000e+04 -2.646383286688056957e-04
1.729979999999999927e+04 -2.762934459927490717e-04
1.730309999999999854e+04 -2.866477325329728739e-04
1.730640000000000146e+04 -2.972496813395526208e-04
1.730970000000000073e+04 -2.963992408280496471e-04
1.731300000000000000e+04 -2.864829420196239942e-04
1.731629999999999927e+04 -2.855051476498610586e-04
1.731959999999999854e+04 -2.878018997894878908e-04
1.732290000000000146e+04 -2.911966573857723592e-04
1.732620000000000073e+04 -2.952219252917607714e-04
1.732950000000000000e+04 -2.988775930769091080e-04
1.733279999999999927e+04 -3.054482769615312308e-04
1.733609999999999854e+04 -3.101715170394166881e-04
1.733940000000000146e+04 -3.165902394627185916e-04
1.734270000000000073e+04 -3.139418629887270645e-04
1.734600000000000000e+04 -3.078762154368436081e-04
1.734929999999999927e+04 -3.189867775409721985e-04
1.735259999999999854e+04 -3.264543260390366996e-04
1.735579999999999927e+04 -3.282429935917451948e-04
1.735909999999999854e+04 -3.356299821532540651e-04
1.736240000000000146e+04 -3.392963953250753540e-04
1.736570000000000073e+04 -3.427661190808332383e-04
1.736900000000000000e+04 -3.475900177840909834e-04
1.737229999999999927e+04 -3.535657808623812325e-04
1.737559999999999854e+04 -3.579883755215141142e-04
1.737890000000000146e+04 -3.653530487037819031e-04
1.738220000000000073e+04 -3.635731153685471369e-04
1.738550000000000000e+04 -3.664812881453359235e-04
1.738879999999999927e+04 -3.711741038943684712e-04
1.739209999999999854e+04 -3.741072412766001409e-04
1.739540000000000146e+04 -3.795122658332318729e-04
1.739870000000000073e+04 -3.822070005195762660e-04
1.740200000000000000e+04 -3.799547696591489693e-04
1.740529999999999927e+04 -3.840939149409236530e-04
1.740859999999999854e+04 -3.876477205563357595e-04
1.741190000000000146e+04 -3.985649090552473794e-04
1.741520000000000073e+04 -3.971536456343217458e-04
1.741850000000000000e+04 -4.043285913425110050e-04
1.742170000000000073e+04 -4.091114146370746006e-04
1.742500000000000000e+04 -4.089717063263903322e-04
1.742829999999999927e+04 -4.134167217200534041e-04
1.743159999999999854e+04 -4.140741384071312489e-04
1.743490000000000146e+04 -4.159278115252430731e-04
1.743820000000000073e+04 -4.195031833939127388e-04
1.744150000000000000e+04 -4.256246667391506413e-04
1.744479999999999927e+04 -4.238028436390668956e-04
1.744809999999999854e+04 -4.327427113180776935e-04
1.745140000000000146e+04 -4.331710760724796316e-04
1.745470000000000073e+04 -4.404894210162253179e-04
1.745800000000000000e+04 -4.424362307050628998e-04
1.746129999999999927e+04 -4.489992611496296466e-04
1.746459999999999854e+04 -4.531630594613807227e-04
1.746790000000000146e+04 -4.633288250804595680e-04
1.747120000000000073e+04 -4.655185544131073259e-04
1.747450000000000000e+04 -4.735148571290468495e-04
1.747779999999999927e+04 -4.899574000255098533e-04
1.748109999999999854e+04 -5.052811420353785785e-04
1.748429999999999927e+04 -5.153589653905156238e-04
1.748759999999999854e+04 -5.242031738600270649e-04
1.749090000000000146e+04 -5.269704667189259624e-04
1.749420000000000073e+04 -5.316649377468921252e-04
1.749750000000000000e+04 -5.388557706433918506e-04
1.750079999999999927e+04 -5.470957018651872181e-04
1.750409999999999854e+04 -5.550890046209172937e-04
1.750740000000000146e+04 -5.580126523524118727e-04
1.751070000000000073e+04 -5.656613601816436968e-04
1.751400000000000000e+04 -5.719915587630188111e-04
1.751729999999999927e+04 -5.730706183302528445e-04
1.752059999999999854e+04 -5.792238467177339249e-04
1.752390000000000146e+04 -5.882065297939277756e-04
1.752720000000000073e+04 -5.918346848004416797e-04
1.753050000000000000e+04 -5.993879632413646541e-04
1.753379999999999927e+04 -6.109829024318653859e-04
1.753709999999999854e+04 -6.247089029930603943e-04
1.754040000000000146e+04 -6.323951744403873794e-04
1.754370000000000073e+04 -6.332504551677200534e-04
1.754700000000000000e+04 -6.444452272530950317e-04
1.755020000000000073e+04 -6.580187777851439221e-04
1.755350000000000000e+04 -6.700998877436258527e-04
1.755679999999999927e+04 -6.840391908030263746e-04
1.756009999999999854e+04 -6.908072449331230337e-04
1.756340000000000146e+04 -7.068377684763787593e-04
1.756670000000000073e+04 -7.173969297643576545e-04
1.757000000000000000e+04 -7.259939091294816300e-04
1.757329999999999927e+04 -7.381930729826170724e-04
1.757659999999999854e+04 -7.464694793194159026e-04
1.757990000000000146e+04 -7.560021858177317288e-04
1.758320000000000073e+04 -7.624443145366400403e-04
1.758650000000000000e+04 -7.739517522240031830e-04
1.758979999999999927e+04 -7.864319923228773853e-04
1.759309999999999854e+04 -7.975263869073455792e-04
1.759640000000000146e+04 -8.141004525955325595e-04
1.759970000000000073e+04 -8.278040624158635114e-04
1.760300000000000000e+04 -8.399478136480940634e-04
1.760629999999999927e+04 -8.543224856891352016e-04
1.760959999999999854e+04 -8.787981467879772517e-04
1.761290000000000146e+04 -8.916859522317167885e-04
1.761609999999999854e+04 -9.077163640695027702e-04
1.761940000000000146e+04 -9.209562018084992835e-04
1.762270000000000073e+04 -9.292604634023646617e-04
1.762600000000000000e+04 -9.406381645022913887e-04
1.762929999999999927e+04 -9.467796317741578602e-04
1.763259999999999854e+04 -9.556268829314792327e-04
1.763590000000000146e+04 -9.684905350228393108e-04
1.763920000000000073e+04 -9.803229808022879618e-04
1.764250000000000000e+04 -9.911504799316264453e-04
1.764579999999999927e+04 -1.002775198024347158e-03
1.764909999999999854e+04 -1.010736754477769032e-03
1.765240000000000146e+04 -1.029397718229532310e-03
1.765570000000000073e+04 -1.052361420964608362e-03
1.765900000000000000e+04 -1.065817299563658321e-03
1.766229999999999927e+04 -1.075638142481150647e-03
1.766559999999999854e+04 -1.094570094294902837e-03
1.766890000000000146e+04 -1.112997990609539611e-03
1.767220000000000073e+04 -1.131017870197767580e-03
1.767550000000000000e+04 -1.149888834801748730e-03
1.767870000000000073e+04 -1.167381136187635926e-03
1.768200000000000000e+04 -1.187198244162102631e-03
1.768529999999999927e+04 -1.199563916847993638e-03
1.768859999999999854e+04 -1.214662983982239906e-03
1.769190000000000146e+04 -1.239185981514815673e-03
1.769520000000000073e+04 -1.250756131497486080e-03
1.769850000000000000e+04 -1.262886980163059831e-03
1.770179999999999927e+04 -1.280771884045710110e-03
1.770509999999999854e+04 -1.299503345256692840e-03
1.770840000000000146e+04 -1.323728799573305279e-03
1.771170000000000073e+04 -1.347622884104441709e-03
1.771500000000000000e+04 -1.369275048745479751e-03
1.771829999999999927e+04 -1.386371676508893133e-03
1.772159999999999854e+04 -1.402368569606017058e-03
1.772490000000000146e+04 -1.419526643140066541e-03
1.772820000000000073e+04 -1.437272202544134098e-03
1.773150000000000000e+04 -1.464095553904852434e-03
1.773479999999999927e+04 -1.486228194809750174e-03
1.773809999999999854e+04 -1.509299189947229140e-03
1.774140000000000146e+04 -1.529018266122080579e-03
1.774459999999999854e+04 -1.548336009909273038e-03
1.774790000000000146e+04 -1.572864354086134535e-03
1.775120000000000073e+04 -1.599351726690772819e-03
1.775450000000000000e+04 -1.621477209889149104e-03
1.775779999999999927e+04 -1.640809832628555313e-03
1.776109999999999854e+04 -1.663462051905565016e-03
1.776440000000000146e+04 -1.686072250601444592e-03
1.776770000000000073e+04 -1.709321200423546440e-03
1.777100000000000000e+04 -1.732759783330039020e-03
1.777429999999999927e+04 -1.752787845307314388e-03
1.777759999999999854e+04 -1.776619690522166038e-03
1.778090000000000146e+04 -1.798926849358224982e-03
1.778420000000000073e+04 -1.827144440334517277e-03
1.778750000000000000e+04 -1.854134285102028261e-03
1.779079999999999927e+04 -1.882056958535919915e-03
1.779409999999999854e+04 -1.912544014141451644e-03
1.779740000000000146e+04 -1.939235675428232965e-03
1.780070000000000073e+04 -1.962087558854474362e-03
1.780400000000000000e+04 -1.986756236332223435e-03
1.780720000000000073e+04 -2.006277861272276909e-03
1.781050000000000000e+04 -2.032389903574201035e-03
1.781379999999999927e+04 -2.060491394284238303e-03
1.781709999999999854e+04 -2.078434365291554481e-03
1.782040000000000146e+04 -2.102201863579933848e-03
1.782370000000000073e+04 -2.131298329993246924e-03
1.782700000000000000e+04 -2.160658426318963401e-03
1.783029999999999927e+04 -2.186143395475321962e-03
1.783359999999999854e+04 -2.209358703061472997e-03
1.783690000000000146e+04 -2.242034438613742069e-03
1.784020000000000073e+04 -2.270683481774462241e-03
1.784350000000000000e+04 -2.298222547661315975e-03
1.784679999999999927e+04 -2.324705148146984091e-03
1.785009999999999854e+04 -2.360205148235008672e-03
1.785340000000000146e+04 -2.384742839614775300e-03
1.785670000000000073e+04 -2.413098082136610253e-03
1.786000000000000000e+04 -2.449473050353840210e-03
1.786329999999999927e+04 -2.480548352412883552e-03
1.786659999999999854e+04 -2.511224203838265980e-03
1.786990000000000146e+04 -2.543563644089689556e-03
1.787309999999999854e+04 -2.574534995418611971e-03
1.787640000000000146e+04 -2.604058031043404633e-03
1.787970000000000073e+04 -2.625568840692892470e-03
1.788300000000000000e+04 -2.659735752955288707e-03
1.788629999999999927e+04 -2.698507548882091416e-03
1.788959999999999854e+04 -2.734086848628714764e-03
1.789290000000000146e+04 -2.762403299853581715e-03
1.789620000000000073e+04 -2.786078550130260782e-03
1.789950000000000000e+04 -2.813013340001660999e-03
1.790279999999999927e+04 -2.839805668020833895e-03
1.790609999999999854e+04 -2.869886060401000052e-03
1.790940000000000146e+04 -2.909038265004467230e-03
1.791270000000000073e+04 -2.935611748140689453e-03
1.791600000000000000e+04 -2.973309809035573278e-03
1.791929999999999927e+04 -2.994658997552015686e-03
1.792259999999999854e+04 -3.015168620699659133e-03
1.792590000000000146e+04 -3.056898252668928048e-03
1.792920000000000073e+04 -3.087107557168189149e-03
1.793250000000000000e+04 -3.124886100853166860e-03
1.793570000000000073e+04 -3.158960606611960036e-03
1.793900000000000000e+04 -3.198577249956387376e-03
1.794229999999999927e+04 -3.235104178302391879e-03
1.794559999999999854e+04 -3.277183141909114153e-03
1.794890000000000146e+04 -3.311120915827543004e-03
1.795220000000000073e+04 -3.342607295334911084e-03
1.795550000000000000e+04 -3.373472771182180370e-03
1.795879999999999927e+04 -3.404785096615333372e-03
1.796209999999999854e+04 -3.440918199013440985e-03
1.796540000000000146e+04 -3.493551924338990453e-03
1.796870000000000073e+04 -3.542377454722467778e-03
1.797200000000000000e+04 -3.579862948893858081e-03
1.797529999999999927e+04 -3.611579651466012824e-03
1.797859999999999854e+04 -3.651920521137747878e-03
1.798190000000000146e+04 -3.696586849887732208e-03
1.798520000000000073e+04 -3.732690188517890847e-03
1.798850000000000000e+04 -3.769268867661530829e-03
1.799179999999999927e+04 -3.801402167803667395e-03
1.799509999999999854e+04 -3.834761944080473852e-03
1.799840000000000146e+04 -3.871323472138347380e-03
1.800159999999999854e+04 -3.906817955605137484e-03
1.800490000000000146e+04 -3.938861936243866387e-03
1.800820000000000073e+04 -3.970750147257542419e-03
1.801150000000000000e+04 -4.005569359708949749e-03
1.801479999999999927e+04 -4.042811180755050138e-03
1.801809999999999854e+04 -4.078905433758328591e-03
1.802140000000000146e+04 -4.117238938953611538e-03
1.802470000000000073e+04 -4.158370910069621000e-03
1.802800000000000000e+04 -4.196212567014810484e-03
1.803129999999999927e+04 -4.235599330483009496e-03
1.803459999999999854e+04 -4.268626090577862242e-03
1.803790000000000146e+04 -4.308373656504161688e-03
1.804120000000000073e+04 -4.338086673455567033e-03
1.804450000000000000e+04 -4.378678535018010361e-03
1.804779999999999927e+04 -4.415574695900510195e-03
1.805109999999999854e+04 -4.446584536153430633e-03
1.805440000000000146e+04 -4.485042074847213345e-03
1.805770000000000073e+04 -4.527775103327026998e-03
1.806100000000000000e+04 -4.570641541355016657e-03
1.806429999999999927e+04 -4.611868947328912234e-03
1.806750000000000000e+04 -4.651440191583131913e-03
1.807079999999999927e+04 -4.681368695272605102e-03
1.807409999999999854e+04 -4.697407283476797389e-03
1.807740000000000146e+04 -4.703133561773514826e-03
1.808070000000000073e+04 -4.721849397797748052e-03
1.808400000000000000e+04 -4.766471912734760591e-03
1.808729999999999927e+04 -4.811350893766001141e-03
1.809059999999999854e+04 -4.833276538834236843e-03
1.809390000000000146e+04 -4.842703904152939436e-03
1.809720000000000073e+04 -4.858169168003123421e-03
1.810050000000000000e+04 -4.862158334893587792e-03
1.810379999999999927e+04 -4.862198220050367552e-03
1.810709999999999854e+04 -4.867391664978402629e-03
1.811040000000000146e+04 -4.864086937864710476e-03
1.811370000000000073e+04 -4.860458685178275021e-03
1.811700000000000000e+04 -4.873148936656843989e-03
1.812029999999999927e+04 -4.893798569996828801e-03
1.812359999999999854e+04 -4.908703593523646401e-03
1.812690000000000146e+04 -4.937249640621420819e-03
1.813009999999999854e+04 -4.939554891939539234e-03
1.813340000000000146e+04 -4.972708968029182150e-03
1.813670000000000073e+04 -4.978825296352980441e-03
1.814000000000000000e+04 -5.005046642517719559e-03
1.814329999999999927e+04 -5.002877085870245134e-03
1.814659999999999854e+04 -5.038157441220853829e-03
1.814990000000000146e+04 -5.049887964077957522e-03
1.815320000000000073e+04 -5.054275190341532033e-03
1.815650000000000000e+04 -5.064811576510333188e-03
1.815979999999999927e+04 -5.068835480419458389e-03
1.816309999999999854e+04 -5.080314403427202939e-03
1.816640000000000146e+04 -5.096264811705515825e-03
1.816970000000000073e+04 -5.103836338049113491e-03
1.817300000000000000e+04 -5.115912175312727246e-03
1.817629999999999927e+04 -5.121007078270295096e-03
1.817959999999999854e+04 -5.123868185644750613e-03
1.818290000000000146e+04 -5.234749428526562672e-03
1.818620000000000073e+04 -5.284359689364036966e-03
1.818950000000000000e+04 -5.290716266940179158e-03
1.819279999999999927e+04 -5.296606188898575311e-03
1.819600000000000000e+04 -5.296753153750770327e-03
1.819929999999999927e+04 -5.309193234017222512e-03
1.820259999999999854e+04 -5.323343227845334091e-03
1.820590000000000146e+04 -5.331358755367475617e-03
1.820920000000000073e+04 -5.337101236656338968e-03
1.821250000000000000e+04 -5.346703647472782379e-03
1.821579999999999927e+04 -5.353354127562401886e-03
1.821909999999999854e+04 -5.362615648898456065e-03
1.822240000000000146e+04 -5.411493786238681658e-03
1.822570000000000073e+04 -5.468552212118244632e-03
1.822900000000000000e+04 -5.568570402898470779e-03
1.823229999999999927e+04 -5.664607134173304734e-03
1.823559999999999854e+04 -5.756174221695708852e-03
1.823890000000000146e+04 -5.796348373899385190e-03
1.824220000000000073e+04 -5.909589391261353859e-03
1.824550000000000000e+04 -6.034037338964842213e-03
1.824879999999999927e+04 -6.114806359891053998e-03
1.825209999999999854e+04 -6.138806314275762656e-03
1.825540000000000146e+04 -6.221187178819042457e-03
1.825859999999999854e+04 -6.326296577684200305e-03
1.826190000000000146e+04 -6.411594088470123215e-03
1.826520000000000073e+04 -6.502001924336765423e-03
1.826850000000000000e+04 -6.610740025652883829e-03
1.827179999999999927e+04 -6.752725127223501919e-03
1.827509999999999854e+04 -6.888479135236896637e-03
1.827840000000000146e+04 -7.036526371698277604e-03
1.828170000000000073e+04 -7.173878664975534558e-03
1.828500000000000000e+04 -7.295870936924473207e-03
1.828829999999999927e+04 -7.435509940199656713e-03
1.829159999999999854e+04 -7.549023001003941913e-03
1.829490000000000146e+04 -7.678092789931102377e-03
1.829820000000000073e+04 -7.784135027190102786e-03
1.830150000000000000e+04 -7.930586132743147956e-03
1.830479999999999927e+04 -8.044888560569085981e-03
1.830809999999999854e+04 -8.113954618146280301e-03
1.831140000000000146e+04 -8.166818671915024655e-03
1.831470000000000073e+04 -8.297439596175402651e-03
1.831800000000000000e+04 -8.351734101080879324e-03
1.832129999999999927e+04 -8.402786976557474405e-03
1.832450000000000000e+04 -8.466657050697984702e-03
1.832779999999999927e+04 -8.519918541644673146e-03
1.833109999999999854e+04 -8.580567399929647440e-03
1.833440000000000146e+04 -8.636454374332858119e-03
1.833770000000000073e+04 -8.684951659652849487e-03
1.834100000000000000e+04 -8.755981459490131194e-03
1.834429999999999927e+04 -8.819887432518531620e-03
1.834759999999999854e+04 -8.802917198661917159e-03
1.835090000000000146e+04 -8.845148491992185433e-03
1.835420000000000073e+04 -8.924088718049264304e-03
1.835750000000000000e+04 -9.022153400895809375e-03
1.836079999999999927e+04 -9.155688377063701811e-03
1.836409999999999854e+04 -9.296918790332165533e-03
1.836740000000000146e+04 -9.437623937519967060e-03
1.837070000000000073e+04 -9.539455272597835434e-03
1.837400000000000000e+04 -9.673948777882118016e-03
1.837729999999999927e+04 -9.739310868439928631e-03
1.838059999999999854e+04 -9.808666589891650023e-03
1.838390000000000146e+04 -9.907704115125471472e-03
1.838709999999999854e+04 -9.996302328926662262e-03
1.839040000000000146e+04 -1.005664638736966827e-02
1.839370000000000073e+04 -1.011576842976485112e-02
1.839700000000000000e+04 -1.015041964719643093e-02
1.840029999999999927e+04 -1.022014953425785105e-02
1.840359999999999854e+04 -1.031069227784948972e-02
1.840690000000000146e+04 -1.035932474346531497e-02
1.841020000000000073e+04 -1.031899971971646408e-02
1.841350000000000000e+04 -1.036242971749797882e-02
1.841679999999999927e+04 -1.044733138784828368e-02
1.842009999999999854e+04 -1.042761771493525697e-02
1.842340000000000146e+04 -1.042989052264107694e-02
1.842670000000000073e+04 -1.044753719435134384e-02
1.843000000000000000e+04 -1.046752292876503530e-02
1.843329999999999927e+04 -1.047609283228367015e-02
1.843659999999999854e+04 -1.045081005760020720e-02
1.843990000000000146e+04 -1.042107280581035418e-02
1.844320000000000073e+04 -1.039742250880800953e-02
1.844650000000000000e+04 -1.038171497683262195e-02
1.844979999999999927e+04 -1.037979100954089517e-02
1.845300000000000000e+04 -1.031028774371753158e-02
1.845629999999999927e+04 -1.025456817986313343e-02
1.845959999999999854e+04 -1.018367139374846617e-02
1.846290000000000146e+04 -1.014696032889949445e-02
1.846620000000000073e+04 -1.008600198700416485e-02
1.846950000000000000e+04 -1.000797200970529773e-02
1.847279999999999927e+04 -9.996890501083637720e-03
1.847609999999999854e+04 -9.964297489483625939e-03
1.847940000000000146e+04 -9.889802175485296054e-03
1.848270000000000073e+04 -9.892253328095720888e-03
1.848600000000000000e+04 -9.923795728426700047e-03
1.848929999999999927e+04 -9.924742163161567876e-03
1.849259999999999854e+04 -9.943661613961625803e-03
1.849590000000000146e+04 -9.964760608481419354e-03
1.849920000000000073e+04 -1.000231234164839812e-02
1.850250000000000000e+04 -1.004609113984200955e-02
1.850579999999999927e+04 -1.005423040876732461e-02
1.850909999999999854e+04 -1.006850638543390145e-02
1.851240000000000146e+04 -1.005015426827842416e-02
1.851570000000000073e+04 -9.992998370009468709e-03
1.851890000000000146e+04 -9.973489022725250813e-03
1.852220000000000073e+04 -9.946532943343447744e-03
1.852550000000000000e+04 -9.875981742025898014e-03
1.852879999999999927e+04 -9.796791740517401745e-03
1.853209999999999854e+04 -9.704748893437644200e-03
1.853540000000000146e+04 -9.667065301964582538e-03
1.853870000000000073e+04 -9.579562484888221388e-03
1.854200000000000000e+04 -9.547304778642250883e-03
1.854529999999999927e+04 -9.510814556219051100e-03
1.854859999999999854e+04 -9.441197539279886503e-03
1.855190000000000146e+04 -9.345078398725729235e-03
1.855520000000000073e+04 -9.259252678155737229e-03
1.855850000000000000e+04 -9.126681634161233278e-03
1.856179999999999927e+04 -8.997841675866626032e-03
1.856509999999999854e+04 -8.874697229114712413e-03
1.856840000000000146e+04 -8.774955458088795276e-03
1.857170000000000073e+04 -8.657171900570075074e-03
1.857500000000000000e+04 -8.600908822678903290e-03
1.857829999999999927e+04 -8.486247452193002375e-03
1.858150000000000000e+04 -8.390630843280641113e-03
1.858479999999999927e+04 -8.330050159340877600e-03
1.858809999999999854e+04 -8.221119655897890510e-03
1.859140000000000146e+04 -8.087927523411168537e-03
1.859470000000000073e+04 -7.975169188093770428e-03
1.859800000000000000e+04 -7.848694473902559365e-03
1.860129999999999927e+04 -7.714928136580695775e-03
1.860459999999999854e+04 -7.605438977072984108e-03
1.860790000000000146e+04 -7.462427380199345740e-03
1.861120000000000073e+04 -7.318765581903817312e-03
1.861450000000000000e+04 -7.166881473337974665e-03
1.861779999999999927e+04 -7.045328200433491860e-03
1.862109999999999854e+04 -6.906358406029575875e-03
1.862440000000000146e+04 -6.778617598835469729e-03
1.862770000000000073e+04 -6.602134217731257457e-03
1.863100000000000000e+04 -6.436443998628781256e-03
1.863429999999999927e+04 -6.287795900843830624e-03
1.863759999999999854e+04 -6.133128178398826805e-03
1.864090000000000146e+04 -5.984239535832958437e-03
1.864420000000000073e+04 -5.806652539441061085e-03
1.864740000000000146e+04 -5.633022087927303141e-03
1.865070000000000073e+04 -5.428956177294913532e-03
1.865400000000000000e+04 -5.235420989886083870e-03
1.865729999999999927e+04 -5.027971399999086807e-03
1.866059999999999854e+04 -4.789420326608048728e-03
1.866390000000000146e+04 -4.520364448152910421e-03
1.866720000000000073e+04 -4.232499244834536135e-03
1.867050000000000000e+04 -3.972619261635642121e-03
1.867379999999999927e+04 -3.707617042556735337e-03
1.867709999999999854e+04 -3.428989338056508043e-03
1.868040000000000146e+04 -3.161978491889578299e-03
1.868370000000000073e+04 -2.821110583167888482e-03
1.868700000000000000e+04 -2.479527114285166433e-03
1.869029999999999927e+04 -2.176185399613898147e-03
1.869359999999999854e+04 -1.798835491269750939e-03
1.869690000000000146e+04 -1.439713108246130826e-03
1.870020000000000073e+04 -1.148586275828124498e-03
1.870350000000000000e+04 -8.800358912679315682e-04
1.870679999999999927e+04 -5.438722874685767610e-04
1.871000000000000000e+04 -1.114824324324333006e-04
1.871329999999999927e+04 2.359859502078539401e-04
1.871659999999999854e+04 5.606422525901974324e-04
1.871990000000000146e+04 8.820907028288051165e-04
1.872320000000000073e+04 1.216190539516909903e-03
1.872650000000000000e+04 1.533271010378340661e-03
1.872979999999999927e+04 1.851340096025488055e-03
1.873309999999999854e+04 2.179990486168817583e-03
1.873640000000000146e+04 2.507319665791581630e-03
1.873970000000000073e+04 2.889773438205511802e-03
1.874300000000000000e+04 3.192917446527328111e-03
1.874629999999999927e+04 3.560259561319437625e-03
1.874959999999999854e+04 3.847059110650893725e-03
1.875290000000000146e+04 4.127458695630831231e-03
1.875620000000000073e+04 4.413322285327126414e-03
1.875950000000000000e+04 4.789648231401546011e-03
1.876279999999999927e+04 5.137886628181526256e-03
1.876609999999999854e+04 5.473535145533182586e-03
1.876940000000000146e+04 5.788907548883690489e-03
1.877270000000000073e+04 6.145396583211898064e-03
1.877590000000000146e+04 6.586563240183623998e-03
1.877920000000000073e+04 6.925293055073445704e-03
1.878250000000000000e+04 7.326276002699990027e-03
1.878579999999999927e+04 7.723686501680433747e-03
1.878909999999999854e+04 8.164031304298366432e-03
1.879240000000000146e+04 8.623181964243643860e-03
1.879570000000000073e+04 9.098717647923131036e-03
1.879900000000000000e+04 9.585526087727539238e-03
1.880229999999999927e+04 1.009565001916891067e-02
1.880559999999999854e+04 1.061934997826072431e-02
1.880890000000000146e+04 1.111921661700451987e-02
1.881220000000000073e+04 1.161717017533373149e-02
1.881550000000000000e+04 1.215866016059834707e-02
1.881879999999999927e+04 1.270160889889209582e-02
1.882209999999999854e+04 1.325626771284927133e-02
1.882540000000000146e+04 1.380839646806631543e-02
1.882870000000000073e+04 1.434031541581183046e-02
1.883200000000000000e+04 1.484722820447648139e-02
1.883529999999999927e+04 1.538202457468895203e-02
1.883859999999999854e+04 1.593198725291941273e-02
1.884179999999999927e+04 1.645666040082867029e-02
1.884509999999999854e+04 1.699583436710135759e-02
1.884840000000000146e+04 1.749867045438590132e-02
1.885170000000000073e+04 1.802508945800148504e-02
1.885500000000000000e+04 1.858036300446731792e-02
1.885829999999999927e+04 1.908749091580110024e-02
1.886159999999999854e+04 1.960194878781706951e-02
1.886490000000000146e+04 2.021652081713188470e-02
1.886820000000000073e+04 2.085097685094548098e-02
1.887150000000000000e+04 2.141772119341014621e-02
1.887479999999999927e+04 2.189234813230651541e-02
1.887809999999999854e+04 2.245336127722888028e-02
1.888140000000000146e+04 2.306711554583028637e-02
1.888470000000000073e+04 2.367117903656093536e-02
1.888800000000000000e+04 2.425596274851414200e-02
1.889129999999999927e+04 2.486109795362609690e-02
1.889459999999999854e+04 2.550303599907434784e-02
1.889790000000000146e+04 2.613795757829492569e-02
1.890120000000000073e+04 2.676360892976407252e-02
1.890440000000000146e+04 2.735008208113702197e-02
1.890770000000000073e+04 2.803855832928257852e-02
1.891100000000000000e+04 2.865526770454369238e-02
1.891429999999999927e+04 2.935003515307919170e-02
1.891759999999999854e+04 3.002302830222287194e-02
1.892090000000000146e+04 3.069677465164080341e-02
1.892420000000000073e+04 3.133044463854856715e-02
1.892750000000000000e+04 3.197340562496824717e-02
1.893079999999999927e+04 3.263333863844852800e-02
1.893409999999999854e+04 3.331415664752044453e-02
1.893740000000000146e+04 3.395454133694407461e-02
1.894070000000000073e+04 3.451072715591587542e-02
1.894400000000000000e+04 3.517220367646010232e-02
1.894729999999999927e+04 3.576234328508785809e-02
1.895059999999999854e+04 3.635448368195949576e-02
1.895390000000000146e+04 3.692865806093725833e-02
1.895720000000000073e+04 3.745402602104871276e-02
1.896050000000000000e+04 3.798829628897813782e-02
1.896379999999999927e+04 3.850029643303393839e-02
1.896709999999999854e+04 3.899442280337112737e-02
1.897029999999999927e+04 3.945388419882899650e-02
1.897359999999999854e+04 3.991930259333253267e-02
1.897690000000000146e+04 4.041194779667225956e-02
1.898020000000000073e+04 4.084149228670985732e-02
1.898350000000000000e+04 4.128318779003968542e-02
1.898679999999999927e+04 4.171161350155636743e-02
1.899009999999999854e+04 4.215086893451469585e-02
1.899340000000000146e+04 4.257407502339281835e-02
1.899670000000000073e+04 4.297418510177922896e-02
1.900000000000000000e+04 4.338644335115795364e-02
1.900329999999999927e+04 4.375469679579846449e-02
1.900659999999999854e+04 4.415929191472705434e-02
1.900990000000000146e+04 4.451623528747240821e-02
1.901320000000000073e+04 4.487198983315400513e-02
1.901650000000000000e+04 4.521680636662527009e-02
1.901979999999999927e+04 4.556864454656849028e-02
1.902309999999999854e+04 4.590876050373098732e-02
1.902640000000000146e+04 4.625296079965484503e-02
1.902970000000000073e+04 4.652709099801456000e-02
1.903290000000000146e+04 4.679066842458162734e-02
1.903620000000000073e+04 4.706951126107750821e-02
1.903950000000000000e+04 4.732469375792999061e-02
1.904279999999999927e+04 4.760754595384673188e-02
1.904609999999999854e+04 4.785550895531056476e-02
1.904940000000000146e+04 4.811568425459520487e-02
1.905270000000000073e+04 4.836253473602467740e-02
1.905600000000000000e+04 4.856529468947458350e-02
1.905929999999999927e+04 4.875616560054922555e-02
1.906259999999999854e+04 4.893063890947425137e-02
1.906590000000000146e+04 4.911503273707864409e-02
1.906920000000000073e+04 4.927587237430998413e-02
1.907250000000000000e+04 4.940400497899411630e-02
1.907579999999999927e+04 4.955701978327234358e-02
1.907909999999999854e+04 4.968972187317558659e-02
1.908240000000000146e+04 4.982729226030883918e-02
1.908570000000000073e+04 4.992040612982619197e-02
1.908900000000000000e+04 4.999361312728559104e-02
1.909229999999999927e+04 5.007100865963647757e-02
1.909559999999999854e+04 5.014698981883713991e-02
1.909879999999999927e+04 5.021833547332819891e-02
1.910209999999999854e+04 5.024461607402803259e-02
1.910540000000000146e+04 5.030101891131322223e-02
1.910870000000000073e+04 5.034345298496858967e-02
1.911200000000000000e+04 5.035039619922591220e-02
1.911529999999999927e+04 5.035083481566893226e-02
1.911859999999999854e+04 5.028868038916757544e-02
1.912190000000000146e+04 5.026920463143093321e-02
1.912520000000000073e+04 5.020111353498774714e-02
1.912850000000000000e+04 5.011112448519049883e-02
1.913179999999999927e+04 5.001476581998835769e-02
1.913509999999999854e+04 4.993685735088020106e-02
1.913840000000000146e+04 4.984726090888933620e-02
1.914170000000000073e+04 4.970761363990677112e-02
1.914500000000000000e+04 4.961710878166504524e-02
1.914829999999999927e+04 4.948445858586840440e-02
1.915159999999999854e+04 4.937657550644116572e-02
1.915490000000000146e+04 4.921660758305047845e-02
1.915820000000000073e+04 4.903971397468333965e-02
1.916140000000000146e+04 4.890823175989914007e-02
1.916470000000000073e+04 4.872892162827389961e-02
1.916800000000000000e+04 4.857681462667411826e-02
1.917129999999999927e+04 4.837890079352907824e-02
1.917459999999999854e+04 4.818890553116057102e-02
1.917790000000000146e+04 4.796443655644469506e-02
1.918120000000000073e+04 4.773711417680298608e-02
1.918450000000000000e+04 4.750414722884178237e-02
1.918779999999999927e+04 4.724579146343071273e-02
1.919109999999999854e+04 4.699429466869475824e-02
1.919440000000000146e+04 4.676817778506084378e-02
1.919770000000000073e+04 4.654085472036798010e-02
1.920100000000000000e+04 4.627773016179469179e-02
1.920429999999999927e+04 4.601428555625643180e-02
1.920759999999999854e+04 4.571976017899920253e-02
1.921090000000000146e+04 4.541185173830496885e-02
1.921420000000000073e+04 4.511081296180488587e-02
1.921750000000000000e+04 4.481072061967368569e-02
1.922079999999999927e+04 4.450451068511484393e-02
1.922409999999999854e+04 4.416470854634810955e-02
1.922729999999999927e+04 4.383800458339193878e-02
1.923059999999999854e+04 4.348645686283809930e-02
1.923390000000000146e+04 4.317251611083284396e-02
1.923720000000000073e+04 4.285071336741792802e-02
1.924050000000000000e+04 4.247445979130280713e-02
1.924379999999999927e+04 4.210967896426425633e-02
1.924709999999999854e+04 4.175949321136497583e-02
1.925040000000000146e+04 4.139912410475159871e-02
1.925370000000000073e+04 4.101677458662234682e-02
1.925700000000000000e+04 4.064480528641454399e-02
1.926029999999999927e+04 4.024291883578458989e-02
1.926359999999999854e+04 3.984380258468054464e-02
1.926690000000000146e+04 3.946293327325653411e-02
1.927020000000000073e+04 3.904044467164739796e-02
1.927350000000000000e+04 3.862693928350544037e-02
1.927679999999999927e+04 3.822773500187886392e-02
1.928009999999999854e+04 3.783004084604854600e-02
1.928340000000000146e+04 3.743400378225579528e-02
1.928670000000000073e+04 3.701173564445162101e-02
1.929000000000000000e+04 3.660230834615858797e-02
1.929320000000000073e+04 3.620217392633951620e-02
1.929650000000000000e+04 3.578694294769636797e-02
1.929979999999999927e+04 3.538855623804405132e-02
1.930309999999999854e+04 3.497382919355791764e-02
1.930640000000000146e+04 3.458092681047958417e-02
1.930970000000000073e+04 3.418725919908887495e-02
1.931300000000000000e+04 3.377154468230082751e-02
1.931629999999999927e+04 3.330847749374420824e-02
1.931959999999999854e+04 3.289391292154869584e-02
1.932290000000000146e+04 3.246922324937891180e-02
1.932620000000000073e+04 3.202170099694372218e-02
1.932950000000000000e+04 3.161012818649690942e-02
1.933279999999999927e+04 3.117566106782417371e-02
1.933609999999999854e+04 3.076004642249995438e-02
1.933940000000000146e+04 3.033167385704373456e-02
1.934270000000000073e+04 2.992342992759941186e-02
1.934600000000000000e+04 2.950778944024932612e-02
1.934929999999999927e+04 2.909150132032205238e-02
1.935259999999999854e+04 2.868439520254285197e-02
1.935579999999999927e+04 2.827849120925931409e-02
1.935909999999999854e+04 2.785428364602869980e-02
1.936240000000000146e+04 2.741916324704526259e-02
1.936570000000000073e+04 2.699512326481721958e-02
1.936900000000000000e+04 2.658424201767466480e-02
1.937229999999999927e+04 2.616892995442626768e-02
1.937559999999999854e+04 2.575795640882886164e-02
1.937890000000000146e+04 2.534257942960550097e-02
1.938220000000000073e+04 2.492738867083028192e-02
1.938550000000000000e+04 2.454401306816966430e-02
1.938879999999999927e+04 2.418322395958481114e-02
1.939209999999999854e+04 2.379466691037629422e-02
1.939540000000000146e+04 2.342058054606209472e-02
1.939870000000000073e+04 2.302155989287799076e-02
1.940200000000000000e+04 2.261369725303950112e-02
1.940529999999999927e+04 2.224300373344706080e-02
1.940859999999999854e+04 2.187473025168042498e-02
1.941190000000000146e+04 2.148414015658978507e-02
1.941520000000000073e+04 2.111355752247333004e-02
1.941850000000000000e+04 2.074225876496969823e-02
1.942170000000000073e+04 2.036685689003873631e-02
1.942500000000000000e+04 2.000861929045849585e-02
1.942829999999999927e+04 1.964304161857410164e-02
1.943159999999999854e+04 1.929322082830997251e-02
1.943490000000000146e+04 1.894023492768145273e-02
1.943820000000000073e+04 1.859053801693786451e-02
1.944150000000000000e+04 1.824034544433762728e-02
1.944479999999999927e+04 1.788479583099514617e-02
1.944809999999999854e+04 1.756411417592841639e-02
1.945140000000000146e+04 1.723511961629271838e-02
1.945470000000000073e+04 1.690946410309804651e-02
1.945800000000000000e+04 1.659942514304844907e-02
1.946129999999999927e+04 1.630177515583969630e-02
1.946459999999999854e+04 1.597213069476773398e-02
1.946790000000000146e+04 1.565133452510138884e-02
1.947120000000000073e+04 1.534746346558382192e-02
1.947450000000000000e+04 1.502693207641604863e-02
1.947779999999999927e+04 1.473949311673491101e-02
1.948109999999999854e+04 1.443909920101092877e-02
1.948429999999999927e+04 1.412135230381922867e-02
1.948759999999999854e+04 1.384806228064665128e-02
1.949090000000000146e+04 1.357464492010528045e-02
1.949420000000000073e+04 1.325819459049676005e-02
1.949750000000000000e+04 1.296670395838058279e-02
1.950079999999999927e+04 1.266580032307441234e-02
1.950409999999999854e+04 1.237476887391406911e-02
1.950740000000000146e+04 1.210250644811225636e-02
1.951070000000000073e+04 1.182722192201361364e-02
1.951400000000000000e+04 1.151750435907046739e-02
1.951729999999999927e+04 1.124054124243703198e-02
1.952059999999999854e+04 1.095875356125890383e-02
1.952390000000000146e+04 1.069786837226634722e-02
1.952720000000000073e+04 1.042435303239509087e-02
1.953050000000000000e+04 1.016443858703727256e-02
1.953379999999999927e+04 9.896388478372351166e-03
1.953709999999999854e+04 9.644409961194221059e-03
1.954040000000000146e+04 9.395741929465002348e-03
1.954370000000000073e+04 9.112450810891955383e-03
1.954700000000000000e+04 8.833345356897049500e-03
1.955020000000000073e+04 8.557616890193676246e-03
1.955350000000000000e+04 8.276940433960823865e-03
1.955679999999999927e+04 8.004677710840171420e-03
1.956009999999999854e+04 7.722114432623810448e-03
1.956340000000000146e+04 7.448968323681731847e-03
1.956670000000000073e+04 7.195209564142420432e-03
1.957000000000000000e+04 6.942828439831895578e-03
1.957329999999999927e+04 6.689601353784034934e-03
1.957659999999999854e+04 6.432006344914436083e-03
1.957990000000000146e+04 6.195574402367531354e-03
1.958320000000000073e+04 5.966575877717170649e-03
1.958650000000000000e+04 5.734004933731246846e-03
1.958979999999999927e+04 5.497798581509891376e-03
1.959309999999999854e+04 5.277757112220506433e-03
1.959640000000000146e+04 5.047721325145544842e-03
1.959970000000000073e+04 4.824784402887916969e-03
1.960300000000000000e+04 4.591552478478672962e-03
1.960629999999999927e+04 4.375498638725418277e-03
1.960959999999999854e+04 4.150096131089788150e-03
1.961290000000000146e+04 3.931604385995252256e-03
1.961609999999999854e+04 3.727081722037517593e-03
1.961940000000000146e+04 3.505578199185233491e-03
1.962270000000000073e+04 3.274957132669098579e-03
1.962600000000000000e+04 3.050788360351765812e-03
1.962929999999999927e+04 2.847774847819910596e-03
1.963259999999999854e+04 2.661027479741086537e-03
1.963590000000000146e+04 2.456329247922057601e-03
1.963920000000000073e+04 2.213616445256258360e-03
1.964250000000000000e+04 2.001800426102658126e-03
1.964579999999999927e+04 1.798220798486521157e-03
1.964909999999999854e+04 1.605378950361215041e-03
1.965240000000000146e+04 1.380403749831375692e-03
1.965570000000000073e+04 1.172010428930234886e-03
1.965900000000000000e+04 9.947596458248090037e-04
1.966229999999999927e+04 8.107187319642375793e-04
1.966559999999999854e+04 6.220530745145549153e-04
1.966890000000000146e+04 4.274895724552873013e-04
1.967220000000000073e+04 2.329329733385647071e-04
1.967550000000000000e+04 4.237735288187322220e-05
1.967870000000000073e+04 -1.143134214748819743e-04
1.968200000000000000e+04 -2.713717041337427010e-04
1.968529999999999927e+04 -4.343220223226126778e-04
1.968859999999999854e+04 -5.884327250422890718e-04
1.969190000000000146e+04 -7.350858872208741474e-04
1.969520000000000073e+04 -9.100132644346574286e-04
1.969850000000000000e+04 -1.055838964023933946e-03
1.970179999999999927e+04 -1.200092624043350674e-03
1.970509999999999854e+04 -1.345191531940190385e-03
1.970840000000000146e+04 -1.482614336617596148e-03
1.971170000000000073e+04 -1.629132504388388194e-03
1.971500000000000000e+04 -1.784163236825951062e-03
1.971829999999999927e+04 -1.928263721087234784e-03
1.972159999999999854e+04 -2.020640919805773844e-03
1.972490000000000146e+04 -2.117847947298919387e-03
1.972820000000000073e+04 -2.248247372959028770e-03
1.973150000000000000e+04 -2.375918905928162649e-03
1.973479999999999927e+04 -2.504137424641067131e-03
1.973809999999999854e+04 -2.637739239573111839e-03
1.974140000000000146e+04 -2.754850658550958651e-03
1.974459999999999854e+04 -2.886606460643832434e-03
1.974790000000000146e+04 -3.000420527618837246e-03
1.975120000000000073e+04 -3.113000284338617637e-03
1.975450000000000000e+04 -3.199241176570035306e-03
1.975779999999999927e+04 -3.291588430880566709e-03
1.976109999999999854e+04 -3.387092488329053377e-03
1.976440000000000146e+04 -3.475420703335842590e-03
1.976770000000000073e+04 -3.569467855863208208e-03
1.977100000000000000e+04 -3.693757721100982949e-03
1.977429999999999927e+04 -3.798830821042024301e-03
1.977759999999999854e+04 -3.926571329296348230e-03
1.978090000000000146e+04 -4.057144061922384262e-03
1.978420000000000073e+04 -4.172259447438019138e-03
1.978750000000000000e+04 -4.243291997791437745e-03
1.979079999999999927e+04 -4.357191492708262053e-03
1.979409999999999854e+04 -4.456406789697470172e-03
1.979740000000000146e+04 -4.534909268831781651e-03
1.980070000000000073e+04 -4.651125833200624692e-03
1.980400000000000000e+04 -4.743122361723891081e-03
1.980720000000000073e+04 -4.827520653604921996e-03
1.981050000000000000e+04 -4.878139093902523864e-03
1.981379999999999927e+04 -4.948791376504458814e-03
1.981709999999999854e+04 -5.039528107394281552e-03
1.982040000000000146e+04 -5.097856315249098963e-03
1.982370000000000073e+04 -5.162359273120204449e-03
1.982700000000000000e+04 -5.248629153532200289e-03
1.983029999999999927e+04 -5.285554371743817620e-03
1.983359999999999854e+04 -5.306493446182809250e-03
1.983690000000000146e+04 -5.351129168175209477e-03
1.984020000000000073e+04 -5.375025388349231534e-03
1.984350000000000000e+04 -5.418720586585325585e-03
1.984679999999999927e+04 -5.483379129984877060e-03
1.985009999999999854e+04 -5.547112950025596262e-03
1.985340000000000146e+04 -5.604810236641891846e-03
1.985670000000000073e+04 -5.673265895910654076e-03
1.986000000000000000e+04 -5.716566459721933446e-03
1.986329999999999927e+04 -5.798774596576761545e-03
1.986659999999999854e+04 -5.873291082252839190e-03
1.986990000000000146e+04 -5.937537643562650763e-03
1.987309999999999854e+04 -5.973697717112323551e-03
1.987640000000000146e+04 -5.996622226116338390e-03
1.987970000000000073e+04 -6.047865198578356374e-03
1.988300000000000000e+04 -6.061680045912309391e-03
1.988629999999999927e+04 -6.168061830070190391e-03
1.988959999999999854e+04 -6.247786896243901975e-03
1.989290000000000146e+04 -6.298138624940837794e-03
1.989620000000000073e+04 -6.319846303268483734e-03
1.989950000000000000e+04 -6.339010402836505430e-03
1.990279999999999927e+04 -6.345341494822148536e-03
1.990609999999999854e+04 -6.366580950253775996e-03
1.990940000000000146e+04 -6.398000090623250265e-03
1.991270000000000073e+04 -6.479437086716480568e-03
1.991600000000000000e+04 -6.503814633587365855e-03
1.991929999999999927e+04 -6.547828004741450617e-03
1.992259999999999854e+04 -6.597270921271929101e-03
1.992590000000000146e+04 -6.636637587342748140e-03
