1.716800000000000000e+04 4.829773639360745757e-04
1.717129999999999927e+04 4.939585802837969958e-04
1.717459999999999854e+04 4.901339936735963319e-04
1.717790000000000146e+04 4.875610506161304441e-04
1.718120000000000073e+04 4.961732601162661266e-04
1.718450000000000000e+04 4.823496290079554486e-04
1.718779999999999927e+04 4.913927493908800802e-04
1.719109999999999854e+04 4.875411924148499764e-04
1.719440000000000146e+04 4.790615846818298339e-04
1.719770000000000073e+04 4.754124299996042094e-04
1.720100000000000000e+04 4.822342584456255823e-04
1.720429999999999927e+04 4.898541263895567687e-04
1.720759999999999854e+04 4.855734660996686753e-04
1.721090000000000146e+04 4.918647783113622510e-04
1.721420000000000073e+04 4.837378166585837281e-04
1.721750000000000000e+04 4.953310375495946234e-04
1.722079999999999927e+04 5.040722732082824351e-04
1.722409999999999854e+04 5.075006694441808923e-04
1.722729999999999927e+04 5.125375321927585874e-04
1.723059999999999854e+04 5.109502313246768943e-04
1.723390000000000146e+04 5.145543888434074174e-04
1.723720000000000073e+04 5.228850922146941653e-04
1.724050000000000000e+04 5.386029433568829570e-04
1.724379999999999927e+04 5.431269025137934123e-04
1.724709999999999854e+04 5.488142351565655601e-04
1.725040000000000146e+04 5.447166903234239603e-04
1.725370000000000073e+04 5.481795338718510081e-04
1.725700000000000000e+04 5.477086083075530330e-04
1.726029999999999927e+04 5.418754041922520812e-04
1.726359999999999854e+04 5.375398632206548595e-04
1.726690000000000146e+04 5.446509261309335917e-04
1.727020000000000073e+04 5.430533560769098666e-04
1.727350000000000000e+04 5.461784174026418836e-04
1.727679999999999927e+04 5.554702440651188835e-04
1.728009999999999854e+04 5.596260617514694146e-04
1.728340000000000146e+04 5.755814563880937975e-04
1.728670000000000073e+04 5.863758532921513290e-04
1.729000000000000000e+04 5.999331307849113063e-04
1.729320000000000073e+04 6.126079778371214257e-04
1.729650000000000000e+04 6.227773850274489738e-04
1.729979999999999927e+04 6.319486214041554690e-04
1.730309999999999854e+04 6.413344164641548517e-04
1.730640000000000146e+04 6.416356213791602489e-04
1.730970000000000073e+04 6.516463555959920795e-04
1.731300000000000000e+04 6.530681395058542723e-04
1.731629999999999927e+04 6.594836900275675160e-04
1.731959999999999854e+04 6.724088372414561672e-04
1.732290000000000146e+04 6.805961634490529039e-04
1.732620000000000073e+04 6.825201321493375248e-04
1.732950000000000000e+04 6.808060063330507831e-04
1.733279999999999927e+04 6.769871994230497849e-04
1.733609999999999854e+04 6.700850392999191732e-04
1.733940000000000146e+04 6.667810020446445895e-04
1.734270000000000073e+04 6.714728754802059066e-04
1.734600000000000000e+04 6.736723606675204231e-04
1.734929999999999927e+04 6.735262928594745475e-04
1.735259999999999854e+04 6.683970014877428081e-04
1.735579999999999927e+04 6.744702787378655104e-04
1.735909999999999854e+04 6.784854887784785675e-04
1.736240000000000146e+04 6.821804053149830779e-04
1.736570000000000073e+04 6.795627174959639923e-04
1.736900000000000000e+04 6.824663186973328006e-04
1.737229999999999927e+04 6.758056496578085858e-04
1.737559999999999854e+04 6.664502327987303432e-04
1.737890000000000146e+04 6.693616387086600075e-04
1.738220000000000073e+04 6.632950912298686552e-04
1.738550000000000000e+04 6.645856936930449356e-04
1.738879999999999927e+04 6.661545415366566282e-04
1.739209999999999854e+04 6.757080565634799359e-04
1.739540000000000146e+04 6.909905534134987799e-04
1.739870000000000073e+04 6.966905367023608570e-04
1.740200000000000000e+04 6.939259447759465712e-04
1.740529999999999927e+04 6.913496227438051559e-04
1.740859999999999854e+04 6.923975366722417805e-04
1.741190000000000146e+04 6.951620975695051380e-04
1.741520000000000073e+04 6.973237852474968189e-04
1.741850000000000000e+04 6.974053151011148054e-04
1.742170000000000073e+04 7.015573113289419070e-04
1.742500000000000000e+04 7.025436707253206875e-04
1.742829999999999927e+04 7.061148226322151505e-04
1.743159999999999854e+04 7.057436015111513217e-04
1.743490000000000146e+04 7.069969668000526588e-04
1.743820000000000073e+04 7.050251750178618227e-04
1.744150000000000000e+04 6.978606347594048858e-04
1.744479999999999927e+04 6.992526764523092396e-04
1.744809999999999854e+04 6.973918190814676950e-04
1.745140000000000146e+04 6.975414477937946474e-04
1.745470000000000073e+04 6.948504201787577845e-04
1.745800000000000000e+04 6.950216500153577137e-04
1.746129999999999927e+04 6.830362672372582936e-04
1.746459999999999854e+04 6.818147178211782450e-04
1.746790000000000146e+04 6.802795834538828603e-04
1.747120000000000073e+04 6.893011320010174496e-04
1.747450000000000000e+04 6.832919154099706318e-04
1.747779999999999927e+04 6.915170025256253249e-04
1.748109999999999854e+04 6.986098724885256468e-04
1.748429999999999927e+04 6.955309378349623347e-04
1.748759999999999854e+04 6.913535578273552907e-04
1.749090000000000146e+04 6.923257859954965896e-04
1.749420000000000073e+04 6.911344546469316884e-04
1.749750000000000000e+04 6.959424363273270919e-04
1.750079999999999927e+04 6.998111751085273405e-04
1.750409999999999854e+04 7.041996802241357782e-04
1.750740000000000146e+04 7.038658527241382868e-04
1.751070000000000073e+04 7.084382827665381939e-04
1.751400000000000000e+04 7.143765841358395985e-04
1.751729999999999927e+04 7.254927475431505353e-04
1.752059999999999854e+04 7.201716255513068536e-04
1.752390000000000146e+04 7.229375583762818374e-04
1.752720000000000073e+04 7.221096817286349907e-04
1.753050000000000000e+04 7.296684016799107357e-04
1.753379999999999927e+04 7.375378625842947053e-04
1.753709999999999854e+04 7.422928380928108362e-04
1.754040000000000146e+04 7.399093020799415391e-04
1.754370000000000073e+04 7.432659727342184842e-04
1.754700000000000000e+04 7.461733654891366087e-04
1.755020000000000073e+04 7.514299183490342603e-04
1.755350000000000000e+04 7.524248285373276316e-04
1.755679999999999927e+04 7.449311827981906471e-04
1.756009999999999854e+04 7.265059374057734583e-04
1.756340000000000146e+04 7.244567729766072592e-04
1.756670000000000073e+04 7.258984041861168621e-04
1.757000000000000000e+04 7.294971406120112504e-04
1.757329999999999927e+04 7.269963557495556176e-04
1.757659999999999854e+04 7.344798704698907339e-04
1.757990000000000146e+04 7.346547203562348981e-04
1.758320000000000073e+04 7.417616184937946607e-04
1.758650000000000000e+04 7.467465526447983684e-04
1.758979999999999927e+04 7.544244595524240678e-04
1.759309999999999854e+04 7.566839834831820110e-04
1.759640000000000146e+04 7.625478982152891771e-04
1.759970000000000073e+04 7.661362142781651422e-04
1.760300000000000000e+04 7.645074033008039845e-04
1.760629999999999927e+04 7.740704320383312922e-04
1.760959999999999854e+04 7.771105526005102912e-04
1.761290000000000146e+04 7.788903691142979018e-04
1.761609999999999854e+04 7.826769675135298492e-04
1.761940000000000146e+04 7.801859428163982748e-04
1.762270000000000073e+04 7.818927981705962003e-04
1.762600000000000000e+04 7.939016134015748280e-04
1.762929999999999927e+04 7.948056037137090062e-04
1.763259999999999854e+04 7.977745283433697147e-04
1.763590000000000146e+04 7.934830382166818729e-04
1.763920000000000073e+04 7.920392048358356005e-04
1.764250000000000000e+04 7.915803258238391076e-04
1.764579999999999927e+04 7.877556539154277832e-04
1.764909999999999854e+04 7.924989847139147798e-04
1.765240000000000146e+04 7.966851215478347242e-04
1.765570000000000073e+04 8.040585469364268855e-04
1.765900000000000000e+04 8.070937568252743721e-04
1.766229999999999927e+04 8.100521944338387285e-04
1.766559999999999854e+04 8.123797972590774503e-04
1.766890000000000146e+04 8.183145342367055455e-04
1.767220000000000073e+04 8.258437505074085402e-04
1.767550000000000000e+04 8.241109393855802507e-04
1.767870000000000073e+04 8.249438544582668020e-04
1.768200000000000000e+04 8.235162292069278999e-04
1.768529999999999927e+04 8.324239418916921322e-04
1.768859999999999854e+04 8.338616484995476589e-04
1.769190000000000146e+04 8.350233725267553787e-04
1.769520000000000073e+04 8.297357275371455019e-04
1.769850000000000000e+04 8.270857384238891738e-04
1.770179999999999927e+04 8.366578248962039518e-04
1.770509999999999854e+04 8.479451790422424173e-04
1.770840000000000146e+04 8.576569082089179454e-04
1.771170000000000073e+04 8.631177445645607732e-04
1.771500000000000000e+04 8.596231657408753488e-04
1.771829999999999927e+04 8.580707379552888385e-04
1.772159999999999854e+04 8.612651473488324100e-04
1.772490000000000146e+04 8.737790398172290331e-04
1.772820000000000073e+04 8.763979340011867269e-04
1.773150000000000000e+04 8.833768405193923208e-04
1.773479999999999927e+04 8.877601363489403012e-04
1.773809999999999854e+04 8.902405695013851112e-04
1.774140000000000146e+04 8.879011622711289022e-04
1.774459999999999854e+04 8.983387190828089671e-04
1.774790000000000146e+04 8.941870505307836139e-04
1.775120000000000073e+04 8.924088104637988537e-04
1.775450000000000000e+04 8.886535746523404602e-04
1.775779999999999927e+04 8.907085009536927370e-04
1.776109999999999854e+04 8.931457748829336714e-04
1.776440000000000146e+04 8.982500326696076474e-04
1.776770000000000073e+04 9.057053501676432840e-04
1.777100000000000000e+04 9.076291850812187633e-04
1.777429999999999927e+04 9.128551308237566270e-04
1.777759999999999854e+04 9.169054277287778292e-04
1.778090000000000146e+04 9.237860449841889081e-04
1.778420000000000073e+04 9.301688425003048610e-04
1.778750000000000000e+04 9.395995880786997241e-04
1.779079999999999927e+04 9.398129306740802755e-04
1.779409999999999854e+04 9.479115911873645366e-04
1.779740000000000146e+04 9.579931360910664499e-04
1.780070000000000073e+04 9.696108889930769425e-04
1.780400000000000000e+04 9.834618909594630351e-04
1.780720000000000073e+04 9.868622847719278526e-04
1.781050000000000000e+04 9.972989700475299105e-04
1.781379999999999927e+04 1.009606626847129023e-03
1.781709999999999854e+04 1.012697223490003316e-03
1.782040000000000146e+04 1.016981935536142830e-03
1.782370000000000073e+04 1.023538771166479467e-03
1.782700000000000000e+04 1.029848116823097511e-03
1.783029999999999927e+04 1.033404081325575751e-03
1.783359999999999854e+04 1.041005497175807480e-03
1.783690000000000146e+04 1.046105660976007082e-03
1.784020000000000073e+04 1.045188114644149922e-03
1.784350000000000000e+04 1.047934046626516815e-03
1.784679999999999927e+04 1.054560634839357474e-03
1.785009999999999854e+04 1.054934832868889083e-03
1.785340000000000146e+04 1.060831975457826419e-03
1.785670000000000073e+04 1.065516214493227726e-03
1.786000000000000000e+04 1.077065903848389026e-03
1.786329999999999927e+04 1.083125689299318899e-03
1.786659999999999854e+04 1.083105985572193957e-03
1.786990000000000146e+04 1.083317926612729996e-03
1.787309999999999854e+04 1.089846634491392369e-03
1.787640000000000146e+04 1.092840828077216910e-03
1.787970000000000073e+04 1.103070143798404873e-03
1.788300000000000000e+04 1.113900573514227561e-03
1.788629999999999927e+04 1.120940088960287878e-03
1.788959999999999854e+04 1.131384670338614297e-03
1.789290000000000146e+04 1.142008792714403146e-03
1.789620000000000073e+04 1.140990051381840552e-03
1.789950000000000000e+04 1.150051961082556879e-03
1.790279999999999927e+04 1.155758439224828169e-03
1.790609999999999854e+04 1.160943457221614086e-03
1.790940000000000146e+04 1.164141090579705025e-03
1.791270000000000073e+04 1.165645400486648711e-03
1.791600000000000000e+04 1.173533496053278790e-03
1.791929999999999927e+04 1.181168815030498621e-03
1.792259999999999854e+04 1.187508782915876757e-03
1.792590000000000146e+04 1.185641176059020960e-03
1.792920000000000073e+04 1.187799545975597431e-03
1.793250000000000000e+04 1.191224172589915508e-03
1.793570000000000073e+04 1.201146181113312223e-03
1.793900000000000000e+04 1.204861762849143442e-03
1.794229999999999927e+04 1.212017654431459240e-03
1.794559999999999854e+04 1.223465529855285701e-03
1.794890000000000146e+04 1.232656179850221898e-03
1.795220000000000073e+04 1.235453765928058245e-03
1.795550000000000000e+04 1.247260816038256752e-03
1.795879999999999927e+04 1.248971461792843310e-03
1.796209999999999854e+04 1.256669405242413599e-03
1.796540000000000146e+04 1.261362589728704702e-03
1.796870000000000073e+04 1.267306024535042562e-03
1.797200000000000000e+04 1.274197809539041404e-03
1.797529999999999927e+04 1.280786227438646813e-03
1.797859999999999854e+04 1.288975242876375408e-03
1.798190000000000146e+04 1.301193514964308793e-03
1.798520000000000073e+04 1.302788655386925539e-03
1.798850000000000000e+04 1.311643799889294047e-03
1.799179999999999927e+04 1.319743478456322262e-03
1.799509999999999854e+04 1.328248023583862699e-03
1.799840000000000146e+04 1.329337885548030184e-03
1.800159999999999854e+04 1.329305266538877801e-03
1.800490000000000146e+04 1.340025165884685225e-03
1.800820000000000073e+04 1.347555600514263596e-03
1.801150000000000000e+04 1.348496156141148431e-03
1.801479999999999927e+04 1.356781190306890301e-03
1.801809999999999854e+04 1.362562768923738154e-03
1.802140000000000146e+04 1.375889785063727066e-03
1.802470000000000073e+04 1.366427794631524563e-03
1.802800000000000000e+04 1.370560209818904923e-03
1.803129999999999927e+04 1.379468288638575294e-03
1.803459999999999854e+04 1.384288478307060203e-03
1.803790000000000146e+04 1.378410555269427929e-03
1.804120000000000073e+04 1.381776086257444254e-03
1.804450000000000000e+04 1.386067039772519421e-03
1.804779999999999927e+04 1.392218691747409542e-03
1.805109999999999854e+04 1.397583313467379859e-03
1.805440000000000146e+04 1.409095222826815125e-03
1.805770000000000073e+04 1.402524097387097563e-03
1.806100000000000000e+04 1.407524237555389697e-03
1.806429999999999927e+04 1.408296824791062775e-03
1.806750000000000000e+04 1.408637516598292699e-03
1.807079999999999927e+04 1.413713076300074150e-03
1.807409999999999854e+04 1.417066125913910186e-03
1.807740000000000146e+04 1.413842834742947080e-03
1.808070000000000073e+04 1.421853875705305628e-03
1.808400000000000000e+04 1.425626565194364767e-03
1.808729999999999927e+04 1.429592920556840103e-03
1.809059999999999854e+04 1.430694171741702606e-03
1.809390000000000146e+04 1.436406049039965546e-03
1.809720000000000073e+04 1.439434030365187214e-03
1.810050000000000000e+04 1.444215876684542448e-03
1.810379999999999927e+04 1.444354081790796048e-03
1.810709999999999854e+04 1.440126547290440521e-03
1.811040000000000146e+04 1.422580366017832691e-03
1.811370000000000073e+04 1.414258891629575996e-03
1.811700000000000000e+04 1.413867683452529238e-03
1.812029999999999927e+04 1.408956229187984183e-03
1.812359999999999854e+04 1.414763776268979307e-03
1.812690000000000146e+04 1.416599769216646265e-03
1.813009999999999854e+04 1.417385518139542078e-03
1.813340000000000146e+04 1.420540206139075945e-03
1.813670000000000073e+04 1.416572459585449181e-03
1.814000000000000000e+04 1.409398729178093198e-03
1.814329999999999927e+04 1.401378397495709090e-03
1.814659999999999854e+04 1.394089590473853455e-03
1.814990000000000146e+04 1.388787718175183870e-03
1.815320000000000073e+04 1.381780358738222709e-03
1.815650000000000000e+04 1.370323009270387306e-03
1.815979999999999927e+04 1.362827751536186197e-03
1.816309999999999854e+04 1.356479692992447993e-03
1.816640000000000146e+04 1.362079614268145228e-03
1.816970000000000073e+04 1.361555835741950875e-03
1.817300000000000000e+04 1.363460295218692957e-03
1.817629999999999927e+04 1.366678122040596672e-03
1.817959999999999854e+04 1.365326397253468008e-03
1.818290000000000146e+04 1.380408304727860852e-03
1.818620000000000073e+04 1.379729961198202307e-03
1.818950000000000000e+04 1.393916136670582005e-03
1.819279999999999927e+04 1.390041214148257783e-03
1.819600000000000000e+04 1.390827205570455052e-03
1.819929999999999927e+04 1.392040212368097704e-03
1.820259999999999854e+04 1.399800545590581700e-03
1.820590000000000146e+04 1.400669376307907363e-03
1.820920000000000073e+04 1.399554244094098569e-03
1.821250000000000000e+04 1.398391433974565182e-03
1.821579999999999927e+04 1.392119411999631932e-03
1.821909999999999854e+04 1.386025514425013802e-03
1.822240000000000146e+04 1.397333626114746806e-03
1.822570000000000073e+04 1.400217133024562761e-03
1.822900000000000000e+04 1.411992044210987236e-03
1.823229999999999927e+04 1.431090750716226693e-03
1.823559999999999854e+04 1.434860494187683005e-03
1.823890000000000146e+04 1.437687838786415751e-03
1.824220000000000073e+04 1.462886061488214958e-03
1.824550000000000000e+04 1.479759819261427340e-03
1.824879999999999927e+04 1.502238232043696681e-03
1.825209999999999854e+04 1.504775754669439866e-03
1.825540000000000146e+04 1.525193663142146222e-03
1.825859999999999854e+04 1.529561228754452258e-03
1.826190000000000146e+04 1.546082863812081815e-03
1.826520000000000073e+04 1.558837892762056539e-03
1.826850000000000000e+04 1.579255360578114787e-03
1.827179999999999927e+04 1.599458941902874489e-03
1.827509999999999854e+04 1.630424190403596428e-03
1.827840000000000146e+04 1.653534898493995041e-03
1.828170000000000073e+04 1.678955156478133389e-03
1.828500000000000000e+04 1.702492098048811152e-03
1.828829999999999927e+04 1.721786852200585163e-03
1.829159999999999854e+04 1.736753973584436112e-03
1.829490000000000146e+04 1.760083335094214923e-03
1.829820000000000073e+04 1.782994312275693570e-03
1.830150000000000000e+04 1.809558723376594042e-03
1.830479999999999927e+04 1.835112766729500708e-03
1.830809999999999854e+04 1.873670007691481589e-03
1.831140000000000146e+04 1.901889307718629364e-03
1.831470000000000073e+04 1.935634794420325626e-03
1.831800000000000000e+04 1.973950877870471986e-03
1.832129999999999927e+04 2.019226950215517648e-03
1.832450000000000000e+04 2.055488731616322059e-03
1.832779999999999927e+04 2.088703290496248498e-03
1.833109999999999854e+04 2.138999613915269684e-03
1.833440000000000146e+04 2.177732865768189276e-03
1.833770000000000073e+04 2.212809715915674876e-03
1.834100000000000000e+04 2.268679254541334633e-03
1.834429999999999927e+04 2.292028948880208555e-03
1.834759999999999854e+04 2.326308678106031851e-03
1.835090000000000146e+04 2.369326322258111846e-03
1.835420000000000073e+04 2.412510659456042813e-03
1.835750000000000000e+04 2.458499773894559388e-03
1.836079999999999927e+04 2.495701605518513277e-03
1.836409999999999854e+04 2.534360117297182642e-03
1.836740000000000146e+04 2.559405670903084230e-03
1.837070000000000073e+04 2.608198947340413954e-03
1.837400000000000000e+04 2.651891376420436892e-03
1.837729999999999927e+04 2.705828601484852776e-03
1.838059999999999854e+04 2.756175900518112801e-03
1.838390000000000146e+04 2.813469658259296329e-03
1.838709999999999854e+04 2.855076920970350558e-03
1.839040000000000146e+04 2.915498945649481338e-03
1.839370000000000073e+04 2.938364414562830845e-03
1.839700000000000000e+04 2.977792665509067932e-03
1.840029999999999927e+04 3.016935120361950544e-03
1.840359999999999854e+04 3.074493604339565561e-03
1.840690000000000146e+04 3.119070181485215140e-03
1.841020000000000073e+04 3.162091870763719930e-03
1.841350000000000000e+04 3.198075880591890515e-03
1.841679999999999927e+04 3.254598193874698887e-03
1.842009999999999854e+04 3.295388081110538648e-03
1.842340000000000146e+04 3.357098602631202952e-03
1.842670000000000073e+04 3.407538012309163991e-03
1.843000000000000000e+04 3.455428899113996335e-03
1.843329999999999927e+04 3.495101481536751903e-03
1.843659999999999854e+04 3.554571575653839126e-03
1.843990000000000146e+04 3.610523837020521935e-03
1.844320000000000073e+04 3.672852697752731783e-03
1.844650000000000000e+04 3.721794261159950927e-03
1.844979999999999927e+04 3.768381542069713670e-03
1.845300000000000000e+04 3.818269620935797141e-03
1.845629999999999927e+04 3.869985184757824322e-03
1.845959999999999854e+04 3.890478724619564170e-03
1.846290000000000146e+04 3.946039306074579020e-03
1.846620000000000073e+04 3.943762482692321839e-03
1.846950000000000000e+04 3.978996691026249512e-03
1.847279999999999927e+04 4.004424101382651757e-03
1.847609999999999854e+04 4.018682340538223471e-03
1.847940000000000146e+04 4.026104869351198635e-03
1.848270000000000073e+04 4.020573297458212951e-03
1.848600000000000000e+04 4.011787734375526701e-03
1.848929999999999927e+04 4.017101690384857274e-03
1.849259999999999854e+04 4.029851610662340232e-03
1.849590000000000146e+04 4.017203664611874656e-03
1.849920000000000073e+04 4.042540054768818669e-03
1.850250000000000000e+04 4.076447465985930801e-03
1.850579999999999927e+04 4.107575446932006623e-03
1.850909999999999854e+04 4.168980949769978024e-03
1.851240000000000146e+04 4.164069393185143575e-03
1.851570000000000073e+04 4.151211700307642742e-03
1.851890000000000146e+04 4.152006368693932775e-03
1.852220000000000073e+04 4.175924053277347940e-03
1.852550000000000000e+04 4.215913530829428109e-03
1.852879999999999927e+04 4.263329600522541146e-03
1.853209999999999854e+04 4.314496252267676496e-03
1.853540000000000146e+04 4.354348147875963283e-03
1.853870000000000073e+04 4.411811997160628232e-03
1.854200000000000000e+04 4.458147269562440923e-03
1.854529999999999927e+04 4.519937526343926690e-03
1.854859999999999854e+04 4.532025415200067325e-03
1.855190000000000146e+04 4.587424030801841648e-03
1.855520000000000073e+04 4.639834580764206490e-03
1.855850000000000000e+04 4.710510192422025580e-03
1.856179999999999927e+04 4.775303471517105582e-03
1.856509999999999854e+04 4.824775875913784977e-03
1.856840000000000146e+04 4.882691169970540881e-03
1.857170000000000073e+04 4.912740384415141721e-03
1.857500000000000000e+04 4.945700247354058166e-03
1.857829999999999927e+04 5.019857190651224807e-03
1.858150000000000000e+04 5.052602345383046603e-03
1.858479999999999927e+04 5.095658197926810663e-03
1.858809999999999854e+04 5.125948330828986564e-03
1.859140000000000146e+04 5.171016331952164174e-03
1.859470000000000073e+04 5.220194147177030161e-03
1.859800000000000000e+04 5.268634954657428100e-03
1.860129999999999927e+04 5.293770588992777887e-03
1.860459999999999854e+04 5.342510658446224595e-03
1.860790000000000146e+04 5.384093580749006562e-03
1.861120000000000073e+04 5.471081260496223585e-03
1.861450000000000000e+04 5.585558222567151357e-03
1.861779999999999927e+04 5.642950068812661174e-03
1.862109999999999854e+04 5.683733871251900327e-03
1.862440000000000146e+04 5.768106120976443547e-03
1.862770000000000073e+04 5.820641050594915940e-03
1.863100000000000000e+04 5.961746168748120918e-03
1.863429999999999927e+04 6.040373384646432683e-03
1.863759999999999854e+04 6.113391250899906891e-03
1.864090000000000146e+04 6.226510161744153865e-03
1.864420000000000073e+04 6.413985316379717215e-03
1.864740000000000146e+04 6.546393397225960635e-03
1.865070000000000073e+04 6.670047538286824965e-03
1.865400000000000000e+04 6.817655659333907506e-03
1.865729999999999927e+04 6.953819784198442266e-03
1.866059999999999854e+04 7.094077946811396494e-03
1.866390000000000146e+04 7.211293758967608943e-03
1.866720000000000073e+04 7.311739824970122856e-03
1.867050000000000000e+04 7.401731354032760508e-03
1.867379999999999927e+04 7.498634425184812387e-03
1.867709999999999854e+04 7.653249592180007277e-03
1.868040000000000146e+04 7.849656239817108874e-03
1.868370000000000073e+04 8.102776817382813246e-03
1.868700000000000000e+04 8.359226219982559061e-03
1.869029999999999927e+04 8.568912551024316163e-03
1.869359999999999854e+04 8.862260603213449953e-03
1.869690000000000146e+04 9.123114692839003059e-03
1.870020000000000073e+04 9.218784941199207814e-03
1.870350000000000000e+04 9.300436147362626041e-03
1.870679999999999927e+04 9.499523963121297293e-03
1.871000000000000000e+04 9.800039111025468305e-03
1.871329999999999927e+04 1.000171636158905634e-02
1.871659999999999854e+04 1.012751055648233693e-02
1.871990000000000146e+04 1.028552260942876100e-02
1.872320000000000073e+04 1.041641856418909322e-02
1.872650000000000000e+04 1.059153672896342643e-02
1.872979999999999927e+04 1.071040959506332213e-02
1.873309999999999854e+04 1.084024837180836039e-02
1.873640000000000146e+04 1.099310228134780035e-02
1.873970000000000073e+04 1.118255578284649276e-02
1.874300000000000000e+04 1.123065840313141120e-02
1.874629999999999927e+04 1.138893884162176483e-02
1.874959999999999854e+04 1.145461834655792793e-02
1.875290000000000146e+04 1.152972940179270572e-02
1.875620000000000073e+04 1.160891776088579519e-02
1.875950000000000000e+04 1.175378409991432137e-02
1.876279999999999927e+04 1.190253118096446308e-02
1.876609999999999854e+04 1.203355376547764720e-02
1.876940000000000146e+04 1.211538121824881457e-02
1.877270000000000073e+04 1.226733325226265527e-02
1.877590000000000146e+04 1.244274946286895792e-02
1.877920000000000073e+04 1.249802312179848669e-02
1.878250000000000000e+04 1.266903010978701408e-02
1.878579999999999927e+04 1.286951562080374499e-02
1.878909999999999854e+04 1.309608530001525085e-02
1.879240000000000146e+04 1.333905633530205713e-02
1.879570000000000073e+04 1.357738918508798534e-02
1.879900000000000000e+04 1.385768056447258395e-02
1.880229999999999927e+04 1.415536434804360623e-02
1.880559999999999854e+04 1.443823442234655821e-02
1.880890000000000146e+04 1.466508883088688854e-02
1.881220000000000073e+04 1.492936281963094282e-02
1.881550000000000000e+04 1.523523199643385569e-02
1.881879999999999927e+04 1.552778755277547593e-02
1.882209999999999854e+04 1.581529956068850745e-02
1.882540000000000146e+04 1.611507506750219088e-02
1.882870000000000073e+04 1.642157671241516181e-02
1.883200000000000000e+04 1.671461740676980987e-02
1.883529999999999927e+04 1.702889490570093020e-02
1.883859999999999854e+04 1.734465413187754115e-02
1.884179999999999927e+04 1.763131356592903889e-02
1.884509999999999854e+04 1.791740007674706356e-02
1.884840000000000146e+04 1.813702279787556687e-02
1.885170000000000073e+04 1.833720472797336146e-02
1.885500000000000000e+04 1.858519004852404732e-02
1.885829999999999927e+04 1.874345957064290497e-02
1.886159999999999854e+04 1.891299068790408891e-02
1.886490000000000146e+04 1.928023580594917866e-02
1.886820000000000073e+04 1.965502191913479774e-02
1.887150000000000000e+04 1.991584135183074172e-02
1.887479999999999927e+04 2.005944880186339915e-02
1.887809999999999854e+04 2.034314714716787750e-02
1.888140000000000146e+04 2.068716816812547765e-02
1.888470000000000073e+04 2.099272615894714686e-02
1.888800000000000000e+04 2.131082369175884769e-02
1.889129999999999927e+04 2.157854670550174089e-02
1.889459999999999854e+04 2.193431066898029677e-02
1.889790000000000146e+04 2.227444036567183261e-02
1.890120000000000073e+04 2.260984938044174539e-02
1.890440000000000146e+04 2.290504369417236188e-02
1.890770000000000073e+04 2.333355657398441044e-02
1.891100000000000000e+04 2.368872906549246773e-02
1.891429999999999927e+04 2.412271756020271593e-02
1.891759999999999854e+04 2.453844517026307001e-02
1.892090000000000146e+04 2.496755568358140567e-02
1.892420000000000073e+04 2.535557798545528749e-02
1.892750000000000000e+04 2.572133774542384455e-02
1.893079999999999927e+04 2.613513745047884793e-02
1.893409999999999854e+04 2.653836544777239681e-02
1.893740000000000146e+04 2.690482401847069105e-02
1.894070000000000073e+04 2.720661697853812150e-02
1.894400000000000000e+04 2.758011145109905138e-02
1.894729999999999927e+04 2.789509629430147325e-02
1.895059999999999854e+04 2.819969543538015933e-02
1.895390000000000146e+04 2.851182004784850316e-02
1.895720000000000073e+04 2.877062425068483559e-02
1.896050000000000000e+04 2.905420110223155133e-02
1.896379999999999927e+04 2.931196580584260331e-02
1.896709999999999854e+04 2.953209891491056019e-02
1.897029999999999927e+04 2.972200087084722261e-02
1.897359999999999854e+04 2.990022761814872115e-02
1.897690000000000146e+04 3.013981953577192854e-02
1.898020000000000073e+04 3.032386818881736140e-02
1.898350000000000000e+04 3.050780241836702558e-02
1.898679999999999927e+04 3.071070436511016272e-02
1.899009999999999854e+04 3.089291422352544864e-02
1.899340000000000146e+04 3.107889644238282303e-02
1.899670000000000073e+04 3.124614305903829908e-02
1.900000000000000000e+04 3.142139366322985183e-02
1.900329999999999927e+04 3.157153328902639194e-02
1.900659999999999854e+04 3.174551752065605387e-02
1.900990000000000146e+04 3.185272684093350820e-02
1.901320000000000073e+04 3.195065721895545136e-02
1.901650000000000000e+04 3.204581600500749222e-02
1.901979999999999927e+04 3.216216681127864047e-02
1.902309999999999854e+04 3.228050226055362987e-02
1.902640000000000146e+04 3.243168012452931487e-02
1.902970000000000073e+04 3.250261112193169460e-02
1.903290000000000146e+04 3.258519889921469154e-02
1.903620000000000073e+04 3.263964698398486020e-02
1.903950000000000000e+04 3.268911127949211681e-02
1.904279999999999927e+04 3.274974446080013146e-02
1.904609999999999854e+04 3.278842175345491466e-02
1.904940000000000146e+04 3.282704360563091367e-02
1.905270000000000073e+04 3.289673765552216661e-02
1.905600000000000000e+04 3.295100844445861266e-02
1.905929999999999927e+04 3.299679336708704475e-02
1.906259999999999854e+04 3.300474289479012058e-02
1.906590000000000146e+04 3.302170855167953917e-02
1.906920000000000073e+04 3.303451313931138333e-02
1.907250000000000000e+04 3.299261250185140520e-02
1.907579999999999927e+04 3.295807094980290203e-02
1.907909999999999854e+04 3.291780896798020967e-02
1.908240000000000146e+04 3.290418288399787894e-02
1.908570000000000073e+04 3.284762317317550112e-02
1.908900000000000000e+04 3.277820194372943474e-02
1.909229999999999927e+04 3.269367197416604698e-02
1.909559999999999854e+04 3.261922645685737948e-02
1.909879999999999927e+04 3.257344610564084225e-02
1.910209999999999854e+04 3.247271350499505299e-02
1.910540000000000146e+04 3.240304511392440995e-02
1.910870000000000073e+04 3.233426358732574557e-02
1.911200000000000000e+04 3.227070043332906646e-02
1.911529999999999927e+04 3.218769962106122345e-02
1.911859999999999854e+04 3.200517038300493278e-02
1.912190000000000146e+04 3.186455705202749511e-02
1.912520000000000073e+04 3.166496793940362653e-02
1.912850000000000000e+04 3.147901437447479106e-02
1.913179999999999927e+04 3.134109999177520783e-02
1.913509999999999854e+04 3.120099412204952946e-02
1.913840000000000146e+04 3.104611667488425472e-02
1.914170000000000073e+04 3.083338792037392320e-02
1.914500000000000000e+04 3.064717090801049454e-02
1.914829999999999927e+04 3.042864288427100938e-02
1.915159999999999854e+04 3.022388270134037866e-02
1.915490000000000146e+04 3.002837018566272692e-02
1.915820000000000073e+04 2.981808277137993832e-02
1.916140000000000146e+04 2.962770139532387020e-02
1.916470000000000073e+04 2.939997131287034465e-02
1.916800000000000000e+04 2.916661549055213007e-02
1.917129999999999927e+04 2.890834027607844942e-02
1.917459999999999854e+04 2.868884444834397807e-02
1.917790000000000146e+04 2.848340867550178818e-02
1.918120000000000073e+04 2.827827955819152070e-02
1.918450000000000000e+04 2.800964832351033121e-02
1.918779999999999927e+04 2.775137039003686135e-02
1.919109999999999854e+04 2.747948407241383381e-02
1.919440000000000146e+04 2.722494349047339945e-02
1.919770000000000073e+04 2.694216725744891239e-02
1.920100000000000000e+04 2.668643261175055945e-02
1.920429999999999927e+04 2.643527180632707432e-02
1.920759999999999854e+04 2.616088563613381060e-02
1.921090000000000146e+04 2.589512136969843170e-02
1.921420000000000073e+04 2.560330722552901436e-02
1.921750000000000000e+04 2.529966243342550783e-02
1.922079999999999927e+04 2.501121448083964624e-02
1.922409999999999854e+04 2.472362923245932653e-02
1.922729999999999927e+04 2.441894409494364468e-02
1.923059999999999854e+04 2.411927453934070362e-02
1.923390000000000146e+04 2.382170313896405170e-02
1.923720000000000073e+04 2.354331988767003128e-02
1.924050000000000000e+04 2.324213333475397616e-02
1.924379999999999927e+04 2.295148328003929553e-02
1.924709999999999854e+04 2.264816717054643144e-02
1.925040000000000146e+04 2.233503925802450898e-02
1.925370000000000073e+04 2.199949626144224318e-02
1.925700000000000000e+04 2.172278453990124022e-02
1.926029999999999927e+04 2.139814467017312274e-02
1.926359999999999854e+04 2.106493639429599454e-02
1.926690000000000146e+04 2.077274381110620974e-02
1.927020000000000073e+04 2.044265464748932712e-02
1.927350000000000000e+04 2.013720813127039405e-02
1.927679999999999927e+04 1.981291750792447265e-02
1.928009999999999854e+04 1.948089104780312622e-02
1.928340000000000146e+04 1.918857134185103508e-02
1.928670000000000073e+04 1.887095165674209166e-02
1.929000000000000000e+04 1.856685772574329443e-02
1.929320000000000073e+04 1.826451767644552901e-02
1.929650000000000000e+04 1.793938948599662145e-02
1.929979999999999927e+04 1.762048355968017996e-02
1.930309999999999854e+04 1.732494175496165217e-02
1.930640000000000146e+04 1.703449298145349664e-02
1.930970000000000073e+04 1.674775801545077408e-02
1.931300000000000000e+04 1.646896291541502175e-02
1.931629999999999927e+04 1.615679148226245934e-02
1.931959999999999854e+04 1.584564518592380608e-02
1.932290000000000146e+04 1.551791547778801593e-02
1.932620000000000073e+04 1.521967408462111988e-02
1.932950000000000000e+04 1.490305211987384346e-02
1.933279999999999927e+04 1.460974313812272996e-02
1.933609999999999854e+04 1.433709206475530101e-02
1.933940000000000146e+04 1.404760754447977739e-02
1.934270000000000073e+04 1.375284635446556193e-02
1.934600000000000000e+04 1.344925759752842870e-02
1.934929999999999927e+04 1.316292652881735810e-02
1.935259999999999854e+04 1.285522989787286560e-02
1.935579999999999927e+04 1.256649180384240318e-02
1.935909999999999854e+04 1.228127965329809182e-02
1.936240000000000146e+04 1.200350129753979811e-02
1.936570000000000073e+04 1.172554024843806310e-02
1.936900000000000000e+04 1.144889096043831024e-02
1.937229999999999927e+04 1.116699831765528839e-02
1.937559999999999854e+04 1.088355707231991425e-02
1.937890000000000146e+04 1.062390454346169924e-02
1.938220000000000073e+04 1.035523936060966411e-02
1.938550000000000000e+04 1.007299656393509033e-02
1.938879999999999927e+04 9.789282090591808205e-03
1.939209999999999854e+04 9.526650638063969070e-03
1.939540000000000146e+04 9.271185244612040188e-03
1.939870000000000073e+04 9.012683419933048903e-03
1.940200000000000000e+04 8.756692339262047223e-03
1.940529999999999927e+04 8.507470304401161879e-03
1.940859999999999854e+04 8.262716965083499038e-03
1.941190000000000146e+04 8.000619901142588114e-03
1.941520000000000073e+04 7.766234955999499513e-03
1.941850000000000000e+04 7.530203146480091148e-03
1.942170000000000073e+04 7.267937364900390641e-03
1.942500000000000000e+04 7.006443636046189895e-03
1.942829999999999927e+04 6.762163881491221884e-03
1.943159999999999854e+04 6.506343833735390124e-03
1.943490000000000146e+04 6.252369630686794265e-03
1.943820000000000073e+04 6.003127305795970606e-03
1.944150000000000000e+04 5.755726433193663304e-03
1.944479999999999927e+04 5.533705763193941078e-03
1.944809999999999854e+04 5.319537959293350535e-03
1.945140000000000146e+04 5.106621560983845738e-03
1.945470000000000073e+04 4.893895477678116349e-03
1.945800000000000000e+04 4.667464695057740171e-03
1.946129999999999927e+04 4.431363395356748870e-03
1.946459999999999854e+04 4.213043571149163204e-03
1.946790000000000146e+04 3.964695355732125032e-03
1.947120000000000073e+04 3.735047652274664856e-03
1.947450000000000000e+04 3.514748281468947372e-03
1.947779999999999927e+04 3.290479418012289079e-03
1.948109999999999854e+04 3.078133502236503078e-03
1.948429999999999927e+04 2.860974096345909618e-03
1.948759999999999854e+04 2.663662412901658411e-03
1.949090000000000146e+04 2.454424165409016534e-03
1.949420000000000073e+04 2.250925915926646134e-03
1.949750000000000000e+04 2.054451299108617755e-03
1.950079999999999927e+04 1.840628640974674131e-03
1.950409999999999854e+04 1.650436070719472946e-03
1.950740000000000146e+04 1.459445642039714549e-03
1.951070000000000073e+04 1.270938372959812225e-03
1.951400000000000000e+04 1.103184948114331945e-03
1.951729999999999927e+04 9.391948264899469771e-04
1.952059999999999854e+04 7.452367885628014606e-04
1.952390000000000146e+04 5.618218471477944053e-04
1.952720000000000073e+04 3.792415978373112279e-04
1.953050000000000000e+04 1.933602159244884454e-04
1.953379999999999927e+04 2.277350992552717134e-05
1.953709999999999854e+04 -1.568056882073143115e-04
1.954040000000000146e+04 -3.057252528122522163e-04
1.954370000000000073e+04 -4.606917104106387877e-04
1.954700000000000000e+04 -6.109161863162025684e-04
1.955020000000000073e+04 -7.748139933985821000e-04
1.955350000000000000e+04 -9.073214710339675771e-04
1.955679999999999927e+04 -1.036062362341877994e-03
1.956009999999999854e+04 -1.167185258951016717e-03
1.956340000000000146e+04 -1.305079412771445067e-03
1.956670000000000073e+04 -1.444660722295221418e-03
1.957000000000000000e+04 -1.563085503065630901e-03
1.957329999999999927e+04 -1.686455115666308678e-03
1.957659999999999854e+04 -1.793829485771531113e-03
1.957990000000000146e+04 -1.897171157866071357e-03
1.958320000000000073e+04 -2.030667383425585008e-03
1.958650000000000000e+04 -2.162400520895172568e-03
1.958979999999999927e+04 -2.260422815929002092e-03
1.959309999999999854e+04 -2.370755859680126997e-03
1.959640000000000146e+04 -2.455151695048953756e-03
1.959970000000000073e+04 -2.537493769670633257e-03
1.960300000000000000e+04 -2.650256076334888636e-03
1.960629999999999927e+04 -2.792888300976176155e-03
1.960959999999999854e+04 -2.921927084599131464e-03
1.961290000000000146e+04 -3.053822885515400029e-03
1.961609999999999854e+04 -3.169874906904469533e-03
1.961940000000000146e+04 -3.251589035505694347e-03
1.962270000000000073e+04 -3.361583239882962471e-03
1.962600000000000000e+04 -3.468062973916335220e-03
1.962929999999999927e+04 -3.558861203322060546e-03
1.963259999999999854e+04 -3.617305429972723571e-03
1.963590000000000146e+04 -3.666213878271269277e-03
1.963920000000000073e+04 -3.788491307642079513e-03
1.964250000000000000e+04 -3.870507281861401434e-03
1.964579999999999927e+04 -3.972428384453500355e-03
1.964909999999999854e+04 -4.087081127878999277e-03
1.965240000000000146e+04 -4.186335607614438160e-03
1.965570000000000073e+04 -4.282361470689244679e-03
1.965900000000000000e+04 -4.329116968651912194e-03
1.966229999999999927e+04 -4.361078819584845306e-03
1.966559999999999854e+04 -4.397780697626173414e-03
1.966890000000000146e+04 -4.466834956733383745e-03
1.967220000000000073e+04 -4.564054014619622901e-03
1.967550000000000000e+04 -4.628517127518097171e-03
1.967870000000000073e+04 -4.733738215704309804e-03
1.968200000000000000e+04 -4.790498234185167591e-03
1.968529999999999927e+04 -4.843918907700459076e-03
1.968859999999999854e+04 -4.890837699170599330e-03
1.969190000000000146e+04 -4.899003924691850732e-03
1.969520000000000073e+04 -4.930847296093950061e-03
1.969850000000000000e+04 -4.967050028398961765e-03
1.970179999999999927e+04 -4.992339086913362076e-03
1.970509999999999854e+04 -5.107938857166618302e-03
1.970840000000000146e+04 -5.223599877068705634e-03
1.971170000000000073e+04 -5.297488415295086017e-03
1.971500000000000000e+04 -5.318575255128631628e-03
1.971829999999999927e+04 -5.397269668573118420e-03
1.972159999999999854e+04 -5.417175773090274725e-03
1.972490000000000146e+04 -5.447417382797618661e-03
1.972820000000000073e+04 -5.522040708013885996e-03
1.973150000000000000e+04 -5.611072029258374304e-03
1.973479999999999927e+04 -5.689995102150464945e-03
1.973809999999999854e+04 -5.783956485765774647e-03
1.974140000000000146e+04 -5.863503672602829279e-03
1.974459999999999854e+04 -5.972283889571536331e-03
1.974790000000000146e+04 -5.980273674022162228e-03
1.975120000000000073e+04 -5.986219612740209355e-03
1.975450000000000000e+04 -6.022936356499230745e-03
1.975779999999999927e+04 -6.043947504261084312e-03
1.976109999999999854e+04 -6.139466749885726105e-03
1.976440000000000146e+04 -6.221422937042726288e-03
1.976770000000000073e+04 -6.307120688379096174e-03
1.977100000000000000e+04 -6.350696107372501807e-03
1.977429999999999927e+04 -6.354654009117256808e-03
1.977759999999999854e+04 -6.400213869494174659e-03
1.978090000000000146e+04 -6.441194835394791450e-03
1.978420000000000073e+04 -6.517984950263466977e-03
1.978750000000000000e+04 -6.539854598134556968e-03
1.979079999999999927e+04 -6.598465228475217451e-03
1.979409999999999854e+04 -6.614712860761370189e-03
1.979740000000000146e+04 -6.655704125901165495e-03
1.980070000000000073e+04 -6.703992353859602842e-03
1.980400000000000000e+04 -6.704941983937521589e-03
1.980720000000000073e+04 -6.726422814720487385e-03
1.981050000000000000e+04 -6.713127272920662789e-03
1.981379999999999927e+04 -6.669028371835589684e-03
1.981709999999999854e+04 -6.695770141701642801e-03
1.982040000000000146e+04 -6.692332797161314011e-03
1.982370000000000073e+04 -6.698116444049870277e-03
1.982700000000000000e+04 -6.726648941187600948e-03
1.983029999999999927e+04 -6.773456104926078858e-03
1.983359999999999854e+04 -6.786177343307631463e-03
1.983690000000000146e+04 -6.803876344904940913e-03
1.984020000000000073e+04 -6.809328668288312618e-03
1.984350000000000000e+04 -6.834445061315798549e-03
1.984679999999999927e+04 -6.843368053729072253e-03
1.985009999999999854e+04 -6.870544004862740549e-03
1.985340000000000146e+04 -6.912266112559095101e-03
1.985670000000000073e+04 -6.998038540621798892e-03
1.986000000000000000e+04 -7.054387454602606064e-03
1.986329999999999927e+04 -7.123627733543051385e-03
1.986659999999999854e+04 -7.122283007546928446e-03
1.986990000000000146e+04 -7.074198190513150686e-03
1.987309999999999854e+04 -7.026056992430636944e-03
1.987640000000000146e+04 -7.037866161815105846e-03
1.987970000000000073e+04 -7.086839215026753507e-03
1.988300000000000000e+04 -7.090307847676212763e-03
1.988629999999999927e+04 -7.162302235995400036e-03
1.988959999999999854e+04 -7.252575061695652747e-03
1.989290000000000146e+04 -7.235551991469957138e-03
1.989620000000000073e+04 -7.197570013728612354e-03
1.989950000000000000e+04 -7.163216817488022616e-03
1.990279999999999927e+04 -7.148425524123860550e-03
1.990609999999999854e+04 -7.167682545516319489e-03
1.990940000000000146e+04 -7.122615599942475582e-03
1.991270000000000073e+04 -7.144024502260390951e-03
1.991600000000000000e+04 -7.154847938732610511e-03
1.991929999999999927e+04 -7.178343079934870578e-03
1.992259999999999854e+04 -7.182226830057912917e-03
1.992590000000000146e+04 -7.157929104270255131e-03
