1.716800000000000000e+04 3.578634415320917981e-04
1.717129999999999927e+04 3.652757574703137692e-04
1.717459999999999854e+04 3.660231095491580907e-04
1.717790000000000146e+04 3.489144987257464920e-04
1.718120000000000073e+04 3.418819231762375917e-04
1.718450000000000000e+04 3.482337230130904630e-04
1.718779999999999927e+04 3.353632781591275478e-04
1.719109999999999854e+04 3.269046486946336938e-04
1.719440000000000146e+04 3.296374076164724511e-04
1.719770000000000073e+04 3.447519121442192257e-04
1.720100000000000000e+04 3.397595722837209791e-04
1.720429999999999927e+04 3.462700202820817087e-04
1.720759999999999854e+04 3.478932527205436543e-04
1.721090000000000146e+04 3.465133737050434806e-04
1.721420000000000073e+04 3.421576675462110681e-04
1.721750000000000000e+04 3.519262947535437480e-04
1.722079999999999927e+04 3.607143990021043490e-04
1.722409999999999854e+04 3.662300983618409656e-04
1.722729999999999927e+04 3.628103333694362542e-04
1.723059999999999854e+04 3.693737366110047115e-04
1.723390000000000146e+04 3.838098689914943066e-04
1.723720000000000073e+04 3.732079995524246281e-04
1.724050000000000000e+04 3.763512343439590351e-04
1.724379999999999927e+04 3.673630234301979397e-04
1.724709999999999854e+04 3.563069340221648685e-04
1.725040000000000146e+04 3.574333149262512465e-04
1.725370000000000073e+04 3.632624632830940632e-04
1.725700000000000000e+04 3.713405696660590136e-04
1.726029999999999927e+04 3.640980656992930478e-04
1.726359999999999854e+04 3.635753023622450382e-04
1.726690000000000146e+04 3.601744058005641562e-04
1.727020000000000073e+04 3.557742472091364612e-04
1.727350000000000000e+04 3.621525997849831522e-04
1.727679999999999927e+04 3.635345381475405197e-04
1.728009999999999854e+04 3.715386946208259523e-04
1.728340000000000146e+04 3.644751610198920908e-04
1.728670000000000073e+04 3.554813567013568134e-04
1.729000000000000000e+04 3.666909542131959539e-04
1.729320000000000073e+04 3.599946891289535367e-04
1.729650000000000000e+04 3.643609007290537225e-04
1.729979999999999927e+04 3.645562031247918185e-04
1.730309999999999854e+04 3.679148857401574359e-04
1.730640000000000146e+04 3.687343483220384324e-04
1.730970000000000073e+04 3.728880208331048656e-04
1.731300000000000000e+04 3.685515853313940876e-04
1.731629999999999927e+04 3.638852670886367872e-04
1.731959999999999854e+04 3.601807794588933009e-04
1.732290000000000146e+04 3.613152750295133431e-04
1.732620000000000073e+04 3.534035226168434824e-04
1.732950000000000000e+04 3.547055386572326146e-04
1.733279999999999927e+04 3.546029982447675317e-04
1.733609999999999854e+04 3.539342849866350697e-04
1.733940000000000146e+04 3.573171180348446016e-04
1.734270000000000073e+04 3.620301486794817595e-04
1.734600000000000000e+04 3.664000981480222230e-04
1.734929999999999927e+04 3.668434246680226415e-04
1.735259999999999854e+04 3.635747184435985302e-04
1.735579999999999927e+04 3.643166924945315526e-04
1.735909999999999854e+04 3.592037121673406666e-04
1.736240000000000146e+04 3.616817784042569944e-04
1.736570000000000073e+04 3.653460618171227182e-04
1.736900000000000000e+04 3.626698285832401399e-04
1.737229999999999927e+04 3.552185555634681407e-04
1.737559999999999854e+04 3.579413745083388039e-04
1.737890000000000146e+04 3.605534062453591318e-04
1.738220000000000073e+04 3.573274138756944609e-04
1.738550000000000000e+04 3.513394838640466404e-04
1.738879999999999927e+04 3.475128143065285276e-04
1.739209999999999854e+04 3.462414358704599582e-04
1.739540000000000146e+04 3.493270982391543582e-04
1.739870000000000073e+04 3.502282626411599683e-04
1.740200000000000000e+04 3.455070356994742985e-04
1.740529999999999927e+04 3.363865614231760027e-04
1.740859999999999854e+04 3.340214744824976639e-04
1.741190000000000146e+04 3.285454463214936721e-04
1.741520000000000073e+04 3.291403396143301034e-04
1.741850000000000000e+04 3.225032845782611554e-04
1.742170000000000073e+04 3.164830567340474175e-04
1.742500000000000000e+04 3.127666677577285812e-04
1.742829999999999927e+04 3.106339968551948450e-04
1.743159999999999854e+04 3.117936102968267890e-04
1.743490000000000146e+04 3.044029842277575122e-04
1.743820000000000073e+04 2.980471539349709587e-04
1.744150000000000000e+04 2.950232673543424383e-04
1.744479999999999927e+04 2.852834366417105263e-04
1.744809999999999854e+04 2.746793353535269613e-04
1.745140000000000146e+04 2.713337950272252724e-04
1.745470000000000073e+04 2.730453862261450590e-04
1.745800000000000000e+04 2.733426312387918547e-04
1.746129999999999927e+04 2.645599018708174872e-04
1.746459999999999854e+04 2.677043794347045867e-04
1.746790000000000146e+04 2.658420279298159784e-04
1.747120000000000073e+04 2.626002897660026825e-04
1.747450000000000000e+04 2.539240396078456391e-04
1.747779999999999927e+04 2.511936177789771498e-04
1.748109999999999854e+04 2.540261763820161672e-04
1.748429999999999927e+04 2.472643827297881522e-04
1.748759999999999854e+04 2.376364510664028971e-04
1.749090000000000146e+04 2.332060843217921597e-04
1.749420000000000073e+04 2.304779049528276897e-04
1.749750000000000000e+04 2.269977602884584874e-04
1.750079999999999927e+04 2.221849103377580284e-04
1.750409999999999854e+04 2.230654882975416896e-04
1.750740000000000146e+04 2.213353934356714059e-04
1.751070000000000073e+04 2.157759305783195347e-04
1.751400000000000000e+04 2.067602915760209019e-04
1.751729999999999927e+04 2.032298881200906822e-04
1.752059999999999854e+04 1.940505019569242957e-04
1.752390000000000146e+04 1.908923803919032396e-04
1.752720000000000073e+04 1.797661230751582324e-04
1.753050000000000000e+04 1.770410612043655108e-04
1.753379999999999927e+04 1.707086266725873233e-04
1.753709999999999854e+04 1.611240825632400287e-04
1.754040000000000146e+04 1.590676679044956401e-04
1.754370000000000073e+04 1.505218352811000962e-04
1.754700000000000000e+04 1.493195813969543681e-04
1.755020000000000073e+04 1.455305288728607591e-04
1.755350000000000000e+04 1.392173778678641879e-04
1.755679999999999927e+04 1.322780689368596350e-04
1.756009999999999854e+04 1.248125034908349859e-04
1.756340000000000146e+04 1.211120659266367238e-04
1.756670000000000073e+04 1.168891859292875895e-04
1.757000000000000000e+04 1.138482334005068192e-04
1.757329999999999927e+04 1.133426298819007339e-04
1.757659999999999854e+04 1.144745515409944776e-04
1.757990000000000146e+04 1.108459190491940615e-04
1.758320000000000073e+04 1.023215548740170119e-04
1.758650000000000000e+04 9.591657702517780997e-05
1.758979999999999927e+04 8.996875190956225865e-05
1.759309999999999854e+04 8.548216280720642940e-05
1.759640000000000146e+04 7.310871012877576158e-05
1.759970000000000073e+04 7.081507890661026879e-05
1.760300000000000000e+04 6.107495775096355754e-05
1.760629999999999927e+04 5.479343279281370806e-05
1.760959999999999854e+04 5.425219359174521591e-05
1.761290000000000146e+04 5.192080951333903621e-05
1.761609999999999854e+04 4.205882943416532158e-05
1.761940000000000146e+04 3.285964313518027562e-05
1.762270000000000073e+04 2.459823759239162676e-05
1.762600000000000000e+04 2.399885913023419495e-05
1.762929999999999927e+04 1.004386786831129435e-05
1.763259999999999854e+04 -7.184388690456917562e-07
1.763590000000000146e+04 -3.741468341370830940e-06
1.763920000000000073e+04 -3.778841904294789170e-06
1.764250000000000000e+04 -1.417508810979041979e-05
1.764579999999999927e+04 -2.171735931512940347e-05
1.764909999999999854e+04 -2.125912054407971371e-05
1.765240000000000146e+04 -2.416622788043321785e-05
1.765570000000000073e+04 -3.074574624766684869e-05
1.765900000000000000e+04 -3.668013866327364064e-05
1.766229999999999927e+04 -4.115477699632914029e-05
1.766559999999999854e+04 -5.087327310879833183e-05
1.766890000000000146e+04 -5.697097604035805186e-05
1.767220000000000073e+04 -6.443439354914125999e-05
1.767550000000000000e+04 -7.271570476707285070e-05
1.767870000000000073e+04 -7.511004265899561645e-05
1.768200000000000000e+04 -7.909257459252273955e-05
1.768529999999999927e+04 -8.414397361201144407e-05
1.768859999999999854e+04 -9.161660365022336594e-05
1.769190000000000146e+04 -9.597392917375146063e-05
1.769520000000000073e+04 -1.037345936312880266e-04
1.769850000000000000e+04 -1.020688971469452879e-04
1.770179999999999927e+04 -1.019225771945325709e-04
1.770509999999999854e+04 -1.007178478116316949e-04
1.770840000000000146e+04 -1.005493858988125276e-04
1.771170000000000073e+04 -1.076706739397000306e-04
1.771500000000000000e+04 -1.093492586855914205e-04
1.771829999999999927e+04 -1.101203421159215935e-04
1.772159999999999854e+04 -1.115087482873520206e-04
1.772490000000000146e+04 -1.118992739361002918e-04
1.772820000000000073e+04 -1.170618919085635756e-04
1.773150000000000000e+04 -1.227388224496499182e-04
1.773479999999999927e+04 -1.252927814556290941e-04
1.773809999999999854e+04 -1.295036817574816827e-04
1.774140000000000146e+04 -1.370721296984601879e-04
1.774459999999999854e+04 -1.399161277632561041e-04
1.774790000000000146e+04 -1.436621784358649821e-04
1.775120000000000073e+04 -1.514134236144690324e-04
1.775450000000000000e+04 -1.521771180845926175e-04
1.775779999999999927e+04 -1.554189076624658804e-04
1.776109999999999854e+04 -1.605868389234276308e-04
1.776440000000000146e+04 -1.720016876319039950e-04
1.776770000000000073e+04 -1.711716571471975164e-04
1.777100000000000000e+04 -1.758505882039394861e-04
1.777429999999999927e+04 -1.842584203648228356e-04
1.777759999999999854e+04 -1.857127063368771305e-04
1.778090000000000146e+04 -1.903484783283651582e-04
1.778420000000000073e+04 -1.963838991758649303e-04
1.778750000000000000e+04 -2.010184320172958442e-04
1.779079999999999927e+04 -2.113824051181355473e-04
1.779409999999999854e+04 -2.173890696453173606e-04
1.779740000000000146e+04 -2.181480147882381652e-04
1.780070000000000073e+04 -2.261120921656194216e-04
1.780400000000000000e+04 -2.396436755074583694e-04
1.780720000000000073e+04 -2.442671526821010093e-04
1.781050000000000000e+04 -2.491019583766229607e-04
1.781379999999999927e+04 -2.574445422059168940e-04
1.781709999999999854e+04 -2.672024243754662670e-04
1.782040000000000146e+04 -2.762053323962851544e-04
1.782370000000000073e+04 -2.837674544116570476e-04
1.782700000000000000e+04 -2.933212065801763381e-04
1.783029999999999927e+04 -2.959991804423501584e-04
1.783359999999999854e+04 -3.104494005584158313e-04
1.783690000000000146e+04 -3.155020720712815624e-04
1.784020000000000073e+04 -3.263360899105421063e-04
1.784350000000000000e+04 -3.347947872818915547e-04
1.784679999999999927e+04 -3.447879843067653714e-04
1.785009999999999854e+04 -3.498498989138055376e-04
1.785340000000000146e+04 -3.518644856054191751e-04
1.785670000000000073e+04 -3.579163717262216966e-04
1.786000000000000000e+04 -3.687326826629531095e-04
1.786329999999999927e+04 -3.836495281201033258e-04
1.786659999999999854e+04 -3.964131224794832892e-04
1.786990000000000146e+04 -4.127455621581782499e-04
1.787309999999999854e+04 -4.253492482061480137e-04
1.787640000000000146e+04 -4.394162970326020556e-04
1.787970000000000073e+04 -4.547447545739138593e-04
1.788300000000000000e+04 -4.718939426430155413e-04
1.788629999999999927e+04 -4.843979504351680855e-04
1.788959999999999854e+04 -4.970230326346259872e-04
1.789290000000000146e+04 -5.082347770772861848e-04
1.789620000000000073e+04 -5.181958920979139269e-04
1.789950000000000000e+04 -5.326686909895046859e-04
1.790279999999999927e+04 -5.486742979960823174e-04
1.790609999999999854e+04 -5.583425629360757670e-04
1.790940000000000146e+04 -5.733798971296782173e-04
1.791270000000000073e+04 -5.817133497255476534e-04
1.791600000000000000e+04 -5.955932268426452009e-04
1.791929999999999927e+04 -6.036504768989656936e-04
1.792259999999999854e+04 -6.134786881047221653e-04
1.792590000000000146e+04 -6.277781779671557207e-04
1.792920000000000073e+04 -6.390782821347018409e-04
1.793250000000000000e+04 -6.535091822811521208e-04
1.793570000000000073e+04 -6.668986410648930887e-04
1.793900000000000000e+04 -6.801474315738017390e-04
1.794229999999999927e+04 -6.979990316752688901e-04
1.794559999999999854e+04 -7.129994505496463873e-04
1.794890000000000146e+04 -7.272172651072052315e-04
1.795220000000000073e+04 -7.396689095486542413e-04
1.795550000000000000e+04 -7.518974947562991496e-04
1.795879999999999927e+04 -7.679077831273054813e-04
1.796209999999999854e+04 -7.882655013966681241e-04
1.796540000000000146e+04 -8.114214712205664688e-04
1.796870000000000073e+04 -8.286595617566034017e-04
1.797200000000000000e+04 -8.450413255343497366e-04
1.797529999999999927e+04 -8.587430738992371266e-04
1.797859999999999854e+04 -8.757078581888467919e-04
1.798190000000000146e+04 -8.864383229034750351e-04
1.798520000000000073e+04 -9.020885434072528977e-04
1.798850000000000000e+04 -9.116955898227291962e-04
1.799179999999999927e+04 -9.318326043829381787e-04
1.799509999999999854e+04 -9.589371826588823609e-04
1.799840000000000146e+04 -9.751966898607725706e-04
1.800159999999999854e+04 -1.006565989155072801e-03
1.800490000000000146e+04 -1.014722000617212681e-03
1.800820000000000073e+04 -1.030180000949652798e-03
1.801150000000000000e+04 -1.055267396976815493e-03
1.801479999999999927e+04 -1.076367762824073822e-03
1.801809999999999854e+04 -1.095313195286237370e-03
1.802140000000000146e+04 -1.125272905856599661e-03
1.802470000000000073e+04 -1.142766709716250750e-03
1.802800000000000000e+04 -1.155763001754585599e-03
1.803129999999999927e+04 -1.174092393454727193e-03
1.803459999999999854e+04 -1.192698145357070413e-03
1.803790000000000146e+04 -1.211053287384982260e-03
1.804120000000000073e+04 -1.227842311970312470e-03
1.804450000000000000e+04 -1.243363557985078648e-03
1.804779999999999927e+04 -1.268315938345396070e-03
1.805109999999999854e+04 -1.283282916591812388e-03
1.805440000000000146e+04 -1.303976553215067816e-03
1.805770000000000073e+04 -1.331086505431689979e-03
1.806100000000000000e+04 -1.357552544457737292e-03
1.806429999999999927e+04 -1.383390993079520494e-03
1.806750000000000000e+04 -1.406230811084807891e-03
1.807079999999999927e+04 -1.425260088520043968e-03
1.807409999999999854e+04 -1.438183901019543477e-03
1.807740000000000146e+04 -1.453440254020607787e-03
1.808070000000000073e+04 -1.470456843399084489e-03
1.808400000000000000e+04 -1.497294299713465776e-03
1.808729999999999927e+04 -1.514890282264109945e-03
1.809059999999999854e+04 -1.532279998085764750e-03
1.809390000000000146e+04 -1.542758192803174010e-03
1.809720000000000073e+04 -1.558124534536129693e-03
1.810050000000000000e+04 -1.568737152094654098e-03
1.810379999999999927e+04 -1.582355292851954408e-03
1.810709999999999854e+04 -1.593359573858310835e-03
1.811040000000000146e+04 -1.602917844631610890e-03
1.811370000000000073e+04 -1.612685815971249756e-03
1.811700000000000000e+04 -1.629993297016788922e-03
1.812029999999999927e+04 -1.646568585502032438e-03
1.812359999999999854e+04 -1.653057917656537657e-03
1.812690000000000146e+04 -1.669183004241974692e-03
1.813009999999999854e+04 -1.675560898382683983e-03
1.813340000000000146e+04 -1.693546985165004246e-03
1.813670000000000073e+04 -1.703399307983591076e-03
1.814000000000000000e+04 -1.732940720792521243e-03
1.814329999999999927e+04 -1.740794030446977123e-03
1.814659999999999854e+04 -1.760927044828677901e-03
1.814990000000000146e+04 -1.776214188285025943e-03
1.815320000000000073e+04 -1.794193110305938345e-03
1.815650000000000000e+04 -1.800462061879296895e-03
1.815979999999999927e+04 -1.805433655477507509e-03
1.816309999999999854e+04 -1.809883380712560847e-03
1.816640000000000146e+04 -1.808909117450827964e-03
1.816970000000000073e+04 -1.827210196050762982e-03
1.817300000000000000e+04 -1.837104165349324938e-03
1.817629999999999927e+04 -1.845088676780235739e-03
1.817959999999999854e+04 -1.851225447559045559e-03
1.818290000000000146e+04 -1.913182111421654922e-03
1.818620000000000073e+04 -1.944370832605512049e-03
1.818950000000000000e+04 -1.963201854814692910e-03
1.819279999999999927e+04 -1.987540790174509905e-03
1.819600000000000000e+04 -2.004076274938751054e-03
1.819929999999999927e+04 -2.028820116365136900e-03
1.820259999999999854e+04 -2.046293067421627986e-03
1.820590000000000146e+04 -2.057948933880480741e-03
1.820920000000000073e+04 -2.072401401086362231e-03
1.821250000000000000e+04 -2.078070146247675432e-03
1.821579999999999927e+04 -2.095418247562750615e-03
1.821909999999999854e+04 -2.116043392356765310e-03
1.822240000000000146e+04 -2.161825124139175533e-03
1.822570000000000073e+04 -2.207732204276720983e-03
1.822900000000000000e+04 -2.264361998704399886e-03
1.823229999999999927e+04 -2.315888849237902544e-03
1.823559999999999854e+04 -2.368082334683546588e-03
1.823890000000000146e+04 -2.410400008930300118e-03
1.824220000000000073e+04 -2.472986928156341649e-03
1.824550000000000000e+04 -2.537625002132567510e-03
1.824879999999999927e+04 -2.590693758732615180e-03
1.825209999999999854e+04 -2.620017030623412319e-03
1.825540000000000146e+04 -2.677905313037659118e-03
1.825859999999999854e+04 -2.736922001638618634e-03
1.826190000000000146e+04 -2.784736118402018987e-03
1.826520000000000073e+04 -2.841600192535493306e-03
1.826850000000000000e+04 -2.902637195025605920e-03
1.827179999999999927e+04 -2.977042085383926114e-03
1.827509999999999854e+04 -3.032085254473964372e-03
1.827840000000000146e+04 -3.108298439533948090e-03
1.828170000000000073e+04 -3.180900295996190626e-03
1.828500000000000000e+04 -3.251322339062525518e-03
1.828829999999999927e+04 -3.335559368038352058e-03
1.829159999999999854e+04 -3.410891084197823723e-03
1.829490000000000146e+04 -3.491282683053476693e-03
1.829820000000000073e+04 -3.537235894151470866e-03
1.830150000000000000e+04 -3.607291536524510900e-03
1.830479999999999927e+04 -3.671311986858854636e-03
1.830809999999999854e+04 -3.727422447047986070e-03
1.831140000000000146e+04 -3.759268659007502286e-03
1.831470000000000073e+04 -3.816785019740902545e-03
1.831800000000000000e+04 -3.846064743993239145e-03
1.832129999999999927e+04 -3.904007609778161695e-03
1.832450000000000000e+04 -3.931200363366939982e-03
1.832779999999999927e+04 -3.964994415540666443e-03
1.833109999999999854e+04 -4.048940288594431343e-03
1.833440000000000146e+04 -4.095458069094570948e-03
1.833770000000000073e+04 -4.140796277175082772e-03
1.834100000000000000e+04 -4.209370474375675499e-03
1.834429999999999927e+04 -4.235967398476092605e-03
1.834759999999999854e+04 -4.271124982160852054e-03
1.835090000000000146e+04 -4.320158621692752124e-03
1.835420000000000073e+04 -4.389083529477022343e-03
1.835750000000000000e+04 -4.463367455185184018e-03
1.836079999999999927e+04 -4.529613969964342395e-03
1.836409999999999854e+04 -4.575247806356406294e-03
1.836740000000000146e+04 -4.617967855710816173e-03
1.837070000000000073e+04 -4.696668941878971715e-03
1.837400000000000000e+04 -4.772631855859017606e-03
1.837729999999999927e+04 -4.843715539144193873e-03
1.838059999999999854e+04 -4.901552387565020867e-03
1.838390000000000146e+04 -4.974254819459276479e-03
1.838709999999999854e+04 -5.017452309618381651e-03
1.839040000000000146e+04 -5.053952558127281815e-03
1.839370000000000073e+04 -5.059742064132835213e-03
1.839700000000000000e+04 -5.086101675873633959e-03
1.840029999999999927e+04 -5.105565008353796230e-03
1.840359999999999854e+04 -5.159727656490028375e-03
1.840690000000000146e+04 -5.175438773365063048e-03
1.841020000000000073e+04 -5.200113088042595047e-03
1.841350000000000000e+04 -5.231840253848542635e-03
1.841679999999999927e+04 -5.294454003410879739e-03
1.842009999999999854e+04 -5.293769882089430397e-03
1.842340000000000146e+04 -5.319433907298715472e-03
1.842670000000000073e+04 -5.351444097629825571e-03
1.843000000000000000e+04 -5.375867081508045424e-03
1.843329999999999927e+04 -5.391782259165321493e-03
1.843659999999999854e+04 -5.395203163899821991e-03
1.843990000000000146e+04 -5.409868831561606868e-03
1.844320000000000073e+04 -5.414075469267753092e-03
1.844650000000000000e+04 -5.413818629358226053e-03
1.844979999999999927e+04 -5.428560534772612287e-03
1.845300000000000000e+04 -5.417937848934447319e-03
1.845629999999999927e+04 -5.398243311581361892e-03
1.845959999999999854e+04 -5.354734999940952839e-03
1.846290000000000146e+04 -5.379025064403398365e-03
1.846620000000000073e+04 -5.327347962176317425e-03
1.846950000000000000e+04 -5.276434060365758384e-03
1.847279999999999927e+04 -5.257325356273072868e-03
1.847609999999999854e+04 -5.239441994982802810e-03
1.847940000000000146e+04 -5.187902464664852914e-03
1.848270000000000073e+04 -5.166181061037977348e-03
1.848600000000000000e+04 -5.120527958094898274e-03
1.848929999999999927e+04 -5.100774984886470749e-03
1.849259999999999854e+04 -5.089073422504934198e-03
1.849590000000000146e+04 -5.022018630804678078e-03
1.849920000000000073e+04 -4.997071438046467654e-03
1.850250000000000000e+04 -4.977692926383369028e-03
1.850579999999999927e+04 -4.932021759728409498e-03
1.850909999999999854e+04 -4.931542501913576369e-03
1.851240000000000146e+04 -4.852767514992375152e-03
1.851570000000000073e+04 -4.769748706520364652e-03
1.851890000000000146e+04 -4.692725861600142816e-03
1.852220000000000073e+04 -4.617272251030843204e-03
1.852550000000000000e+04 -4.547696613885876538e-03
1.852879999999999927e+04 -4.498984702383926337e-03
1.853209999999999854e+04 -4.450357940727250709e-03
1.853540000000000146e+04 -4.377896628321663840e-03
1.853870000000000073e+04 -4.304709496113894203e-03
1.854200000000000000e+04 -4.225569145093211951e-03
1.854529999999999927e+04 -4.150969583800534837e-03
1.854859999999999854e+04 -4.051710189209698290e-03
1.855190000000000146e+04 -3.954355247147090663e-03
1.855520000000000073e+04 -3.860437170028387186e-03
1.855850000000000000e+04 -3.771838059094089445e-03
1.856179999999999927e+04 -3.665647045599323972e-03
1.856509999999999854e+04 -3.583167751520735782e-03
1.856840000000000146e+04 -3.469975454033030066e-03
1.857170000000000073e+04 -3.371954597223759953e-03
1.857500000000000000e+04 -3.248478883111833616e-03
1.857829999999999927e+04 -3.123089652923125622e-03
1.858150000000000000e+04 -3.001335265223680198e-03
1.858479999999999927e+04 -2.897420428175764319e-03
1.858809999999999854e+04 -2.769818041665771374e-03
1.859140000000000146e+04 -2.632554397950765714e-03
1.859470000000000073e+04 -2.496650482665830912e-03
1.859800000000000000e+04 -2.355993779115033143e-03
1.860129999999999927e+04 -2.218613206723516265e-03
1.860459999999999854e+04 -2.085773717720850601e-03
1.860790000000000146e+04 -1.939188068952221429e-03
1.861120000000000073e+04 -1.786577473926381342e-03
1.861450000000000000e+04 -1.610350956227684033e-03
1.861779999999999927e+04 -1.460866024565177917e-03
1.862109999999999854e+04 -1.313947005477440321e-03
1.862440000000000146e+04 -1.185733179198601283e-03
1.862770000000000073e+04 -1.004717904679858611e-03
1.863100000000000000e+04 -8.796665569276190160e-04
1.863429999999999927e+04 -7.387222523942982028e-04
1.863759999999999854e+04 -5.877062742022027327e-04
1.864090000000000146e+04 -4.513535046054011784e-04
1.864420000000000073e+04 -2.845481319210131491e-04
1.864740000000000146e+04 -1.423653379707951047e-04
1.865070000000000073e+04 5.203173872090661842e-06
1.865400000000000000e+04 1.745531617970133760e-04
1.865729999999999927e+04 3.465401542662155778e-04
1.866059999999999854e+04 5.251546186303694859e-04
1.866390000000000146e+04 7.171825779350730814e-04
1.866720000000000073e+04 9.155101098421166523e-04
1.867050000000000000e+04 1.120323993223942220e-03
1.867379999999999927e+04 1.323992769009127825e-03
1.867709999999999854e+04 1.523228830154987239e-03
1.868040000000000146e+04 1.741943100802743026e-03
1.868370000000000073e+04 2.016092246246027186e-03
1.868700000000000000e+04 2.309974080023069129e-03
1.869029999999999927e+04 2.596598082548889040e-03
1.869359999999999854e+04 2.943878978217754228e-03
1.869690000000000146e+04 3.285821278285275000e-03
1.870020000000000073e+04 3.533005990632494524e-03
1.870350000000000000e+04 3.767821949418591679e-03
1.870679999999999927e+04 4.091046316414797233e-03
1.871000000000000000e+04 4.491950270530685289e-03
1.871329999999999927e+04 4.813454305010375460e-03
1.871659999999999854e+04 5.105808472278278859e-03
1.871990000000000146e+04 5.402720739011095119e-03
1.872320000000000073e+04 5.694912362003133090e-03
1.872650000000000000e+04 6.007939807375232109e-03
1.872979999999999927e+04 6.275964251957087334e-03
1.873309999999999854e+04 6.596658689571821554e-03
1.873640000000000146e+04 6.893838823073439488e-03
1.873970000000000073e+04 7.245614368549368155e-03
1.874300000000000000e+04 7.448776761022337864e-03
1.874629999999999927e+04 7.779253122962210588e-03
1.874959999999999854e+04 7.970960511306511911e-03
1.875290000000000146e+04 8.167059141653490104e-03
1.875620000000000073e+04 8.360942080989263586e-03
1.875950000000000000e+04 8.635978679587551915e-03
1.876279999999999927e+04 8.885006155128492497e-03
1.876609999999999854e+04 9.133512904484690151e-03
1.876940000000000146e+04 9.356375947685452790e-03
1.877270000000000073e+04 9.610312256614635118e-03
1.877590000000000146e+04 9.942090518995092344e-03
1.877920000000000073e+04 1.015167516078218334e-02
1.878250000000000000e+04 1.045207547164106639e-02
1.878579999999999927e+04 1.074305627909214952e-02
1.878909999999999854e+04 1.108559392385137683e-02
1.879240000000000146e+04 1.144806975952501402e-02
1.879570000000000073e+04 1.183965396124667807e-02
1.879900000000000000e+04 1.225104502478968800e-02
1.880229999999999927e+04 1.268205607092233629e-02
1.880559999999999854e+04 1.313298546080011835e-02
1.880890000000000146e+04 1.353864268139539501e-02
1.881220000000000073e+04 1.397878534988418464e-02
1.881550000000000000e+04 1.444519585583247875e-02
1.881879999999999927e+04 1.489208378747973113e-02
1.882209999999999854e+04 1.535639375982547281e-02
1.882540000000000146e+04 1.581549789020051180e-02
1.882870000000000073e+04 1.628722996629628980e-02
1.883200000000000000e+04 1.674457989474369482e-02
1.883529999999999927e+04 1.720848121691536531e-02
1.883859999999999854e+04 1.767815819673281691e-02
1.884179999999999927e+04 1.814882511732097622e-02
1.884509999999999854e+04 1.861488801976113674e-02
1.884840000000000146e+04 1.904265030655732244e-02
1.885170000000000073e+04 1.946643059833740377e-02
1.885500000000000000e+04 1.989022770885967226e-02
1.885829999999999927e+04 2.028581534960631483e-02
1.886159999999999854e+04 2.067159810689862820e-02
1.886490000000000146e+04 2.118750992763065652e-02
1.886820000000000073e+04 2.171934612810556484e-02
1.887150000000000000e+04 2.216883172030335858e-02
1.887479999999999927e+04 2.252620742621284228e-02
1.887809999999999854e+04 2.296047154280323951e-02
1.888140000000000146e+04 2.344842959011778430e-02
1.888470000000000073e+04 2.393410476864180417e-02
1.888800000000000000e+04 2.440798756415903797e-02
1.889129999999999927e+04 2.487255599099192152e-02
1.889459999999999854e+04 2.540284891880787571e-02
1.889790000000000146e+04 2.589324019214021833e-02
1.890120000000000073e+04 2.640132239081737636e-02
1.890440000000000146e+04 2.684407574062944515e-02
1.890770000000000073e+04 2.746188552891673865e-02
1.891100000000000000e+04 2.795134230155994770e-02
1.891429999999999927e+04 2.857624838276263610e-02
1.891759999999999854e+04 2.918773362095957932e-02
1.892090000000000146e+04 2.980604692097887573e-02
1.892420000000000073e+04 3.037998310512286457e-02
1.892750000000000000e+04 3.095769736571304595e-02
1.893079999999999927e+04 3.155056857872542975e-02
1.893409999999999854e+04 3.215909004865671189e-02
1.893740000000000146e+04 3.274435947549281939e-02
1.894070000000000073e+04 3.323814309569926573e-02
1.894400000000000000e+04 3.383603971579666331e-02
1.894729999999999927e+04 3.437002935956426364e-02
1.895059999999999854e+04 3.490556001522618357e-02
1.895390000000000146e+04 3.541373194496484633e-02
1.895720000000000073e+04 3.588379179434096622e-02
1.896050000000000000e+04 3.635261989431493035e-02
1.896379999999999927e+04 3.678878212443512791e-02
1.896709999999999854e+04 3.720561888296190084e-02
1.897029999999999927e+04 3.757616357374736482e-02
1.897359999999999854e+04 3.796042691426099874e-02
1.897690000000000146e+04 3.836979757808049035e-02
1.898020000000000073e+04 3.873035252773691234e-02
1.898350000000000000e+04 3.910107508099727736e-02
1.898679999999999927e+04 3.945980191523249664e-02
1.899009999999999854e+04 3.983496096070899412e-02
1.899340000000000146e+04 4.018402181468577750e-02
1.899670000000000073e+04 4.051404886615061346e-02
1.900000000000000000e+04 4.086123448866282176e-02
1.900329999999999927e+04 4.117736951690283836e-02
1.900659999999999854e+04 4.150245163344738752e-02
1.900990000000000146e+04 4.178850961306623119e-02
1.901320000000000073e+04 4.206232367565537061e-02
1.901650000000000000e+04 4.233892786887313853e-02
1.901979999999999927e+04 4.262542711956296415e-02
1.902309999999999854e+04 4.289765038281560805e-02
1.902640000000000146e+04 4.317708522385595854e-02
1.902970000000000073e+04 4.337988593048028307e-02
1.903290000000000146e+04 4.358108279664489604e-02
1.903620000000000073e+04 4.378032322948419847e-02
1.903950000000000000e+04 4.397198433533566764e-02
1.904279999999999927e+04 4.418508359130949442e-02
1.904609999999999854e+04 4.436944035022691996e-02
1.904940000000000146e+04 4.456553989261434479e-02
1.905270000000000073e+04 4.474996018110469209e-02
1.905600000000000000e+04 4.489529812983768242e-02
1.905929999999999927e+04 4.502726061162647814e-02
1.906259999999999854e+04 4.514536631324220922e-02
1.906590000000000146e+04 4.526468529626870296e-02
1.906920000000000073e+04 4.535898871237784707e-02
1.907250000000000000e+04 4.542313770394943578e-02
1.907579999999999927e+04 4.550737651026711544e-02
1.907909999999999854e+04 4.557751018999944836e-02
1.908240000000000146e+04 4.566535923823857729e-02
1.908570000000000073e+04 4.572652408073999558e-02
1.908900000000000000e+04 4.575168612251211825e-02
1.909229999999999927e+04 4.578362643556996986e-02
1.909559999999999854e+04 4.580897667665751599e-02
1.909879999999999927e+04 4.582535224216231079e-02
1.910209999999999854e+04 4.580022336075548206e-02
1.910540000000000146e+04 4.581113541903560071e-02
1.910870000000000073e+04 4.582341677480043091e-02
1.911200000000000000e+04 4.579075393581034242e-02
1.911529999999999927e+04 4.576263061622203032e-02
1.911859999999999854e+04 4.566614126204088936e-02
1.912190000000000146e+04 4.559612343043800697e-02
1.912520000000000073e+04 4.548150146013043432e-02
1.912850000000000000e+04 4.535198685042238220e-02
1.913179999999999927e+04 4.523887061923483055e-02
1.913509999999999854e+04 4.514297479714429739e-02
1.913840000000000146e+04 4.502088768622861809e-02
1.914170000000000073e+04 4.483581982080379891e-02
1.914500000000000000e+04 4.469831676965480005e-02
1.914829999999999927e+04 4.451953096541601262e-02
1.915159999999999854e+04 4.436891063885893549e-02
1.915490000000000146e+04 4.417602684912267513e-02
1.915820000000000073e+04 4.397233262725604858e-02
1.916140000000000146e+04 4.380853236010905788e-02
1.916470000000000073e+04 4.360033580258922126e-02
1.916800000000000000e+04 4.341139443184107577e-02
1.917129999999999927e+04 4.317890466003512090e-02
1.917459999999999854e+04 4.295969258553113124e-02
1.917790000000000146e+04 4.271426820279937420e-02
1.918120000000000073e+04 4.246638887600163309e-02
1.918450000000000000e+04 4.221041655997954944e-02
1.918779999999999927e+04 4.193124376172897849e-02
1.919109999999999854e+04 4.165254518722823207e-02
1.919440000000000146e+04 4.140956290832516901e-02
1.919770000000000073e+04 4.115341733349923981e-02
1.920100000000000000e+04 4.087720518034519690e-02
1.920429999999999927e+04 4.059138012036506843e-02
1.920759999999999854e+04 4.028827359692962323e-02
1.921090000000000146e+04 3.997525626232153323e-02
1.921420000000000073e+04 3.965095707620079624e-02
1.921750000000000000e+04 3.933205231343405578e-02
1.922079999999999927e+04 3.901838873264661112e-02
1.922409999999999854e+04 3.869027541973615869e-02
1.922729999999999927e+04 3.834601426537283253e-02
1.923059999999999854e+04 3.799491170773486998e-02
1.923390000000000146e+04 3.768202715317816448e-02
1.923720000000000073e+04 3.735590519115900704e-02
1.924050000000000000e+04 3.697614721006872024e-02
1.924379999999999927e+04 3.660429184888661786e-02
1.924709999999999854e+04 3.624866383063771874e-02
1.925040000000000146e+04 3.586402051114840478e-02
1.925370000000000073e+04 3.546928092260537985e-02
1.925700000000000000e+04 3.509873050130415950e-02
1.926029999999999927e+04 3.469876152426872723e-02
1.926359999999999854e+04 3.430306363076986859e-02
1.926690000000000146e+04 3.392986811236805428e-02
1.927020000000000073e+04 3.351219157021358835e-02
1.927350000000000000e+04 3.310169671595677293e-02
1.927679999999999927e+04 3.271120001224957913e-02
1.928009999999999854e+04 3.231069702545910638e-02
1.928340000000000146e+04 3.192453172146837020e-02
1.928670000000000073e+04 3.151592738171000302e-02
1.929000000000000000e+04 3.111206372048054211e-02
1.929320000000000073e+04 3.072699685277355611e-02
1.929650000000000000e+04 3.031983018119622023e-02
1.929979999999999927e+04 2.991993120970426120e-02
1.930309999999999854e+04 2.952582562295696586e-02
1.930640000000000146e+04 2.915140467343556654e-02
1.930970000000000073e+04 2.877061622715531772e-02
1.931300000000000000e+04 2.838705523076590770e-02
1.931629999999999927e+04 2.796142399259653882e-02
1.931959999999999854e+04 2.756714428593313657e-02
1.932290000000000146e+04 2.715682697200048901e-02
1.932620000000000073e+04 2.673038348434673278e-02
1.932950000000000000e+04 2.632901953193891517e-02
1.933279999999999927e+04 2.591493864717844126e-02
1.933609999999999854e+04 2.553356269732034306e-02
1.933940000000000146e+04 2.513217273532338675e-02
1.934270000000000073e+04 2.474874489063413549e-02
1.934600000000000000e+04 2.435663879945220225e-02
1.934929999999999927e+04 2.396400693444111427e-02
1.935259999999999854e+04 2.357299223258835577e-02
1.935579999999999927e+04 2.318913211963990681e-02
1.935909999999999854e+04 2.278175127966731300e-02
1.936240000000000146e+04 2.238120812883549401e-02
1.936570000000000073e+04 2.199223529935037322e-02
1.936900000000000000e+04 2.161972055003960266e-02
1.937229999999999927e+04 2.122709938356214660e-02
1.937559999999999854e+04 2.084594709959176895e-02
1.937890000000000146e+04 2.046729063989451494e-02
1.938220000000000073e+04 2.008793292047547641e-02
1.938550000000000000e+04 1.972328840156477997e-02
1.938879999999999927e+04 1.936251768549355698e-02
1.939209999999999854e+04 1.900102156479042612e-02
1.939540000000000146e+04 1.864084718680019542e-02
1.939870000000000073e+04 1.827616756246942462e-02
1.940200000000000000e+04 1.790406902139863449e-02
1.940529999999999927e+04 1.757050587461088040e-02
1.940859999999999854e+04 1.723423358143122419e-02
1.941190000000000146e+04 1.686028719510324764e-02
1.941520000000000073e+04 1.653052990668213082e-02
1.941850000000000000e+04 1.618926594309027384e-02
1.942170000000000073e+04 1.583068262798020126e-02
1.942500000000000000e+04 1.549624547847432837e-02
1.942829999999999927e+04 1.515891299058124732e-02
1.943159999999999854e+04 1.483283408307049279e-02
1.943490000000000146e+04 1.450318341698928620e-02
1.943820000000000073e+04 1.417409784741281882e-02
1.944150000000000000e+04 1.383859403058971399e-02
1.944479999999999927e+04 1.351638945888906929e-02
1.944809999999999854e+04 1.320391600992615495e-02
1.945140000000000146e+04 1.288807720394085157e-02
1.945470000000000073e+04 1.258078077614453033e-02
1.945800000000000000e+04 1.229065734609045661e-02
1.946129999999999927e+04 1.200511656918379008e-02
1.946459999999999854e+04 1.170644854851009276e-02
1.946790000000000146e+04 1.140292194962262001e-02
1.947120000000000073e+04 1.111157022605662251e-02
1.947450000000000000e+04 1.080103028881508782e-02
1.947779999999999927e+04 1.051349344849383631e-02
1.948109999999999854e+04 1.022154069514332082e-02
1.948429999999999927e+04 9.929959271690587050e-03
1.948759999999999854e+04 9.668690453776688717e-03
1.949090000000000146e+04 9.418170058311728723e-03
1.949420000000000073e+04 9.136651577629995025e-03
1.949750000000000000e+04 8.867201617889250084e-03
1.950079999999999927e+04 8.579666201193617003e-03
1.950409999999999854e+04 8.297804660179977296e-03
1.950740000000000146e+04 8.033928952388623770e-03
1.951070000000000073e+04 7.758612734584754804e-03
1.951400000000000000e+04 7.482318944029223672e-03
1.951729999999999927e+04 7.202716397523932675e-03
1.952059999999999854e+04 6.922472050992112269e-03
1.952390000000000146e+04 6.685639265074119937e-03
1.952720000000000073e+04 6.433112950939066585e-03
1.953050000000000000e+04 6.186918377999635517e-03
1.953379999999999927e+04 5.931687145727317090e-03
1.953709999999999854e+04 5.704409096833952010e-03
1.954040000000000146e+04 5.465840633655860009e-03
1.954370000000000073e+04 5.214875748469767827e-03
1.954700000000000000e+04 4.972710152347825305e-03
1.955020000000000073e+04 4.724402841824818129e-03
1.955350000000000000e+04 4.491999290283346831e-03
1.955679999999999927e+04 4.259651466477618401e-03
1.956009999999999854e+04 4.033952675196540542e-03
1.956340000000000146e+04 3.787519218916971832e-03
1.956670000000000073e+04 3.570058183275580128e-03
1.957000000000000000e+04 3.356256624539410375e-03
1.957329999999999927e+04 3.131885286184910456e-03
1.957659999999999854e+04 2.921707991866391487e-03
1.957990000000000146e+04 2.702756730692530522e-03
1.958320000000000073e+04 2.496723767255288988e-03
1.958650000000000000e+04 2.275861342675292338e-03
1.958979999999999927e+04 2.089031563015978331e-03
1.959309999999999854e+04 1.899452898453556169e-03
1.959640000000000146e+04 1.688483787736180927e-03
1.959970000000000073e+04 1.511521289936441220e-03
1.960300000000000000e+04 1.321813786718876700e-03
1.960629999999999927e+04 1.122890379828062101e-03
1.960959999999999854e+04 9.216681204599077269e-04
1.961290000000000146e+04 7.256073225511129555e-04
1.961609999999999854e+04 5.406760800483175009e-04
1.961940000000000146e+04 3.719891957320197633e-04
1.962270000000000073e+04 1.605598941862632610e-04
1.962600000000000000e+04 -3.360229927227792002e-05
1.962929999999999927e+04 -2.221566488722389991e-04
1.963259999999999854e+04 -3.731874820847309437e-04
1.963590000000000146e+04 -5.209645987778007336e-04
1.963920000000000073e+04 -7.281752880302207274e-04
1.964250000000000000e+04 -8.850304250181487966e-04
1.964579999999999927e+04 -1.055697611454437619e-03
1.964909999999999854e+04 -1.255130744679618235e-03
1.965240000000000146e+04 -1.454035379939129426e-03
1.965570000000000073e+04 -1.653887563861479362e-03
1.965900000000000000e+04 -1.799794297782920461e-03
1.966229999999999927e+04 -1.934873122552696655e-03
1.966559999999999854e+04 -2.064057963786222055e-03
1.966890000000000146e+04 -2.206948810435926077e-03
1.967220000000000073e+04 -2.376212117852125136e-03
1.967550000000000000e+04 -2.516221475175031176e-03
1.967870000000000073e+04 -2.668296553486097789e-03
1.968200000000000000e+04 -2.763114462450921849e-03
1.968529999999999927e+04 -2.871569114536425948e-03
1.968859999999999854e+04 -2.986008992222889853e-03
1.969190000000000146e+04 -3.088532488312771898e-03
1.969520000000000073e+04 -3.229883350385076655e-03
1.969850000000000000e+04 -3.330667810507555431e-03
1.970179999999999927e+04 -3.432570045280754212e-03
1.970509999999999854e+04 -3.579803850294655757e-03
1.970840000000000146e+04 -3.726936362292265336e-03
1.971170000000000073e+04 -3.876651006785740861e-03
1.971500000000000000e+04 -3.989589861114116627e-03
1.971829999999999927e+04 -4.136959443883001485e-03
1.972159999999999854e+04 -4.197432043722248984e-03
1.972490000000000146e+04 -4.263747421690005854e-03
1.972820000000000073e+04 -4.375798427785875487e-03
1.973150000000000000e+04 -4.508374829258748363e-03
1.973479999999999927e+04 -4.635092011338756701e-03
1.973809999999999854e+04 -4.758680419888016225e-03
1.974140000000000146e+04 -4.882441867633647604e-03
1.974459999999999854e+04 -5.014779860358952075e-03
1.974790000000000146e+04 -5.096119097009950069e-03
1.975120000000000073e+04 -5.153909507450908471e-03
1.975450000000000000e+04 -5.232008331021146923e-03
1.975779999999999927e+04 -5.297562900534982105e-03
1.976109999999999854e+04 -5.370990618612923873e-03
1.976440000000000146e+04 -5.473827390950228473e-03
1.976770000000000073e+04 -5.587674283680605855e-03
1.977100000000000000e+04 -5.696004738748153967e-03
1.977429999999999927e+04 -5.772409141842495262e-03
1.977759999999999854e+04 -5.868773048286192624e-03
1.978090000000000146e+04 -5.972386678084457175e-03
1.978420000000000073e+04 -6.091937714822535758e-03
1.978750000000000000e+04 -6.136791165769708671e-03
1.979079999999999927e+04 -6.260734960846676966e-03
1.979409999999999854e+04 -6.312460352265212432e-03
1.979740000000000146e+04 -6.372934044493983388e-03
1.980070000000000073e+04 -6.477755460413799939e-03
1.980400000000000000e+04 -6.528085840124214431e-03
1.980720000000000073e+04 -6.605061083777120402e-03
1.981050000000000000e+04 -6.627857961025193471e-03
1.981379999999999927e+04 -6.628506358332892159e-03
1.981709999999999854e+04 -6.694335028349141653e-03
1.982040000000000146e+04 -6.702285200060473062e-03
1.982370000000000073e+04 -6.738767461978460369e-03
1.982700000000000000e+04 -6.800459187055780605e-03
1.983029999999999927e+04 -6.848844617515904495e-03
1.983359999999999854e+04 -6.860760390610265089e-03
1.983690000000000146e+04 -6.872168913627800697e-03
1.984020000000000073e+04 -6.879043679305691175e-03
1.984350000000000000e+04 -6.915117116272915046e-03
1.984679999999999927e+04 -6.950910393926394357e-03
1.985009999999999854e+04 -7.008965938004049247e-03
1.985340000000000146e+04 -7.077545983820307529e-03
1.985670000000000073e+04 -7.173332227835503214e-03
1.986000000000000000e+04 -7.224445904125278463e-03
1.986329999999999927e+04 -7.318964737789028507e-03
1.986659999999999854e+04 -7.370182185453746405e-03
1.986990000000000146e+04 -7.371226790053061854e-03
1.987309999999999854e+04 -7.355356968355591420e-03
1.987640000000000146e+04 -7.358487146287383610e-03
1.987970000000000073e+04 -7.416681180302290947e-03
1.988300000000000000e+04 -7.395099842964002017e-03
1.988629999999999927e+04 -7.484720999608489994e-03
1.988959999999999854e+04 -7.586933164124987604e-03
1.989290000000000146e+04 -7.601232202473769822e-03
1.989620000000000073e+04 -7.570736309571805475e-03
1.989950000000000000e+04 -7.544801857125490660e-03
1.990279999999999927e+04 -7.522696244081712030e-03
1.990609999999999854e+04 -7.511735353011147510e-03
1.990940000000000146e+04 -7.488228098265101336e-03
1.991270000000000073e+04 -7.537790551750246128e-03
1.991600000000000000e+04 -7.539945019546754126e-03
1.991929999999999927e+04 -7.568464336662029425e-03
1.992259999999999854e+04 -7.588338631007440771e-03
1.992590000000000146e+04 -7.597538039724880538e-03
