1.716800000000000000e+04 4.053544782699905827e-04
1.717129999999999927e+04 4.186570635415590180e-04
1.717459999999999854e+04 4.292596368955763487e-04
1.717790000000000146e+04 4.237960797286029441e-04
1.718120000000000073e+04 4.299317177125521914e-04
1.718450000000000000e+04 4.443957016532654267e-04
1.718779999999999927e+04 4.518867632914640273e-04
1.719109999999999854e+04 4.574576828140093079e-04
1.719440000000000146e+04 4.702266224945925144e-04
1.719770000000000073e+04 4.814336508143429792e-04
1.720100000000000000e+04 4.838397648171497843e-04
1.720429999999999927e+04 4.857678897719424987e-04
1.720759999999999854e+04 4.930640061827348602e-04
1.721090000000000146e+04 4.983183745646592184e-04
1.721420000000000073e+04 4.915766460699455597e-04
1.721750000000000000e+04 4.911556365357738069e-04
1.722079999999999927e+04 5.030617770969139039e-04
1.722409999999999854e+04 4.979841253028613295e-04
1.722729999999999927e+04 5.132655456243874134e-04
1.723059999999999854e+04 5.015788801106325131e-04
1.723390000000000146e+04 4.998488082789910494e-04
1.723720000000000073e+04 5.117213606195470570e-04
1.724050000000000000e+04 5.302073271557848719e-04
1.724379999999999927e+04 5.333513184063681627e-04
1.724709999999999854e+04 5.344262054859651124e-04
1.725040000000000146e+04 5.291618468322379027e-04
1.725370000000000073e+04 5.320671315214658102e-04
1.725700000000000000e+04 5.445684374975199226e-04
1.726029999999999927e+04 5.481573996285892978e-04
1.726359999999999854e+04 5.476742643052050566e-04
1.726690000000000146e+04 5.572231580771790874e-04
1.727020000000000073e+04 5.454400686732229333e-04
1.727350000000000000e+04 5.470261501690833758e-04
1.727679999999999927e+04 5.413382588075983312e-04
1.728009999999999854e+04 5.505680394841942120e-04
1.728340000000000146e+04 5.561250425079231584e-04
1.728670000000000073e+04 5.541712452145477813e-04
1.729000000000000000e+04 5.562939015690281140e-04
1.729320000000000073e+04 5.638657032000324743e-04
1.729650000000000000e+04 5.687772496798508158e-04
1.729979999999999927e+04 5.698598725789844706e-04
1.730309999999999854e+04 5.532317045593950411e-04
1.730640000000000146e+04 5.506877968907162918e-04
1.730970000000000073e+04 5.527714560349101082e-04
1.731300000000000000e+04 5.661149485029350970e-04
1.731629999999999927e+04 5.727373732710372639e-04
1.731959999999999854e+04 5.707566165204012000e-04
1.732290000000000146e+04 5.773978805535669124e-04
1.732620000000000073e+04 5.850199854078205449e-04
1.732950000000000000e+04 5.869262360998242457e-04
1.733279999999999927e+04 5.943472756673763568e-04
1.733609999999999854e+04 5.964066047222517201e-04
1.733940000000000146e+04 5.956899057592571428e-04
1.734270000000000073e+04 6.012670316514675270e-04
1.734600000000000000e+04 6.092260415199533125e-04
1.734929999999999927e+04 6.182634216794974987e-04
1.735259999999999854e+04 6.242054172801551632e-04
1.735579999999999927e+04 6.205469269598244686e-04
1.735909999999999854e+04 6.134547777755445293e-04
1.736240000000000146e+04 6.153063508731364609e-04
1.736570000000000073e+04 6.147290386764410128e-04
1.736900000000000000e+04 6.134832271729192101e-04
1.737229999999999927e+04 6.086200968540219107e-04
1.737559999999999854e+04 6.107328145770206428e-04
1.737890000000000146e+04 6.161858776096850072e-04
1.738220000000000073e+04 6.234297080331942459e-04
1.738550000000000000e+04 6.199721377364188343e-04
1.738879999999999927e+04 6.206317843199015208e-04
1.739209999999999854e+04 6.190587553994336733e-04
1.739540000000000146e+04 6.341325962156300683e-04
1.739870000000000073e+04 6.453469573447433941e-04
1.740200000000000000e+04 6.434524828486626151e-04
1.740529999999999927e+04 6.383948080664280343e-04
1.740859999999999854e+04 6.412540292728911417e-04
1.741190000000000146e+04 6.461578562431335385e-04
1.741520000000000073e+04 6.578608541404014397e-04
1.741850000000000000e+04 6.635958567366460415e-04
1.742170000000000073e+04 6.711660173180309654e-04
1.742500000000000000e+04 6.668002502394557293e-04
1.742829999999999927e+04 6.582788012164367177e-04
1.743159999999999854e+04 6.599104766379624860e-04
1.743490000000000146e+04 6.701522156021059691e-04
1.743820000000000073e+04 6.671554196467466107e-04
1.744150000000000000e+04 6.806366605368807058e-04
1.744479999999999927e+04 6.778410729130445161e-04
1.744809999999999854e+04 6.804829939329442440e-04
1.745140000000000146e+04 6.872106886286455905e-04
1.745470000000000073e+04 6.910586872109699156e-04
1.745800000000000000e+04 6.864769913724232727e-04
1.746129999999999927e+04 6.826614292720792430e-04
1.746459999999999854e+04 6.811085996675004823e-04
1.746790000000000146e+04 6.822233512696391665e-04
1.747120000000000073e+04 6.791433630962406820e-04
1.747450000000000000e+04 6.779266948582623195e-04
1.747779999999999927e+04 6.764385860133773814e-04
1.748109999999999854e+04 6.735333265394485066e-04
1.748429999999999927e+04 6.723811653821389718e-04
1.748759999999999854e+04 6.634987586245333054e-04
1.749090000000000146e+04 6.587376896836265663e-04
1.749420000000000073e+04 6.576580446152772768e-04
1.749750000000000000e+04 6.552852609652274262e-04
1.750079999999999927e+04 6.505529608891954564e-04
1.750409999999999854e+04 6.489363156498279125e-04
1.750740000000000146e+04 6.499953555701092718e-04
1.751070000000000073e+04 6.427980864150593335e-04
1.751400000000000000e+04 6.348011936951172872e-04
1.751729999999999927e+04 6.278044701532135971e-04
1.752059999999999854e+04 6.231749402645225941e-04
1.752390000000000146e+04 6.222900564899442937e-04
1.752720000000000073e+04 6.152626164003284492e-04
1.753050000000000000e+04 6.102784690304994576e-04
1.753379999999999927e+04 6.059528980799963171e-04
1.753709999999999854e+04 6.032578773747161206e-04
1.754040000000000146e+04 5.961161012904274848e-04
1.754370000000000073e+04 5.922988863020157198e-04
1.754700000000000000e+04 5.894336955677801238e-04
1.755020000000000073e+04 5.821738071133859566e-04
1.755350000000000000e+04 5.846041954246839921e-04
1.755679999999999927e+04 5.925172212601754161e-04
1.756009999999999854e+04 5.877970991440025069e-04
1.756340000000000146e+04 5.826037239617891774e-04
1.756670000000000073e+04 5.732123591574126049e-04
1.757000000000000000e+04 5.700557887942989512e-04
1.757329999999999927e+04 5.664493345403285012e-04
1.757659999999999854e+04 5.573599460949327580e-04
1.757990000000000146e+04 5.543666447765307082e-04
1.758320000000000073e+04 5.506403484192202600e-04
1.758650000000000000e+04 5.499663537398246900e-04
1.758979999999999927e+04 5.481387048710826063e-04
1.759309999999999854e+04 5.464718140583695212e-04
1.759640000000000146e+04 5.469866410307273712e-04
1.759970000000000073e+04 5.355372836150974368e-04
1.760300000000000000e+04 5.367091638957623189e-04
1.760629999999999927e+04 5.266673477948198307e-04
1.760959999999999854e+04 5.249694709768327507e-04
1.761290000000000146e+04 5.161264628758139563e-04
1.761609999999999854e+04 5.069092950067063952e-04
1.761940000000000146e+04 5.056350743214185327e-04
1.762270000000000073e+04 5.093874393797915906e-04
1.762600000000000000e+04 5.121285369405427414e-04
1.762929999999999927e+04 5.147925285460830131e-04
1.763259999999999854e+04 5.174639091802594147e-04
1.763590000000000146e+04 5.164913494138581975e-04
1.763920000000000073e+04 5.100685403052715753e-04
1.764250000000000000e+04 5.050348613343646348e-04
1.764579999999999927e+04 4.981750766161530987e-04
1.764909999999999854e+04 4.987113866099819734e-04
1.765240000000000146e+04 5.002624563604005483e-04
1.765570000000000073e+04 5.082944592246002504e-04
1.765900000000000000e+04 5.118013708230135595e-04
1.766229999999999927e+04 5.070762553833632960e-04
1.766559999999999854e+04 5.056276583913145873e-04
1.766890000000000146e+04 5.020668673271523868e-04
1.767220000000000073e+04 5.038203770957018707e-04
1.767550000000000000e+04 4.998428041438891887e-04
1.767870000000000073e+04 4.998182954640108602e-04
1.768200000000000000e+04 4.968982019201255429e-04
1.768529999999999927e+04 4.967034984883596715e-04
1.768859999999999854e+04 4.949941137494672135e-04
1.769190000000000146e+04 4.940248252397652206e-04
1.769520000000000073e+04 4.943381054776891737e-04
1.769850000000000000e+04 4.906606407695242138e-04
1.770179999999999927e+04 4.922281804766010481e-04
1.770509999999999854e+04 4.939548267087749038e-04
1.770840000000000146e+04 4.914408335816623525e-04
1.771170000000000073e+04 4.937301893214744632e-04
1.771500000000000000e+04 4.969271568378988771e-04
1.771829999999999927e+04 4.893933089364277313e-04
1.772159999999999854e+04 4.833858530963416368e-04
1.772490000000000146e+04 4.806517922039718724e-04
1.772820000000000073e+04 4.757300872231257495e-04
1.773150000000000000e+04 4.845168566718794788e-04
1.773479999999999927e+04 4.847947143987821903e-04
1.773809999999999854e+04 4.788012952366278957e-04
1.774140000000000146e+04 4.787000082536939328e-04
1.774459999999999854e+04 4.724228749738706035e-04
1.774790000000000146e+04 4.690204993255347012e-04
1.775120000000000073e+04 4.599750041600920839e-04
1.775450000000000000e+04 4.566827424948199433e-04
1.775779999999999927e+04 4.572569909379841356e-04
1.776109999999999854e+04 4.512202584128665239e-04
1.776440000000000146e+04 4.534377854527282510e-04
1.776770000000000073e+04 4.510111360841000659e-04
1.777100000000000000e+04 4.551708743662780240e-04
1.777429999999999927e+04 4.534447064734447447e-04
1.777759999999999854e+04 4.529505239308104442e-04
1.778090000000000146e+04 4.483740709770549357e-04
1.778420000000000073e+04 4.411670039050334278e-04
1.778750000000000000e+04 4.358193847620468178e-04
1.779079999999999927e+04 4.281391569300733893e-04
1.779409999999999854e+04 4.280703775370491081e-04
1.779740000000000146e+04 4.290788536853793866e-04
1.780070000000000073e+04 4.339817412560924271e-04
1.780400000000000000e+04 4.358493385571008999e-04
1.780720000000000073e+04 4.358384622970051716e-04
1.781050000000000000e+04 4.446052906714305993e-04
1.781379999999999927e+04 4.459562154937083377e-04
1.781709999999999854e+04 4.497144263244623160e-04
1.782040000000000146e+04 4.440956754413536551e-04
1.782370000000000073e+04 4.393792409104250681e-04
1.782700000000000000e+04 4.381971023712010675e-04
1.783029999999999927e+04 4.367262665088179636e-04
1.783359999999999854e+04 4.377459120716440852e-04
1.783690000000000146e+04 4.330301565912556883e-04
1.784020000000000073e+04 4.323454896072758324e-04
1.784350000000000000e+04 4.268491866186087825e-04
1.784679999999999927e+04 4.253660480029302911e-04
1.785009999999999854e+04 4.233416162133747445e-04
1.785340000000000146e+04 4.225779313901909277e-04
1.785670000000000073e+04 4.211077853903123476e-04
1.786000000000000000e+04 4.233117970442420758e-04
1.786329999999999927e+04 4.186592344661843059e-04
1.786659999999999854e+04 4.169536311215970583e-04
1.786990000000000146e+04 4.155202098682224702e-04
1.787309999999999854e+04 4.180440651349350001e-04
1.787640000000000146e+04 4.142059003275691802e-04
1.787970000000000073e+04 4.099703999515287166e-04
1.788300000000000000e+04 4.095223595691671928e-04
1.788629999999999927e+04 4.040257036019354714e-04
1.788959999999999854e+04 4.022594976724787200e-04
1.789290000000000146e+04 4.029716928431970003e-04
1.789620000000000073e+04 3.963990348428707462e-04
1.789950000000000000e+04 3.976124467862118556e-04
1.790279999999999927e+04 3.947284585718585518e-04
1.790609999999999854e+04 3.927296213024726048e-04
1.790940000000000146e+04 3.915717498606278643e-04
1.791270000000000073e+04 3.925323766857405036e-04
1.791600000000000000e+04 3.912590358587659644e-04
1.791929999999999927e+04 3.895531499204296427e-04
1.792259999999999854e+04 3.904027655096134692e-04
1.792590000000000146e+04 3.848984383737309787e-04
1.792920000000000073e+04 3.772641397776284756e-04
1.793250000000000000e+04 3.701715635026469730e-04
1.793570000000000073e+04 3.613471657789113045e-04
1.793900000000000000e+04 3.553413527317438904e-04
1.794229999999999927e+04 3.435337481946454862e-04
1.794559999999999854e+04 3.435165927691581763e-04
1.794890000000000146e+04 3.425971574469428393e-04
1.795220000000000073e+04 3.401861331359447315e-04
1.795550000000000000e+04 3.361413399438246963e-04
1.795879999999999927e+04 3.256204903734495723e-04
1.796209999999999854e+04 3.141182797934078470e-04
1.796540000000000146e+04 3.054519802080868851e-04
1.796870000000000073e+04 3.002557806696504834e-04
1.797200000000000000e+04 2.969346963981894945e-04
1.797529999999999927e+04 2.897797233907565217e-04
1.797859999999999854e+04 2.804439578309075366e-04
1.798190000000000146e+04 2.725754749459416231e-04
1.798520000000000073e+04 2.715257885110560366e-04
1.798850000000000000e+04 2.644717457978802222e-04
1.799179999999999927e+04 2.608752596415760735e-04
1.799509999999999854e+04 2.599965750561986999e-04
1.799840000000000146e+04 2.595514748869821777e-04
1.800159999999999854e+04 2.530271256407218543e-04
1.800490000000000146e+04 2.531724318684909145e-04
1.800820000000000073e+04 2.556414685625827505e-04
1.801150000000000000e+04 2.571086742984216565e-04
1.801479999999999927e+04 2.471363108682566060e-04
1.801809999999999854e+04 2.430600721985784625e-04
1.802140000000000146e+04 2.448376839070407819e-04
1.802470000000000073e+04 2.416285814512068419e-04
1.802800000000000000e+04 2.452877268303734056e-04
1.803129999999999927e+04 2.437581573191736992e-04
1.803459999999999854e+04 2.328556450134064480e-04
1.803790000000000146e+04 2.226630726766749054e-04
1.804120000000000073e+04 2.238826419904010347e-04
1.804450000000000000e+04 2.223767711741858025e-04
1.804779999999999927e+04 2.209852852199575824e-04
1.805109999999999854e+04 2.214436985445393112e-04
1.805440000000000146e+04 2.186575348934408232e-04
1.805770000000000073e+04 2.081972317302209215e-04
1.806100000000000000e+04 2.051113422033521165e-04
1.806429999999999927e+04 2.002549943011473549e-04
1.806750000000000000e+04 1.984475158049630922e-04
1.807079999999999927e+04 1.921299277247205618e-04
1.807409999999999854e+04 1.872497090797151467e-04
1.807740000000000146e+04 1.815100303040401359e-04
1.808070000000000073e+04 1.837330418640091101e-04
1.808400000000000000e+04 1.759818110569692741e-04
1.808729999999999927e+04 1.702942750585366362e-04
1.809059999999999854e+04 1.715507184920447186e-04
1.809390000000000146e+04 1.741957473655517780e-04
1.809720000000000073e+04 1.735565997930805214e-04
1.810050000000000000e+04 1.817194517423130170e-04
1.810379999999999927e+04 1.770472572278052189e-04
1.810709999999999854e+04 1.811586816369974184e-04
1.811040000000000146e+04 1.833329566287929442e-04
1.811370000000000073e+04 1.741474808999851284e-04
1.811700000000000000e+04 1.697420728123361186e-04
1.812029999999999927e+04 1.667141284429556969e-04
1.812359999999999854e+04 1.676318640197122574e-04
1.812690000000000146e+04 1.685043430303059678e-04
1.813009999999999854e+04 1.559335227918052884e-04
1.813340000000000146e+04 1.497890793607393328e-04
1.813670000000000073e+04 1.480583507445491114e-04
1.814000000000000000e+04 1.416862723724473486e-04
1.814329999999999927e+04 1.378879669776415979e-04
1.814659999999999854e+04 1.363106248575270227e-04
1.814990000000000146e+04 1.251213838245451826e-04
1.815320000000000073e+04 1.179215911652663548e-04
1.815650000000000000e+04 1.146137598486511442e-04
1.815979999999999927e+04 1.046678592360211389e-04
1.816309999999999854e+04 9.428532554771872911e-05
1.816640000000000146e+04 9.162065702427253297e-05
1.816970000000000073e+04 8.135857721193892015e-05
1.817300000000000000e+04 7.300300503445986090e-05
1.817629999999999927e+04 5.690820725680900298e-05
1.817959999999999854e+04 4.599174298790480972e-05
1.818290000000000146e+04 3.288988862501219357e-05
1.818620000000000073e+04 1.139830429697567535e-05
1.818950000000000000e+04 3.017010157233715424e-06
1.819279999999999927e+04 -5.562647781887344418e-06
1.819600000000000000e+04 -1.275514411960442632e-05
1.819929999999999927e+04 -1.579799913725322635e-05
1.820259999999999854e+04 -2.020056806327566524e-05
1.820590000000000146e+04 -4.025066663803448375e-05
1.820920000000000073e+04 -5.417436642388706196e-05
1.821250000000000000e+04 -6.889288329577527138e-05
1.821579999999999927e+04 -8.074722592198612032e-05
1.821909999999999854e+04 -9.151393898533062750e-05
1.822240000000000146e+04 -1.074192217350035367e-04
1.822570000000000073e+04 -1.318260697851652305e-04
1.822900000000000000e+04 -1.482987325122534861e-04
1.823229999999999927e+04 -1.696980393712224557e-04
1.823559999999999854e+04 -1.817001982199604906e-04
1.823890000000000146e+04 -2.067284413004015660e-04
1.824220000000000073e+04 -2.271732917870429884e-04
1.824550000000000000e+04 -2.490164999844487700e-04
1.824879999999999927e+04 -2.716708200911209948e-04
1.825209999999999854e+04 -2.878365738436885774e-04
1.825540000000000146e+04 -3.108721527145347717e-04
1.825859999999999854e+04 -3.232834252068814791e-04
1.826190000000000146e+04 -3.471574524945522005e-04
1.826520000000000073e+04 -3.748350027646159678e-04
1.826850000000000000e+04 -3.950016490280434619e-04
1.827179999999999927e+04 -4.159413645553301179e-04
1.827509999999999854e+04 -4.357361705580234780e-04
1.827840000000000146e+04 -4.487870748528225871e-04
1.828170000000000073e+04 -4.662403736389986284e-04
1.828500000000000000e+04 -4.872555529884754007e-04
1.828829999999999927e+04 -5.162930600152066968e-04
1.829159999999999854e+04 -5.459146667215319243e-04
1.829490000000000146e+04 -5.642944779087536019e-04
1.829820000000000073e+04 -5.851627548819622431e-04
1.830150000000000000e+04 -6.104549727195720654e-04
1.830479999999999927e+04 -6.259856368156361574e-04
1.830809999999999854e+04 -6.407136484262823976e-04
1.831140000000000146e+04 -6.622822171955361189e-04
1.831470000000000073e+04 -6.850526571518309035e-04
1.831800000000000000e+04 -6.967019864378215998e-04
1.832129999999999927e+04 -7.119922642438049473e-04
1.832450000000000000e+04 -7.245722385826020668e-04
1.832779999999999927e+04 -7.395657512205224991e-04
1.833109999999999854e+04 -7.625400519423057360e-04
1.833440000000000146e+04 -7.820647760962478809e-04
1.833770000000000073e+04 -7.993113574785109090e-04
1.834100000000000000e+04 -8.156971588559610393e-04
1.834429999999999927e+04 -8.160844177872269211e-04
1.834759999999999854e+04 -8.388065830672608060e-04
1.835090000000000146e+04 -8.528970049131963990e-04
1.835420000000000073e+04 -8.809388425172115424e-04
1.835750000000000000e+04 -9.105594102665209725e-04
1.836079999999999927e+04 -9.308364968525674335e-04
1.836409999999999854e+04 -9.463113809630522557e-04
1.836740000000000146e+04 -9.657223042766109817e-04
1.837070000000000073e+04 -9.847543318059264958e-04
1.837400000000000000e+04 -1.007919864319888580e-03
1.837729999999999927e+04 -1.027158844249651112e-03
1.838059999999999854e+04 -1.046674099475774881e-03
1.838390000000000146e+04 -1.068736977994229039e-03
1.838709999999999854e+04 -1.086681849517257253e-03
1.839040000000000146e+04 -1.093802429661625128e-03
1.839370000000000073e+04 -1.103284129133663347e-03
1.839700000000000000e+04 -1.111768369545207977e-03
1.840029999999999927e+04 -1.116928267201996094e-03
1.840359999999999854e+04 -1.119047429088697917e-03
1.840690000000000146e+04 -1.121052688149486599e-03
1.841020000000000073e+04 -1.132333384796706125e-03
1.841350000000000000e+04 -1.142677764288319410e-03
1.841679999999999927e+04 -1.161403648903872347e-03
1.842009999999999854e+04 -1.161779149989289155e-03
1.842340000000000146e+04 -1.175495539307988601e-03
1.842670000000000073e+04 -1.176981266337422940e-03
1.843000000000000000e+04 -1.180392386979562487e-03
1.843329999999999927e+04 -1.179762168840683837e-03
1.843659999999999854e+04 -1.170290101866916423e-03
1.843990000000000146e+04 -1.171208923278118427e-03
1.844320000000000073e+04 -1.171865405019890038e-03
1.844650000000000000e+04 -1.170002420639265671e-03
1.844979999999999927e+04 -1.164944254401209306e-03
1.845300000000000000e+04 -1.149593066968791375e-03
1.845629999999999927e+04 -1.127818480159889329e-03
1.845959999999999854e+04 -1.110333293173947598e-03
1.846290000000000146e+04 -1.108728371291544616e-03
1.846620000000000073e+04 -1.094356552388754417e-03
1.846950000000000000e+04 -1.086408438165459723e-03
1.847279999999999927e+04 -1.073241031076745946e-03
1.847609999999999854e+04 -1.053115634708736825e-03
1.847940000000000146e+04 -1.028959664712975931e-03
1.848270000000000073e+04 -1.010911992278424546e-03
1.848600000000000000e+04 -9.931231218711610020e-04
1.848929999999999927e+04 -9.774398781154404730e-04
1.849259999999999854e+04 -9.557439320794131098e-04
1.849590000000000146e+04 -9.303838475487148174e-04
1.849920000000000073e+04 -8.970707754149593758e-04
1.850250000000000000e+04 -8.726849451256648866e-04
1.850579999999999927e+04 -8.390246999584903206e-04
1.850909999999999854e+04 -8.133835953832496343e-04
1.851240000000000146e+04 -7.670604017872603275e-04
1.851570000000000073e+04 -7.288665399803081861e-04
1.851890000000000146e+04 -6.874224333153486962e-04
1.852220000000000073e+04 -6.403477162042866188e-04
1.852550000000000000e+04 -6.019819540405919921e-04
1.852879999999999927e+04 -5.555955903014859511e-04
1.853209999999999854e+04 -5.094356607316993107e-04
1.853540000000000146e+04 -4.625033826931388022e-04
1.853870000000000073e+04 -4.004605643075761969e-04
1.854200000000000000e+04 -3.379725044986743045e-04
1.854529999999999927e+04 -2.720838659352189329e-04
1.854859999999999854e+04 -2.089313650390941222e-04
1.855190000000000146e+04 -1.308052426476467454e-04
1.855520000000000073e+04 -5.447729374824966967e-05
1.855850000000000000e+04 1.884439760383025263e-05
1.856179999999999927e+04 1.048823908141168707e-04
1.856509999999999854e+04 1.680107020421312014e-04
1.856840000000000146e+04 2.429087017015175423e-04
1.857170000000000073e+04 3.007503706728350558e-04
1.857500000000000000e+04 3.852441339526982986e-04
1.857829999999999927e+04 4.923104840942660104e-04
1.858150000000000000e+04 5.821858068854555155e-04
1.858479999999999927e+04 6.555309424425624469e-04
1.858809999999999854e+04 7.349528139439569186e-04
1.859140000000000146e+04 8.231719439044034607e-04
1.859470000000000073e+04 9.164711482190528906e-04
1.859800000000000000e+04 1.005288389275911217e-03
1.860129999999999927e+04 1.083813869863760326e-03
1.860459999999999854e+04 1.183243784385936683e-03
1.860790000000000146e+04 1.277219224432956171e-03
1.861120000000000073e+04 1.393998732685721581e-03
1.861450000000000000e+04 1.535626862945706651e-03
1.861779999999999927e+04 1.641906607558211908e-03
1.862109999999999854e+04 1.734034741321635771e-03
1.862440000000000146e+04 1.838376221001812409e-03
1.862770000000000073e+04 1.973548259423363316e-03
1.863100000000000000e+04 2.103065364551488271e-03
1.863429999999999927e+04 2.222055306488713005e-03
1.863759999999999854e+04 2.340769134105166564e-03
1.864090000000000146e+04 2.457797477208860815e-03
1.864420000000000073e+04 2.636479468003201029e-03
1.864740000000000146e+04 2.768782059661958547e-03
1.865070000000000073e+04 2.898720212845052810e-03
1.865400000000000000e+04 3.056497071516601702e-03
1.865729999999999927e+04 3.200322449436759746e-03
1.866059999999999854e+04 3.358435287823555680e-03
1.866390000000000146e+04 3.507277213675947213e-03
1.866720000000000073e+04 3.656591670732174497e-03
1.867050000000000000e+04 3.807423790181306122e-03
1.867379999999999927e+04 3.964937617449286987e-03
1.867709999999999854e+04 4.131983723195139721e-03
1.868040000000000146e+04 4.339696679044081039e-03
1.868370000000000073e+04 4.600297141512982475e-03
1.868700000000000000e+04 4.879492245606956678e-03
1.869029999999999927e+04 5.128807354731619063e-03
1.869359999999999854e+04 5.457997519415458583e-03
1.869690000000000146e+04 5.756822067270520732e-03
1.870020000000000073e+04 5.933840469758468357e-03
1.870350000000000000e+04 6.085434943559461275e-03
1.870679999999999927e+04 6.339454951173800756e-03
1.871000000000000000e+04 6.698214767552251869e-03
1.871329999999999927e+04 6.951211186193078859e-03
1.871659999999999854e+04 7.158949591518911498e-03
1.871990000000000146e+04 7.384596786098523297e-03
1.872320000000000073e+04 7.596228778608315850e-03
1.872650000000000000e+04 7.832956528014117098e-03
1.872979999999999927e+04 8.022995059088780523e-03
1.873309999999999854e+04 8.250408723555814963e-03
1.873640000000000146e+04 8.478874526154370900e-03
1.873970000000000073e+04 8.733263418952181764e-03
1.874300000000000000e+04 8.863696889200911588e-03
1.874629999999999927e+04 9.094937068019608162e-03
1.874959999999999854e+04 9.234167601471728049e-03
1.875290000000000146e+04 9.377955527703370903e-03
1.875620000000000073e+04 9.527665220249221037e-03
1.875950000000000000e+04 9.747739083905972504e-03
1.876279999999999927e+04 9.955249670983736671e-03
1.876609999999999854e+04 1.014766969487351268e-02
1.876940000000000146e+04 1.029779671782857231e-02
1.877270000000000073e+04 1.051613403533387982e-02
1.877590000000000146e+04 1.077836483252041407e-02
1.877920000000000073e+04 1.091894143423171801e-02
1.878250000000000000e+04 1.116146702720753267e-02
1.878579999999999927e+04 1.142183127964880099e-02
1.878909999999999854e+04 1.172409431268332629e-02
1.879240000000000146e+04 1.202913262768295563e-02
1.879570000000000073e+04 1.235483678258364991e-02
1.879900000000000000e+04 1.270561754225634464e-02
1.880229999999999927e+04 1.307786766564661245e-02
1.880559999999999854e+04 1.345760942047755093e-02
1.880890000000000146e+04 1.377828679342753097e-02
1.881220000000000073e+04 1.413842443396745759e-02
1.881550000000000000e+04 1.453211564372648874e-02
1.881879999999999927e+04 1.491136284022604071e-02
1.882209999999999854e+04 1.529752131265591474e-02
1.882540000000000146e+04 1.568500310933701458e-02
1.882870000000000073e+04 1.608622503746733740e-02
1.883200000000000000e+04 1.646995827151999381e-02
1.883529999999999927e+04 1.687182460588041930e-02
1.883859999999999854e+04 1.727340417796370195e-02
1.884179999999999927e+04 1.766687425187480828e-02
1.884509999999999854e+04 1.805770345366431578e-02
1.884840000000000146e+04 1.839312676481743430e-02
1.885170000000000073e+04 1.871654648110301564e-02
1.885500000000000000e+04 1.907397634139496381e-02
1.885829999999999927e+04 1.935700867307510106e-02
1.886159999999999854e+04 1.964873027206232026e-02
1.886490000000000146e+04 2.010627031717258928e-02
1.886820000000000073e+04 2.058609351878211077e-02
1.887150000000000000e+04 2.097102664439198794e-02
1.887479999999999927e+04 2.123737318922398754e-02
1.887809999999999854e+04 2.161512976771848282e-02
1.888140000000000146e+04 2.203923398596322955e-02
1.888470000000000073e+04 2.245328788372083495e-02
1.888800000000000000e+04 2.286760287119879095e-02
1.889129999999999927e+04 2.326196680868514860e-02
1.889459999999999854e+04 2.373194443546149113e-02
1.889790000000000146e+04 2.417554041319698241e-02
1.890120000000000073e+04 2.461313239945529460e-02
1.890440000000000146e+04 2.501382651857804104e-02
1.890770000000000073e+04 2.555166807665434914e-02
1.891100000000000000e+04 2.599324003808224301e-02
1.891429999999999927e+04 2.653615105758323420e-02
1.891759999999999854e+04 2.706900491846952680e-02
1.892090000000000146e+04 2.760833124113540663e-02
1.892420000000000073e+04 2.810609697401477564e-02
1.892750000000000000e+04 2.859068636991654935e-02
1.893079999999999927e+04 2.911201212019669249e-02
1.893409999999999854e+04 2.964396220974317361e-02
1.893740000000000146e+04 3.012750801324954458e-02
1.894070000000000073e+04 3.054769661922158638e-02
1.894400000000000000e+04 3.104536939803505258e-02
1.894729999999999927e+04 3.148362029425211955e-02
1.895059999999999854e+04 3.191725995959448364e-02
1.895390000000000146e+04 3.234182865405844237e-02
1.895720000000000073e+04 3.271981321796308545e-02
1.896050000000000000e+04 3.311343946239950903e-02
1.896379999999999927e+04 3.347976744974918983e-02
1.896709999999999854e+04 3.381204310893916321e-02
1.897029999999999927e+04 3.411018576482871545e-02
1.897359999999999854e+04 3.441542625910658237e-02
1.897690000000000146e+04 3.476851079525546812e-02
1.898020000000000073e+04 3.505301575762185401e-02
1.898350000000000000e+04 3.535809493542228787e-02
1.898679999999999927e+04 3.567493743958994462e-02
1.899009999999999854e+04 3.596842872801830904e-02
1.899340000000000146e+04 3.625885725889304440e-02
1.899670000000000073e+04 3.652604022046730681e-02
1.900000000000000000e+04 3.680135079003601928e-02
1.900329999999999927e+04 3.704332988203789395e-02
1.900659999999999854e+04 3.731481537910778801e-02
1.900990000000000146e+04 3.752384765831444369e-02
1.901320000000000073e+04 3.773257672417976855e-02
1.901650000000000000e+04 3.793773864693929243e-02
1.901979999999999927e+04 3.815812944827106507e-02
1.902309999999999854e+04 3.837610171695188255e-02
1.902640000000000146e+04 3.860727741686013903e-02
1.902970000000000073e+04 3.874815656232600408e-02
1.903290000000000146e+04 3.889400991640722810e-02
1.903620000000000073e+04 3.903243566949220200e-02
1.903950000000000000e+04 3.916139889976448518e-02
1.904279999999999927e+04 3.931850442006971230e-02
1.904609999999999854e+04 3.944837595662826352e-02
1.904940000000000146e+04 3.958257604028954380e-02
1.905270000000000073e+04 3.972411288996002821e-02
1.905600000000000000e+04 3.981972140041941527e-02
1.905929999999999927e+04 3.991379144285212011e-02
1.906259999999999854e+04 3.998786847800274435e-02
1.906590000000000146e+04 4.007455042594349620e-02
1.906920000000000073e+04 4.013750427917580493e-02
1.907250000000000000e+04 4.015772978395622250e-02
1.907579999999999927e+04 4.020340771280945386e-02
1.907909999999999854e+04 4.024210223828608712e-02
1.908240000000000146e+04 4.029177874745985127e-02
1.908570000000000073e+04 4.030795757056235967e-02
1.908900000000000000e+04 4.030504755731494776e-02
1.909229999999999927e+04 4.029725912488466011e-02
1.909559999999999854e+04 4.029347626171610186e-02
1.909879999999999927e+04 4.028743838026191404e-02
1.910209999999999854e+04 4.023753554028688256e-02
1.910540000000000146e+04 4.022294794419437741e-02
1.910870000000000073e+04 4.021477293573925277e-02
1.911200000000000000e+04 4.017239295465858256e-02
1.911529999999999927e+04 4.012585981555538001e-02
1.911859999999999854e+04 3.998329550521539932e-02
1.912190000000000146e+04 3.988651133603608734e-02
1.912520000000000073e+04 3.973962152237013601e-02
1.912850000000000000e+04 3.957823024657178973e-02
1.913179999999999927e+04 3.946331501160226657e-02
1.913509999999999854e+04 3.934803196277442128e-02
1.913840000000000146e+04 3.920742683873829765e-02
1.914170000000000073e+04 3.900803667378868050e-02
1.914500000000000000e+04 3.886134970200909311e-02
1.914829999999999927e+04 3.866355862175856195e-02
1.915159999999999854e+04 3.847515830049301477e-02
1.915490000000000146e+04 3.828552440798188572e-02
1.915820000000000073e+04 3.806707538354461157e-02
1.916140000000000146e+04 3.789685630141798045e-02
1.916470000000000073e+04 3.768726848412955882e-02
1.916800000000000000e+04 3.748701261829599785e-02
1.917129999999999927e+04 3.724209415144974500e-02
1.917459999999999854e+04 3.701549914287598914e-02
1.917790000000000146e+04 3.678118824143584986e-02
1.918120000000000073e+04 3.654991204481859712e-02
1.918450000000000000e+04 3.628410965309190189e-02
1.918779999999999927e+04 3.600720804647953438e-02
1.919109999999999854e+04 3.573844976803979695e-02
1.919440000000000146e+04 3.550291731417779678e-02
1.919770000000000073e+04 3.523795295966095087e-02
1.920100000000000000e+04 3.496859213538888039e-02
1.920429999999999927e+04 3.470201388493862615e-02
1.920759999999999854e+04 3.440623791603127785e-02
1.921090000000000146e+04 3.411330239750728216e-02
1.921420000000000073e+04 3.381388424941144527e-02
1.921750000000000000e+04 3.350628950259430805e-02
1.922079999999999927e+04 3.322232154138955729e-02
1.922409999999999854e+04 3.290815238174798346e-02
1.922729999999999927e+04 3.258023855798757723e-02
1.923059999999999854e+04 3.223844737258577814e-02
1.923390000000000146e+04 3.193510082475625733e-02
1.923720000000000073e+04 3.162816249838473065e-02
1.924050000000000000e+04 3.127448105499666675e-02
1.924379999999999927e+04 3.092526244590820469e-02
1.924709999999999854e+04 3.058654905322686843e-02
1.925040000000000146e+04 3.023192824171769266e-02
1.925370000000000073e+04 2.985345437821215753e-02
1.925700000000000000e+04 2.952456074986921017e-02
1.926029999999999927e+04 2.915156470395900007e-02
1.926359999999999854e+04 2.877692538743158168e-02
1.926690000000000146e+04 2.843645017340282535e-02
1.927020000000000073e+04 2.806031658323050390e-02
1.927350000000000000e+04 2.768998260153046967e-02
1.927679999999999927e+04 2.731823719915793883e-02
1.928009999999999854e+04 2.694094687095577312e-02
1.928340000000000146e+04 2.660079312736163271e-02
1.928670000000000073e+04 2.623130234867825789e-02
1.929000000000000000e+04 2.586008763198904131e-02
1.929320000000000073e+04 2.551779585797330635e-02
1.929650000000000000e+04 2.515115755993934873e-02
1.929979999999999927e+04 2.478976249268298807e-02
1.930309999999999854e+04 2.443615887836935244e-02
1.930640000000000146e+04 2.409437005250172556e-02
1.930970000000000073e+04 2.374928245957961051e-02
1.931300000000000000e+04 2.340812573315672468e-02
1.931629999999999927e+04 2.302824767872136205e-02
1.931959999999999854e+04 2.267086239155110053e-02
1.932290000000000146e+04 2.230262950350665047e-02
1.932620000000000073e+04 2.191929304712356141e-02
1.932950000000000000e+04 2.155125340448867458e-02
1.933279999999999927e+04 2.118567342329399916e-02
1.933609999999999854e+04 2.084784296561871877e-02
1.933940000000000146e+04 2.050405297938228191e-02
1.934270000000000073e+04 2.016070923427378328e-02
1.934600000000000000e+04 1.980153669038441089e-02
1.934929999999999927e+04 1.944633986263029357e-02
1.935259999999999854e+04 1.908693796218169023e-02
1.935579999999999927e+04 1.873266684197571683e-02
1.935909999999999854e+04 1.837422541701715442e-02
1.936240000000000146e+04 1.802070222528425608e-02
1.936570000000000073e+04 1.767572332836773660e-02
1.936900000000000000e+04 1.733950351071429988e-02
1.937229999999999927e+04 1.698959392924421011e-02
1.937559999999999854e+04 1.664962107432430352e-02
1.937890000000000146e+04 1.630441519372112166e-02
1.938220000000000073e+04 1.596739247552889443e-02
1.938550000000000000e+04 1.564148173966556365e-02
1.938879999999999927e+04 1.531172390527670880e-02
1.939209999999999854e+04 1.498806458676876265e-02
1.939540000000000146e+04 1.468002061385611373e-02
1.939870000000000073e+04 1.435106241149365289e-02
1.940200000000000000e+04 1.403154466747129001e-02
1.940529999999999927e+04 1.374508676398758511e-02
1.940859999999999854e+04 1.344381322129883753e-02
1.941190000000000146e+04 1.312448706679372398e-02
1.941520000000000073e+04 1.282792270813680989e-02
1.941850000000000000e+04 1.253352249594150321e-02
1.942170000000000073e+04 1.220337174470119239e-02
1.942500000000000000e+04 1.188757651318705748e-02
1.942829999999999927e+04 1.158580200549074596e-02
1.943159999999999854e+04 1.128789185784170521e-02
1.943490000000000146e+04 1.097858430626408137e-02
1.943820000000000073e+04 1.067364613840494046e-02
1.944150000000000000e+04 1.038388451040054769e-02
1.944479999999999927e+04 1.009413778821816217e-02
1.944809999999999854e+04 9.822557779967405756e-03
1.945140000000000146e+04 9.549233030353624849e-03
1.945470000000000073e+04 9.287486291989706030e-03
1.945800000000000000e+04 9.014347304592974786e-03
1.946129999999999927e+04 8.727199972240192588e-03
1.946459999999999854e+04 8.448030485339395879e-03
1.946790000000000146e+04 8.173937377787843586e-03
1.947120000000000073e+04 7.897063669046751333e-03
1.947450000000000000e+04 7.605240775443613925e-03
1.947779999999999927e+04 7.330069562539075906e-03
1.948109999999999854e+04 7.079071699673551883e-03
1.948429999999999927e+04 6.815669594640715902e-03
1.948759999999999854e+04 6.576165313099114479e-03
1.949090000000000146e+04 6.352611552215862642e-03
1.949420000000000073e+04 6.096837084342474761e-03
1.949750000000000000e+04 5.849034504158564206e-03
1.950079999999999927e+04 5.586028612588178795e-03
1.950409999999999854e+04 5.334722991514888497e-03
1.950740000000000146e+04 5.093827363334757670e-03
1.951070000000000073e+04 4.840895198426032123e-03
1.951400000000000000e+04 4.604941572281727631e-03
1.951729999999999927e+04 4.370268252555711656e-03
1.952059999999999854e+04 4.122759649314145999e-03
1.952390000000000146e+04 3.894972002026291045e-03
1.952720000000000073e+04 3.682190254590765686e-03
1.953050000000000000e+04 3.465080749419520954e-03
1.953379999999999927e+04 3.247966026121744225e-03
1.953709999999999854e+04 3.031773472757967082e-03
1.954040000000000146e+04 2.831928696974346342e-03
1.954370000000000073e+04 2.624370789599496899e-03
1.954700000000000000e+04 2.416802582023331886e-03
1.955020000000000073e+04 2.184018034001979428e-03
1.955350000000000000e+04 1.978611749004312911e-03
1.955679999999999927e+04 1.785796158985652853e-03
1.956009999999999854e+04 1.589845744138034499e-03
1.956340000000000146e+04 1.383246701530609730e-03
1.956670000000000073e+04 1.190218454538327381e-03
1.957000000000000000e+04 1.003787192930997258e-03
1.957329999999999927e+04 8.181447881814157830e-04
1.957659999999999854e+04 6.396233237109255490e-04
1.957990000000000146e+04 4.642273799371548701e-04
1.958320000000000073e+04 2.766161697426471663e-04
1.958650000000000000e+04 8.942113075270476173e-05
1.958979999999999927e+04 -5.918825168412862630e-05
1.959309999999999854e+04 -2.106565208975783639e-04
1.959640000000000146e+04 -3.700063717365685372e-04
1.959970000000000073e+04 -5.192422017712908103e-04
1.960300000000000000e+04 -6.748434243098076161e-04
1.960629999999999927e+04 -8.402046410311510066e-04
1.960959999999999854e+04 -9.966582539510521199e-04
1.961290000000000146e+04 -1.167345361644610714e-03
1.961609999999999854e+04 -1.324472584023022367e-03
1.961940000000000146e+04 -1.465747883750703794e-03
1.962270000000000073e+04 -1.618820730732222976e-03
1.962600000000000000e+04 -1.757082188522568955e-03
1.962929999999999927e+04 -1.888074792134957674e-03
1.963259999999999854e+04 -1.996511384040421718e-03
1.963590000000000146e+04 -2.091280564024465202e-03
1.963920000000000073e+04 -2.249830397312013557e-03
1.964250000000000000e+04 -2.357699911678124479e-03
1.964579999999999927e+04 -2.527460824352244055e-03
1.964909999999999854e+04 -2.703940409876564709e-03
1.965240000000000146e+04 -2.870324042999332012e-03
1.965570000000000073e+04 -3.047679525742670505e-03
1.965900000000000000e+04 -3.153471974283117429e-03
1.966229999999999927e+04 -3.239698691765058054e-03
1.966559999999999854e+04 -3.346609938327571847e-03
1.966890000000000146e+04 -3.481960640672332984e-03
1.967220000000000073e+04 -3.623798333479951242e-03
1.967550000000000000e+04 -3.721727570233116997e-03
1.967870000000000073e+04 -3.853213139416445266e-03
1.968200000000000000e+04 -3.924940521572887336e-03
1.968529999999999927e+04 -4.003476461324361260e-03
1.968859999999999854e+04 -4.075716334926592598e-03
1.969190000000000146e+04 -4.148908615863425992e-03
1.969520000000000073e+04 -4.257471499007012446e-03
1.969850000000000000e+04 -4.341496021951393204e-03
1.970179999999999927e+04 -4.399487922618319953e-03
1.970509999999999854e+04 -4.527719286650099852e-03
1.970840000000000146e+04 -4.666133888032780383e-03
1.971170000000000073e+04 -4.802413376795027639e-03
1.971500000000000000e+04 -4.880025069618102590e-03
1.971829999999999927e+04 -5.006834772925214221e-03
1.972159999999999854e+04 -5.040051091683284482e-03
1.972490000000000146e+04 -5.080609775490713999e-03
1.972820000000000073e+04 -5.189592015790366226e-03
1.973150000000000000e+04 -5.300938671070712718e-03
1.973479999999999927e+04 -5.400277620771483031e-03
1.973809999999999854e+04 -5.504301792936192907e-03
1.974140000000000146e+04 -5.607742810099309444e-03
1.974459999999999854e+04 -5.739649797384170291e-03
1.974790000000000146e+04 -5.791811329055021086e-03
1.975120000000000073e+04 -5.817755615992428048e-03
1.975450000000000000e+04 -5.867932773279465816e-03
1.975779999999999927e+04 -5.909189100259332542e-03
1.976109999999999854e+04 -5.979734409533752834e-03
1.976440000000000146e+04 -6.065202207867494491e-03
1.976770000000000073e+04 -6.165083646546810903e-03
1.977100000000000000e+04 -6.260546179548037542e-03
1.977429999999999927e+04 -6.318489601544827888e-03
1.977759999999999854e+04 -6.405150993990979882e-03
1.978090000000000146e+04 -6.488900855936730917e-03
1.978420000000000073e+04 -6.591304064572089082e-03
1.978750000000000000e+04 -6.627311013947489310e-03
1.979079999999999927e+04 -6.733985917484963495e-03
1.979409999999999854e+04 -6.776319461355811459e-03
1.979740000000000146e+04 -6.833824848280726540e-03
1.980070000000000073e+04 -6.928897283189272213e-03
1.980400000000000000e+04 -6.970288752408094861e-03
1.980720000000000073e+04 -7.018231590908194546e-03
1.981050000000000000e+04 -7.010355545286184493e-03
1.981379999999999927e+04 -6.981391077386957071e-03
1.981709999999999854e+04 -7.032064649024771623e-03
1.982040000000000146e+04 -7.003794946239935183e-03
1.982370000000000073e+04 -7.016468439719888636e-03
1.982700000000000000e+04 -7.078425143252094383e-03
1.983029999999999927e+04 -7.098598484282615112e-03
1.983359999999999854e+04 -7.076895531708981245e-03
1.983690000000000146e+04 -7.077868316748804449e-03
1.984020000000000073e+04 -7.071124503655941418e-03
1.984350000000000000e+04 -7.087737749909712656e-03
1.984679999999999927e+04 -7.110282004195242998e-03
1.985009999999999854e+04 -7.147665853199812111e-03
1.985340000000000146e+04 -7.204770031150508486e-03
1.985670000000000073e+04 -7.294361930501922983e-03
1.986000000000000000e+04 -7.321920741984328136e-03
1.986329999999999927e+04 -7.398585981098879279e-03
1.986659999999999854e+04 -7.435266025775346538e-03
1.986990000000000146e+04 -7.424056126780785581e-03
1.987309999999999854e+04 -7.379105116982972307e-03
1.987640000000000146e+04 -7.357581315411467100e-03
1.987970000000000073e+04 -7.409560032456317079e-03
1.988300000000000000e+04 -7.360690499312917863e-03
1.988629999999999927e+04 -7.466746560020027547e-03
1.988959999999999854e+04 -7.568975508372002836e-03
1.989290000000000146e+04 -7.568376052960451052e-03
1.989620000000000073e+04 -7.520898249547072929e-03
1.989950000000000000e+04 -7.492343484811879277e-03
1.990279999999999927e+04 -7.454901867554159477e-03
1.990609999999999854e+04 -7.438848801415379013e-03
1.990940000000000146e+04 -7.388959481715763264e-03
1.991270000000000073e+04 -7.423643669958054046e-03
1.991600000000000000e+04 -7.428127716562673427e-03
1.991929999999999927e+04 -7.446819200582799857e-03
1.992259999999999854e+04 -7.472238243782021450e-03
1.992590000000000146e+04 -7.470234220733736052e-03
