1.716800000000000000e+04 4.225381570477259241e-04
1.717129999999999927e+04 4.340990491191042025e-04
1.717459999999999854e+04 4.301877197422566317e-04
1.717790000000000146e+04 4.164501184305966137e-04
1.718120000000000073e+04 4.070287122509737288e-04
1.718450000000000000e+04 4.092228215161216156e-04
1.718779999999999927e+04 4.171380501015291569e-04
1.719109999999999854e+04 4.122173106121377771e-04
1.719440000000000146e+04 4.129334504281473479e-04
1.719770000000000073e+04 4.113679435470947248e-04
1.720100000000000000e+04 4.149635254521994018e-04
1.720429999999999927e+04 4.194459218268240821e-04
1.720759999999999854e+04 4.269385602332663779e-04
1.721090000000000146e+04 4.582210378115573004e-04
1.721420000000000073e+04 4.753339375483913907e-04
1.721750000000000000e+04 4.701285031782589832e-04
1.722079999999999927e+04 4.698017007217484718e-04
1.722409999999999854e+04 4.745952961841260181e-04
1.722729999999999927e+04 4.628660211169436799e-04
1.723059999999999854e+04 4.764526415779670072e-04
1.723390000000000146e+04 4.839248355690271603e-04
1.723720000000000073e+04 4.880703326491504747e-04
1.724050000000000000e+04 4.942833229181962896e-04
1.724379999999999927e+04 4.959030920544926216e-04
1.724709999999999854e+04 4.979643159251776656e-04
1.725040000000000146e+04 5.098252291013187455e-04
1.725370000000000073e+04 5.145783996497952642e-04
1.725700000000000000e+04 5.195167321221233741e-04
1.726029999999999927e+04 5.178215523905058560e-04
1.726359999999999854e+04 5.229181755863867220e-04
1.726690000000000146e+04 5.201078704753194426e-04
1.727020000000000073e+04 5.079689257382676449e-04
1.727350000000000000e+04 5.185175011435020449e-04
1.727679999999999927e+04 5.226156844092194392e-04
1.728009999999999854e+04 5.211266823263244674e-04
1.728340000000000146e+04 5.158998359959793669e-04
1.728670000000000073e+04 5.240818749967931459e-04
1.729000000000000000e+04 5.339850418400427737e-04
1.729320000000000073e+04 5.499498437910413677e-04
1.729650000000000000e+04 5.517515771935704557e-04
1.729979999999999927e+04 5.501883183649714957e-04
1.730309999999999854e+04 5.584943972093495959e-04
1.730640000000000146e+04 5.707606643810993067e-04
1.730970000000000073e+04 5.821086052801388534e-04
1.731300000000000000e+04 5.953353451852778271e-04
1.731629999999999927e+04 6.081590014067011878e-04
1.731959999999999854e+04 6.009059569235317274e-04
1.732290000000000146e+04 6.033766290629261845e-04
1.732620000000000073e+04 6.031838684072433334e-04
1.732950000000000000e+04 6.102350537111621330e-04
1.733279999999999927e+04 6.176176767092235887e-04
1.733609999999999854e+04 6.344476137501987812e-04
1.733940000000000146e+04 6.352393844269321353e-04
1.734270000000000073e+04 6.418760740471256276e-04
1.734600000000000000e+04 6.493090278082352474e-04
1.734929999999999927e+04 6.497271559859166832e-04
1.735259999999999854e+04 6.512395407055888812e-04
1.735579999999999927e+04 6.551737936989984485e-04
1.735909999999999854e+04 6.576737891623325987e-04
1.736240000000000146e+04 6.668008464683514115e-04
1.736570000000000073e+04 6.673597219661787537e-04
1.736900000000000000e+04 6.735768599797762506e-04
1.737229999999999927e+04 6.600797385192631525e-04
1.737559999999999854e+04 6.552677871260418219e-04
1.737890000000000146e+04 6.574710065414971286e-04
1.738220000000000073e+04 6.705351041269504327e-04
1.738550000000000000e+04 6.679552589835688814e-04
1.738879999999999927e+04 6.639823480560709708e-04
1.739209999999999854e+04 6.649646562185298039e-04
1.739540000000000146e+04 6.714067899010585589e-04
1.739870000000000073e+04 6.792350696858797179e-04
1.740200000000000000e+04 6.830127120311700129e-04
1.740529999999999927e+04 6.834285650789600000e-04
1.740859999999999854e+04 6.922945654787939808e-04
1.741190000000000146e+04 6.974994674731360179e-04
1.741520000000000073e+04 7.029693077557607741e-04
1.741850000000000000e+04 7.078172539017996666e-04
1.742170000000000073e+04 7.217162200377373387e-04
1.742500000000000000e+04 7.288849239504411768e-04
1.742829999999999927e+04 7.307492213278401084e-04
1.743159999999999854e+04 7.325269020643709536e-04
1.743490000000000146e+04 7.337257755553847375e-04
1.743820000000000073e+04 7.350806187104065191e-04
1.744150000000000000e+04 7.354259173702325670e-04
1.744479999999999927e+04 7.340692618630934464e-04
1.744809999999999854e+04 7.341231158297378823e-04
1.745140000000000146e+04 7.432431808790506550e-04
1.745470000000000073e+04 7.397784965721941348e-04
1.745800000000000000e+04 7.387408533190593929e-04
1.746129999999999927e+04 7.391301158204137585e-04
1.746459999999999854e+04 7.389255056247621967e-04
1.746790000000000146e+04 7.358807714445303894e-04
1.747120000000000073e+04 7.312467332919751675e-04
1.747450000000000000e+04 7.298873945141350376e-04
1.747779999999999927e+04 7.248440931891166755e-04
1.748109999999999854e+04 7.168772967010599755e-04
1.748429999999999927e+04 7.217246910308039529e-04
1.748759999999999854e+04 7.233708980369557605e-04
1.749090000000000146e+04 7.211729376208868151e-04
1.749420000000000073e+04 7.217965648417842654e-04
1.749750000000000000e+04 7.226520157873281020e-04
1.750079999999999927e+04 7.230731330547216125e-04
1.750409999999999854e+04 7.287366620521834853e-04
1.750740000000000146e+04 7.282650156710000549e-04
1.751070000000000073e+04 7.242108415957579067e-04
1.751400000000000000e+04 7.281471359442092924e-04
1.751729999999999927e+04 7.350420595718441894e-04
1.752059999999999854e+04 7.422746781507211407e-04
1.752390000000000146e+04 7.511710788670997218e-04
1.752720000000000073e+04 7.493411059694260988e-04
1.753050000000000000e+04 7.494066755928623482e-04
1.753379999999999927e+04 7.499164590587119360e-04
1.753709999999999854e+04 7.596151184109588240e-04
1.754040000000000146e+04 7.638414621646789438e-04
1.754370000000000073e+04 7.750358047362942938e-04
1.754700000000000000e+04 7.736723283895882968e-04
1.755020000000000073e+04 7.787476174249138112e-04
1.755350000000000000e+04 7.904050451445275398e-04
1.755679999999999927e+04 7.959710175209473932e-04
1.756009999999999854e+04 7.981700429309394667e-04
1.756340000000000146e+04 8.017627885578269180e-04
1.756670000000000073e+04 7.996427093420565950e-04
1.757000000000000000e+04 7.994647457239878246e-04
1.757329999999999927e+04 7.992487803097067306e-04
1.757659999999999854e+04 7.996531380412332793e-04
1.757990000000000146e+04 8.035726927248812651e-04
1.758320000000000073e+04 8.058907153045523223e-04
1.758650000000000000e+04 8.063703366152746551e-04
1.758979999999999927e+04 8.024697513884069969e-04
1.759309999999999854e+04 8.009969818550593873e-04
1.759640000000000146e+04 8.041388528841745577e-04
1.759970000000000073e+04 8.109049730606541747e-04
1.760300000000000000e+04 8.173428404263952335e-04
1.760629999999999927e+04 8.301814664787266710e-04
1.760959999999999854e+04 8.343372046803927428e-04
1.761290000000000146e+04 8.377880545665128843e-04
1.761609999999999854e+04 8.313299555834649046e-04
1.761940000000000146e+04 8.361183034754552214e-04
1.762270000000000073e+04 8.406898693649479106e-04
1.762600000000000000e+04 8.397609834934325777e-04
1.762929999999999927e+04 8.449160792581230945e-04
1.763259999999999854e+04 8.455925094890197032e-04
1.763590000000000146e+04 8.466736701781378549e-04
1.763920000000000073e+04 8.475108257240336314e-04
1.764250000000000000e+04 8.485572806346964713e-04
1.764579999999999927e+04 8.509550747966488282e-04
1.764909999999999854e+04 8.505250055596392080e-04
1.765240000000000146e+04 8.568812782643855843e-04
1.765570000000000073e+04 8.633519362139180711e-04
1.765900000000000000e+04 8.688599156160900375e-04
1.766229999999999927e+04 8.695014184877849616e-04
1.766559999999999854e+04 8.632518910719196937e-04
1.766890000000000146e+04 8.678253228054436368e-04
1.767220000000000073e+04 8.735583345496073914e-04
1.767550000000000000e+04 8.788379574853685946e-04
1.767870000000000073e+04 8.843919457419311628e-04
1.768200000000000000e+04 8.833801955346234479e-04
1.768529999999999927e+04 8.790608014047724891e-04
1.768859999999999854e+04 8.813395849343374838e-04
1.769190000000000146e+04 8.852060060141275994e-04
1.769520000000000073e+04 8.870334270118736307e-04
1.769850000000000000e+04 8.866397508551446000e-04
1.770179999999999927e+04 8.923702714502002855e-04
1.770509999999999854e+04 9.007198056372653621e-04
1.770840000000000146e+04 8.995198053393853397e-04
1.771170000000000073e+04 8.985384170268610098e-04
1.771500000000000000e+04 8.974453303098229749e-04
1.771829999999999927e+04 8.960833353340023118e-04
1.772159999999999854e+04 9.037716226561178998e-04
1.772490000000000146e+04 9.130459298748650658e-04
1.772820000000000073e+04 9.118917520238381275e-04
1.773150000000000000e+04 9.253302714446349228e-04
1.773479999999999927e+04 9.340554246024916629e-04
1.773809999999999854e+04 9.405428955573700645e-04
1.774140000000000146e+04 9.491002309685578949e-04
1.774459999999999854e+04 9.499257912584019086e-04
1.774790000000000146e+04 9.581937569507666943e-04
1.775120000000000073e+04 9.643668593158212206e-04
1.775450000000000000e+04 9.749601941693018152e-04
1.775779999999999927e+04 9.848637688857299257e-04
1.776109999999999854e+04 9.915881019115866529e-04
1.776440000000000146e+04 9.975851517971335083e-04
1.776770000000000073e+04 9.935736017408674028e-04
1.777100000000000000e+04 9.912676910390505209e-04
1.777429999999999927e+04 9.900634800851324663e-04
1.777759999999999854e+04 9.911969848177212567e-04
1.778090000000000146e+04 1.001769348404863780e-03
1.778420000000000073e+04 1.006141811500140849e-03
1.778750000000000000e+04 1.013186423120898899e-03
1.779079999999999927e+04 1.024718704752989673e-03
1.779409999999999854e+04 1.030061405200178616e-03
1.779740000000000146e+04 1.040174824736326805e-03
1.780070000000000073e+04 1.052761762359267442e-03
1.780400000000000000e+04 1.060149514181743004e-03
1.780720000000000073e+04 1.068137104604625128e-03
1.781050000000000000e+04 1.079592320863190930e-03
1.781379999999999927e+04 1.087461758813470895e-03
1.781709999999999854e+04 1.086591016438400586e-03
1.782040000000000146e+04 1.088884430147781576e-03
1.782370000000000073e+04 1.096356000269933535e-03
1.782700000000000000e+04 1.104601138790160765e-03
1.783029999999999927e+04 1.115506618660185630e-03
1.783359999999999854e+04 1.113919978852776719e-03
1.783690000000000146e+04 1.121157570320358444e-03
1.784020000000000073e+04 1.126990039772424092e-03
1.784350000000000000e+04 1.138971804656668894e-03
1.784679999999999927e+04 1.140893604100260078e-03
1.785009999999999854e+04 1.150016713537403657e-03
1.785340000000000146e+04 1.151276777807531829e-03
1.785670000000000073e+04 1.163219345454255538e-03
1.786000000000000000e+04 1.172080491574627615e-03
1.786329999999999927e+04 1.179749503163211519e-03
1.786659999999999854e+04 1.183906703497644014e-03
1.786990000000000146e+04 1.185304153630622418e-03
1.787309999999999854e+04 1.193140418218515027e-03
1.787640000000000146e+04 1.206198705563857028e-03
1.787970000000000073e+04 1.213469541726615395e-03
1.788300000000000000e+04 1.223203018288675226e-03
1.788629999999999927e+04 1.226127432009697146e-03
1.788959999999999854e+04 1.221177567417805173e-03
1.789290000000000146e+04 1.233246803067225257e-03
1.789620000000000073e+04 1.232917126608068471e-03
1.789950000000000000e+04 1.236359588064684214e-03
1.790279999999999927e+04 1.241718127969333209e-03
1.790609999999999854e+04 1.241649132405292510e-03
1.790940000000000146e+04 1.248644138352384596e-03
1.791270000000000073e+04 1.244686783257008570e-03
1.791600000000000000e+04 1.242999410175565445e-03
1.791929999999999927e+04 1.243130036125566140e-03
1.792259999999999854e+04 1.241230544121264389e-03
1.792590000000000146e+04 1.246209404018716127e-03
1.792920000000000073e+04 1.249602231712325373e-03
1.793250000000000000e+04 1.259632158166482194e-03
1.793570000000000073e+04 1.272840643242985912e-03
1.793900000000000000e+04 1.288940927629299033e-03
1.794229999999999927e+04 1.292073298464345389e-03
1.794559999999999854e+04 1.298204734709366547e-03
1.794890000000000146e+04 1.296292677872710108e-03
1.795220000000000073e+04 1.297038981020264730e-03
1.795550000000000000e+04 1.300816981827524876e-03
1.795879999999999927e+04 1.302150965044454904e-03
1.796209999999999854e+04 1.308083122399990566e-03
1.796540000000000146e+04 1.313449006723588436e-03
1.796870000000000073e+04 1.315786803966727606e-03
1.797200000000000000e+04 1.316107667663007083e-03
1.797529999999999927e+04 1.322085422303758990e-03
1.797859999999999854e+04 1.325930140662544016e-03
1.798190000000000146e+04 1.337491360966377562e-03
1.798520000000000073e+04 1.343919609010538673e-03
1.798850000000000000e+04 1.346574607836447529e-03
1.799179999999999927e+04 1.345645814461093317e-03
1.799509999999999854e+04 1.347696470854469353e-03
1.799840000000000146e+04 1.347945221358307901e-03
1.800159999999999854e+04 1.342154423348398138e-03
1.800490000000000146e+04 1.340452372290492061e-03
1.800820000000000073e+04 1.335095839718157106e-03
1.801150000000000000e+04 1.337723415274984402e-03
1.801479999999999927e+04 1.334945664412892250e-03
1.801809999999999854e+04 1.331994133542967456e-03
1.802140000000000146e+04 1.327832176441503262e-03
1.802470000000000073e+04 1.325268061920317503e-03
1.802800000000000000e+04 1.333459455653710672e-03
1.803129999999999927e+04 1.333165395531835887e-03
1.803459999999999854e+04 1.327693747299907301e-03
1.803790000000000146e+04 1.314315998115659495e-03
1.804120000000000073e+04 1.305437023428127280e-03
1.804450000000000000e+04 1.309333999532997801e-03
1.804779999999999927e+04 1.310207660796339386e-03
1.805109999999999854e+04 1.312952775623286777e-03
1.805440000000000146e+04 1.321936827883947061e-03
1.805770000000000073e+04 1.318755049428189203e-03
1.806100000000000000e+04 1.322621368689236429e-03
1.806429999999999927e+04 1.321778627802058185e-03
1.806750000000000000e+04 1.312324847700573928e-03
1.807079999999999927e+04 1.308887172202270353e-03
1.807409999999999854e+04 1.294056502092830012e-03
1.807740000000000146e+04 1.289510515218803824e-03
1.808070000000000073e+04 1.287777891504480196e-03
1.808400000000000000e+04 1.291544481315739590e-03
1.808729999999999927e+04 1.290932861331984313e-03
1.809059999999999854e+04 1.283006444229410582e-03
1.809390000000000146e+04 1.277342635252459464e-03
1.809720000000000073e+04 1.272591460463124444e-03
1.810050000000000000e+04 1.254931564367477593e-03
1.810379999999999927e+04 1.240617943732778405e-03
1.810709999999999854e+04 1.243262119833598092e-03
1.811040000000000146e+04 1.238223139301462394e-03
1.811370000000000073e+04 1.242753590966658725e-03
1.811700000000000000e+04 1.232935783128348084e-03
1.812029999999999927e+04 1.227244715006737576e-03
1.812359999999999854e+04 1.223328682160077429e-03
1.812690000000000146e+04 1.218861620155528179e-03
1.813009999999999854e+04 1.211266735523220143e-03
1.813340000000000146e+04 1.211848080836780590e-03
1.813670000000000073e+04 1.210713717593830474e-03
1.814000000000000000e+04 1.214882802826923024e-03
1.814329999999999927e+04 1.208848479499364907e-03
1.814659999999999854e+04 1.197637807131594076e-03
1.814990000000000146e+04 1.190684373980712731e-03
1.815320000000000073e+04 1.188503366924506663e-03
1.815650000000000000e+04 1.185584406848631551e-03
1.815979999999999927e+04 1.186270765960129210e-03
1.816309999999999854e+04 1.185322485733885343e-03
1.816640000000000146e+04 1.184239055945630632e-03
1.816970000000000073e+04 1.182376138467366002e-03
1.817300000000000000e+04 1.178401201146800532e-03
1.817629999999999927e+04 1.179697375358226656e-03
1.817959999999999854e+04 1.185093667951429971e-03
1.818290000000000146e+04 1.202854472818554437e-03
1.818620000000000073e+04 1.210913417742195530e-03
1.818950000000000000e+04 1.223231422632968957e-03
1.819279999999999927e+04 1.227045230324299305e-03
1.819600000000000000e+04 1.237657805839611483e-03
1.819929999999999927e+04 1.247843675347806540e-03
1.820259999999999854e+04 1.260240993606155180e-03
1.820590000000000146e+04 1.266987476857466726e-03
1.820920000000000073e+04 1.263212716193588912e-03
1.821250000000000000e+04 1.257075151294066977e-03
1.821579999999999927e+04 1.250206566583652191e-03
1.821909999999999854e+04 1.247838553184805717e-03
1.822240000000000146e+04 1.266273130669000194e-03
1.822570000000000073e+04 1.282129801653824177e-03
1.822900000000000000e+04 1.295028805780109237e-03
1.823229999999999927e+04 1.311923048669747915e-03
1.823559999999999854e+04 1.342541257984760771e-03
1.823890000000000146e+04 1.369299123449484613e-03
1.824220000000000073e+04 1.416141751004532535e-03
1.824550000000000000e+04 1.452932111365756555e-03
1.824879999999999927e+04 1.482755372458868966e-03
1.825209999999999854e+04 1.495006694015102227e-03
1.825540000000000146e+04 1.517756988904758308e-03
1.825859999999999854e+04 1.548927086435502275e-03
1.826190000000000146e+04 1.572692583705039482e-03
1.826520000000000073e+04 1.596013477592714801e-03
1.826850000000000000e+04 1.624876291308252401e-03
1.827179999999999927e+04 1.644052343868861784e-03
1.827509999999999854e+04 1.660037588596486278e-03
1.827840000000000146e+04 1.692730750779618092e-03
1.828170000000000073e+04 1.741461226325219337e-03
1.828500000000000000e+04 1.775001566572998379e-03
1.828829999999999927e+04 1.809769879595412917e-03
1.829159999999999854e+04 1.835831977768266100e-03
1.829490000000000146e+04 1.863362364567611911e-03
1.829820000000000073e+04 1.882871496096431233e-03
1.830150000000000000e+04 1.907205797849219992e-03
1.830479999999999927e+04 1.944170244663914835e-03
1.830809999999999854e+04 1.982819886919251397e-03
1.831140000000000146e+04 2.014036503769523357e-03
1.831470000000000073e+04 2.045059782920315063e-03
1.831800000000000000e+04 2.079766045849343239e-03
1.832129999999999927e+04 2.134526069767573100e-03
1.832450000000000000e+04 2.167553946134612511e-03
1.832779999999999927e+04 2.210450121527700752e-03
1.833109999999999854e+04 2.270138290377094435e-03
1.833440000000000146e+04 2.323310951363118798e-03
1.833770000000000073e+04 2.368831666106652536e-03
1.834100000000000000e+04 2.423566415432941781e-03
1.834429999999999927e+04 2.448304972185873576e-03
1.834759999999999854e+04 2.491122140518000575e-03
1.835090000000000146e+04 2.539010243247894014e-03
1.835420000000000073e+04 2.583010534563664768e-03
1.835750000000000000e+04 2.620019059832009480e-03
1.836079999999999927e+04 2.655661478183934422e-03
1.836409999999999854e+04 2.687861841012848061e-03
1.836740000000000146e+04 2.721126204263181816e-03
1.837070000000000073e+04 2.772613973999607691e-03
1.837400000000000000e+04 2.825622943085853624e-03
1.837729999999999927e+04 2.881449922925409177e-03
1.838059999999999854e+04 2.935374483007722069e-03
1.838390000000000146e+04 2.993496216841755927e-03
1.838709999999999854e+04 3.017699705359405422e-03
1.839040000000000146e+04 3.058766081223194492e-03
1.839370000000000073e+04 3.088216857021020955e-03
1.839700000000000000e+04 3.138709915856242351e-03
1.840029999999999927e+04 3.164509461245432285e-03
1.840359999999999854e+04 3.207031179284226298e-03
1.840690000000000146e+04 3.232319561699176311e-03
1.841020000000000073e+04 3.264073033623656958e-03
1.841350000000000000e+04 3.296937728244747276e-03
1.841679999999999927e+04 3.346552881619143608e-03
1.842009999999999854e+04 3.384110773872460540e-03
1.842340000000000146e+04 3.431970980798838746e-03
1.842670000000000073e+04 3.480540862491961381e-03
1.843000000000000000e+04 3.533087312249950582e-03
1.843329999999999927e+04 3.574565829069497117e-03
1.843659999999999854e+04 3.633971248843435170e-03
1.843990000000000146e+04 3.692121657832996874e-03
1.844320000000000073e+04 3.741890995497682004e-03
1.844650000000000000e+04 3.781129505251852336e-03
1.844979999999999927e+04 3.818770833748134311e-03
1.845300000000000000e+04 3.867351602587684820e-03
1.845629999999999927e+04 3.918748397997441971e-03
1.845959999999999854e+04 3.943208350208151670e-03
1.846290000000000146e+04 4.003685648247397484e-03
1.846620000000000073e+04 4.009441665178742689e-03
1.846950000000000000e+04 4.015368026584309469e-03
1.847279999999999927e+04 4.046450339379962548e-03
1.847609999999999854e+04 4.064663678841637894e-03
1.847940000000000146e+04 4.082763361771511723e-03
1.848270000000000073e+04 4.082699454340657508e-03
1.848600000000000000e+04 4.068802927252520261e-03
1.848929999999999927e+04 4.073187733709304932e-03
1.849259999999999854e+04 4.076300932901837960e-03
1.849590000000000146e+04 4.060052292677959751e-03
1.849920000000000073e+04 4.072011199166533472e-03
1.850250000000000000e+04 4.095275778614891962e-03
1.850579999999999927e+04 4.123005552941450338e-03
1.850909999999999854e+04 4.177763004313821138e-03
1.851240000000000146e+04 4.169912628616403300e-03
1.851570000000000073e+04 4.156459120560730171e-03
1.851890000000000146e+04 4.150130942684426318e-03
1.852220000000000073e+04 4.166456546784559276e-03
1.852550000000000000e+04 4.194816556876096100e-03
1.852879999999999927e+04 4.238074672127196442e-03
1.853209999999999854e+04 4.280084010552740077e-03
1.853540000000000146e+04 4.312464692528520001e-03
1.853870000000000073e+04 4.357903438282280037e-03
1.854200000000000000e+04 4.405140343134664876e-03
1.854529999999999927e+04 4.464588857982722432e-03
1.854859999999999854e+04 4.481955766940104446e-03
1.855190000000000146e+04 4.538766954444075491e-03
1.855520000000000073e+04 4.589538812473561297e-03
1.855850000000000000e+04 4.658745021451114049e-03
1.856179999999999927e+04 4.716068519216081931e-03
1.856509999999999854e+04 4.759397246861098683e-03
1.856840000000000146e+04 4.825654078401848783e-03
1.857170000000000073e+04 4.853486161162665416e-03
1.857500000000000000e+04 4.889117762838865976e-03
1.857829999999999927e+04 4.950228531449676894e-03
1.858150000000000000e+04 4.990280141852740207e-03
1.858479999999999927e+04 5.023656334308048733e-03
1.858809999999999854e+04 5.058398200699761905e-03
1.859140000000000146e+04 5.103627606441172790e-03
1.859470000000000073e+04 5.145252292473465050e-03
1.859800000000000000e+04 5.196447073456876738e-03
1.860129999999999927e+04 5.219772346858620946e-03
1.860459999999999854e+04 5.267297035625008797e-03
1.860790000000000146e+04 5.305919078768375589e-03
1.861120000000000073e+04 5.374056064858741093e-03
1.861450000000000000e+04 5.479071625524427683e-03
1.861779999999999927e+04 5.531405218590251457e-03
1.862109999999999854e+04 5.573358626596546829e-03
1.862440000000000146e+04 5.646831148121692588e-03
1.862770000000000073e+04 5.701813618583712051e-03
1.863100000000000000e+04 5.823496829814460256e-03
1.863429999999999927e+04 5.918925376264525841e-03
1.863759999999999854e+04 5.990553885672432986e-03
1.864090000000000146e+04 6.090119804271217942e-03
1.864420000000000073e+04 6.259118022657030912e-03
1.864740000000000146e+04 6.377466094060551052e-03
1.865070000000000073e+04 6.501244882890437615e-03
1.865400000000000000e+04 6.652882707367807277e-03
1.865729999999999927e+04 6.798898993914049421e-03
1.866059999999999854e+04 6.941256049865078895e-03
1.866390000000000146e+04 7.053817540222540733e-03
1.866720000000000073e+04 7.163125302708364672e-03
1.867050000000000000e+04 7.253955845515659522e-03
1.867379999999999927e+04 7.355988352906671704e-03
1.867709999999999854e+04 7.503207919181098008e-03
1.868040000000000146e+04 7.679190141141662394e-03
1.868370000000000073e+04 7.921665176278120182e-03
1.868700000000000000e+04 8.174063135167487087e-03
1.869029999999999927e+04 8.383856691254959817e-03
1.869359999999999854e+04 8.674792969582276192e-03
1.869690000000000146e+04 8.947451646904736738e-03
1.870020000000000073e+04 9.047726248161540655e-03
1.870350000000000000e+04 9.134772575141171871e-03
1.870679999999999927e+04 9.326446549396912034e-03
1.871000000000000000e+04 9.614257818100414854e-03
1.871329999999999927e+04 9.829856315459656324e-03
1.871659999999999854e+04 9.966883743585895281e-03
1.871990000000000146e+04 1.012524024628980168e-02
1.872320000000000073e+04 1.026462837614331401e-02
1.872650000000000000e+04 1.044359607972834142e-02
1.872979999999999927e+04 1.056845288567281535e-02
1.873309999999999854e+04 1.071225532531564287e-02
1.873640000000000146e+04 1.086978457979606051e-02
1.873970000000000073e+04 1.105975032190732558e-02
1.874300000000000000e+04 1.111517568403344071e-02
1.874629999999999927e+04 1.127634358113102815e-02
1.874959999999999854e+04 1.135653422331473969e-02
1.875290000000000146e+04 1.141897136590816139e-02
1.875620000000000073e+04 1.148695236800053449e-02
1.875950000000000000e+04 1.163376638736218771e-02
1.876279999999999927e+04 1.176935177214550633e-02
1.876609999999999854e+04 1.189707622214096830e-02
1.876940000000000146e+04 1.197545835599484604e-02
1.877270000000000073e+04 1.211412190959251789e-02
1.877590000000000146e+04 1.229354778482207727e-02
1.877920000000000073e+04 1.233934981794640798e-02
1.878250000000000000e+04 1.250886786787679637e-02
1.878579999999999927e+04 1.269038641031697452e-02
1.878909999999999854e+04 1.291070541026046251e-02
1.879240000000000146e+04 1.313607787457289795e-02
1.879570000000000073e+04 1.337217962414665590e-02
1.879900000000000000e+04 1.363114140589289508e-02
1.880229999999999927e+04 1.391312567770516123e-02
1.880559999999999854e+04 1.419864237507414105e-02
1.880890000000000146e+04 1.441624418450164480e-02
1.881220000000000073e+04 1.468124241985447297e-02
1.881550000000000000e+04 1.497154232093286103e-02
1.881879999999999927e+04 1.523509707701035248e-02
1.882209999999999854e+04 1.549100650136303950e-02
1.882540000000000146e+04 1.577461916726951782e-02
1.882870000000000073e+04 1.608021674835453246e-02
1.883200000000000000e+04 1.636411730604164089e-02
1.883529999999999927e+04 1.667242242660534404e-02
1.883859999999999854e+04 1.697262061337196509e-02
1.884179999999999927e+04 1.726011330110966552e-02
1.884509999999999854e+04 1.755110229053167409e-02
1.884840000000000146e+04 1.776690664333124142e-02
1.885170000000000073e+04 1.796750950707830252e-02
1.885500000000000000e+04 1.820380586197192438e-02
1.885829999999999927e+04 1.835961422297537407e-02
1.886159999999999854e+04 1.851072224370645461e-02
1.886490000000000146e+04 1.885860555115629819e-02
1.886820000000000073e+04 1.922389673801869897e-02
1.887150000000000000e+04 1.947834248713249325e-02
1.887479999999999927e+04 1.961797869115371531e-02
1.887809999999999854e+04 1.986251571302512925e-02
1.888140000000000146e+04 2.018178776788509543e-02
1.888470000000000073e+04 2.047527557458555733e-02
1.888800000000000000e+04 2.076950947486675553e-02
1.889129999999999927e+04 2.102290373226891121e-02
1.889459999999999854e+04 2.136683217186671063e-02
1.889790000000000146e+04 2.168080802857481892e-02
1.890120000000000073e+04 2.199705081985115981e-02
1.890440000000000146e+04 2.227764736331615952e-02
1.890770000000000073e+04 2.269240514981505155e-02
1.891100000000000000e+04 2.303067373018196501e-02
1.891429999999999927e+04 2.344380957304674495e-02
1.891759999999999854e+04 2.385779729189474799e-02
1.892090000000000146e+04 2.427709053079928070e-02
1.892420000000000073e+04 2.465786286377239303e-02
1.892750000000000000e+04 2.501731949803129990e-02
1.893079999999999927e+04 2.542253292918155230e-02
1.893409999999999854e+04 2.582577019383600764e-02
1.893740000000000146e+04 2.619268107561508255e-02
1.894070000000000073e+04 2.648872448781018976e-02
1.894400000000000000e+04 2.687355704333778406e-02
1.894729999999999927e+04 2.717644007643052473e-02
1.895059999999999854e+04 2.748477235243570321e-02
1.895390000000000146e+04 2.779178586409161017e-02
1.895720000000000073e+04 2.804821846644385899e-02
1.896050000000000000e+04 2.832580507956511395e-02
1.896379999999999927e+04 2.857187306560188961e-02
1.896709999999999854e+04 2.879381413167175774e-02
1.897029999999999927e+04 2.897300080891682811e-02
1.897359999999999854e+04 2.916667165366266731e-02
1.897690000000000146e+04 2.940611396620738602e-02
1.898020000000000073e+04 2.959162059963297078e-02
1.898350000000000000e+04 2.978825221830305389e-02
1.898679999999999927e+04 3.000462734673481000e-02
1.899009999999999854e+04 3.018532143118247274e-02
1.899340000000000146e+04 3.035976367520908450e-02
1.899670000000000073e+04 3.051497729537307885e-02
1.900000000000000000e+04 3.068424907100083393e-02
1.900329999999999927e+04 3.083163724743042192e-02
1.900659999999999854e+04 3.098918110345735485e-02
1.900990000000000146e+04 3.109093132242864502e-02
1.901320000000000073e+04 3.118993671899837616e-02
1.901650000000000000e+04 3.128351964907961913e-02
1.901979999999999927e+04 3.139090781575403638e-02
1.902309999999999854e+04 3.150439920092654167e-02
1.902640000000000146e+04 3.164019921614232012e-02
1.902970000000000073e+04 3.171043118482554796e-02
1.903290000000000146e+04 3.178069363043355133e-02
1.903620000000000073e+04 3.183087506385801069e-02
1.903950000000000000e+04 3.187874632709983280e-02
1.904279999999999927e+04 3.194487922465144569e-02
1.904609999999999854e+04 3.197546825448976948e-02
1.904940000000000146e+04 3.200504130203446485e-02
1.905270000000000073e+04 3.207048133471245704e-02
1.905600000000000000e+04 3.212071460564085851e-02
1.905929999999999927e+04 3.216545643222273876e-02
1.906259999999999854e+04 3.217351936845089938e-02
1.906590000000000146e+04 3.218918341997159538e-02
1.906920000000000073e+04 3.219951174418749645e-02
1.907250000000000000e+04 3.215073659912676129e-02
1.907579999999999927e+04 3.210759631044767665e-02
1.907909999999999854e+04 3.208104847787329739e-02
1.908240000000000146e+04 3.205832729068575082e-02
1.908570000000000073e+04 3.200731114901526897e-02
1.908900000000000000e+04 3.193614155313041075e-02
1.909229999999999927e+04 3.184877223634034055e-02
1.909559999999999854e+04 3.176233046541790395e-02
1.909879999999999927e+04 3.171181350366014673e-02
1.910209999999999854e+04 3.160729918682932821e-02
1.910540000000000146e+04 3.153539572395375190e-02
1.910870000000000073e+04 3.146315931100598234e-02
1.911200000000000000e+04 3.139419581706787837e-02
1.911529999999999927e+04 3.131332264805725130e-02
1.911859999999999854e+04 3.113913343423621582e-02
1.912190000000000146e+04 3.100305010424609514e-02
1.912520000000000073e+04 3.081774805639015194e-02
1.912850000000000000e+04 3.063089391420843050e-02
1.913179999999999927e+04 3.049178388485833738e-02
1.913509999999999854e+04 3.035449402359543733e-02
1.913840000000000146e+04 3.018669048597983143e-02
1.914170000000000073e+04 2.997441884078236654e-02
1.914500000000000000e+04 2.978323327432980810e-02
1.914829999999999927e+04 2.956584593059414026e-02
1.915159999999999854e+04 2.934746409650317370e-02
1.915490000000000146e+04 2.915151975642577692e-02
1.915820000000000073e+04 2.894205721244207455e-02
1.916140000000000146e+04 2.875902223726296489e-02
1.916470000000000073e+04 2.853949557340887053e-02
1.916800000000000000e+04 2.831803963207377497e-02
1.917129999999999927e+04 2.807273801764096841e-02
1.917459999999999854e+04 2.784910147192275892e-02
1.917790000000000146e+04 2.763895731115667206e-02
1.918120000000000073e+04 2.743079519926560489e-02
1.918450000000000000e+04 2.717981981144752812e-02
1.918779999999999927e+04 2.692043288008577617e-02
1.919109999999999854e+04 2.666150051178286379e-02
1.919440000000000146e+04 2.641374688821881631e-02
1.919770000000000073e+04 2.614567659192052265e-02
1.920100000000000000e+04 2.589310487232224581e-02
1.920429999999999927e+04 2.564988521766518176e-02
1.920759999999999854e+04 2.537822425085579231e-02
1.921090000000000146e+04 2.512823891075253654e-02
1.921420000000000073e+04 2.485925518241658902e-02
1.921750000000000000e+04 2.456644322750678455e-02
1.922079999999999927e+04 2.428362320181324738e-02
1.922409999999999854e+04 2.399407643744334503e-02
1.922729999999999927e+04 2.369096668231778641e-02
1.923059999999999854e+04 2.340070986760577759e-02
1.923390000000000146e+04 2.311160841488737669e-02
1.923720000000000073e+04 2.283890100555150890e-02
1.924050000000000000e+04 2.254301830738720744e-02
1.924379999999999927e+04 2.223902353480574148e-02
1.924709999999999854e+04 2.194641268714073862e-02
1.925040000000000146e+04 2.163404662705661202e-02
1.925370000000000073e+04 2.130618692987736387e-02
1.925700000000000000e+04 2.104654305503088699e-02
1.926029999999999927e+04 2.074107042708112081e-02
1.926359999999999854e+04 2.041500950773327341e-02
1.926690000000000146e+04 2.013308125028171261e-02
1.927020000000000073e+04 1.981622921048368027e-02
1.927350000000000000e+04 1.951685396928970126e-02
1.927679999999999927e+04 1.919936320358421253e-02
1.928009999999999854e+04 1.887130753848272058e-02
1.928340000000000146e+04 1.858511842448598572e-02
1.928670000000000073e+04 1.828409984436314348e-02
1.929000000000000000e+04 1.798399715486980258e-02
1.929320000000000073e+04 1.769554834039795480e-02
1.929650000000000000e+04 1.737694781487844620e-02
1.929979999999999927e+04 1.706417530138000516e-02
1.930309999999999854e+04 1.677343839973530204e-02
1.930640000000000146e+04 1.648731099642077730e-02
1.930970000000000073e+04 1.620387639008622621e-02
1.931300000000000000e+04 1.593584808713943701e-02
1.931629999999999927e+04 1.564679945336779412e-02
1.931959999999999854e+04 1.534113205878959336e-02
1.932290000000000146e+04 1.502545796453259690e-02
1.932620000000000073e+04 1.472293961331821478e-02
1.932950000000000000e+04 1.440286402615104447e-02
1.933279999999999927e+04 1.410824263479101143e-02
1.933609999999999854e+04 1.384114404286323173e-02
1.933940000000000146e+04 1.357231679689764776e-02
1.934270000000000073e+04 1.329243998103147271e-02
1.934600000000000000e+04 1.298867054556903863e-02
1.934929999999999927e+04 1.270507613493572149e-02
1.935259999999999854e+04 1.241349761111295615e-02
1.935579999999999927e+04 1.213122000685649265e-02
1.935909999999999854e+04 1.184420517329143503e-02
1.936240000000000146e+04 1.156444477921554463e-02
1.936570000000000073e+04 1.128629590609500633e-02
1.936900000000000000e+04 1.101221739623450824e-02
1.937229999999999927e+04 1.073798209973114356e-02
1.937559999999999854e+04 1.045339690505036646e-02
1.937890000000000146e+04 1.019030515065774516e-02
1.938220000000000073e+04 9.925065084980182889e-03
1.938550000000000000e+04 9.654943169457573873e-03
1.938879999999999927e+04 9.374342911898715311e-03
1.939209999999999854e+04 9.116244395022109551e-03
1.939540000000000146e+04 8.857428143625535599e-03
1.939870000000000073e+04 8.603063750911014995e-03
1.940200000000000000e+04 8.364280654428967593e-03
1.940529999999999927e+04 8.131559230601208277e-03
1.940859999999999854e+04 7.902470338282297987e-03
1.941190000000000146e+04 7.655249945149715692e-03
1.941520000000000073e+04 7.431341565063217733e-03
1.941850000000000000e+04 7.201133587951566092e-03
1.942170000000000073e+04 6.932575527752994800e-03
1.942500000000000000e+04 6.685579596860412310e-03
1.942829999999999927e+04 6.450230600651086534e-03
1.943159999999999854e+04 6.201059296789836715e-03
1.943490000000000146e+04 5.955516511383950051e-03
1.943820000000000073e+04 5.709544933367289264e-03
1.944150000000000000e+04 5.475612299110121581e-03
1.944479999999999927e+04 5.257689469465506686e-03
1.944809999999999854e+04 5.038786199325144891e-03
1.945140000000000146e+04 4.824594068487801993e-03
1.945470000000000073e+04 4.618071877282668020e-03
1.945800000000000000e+04 4.404829089008494881e-03
1.946129999999999927e+04 4.181376308555887975e-03
1.946459999999999854e+04 3.976896495818075562e-03
1.946790000000000146e+04 3.750462317542918155e-03
1.947120000000000073e+04 3.529124957539879655e-03
1.947450000000000000e+04 3.313477296429572297e-03
1.947779999999999927e+04 3.085388520367271948e-03
1.948109999999999854e+04 2.876302703642414586e-03
1.948429999999999927e+04 2.677344795226608426e-03
1.948759999999999854e+04 2.480306347843904552e-03
1.949090000000000146e+04 2.290085937883093101e-03
1.949420000000000073e+04 2.106990495789381329e-03
1.949750000000000000e+04 1.905475849669960049e-03
1.950079999999999927e+04 1.691368886080476521e-03
1.950409999999999854e+04 1.502082849282404455e-03
1.950740000000000146e+04 1.307809158897271480e-03
1.951070000000000073e+04 1.129531979244358152e-03
1.951400000000000000e+04 9.667706485373712012e-04
1.951729999999999927e+04 8.059560623369677610e-04
1.952059999999999854e+04 6.048239598522125700e-04
1.952390000000000146e+04 4.365168423459128222e-04
1.952720000000000073e+04 2.680774391315920123e-04
1.953050000000000000e+04 1.097008545042136814e-04
1.953379999999999927e+04 -5.681959163648501478e-05
1.953709999999999854e+04 -2.349499826499723543e-04
1.954040000000000146e+04 -3.742007115577419699e-04
1.954370000000000073e+04 -5.167043509873547316e-04
1.954700000000000000e+04 -6.682206268742807518e-04
1.955020000000000073e+04 -8.308982994791568044e-04
1.955350000000000000e+04 -9.599740192009209583e-04
1.955679999999999927e+04 -1.091066989881504150e-03
1.956009999999999854e+04 -1.219549756777891765e-03
1.956340000000000146e+04 -1.349398370720900726e-03
1.956670000000000073e+04 -1.489235451085605495e-03
1.957000000000000000e+04 -1.615046893539323885e-03
1.957329999999999927e+04 -1.741803635939036341e-03
1.957659999999999854e+04 -1.854375971138499165e-03
1.957990000000000146e+04 -1.965567694383228529e-03
1.958320000000000073e+04 -2.091533607463412926e-03
1.958650000000000000e+04 -2.224610001147272944e-03
1.958979999999999927e+04 -2.319172067872322333e-03
1.959309999999999854e+04 -2.424737866626185904e-03
1.959640000000000146e+04 -2.514107663032014942e-03
1.959970000000000073e+04 -2.601813821456052615e-03
1.960300000000000000e+04 -2.711355815393497442e-03
1.960629999999999927e+04 -2.852172670664557784e-03
1.960959999999999854e+04 -2.970644484481172777e-03
1.961290000000000146e+04 -3.098197121835866066e-03
1.961609999999999854e+04 -3.215158603701613518e-03
1.961940000000000146e+04 -3.307543003534331710e-03
1.962270000000000073e+04 -3.427506631989805409e-03
1.962600000000000000e+04 -3.528799242435532585e-03
1.962929999999999927e+04 -3.626304286263925224e-03
1.963259999999999854e+04 -3.689537830336012732e-03
1.963590000000000146e+04 -3.729674659053853689e-03
1.963920000000000073e+04 -3.851808924649096841e-03
1.964250000000000000e+04 -3.915732799720794688e-03
1.964579999999999927e+04 -4.031699806303864521e-03
1.964909999999999854e+04 -4.164670512082800299e-03
1.965240000000000146e+04 -4.255931332331406441e-03
1.965570000000000073e+04 -4.358862435475523503e-03
1.965900000000000000e+04 -4.409377306062928388e-03
1.966229999999999927e+04 -4.429860050411823895e-03
1.966559999999999854e+04 -4.462124012632157945e-03
1.966890000000000146e+04 -4.546018503610130788e-03
1.967220000000000073e+04 -4.641573591727885841e-03
1.967550000000000000e+04 -4.708550239297476514e-03
1.967870000000000073e+04 -4.820094086260553849e-03
1.968200000000000000e+04 -4.876133658024353265e-03
1.968529999999999927e+04 -4.907914447779532403e-03
1.968859999999999854e+04 -4.950562219148345669e-03
1.969190000000000146e+04 -4.968051143681805407e-03
1.969520000000000073e+04 -5.019865121278010295e-03
1.969850000000000000e+04 -5.049452431403548582e-03
1.970179999999999927e+04 -5.059665535515850930e-03
1.970509999999999854e+04 -5.158578571561391567e-03
1.970840000000000146e+04 -5.273020326146026643e-03
1.971170000000000073e+04 -5.353676041269090496e-03
1.971500000000000000e+04 -5.375732987930248279e-03
1.971829999999999927e+04 -5.467699487297717278e-03
1.972159999999999854e+04 -5.479245265227313845e-03
1.972490000000000146e+04 -5.501247440887094102e-03
1.972820000000000073e+04 -5.583391968714154080e-03
1.973150000000000000e+04 -5.677921274722132899e-03
1.973479999999999927e+04 -5.770962335402358805e-03
1.973809999999999854e+04 -5.862631426274741292e-03
1.974140000000000146e+04 -5.961426079821828539e-03
1.974459999999999854e+04 -6.065693941786159081e-03
1.974790000000000146e+04 -6.086992064917701693e-03
1.975120000000000073e+04 -6.085512905139431675e-03
1.975450000000000000e+04 -6.122928792397352299e-03
1.975779999999999927e+04 -6.139393974763903208e-03
1.976109999999999854e+04 -6.212340708195077457e-03
1.976440000000000146e+04 -6.295714174264579327e-03
1.976770000000000073e+04 -6.377483569547393386e-03
1.977100000000000000e+04 -6.419027741217148315e-03
1.977429999999999927e+04 -6.431667785995293443e-03
1.977759999999999854e+04 -6.476841972112228930e-03
1.978090000000000146e+04 -6.516882890871966358e-03
1.978420000000000073e+04 -6.586833589908271808e-03
1.978750000000000000e+04 -6.600766324506731481e-03
1.979079999999999927e+04 -6.670786721807384426e-03
1.979409999999999854e+04 -6.679363187491083216e-03
1.979740000000000146e+04 -6.713936957319427933e-03
1.980070000000000073e+04 -6.769869262384559799e-03
1.980400000000000000e+04 -6.756870262014927873e-03
1.980720000000000073e+04 -6.788053228274715592e-03
1.981050000000000000e+04 -6.769324712484470034e-03
1.981379999999999927e+04 -6.714635969233318652e-03
1.981709999999999854e+04 -6.754875920506928089e-03
1.982040000000000146e+04 -6.740215625052286760e-03
1.982370000000000073e+04 -6.747785721619965239e-03
1.982700000000000000e+04 -6.784308891347711964e-03
1.983029999999999927e+04 -6.820999128694930913e-03
1.983359999999999854e+04 -6.809799094950498045e-03
1.983690000000000146e+04 -6.805242143802774785e-03
1.984020000000000073e+04 -6.789186988764264914e-03
1.984350000000000000e+04 -6.791190799083622089e-03
1.984679999999999927e+04 -6.796983237739912323e-03
1.985009999999999854e+04 -6.836728328923581330e-03
1.985340000000000146e+04 -6.879185066194767884e-03
1.985670000000000073e+04 -6.958572568326272002e-03
1.986000000000000000e+04 -6.994797403469474491e-03
1.986329999999999927e+04 -7.074688143701344210e-03
1.986659999999999854e+04 -7.079801461774735787e-03
1.986990000000000146e+04 -7.044936535403193908e-03
1.987309999999999854e+04 -6.997345712250519281e-03
1.987640000000000146e+04 -6.995242887940540145e-03
1.987970000000000073e+04 -7.057157999950171810e-03
1.988300000000000000e+04 -7.034855590003283657e-03
1.988629999999999927e+04 -7.097850980722983025e-03
1.988959999999999854e+04 -7.180233194135019967e-03
1.989290000000000146e+04 -7.162305881297256413e-03
1.989620000000000073e+04 -7.106992123824495272e-03
1.989950000000000000e+04 -7.053889597693455311e-03
1.990279999999999927e+04 -7.022683066478892754e-03
1.990609999999999854e+04 -7.000995422018274801e-03
1.990940000000000146e+04 -6.950177571759734267e-03
1.991270000000000073e+04 -6.965841510530032706e-03
1.991600000000000000e+04 -6.967482073858784208e-03
1.991929999999999927e+04 -6.991243178332106310e-03
1.992259999999999854e+04 -7.003832134958502473e-03
1.992590000000000146e+04 -6.984416326000430011e-03
