1.716800000000000000e+04 6.294250271794890996e-04
1.717129999999999927e+04 6.482148680614547871e-04
1.717459999999999854e+04 6.519322701085749705e-04
1.717790000000000146e+04 6.599889709110216352e-04
1.718120000000000073e+04 6.628718475440377629e-04
1.718450000000000000e+04 6.667442026102175963e-04
1.718779999999999927e+04 6.619902327352926224e-04
1.719109999999999854e+04 6.710354465842857750e-04
1.719440000000000146e+04 6.567975437604798737e-04
1.719770000000000073e+04 6.514812527528461919e-04
1.720100000000000000e+04 6.547202015331602971e-04
1.720429999999999927e+04 6.511978428595359154e-04
1.720759999999999854e+04 6.558200275093319358e-04
1.721090000000000146e+04 6.624881499368361982e-04
1.721420000000000073e+04 6.615442400483947027e-04
1.721750000000000000e+04 6.523176812576875466e-04
1.722079999999999927e+04 6.561087037262453275e-04
1.722409999999999854e+04 6.620935765576139260e-04
1.722729999999999927e+04 6.714214893664395773e-04
1.723059999999999854e+04 6.793113097666636426e-04
1.723390000000000146e+04 6.874676622491000507e-04
1.723720000000000073e+04 6.879987295021657012e-04
1.724050000000000000e+04 6.964745364682943616e-04
1.724379999999999927e+04 6.958715087657544934e-04
1.724709999999999854e+04 6.905789462934655305e-04
1.725040000000000146e+04 6.902293437022186985e-04
1.725370000000000073e+04 6.946003480680934148e-04
1.725700000000000000e+04 6.936177139816434439e-04
1.726029999999999927e+04 6.801009258904395106e-04
1.726359999999999854e+04 6.755510967935713512e-04
1.726690000000000146e+04 6.782423298497714274e-04
1.727020000000000073e+04 6.728869931114572550e-04
1.727350000000000000e+04 6.722382021107284594e-04
1.727679999999999927e+04 6.862793756852220064e-04
1.728009999999999854e+04 6.991802523020120572e-04
1.728340000000000146e+04 7.034521451173404803e-04
1.728670000000000073e+04 7.017691935195136555e-04
1.729000000000000000e+04 7.109832495565748334e-04
1.729320000000000073e+04 7.025120397757197988e-04
1.729650000000000000e+04 7.126021428271854139e-04
1.729979999999999927e+04 7.119887308913822347e-04
1.730309999999999854e+04 7.099204704622446346e-04
1.730640000000000146e+04 7.025369699048809348e-04
1.730970000000000073e+04 6.997759975127486451e-04
1.731300000000000000e+04 7.003178014244730056e-04
1.731629999999999927e+04 7.025123095080820041e-04
1.731959999999999854e+04 7.027720955447201929e-04
1.732290000000000146e+04 7.089743600318072292e-04
1.732620000000000073e+04 7.054386927847452245e-04
1.732950000000000000e+04 7.046012685609558211e-04
1.733279999999999927e+04 6.998315941730593208e-04
1.733609999999999854e+04 6.975779699921443380e-04
1.733940000000000146e+04 7.003930073384487514e-04
1.734270000000000073e+04 7.079768841306010056e-04
1.734600000000000000e+04 7.126388471773040332e-04
1.734929999999999927e+04 7.097350699372998416e-04
1.735259999999999854e+04 7.112170751433310014e-04
1.735579999999999927e+04 7.057280539253043021e-04
1.735909999999999854e+04 7.108248221779345493e-04
1.736240000000000146e+04 7.116366246138148546e-04
1.736570000000000073e+04 7.063541775674211281e-04
1.736900000000000000e+04 7.101498562622578009e-04
1.737229999999999927e+04 7.118896059079114639e-04
1.737559999999999854e+04 7.093413843210807620e-04
1.737890000000000146e+04 7.121240421755221494e-04
1.738220000000000073e+04 7.189509570678710194e-04
1.738550000000000000e+04 7.199714347081265058e-04
1.738879999999999927e+04 7.109588409567623758e-04
1.739209999999999854e+04 7.154179200642318175e-04
1.739540000000000146e+04 7.200673126241739601e-04
1.739870000000000073e+04 7.187768160877337038e-04
1.740200000000000000e+04 7.159456504774493061e-04
1.740529999999999927e+04 7.057263646772864683e-04
1.740859999999999854e+04 7.058102704314326388e-04
1.741190000000000146e+04 7.082682761712466406e-04
1.741520000000000073e+04 7.073705360321914243e-04
1.741850000000000000e+04 7.020768857824286795e-04
1.742170000000000073e+04 6.980510495731212040e-04
1.742500000000000000e+04 7.032919556698393653e-04
1.742829999999999927e+04 7.062673182211601491e-04
1.743159999999999854e+04 7.036770181667176879e-04
1.743490000000000146e+04 6.968176758585901964e-04
1.743820000000000073e+04 7.021982124623481853e-04
1.744150000000000000e+04 6.979563837413020914e-04
1.744479999999999927e+04 6.989066214506423633e-04
1.744809999999999854e+04 6.994651758605522750e-04
1.745140000000000146e+04 7.074480226650737636e-04
1.745470000000000073e+04 7.076380906100195045e-04
1.745800000000000000e+04 7.082656868642760910e-04
1.746129999999999927e+04 7.058031649006555946e-04
1.746459999999999854e+04 7.078187428416353498e-04
1.746790000000000146e+04 7.045358746125098600e-04
1.747120000000000073e+04 7.044598186441443886e-04
1.747450000000000000e+04 7.074146593779855486e-04
1.747779999999999927e+04 7.060772757263654009e-04
1.748109999999999854e+04 7.053298736374469810e-04
1.748429999999999927e+04 7.064106980566390573e-04
1.748759999999999854e+04 7.089919838219003187e-04
1.749090000000000146e+04 7.097712115293070825e-04
1.749420000000000073e+04 7.059441618552505723e-04
1.749750000000000000e+04 7.046663419659169062e-04
1.750079999999999927e+04 7.063334412456817720e-04
1.750409999999999854e+04 7.111282275008268781e-04
1.750740000000000146e+04 7.024237069919807806e-04
1.751070000000000073e+04 6.940780611365240027e-04
1.751400000000000000e+04 6.972945384875287598e-04
1.751729999999999927e+04 7.001996897829004850e-04
1.752059999999999854e+04 7.026419438231865404e-04
1.752390000000000146e+04 7.009011364394409933e-04
1.752720000000000073e+04 7.052573070641811976e-04
1.753050000000000000e+04 7.037816946351533286e-04
1.753379999999999927e+04 7.054213941105902125e-04
1.753709999999999854e+04 7.030993708770557358e-04
1.754040000000000146e+04 6.997502325366561230e-04
1.754370000000000073e+04 6.978434058267315608e-04
1.754700000000000000e+04 6.924108732769906167e-04
1.755020000000000073e+04 6.950793949141080650e-04
1.755350000000000000e+04 7.014550312704692040e-04
1.755679999999999927e+04 6.964946716411840513e-04
1.756009999999999854e+04 6.955754722298156155e-04
1.756340000000000146e+04 6.944299179352388758e-04
1.756670000000000073e+04 6.922657195737580687e-04
1.757000000000000000e+04 6.966042587673676413e-04
1.757329999999999927e+04 6.885468298880175224e-04
1.757659999999999854e+04 6.866840417677498630e-04
1.757990000000000146e+04 6.913661230323088491e-04
1.758320000000000073e+04 6.907219038996485327e-04
1.758650000000000000e+04 6.950104317886468585e-04
1.758979999999999927e+04 6.970311708048405148e-04
1.759309999999999854e+04 6.944844226004546171e-04
1.759640000000000146e+04 7.030730293429136466e-04
1.759970000000000073e+04 7.113444786903132299e-04
1.760300000000000000e+04 7.091253925281728460e-04
1.760629999999999927e+04 7.118996880683515311e-04
1.760959999999999854e+04 7.106721963167291238e-04
1.761290000000000146e+04 7.055822725390736199e-04
1.761609999999999854e+04 6.990417086164880424e-04
1.761940000000000146e+04 7.031814208234391265e-04
1.762270000000000073e+04 7.039943350714441108e-04
1.762600000000000000e+04 7.044118827095569805e-04
1.762929999999999927e+04 7.077912565193994043e-04
1.763259999999999854e+04 7.153090338913455862e-04
1.763590000000000146e+04 7.173460658308378505e-04
1.763920000000000073e+04 7.210411130669937664e-04
1.764250000000000000e+04 7.275731247624886650e-04
1.764579999999999927e+04 7.370536093064995612e-04
1.764909999999999854e+04 7.423622359641561920e-04
1.765240000000000146e+04 7.464379193525033825e-04
1.765570000000000073e+04 7.531549051356920032e-04
1.765900000000000000e+04 7.606824976213224501e-04
1.766229999999999927e+04 7.682657574192682188e-04
1.766559999999999854e+04 7.685167382456158016e-04
1.766890000000000146e+04 7.714500643919602104e-04
1.767220000000000073e+04 7.823068843210213320e-04
1.767550000000000000e+04 7.914122810232604530e-04
1.767870000000000073e+04 7.952822088747343691e-04
1.768200000000000000e+04 7.961570301321891979e-04
1.768529999999999927e+04 8.001924453282749329e-04
1.768859999999999854e+04 8.088181747617782845e-04
1.769190000000000146e+04 8.073737107466134834e-04
1.769520000000000073e+04 8.181129836366952783e-04
1.769850000000000000e+04 8.212635738896726821e-04
1.770179999999999927e+04 8.267984011907142296e-04
1.770509999999999854e+04 8.401054749878262597e-04
1.770840000000000146e+04 8.420359889931028916e-04
1.771170000000000073e+04 8.517581696358152545e-04
1.771500000000000000e+04 8.557292200304253632e-04
1.771829999999999927e+04 8.582241493605123357e-04
1.772159999999999854e+04 8.626419497465596465e-04
1.772490000000000146e+04 8.711347239281979574e-04
1.772820000000000073e+04 8.790398507217780412e-04
1.773150000000000000e+04 8.888396483400933011e-04
1.773479999999999927e+04 9.022972598437521306e-04
1.773809999999999854e+04 9.136073737884965566e-04
1.774140000000000146e+04 9.201228872624493812e-04
1.774459999999999854e+04 9.241915955747440244e-04
1.774790000000000146e+04 9.330695951434780314e-04
1.775120000000000073e+04 9.426653229634631304e-04
1.775450000000000000e+04 9.447268671422709733e-04
1.775779999999999927e+04 9.535188245860013552e-04
1.776109999999999854e+04 9.568992721144950952e-04
1.776440000000000146e+04 9.578220791451612284e-04
1.776770000000000073e+04 9.663312927529273295e-04
1.777100000000000000e+04 9.744919115072704511e-04
1.777429999999999927e+04 9.800488454807902705e-04
1.777759999999999854e+04 9.905651902338840926e-04
1.778090000000000146e+04 1.003170614751951878e-03
1.778420000000000073e+04 1.004992469728038275e-03
1.778750000000000000e+04 1.017636091210390083e-03
1.779079999999999927e+04 1.028504898534181918e-03
1.779409999999999854e+04 1.034008450924271986e-03
1.779740000000000146e+04 1.042309297769151511e-03
1.780070000000000073e+04 1.052597615652477734e-03
1.780400000000000000e+04 1.060655308316863334e-03
1.780720000000000073e+04 1.065404655929825910e-03
1.781050000000000000e+04 1.065167500485167309e-03
1.781379999999999927e+04 1.068895444003316146e-03
1.781709999999999854e+04 1.068147927374036481e-03
1.782040000000000146e+04 1.077968936112906270e-03
1.782370000000000073e+04 1.085222950867915708e-03
1.782700000000000000e+04 1.086176023859150444e-03
1.783029999999999927e+04 1.098302506344420821e-03
1.783359999999999854e+04 1.105037601714485215e-03
1.783690000000000146e+04 1.111616120711673896e-03
1.784020000000000073e+04 1.118428873509505267e-03
1.784350000000000000e+04 1.126700147457318935e-03
1.784679999999999927e+04 1.135818878679465153e-03
1.785009999999999854e+04 1.141286286218842283e-03
1.785340000000000146e+04 1.144611900858688450e-03
1.785670000000000073e+04 1.155708597731533623e-03
1.786000000000000000e+04 1.163568059234571916e-03
1.786329999999999927e+04 1.170224620186958520e-03
1.786659999999999854e+04 1.179660268905227205e-03
1.786990000000000146e+04 1.182054206076554783e-03
1.787309999999999854e+04 1.196189546170061931e-03
1.787640000000000146e+04 1.200839380361225358e-03
1.787970000000000073e+04 1.214037045370538548e-03
1.788300000000000000e+04 1.224157205490478822e-03
1.788629999999999927e+04 1.234752792660591229e-03
1.788959999999999854e+04 1.234797621770681100e-03
1.789290000000000146e+04 1.246203849501656283e-03
1.789620000000000073e+04 1.253675673539140578e-03
1.789950000000000000e+04 1.262581969023843188e-03
1.790279999999999927e+04 1.277921088569543848e-03
1.790609999999999854e+04 1.290369184397814921e-03
1.790940000000000146e+04 1.305598052701244889e-03
1.791270000000000073e+04 1.313470514941584774e-03
1.791600000000000000e+04 1.319901784602620998e-03
1.791929999999999927e+04 1.322852690679626351e-03
1.792259999999999854e+04 1.329007160549835901e-03
1.792590000000000146e+04 1.337457977458547057e-03
1.792920000000000073e+04 1.351595241085812912e-03
1.793250000000000000e+04 1.359971856766643708e-03
1.793570000000000073e+04 1.366734261618059122e-03
1.793900000000000000e+04 1.374124947382069284e-03
1.794229999999999927e+04 1.377740556573287369e-03
1.794559999999999854e+04 1.382670293170159496e-03
1.794890000000000146e+04 1.393760912697646157e-03
1.795220000000000073e+04 1.401734888778998715e-03
1.795550000000000000e+04 1.405893917500206959e-03
1.795879999999999927e+04 1.411644525535154550e-03
1.796209999999999854e+04 1.416480573703465719e-03
1.796540000000000146e+04 1.423522277798541314e-03
1.796870000000000073e+04 1.431006496725088437e-03
1.797200000000000000e+04 1.434816075827025431e-03
1.797529999999999927e+04 1.440538532378907340e-03
1.797859999999999854e+04 1.444580614015812149e-03
1.798190000000000146e+04 1.461316291174237763e-03
1.798520000000000073e+04 1.467676056672360388e-03
1.798850000000000000e+04 1.480209228167846504e-03
1.799179999999999927e+04 1.492314455125858452e-03
1.799509999999999854e+04 1.504699914243432879e-03
1.799840000000000146e+04 1.507459201359196300e-03
1.800159999999999854e+04 1.506027950964654522e-03
1.800490000000000146e+04 1.505903205949975883e-03
1.800820000000000073e+04 1.510351938771771312e-03
1.801150000000000000e+04 1.517136323070875700e-03
1.801479999999999927e+04 1.532613135041928105e-03
1.801809999999999854e+04 1.543934171373053180e-03
1.802140000000000146e+04 1.548029749246500808e-03
1.802470000000000073e+04 1.559554286273299659e-03
1.802800000000000000e+04 1.560536118178873109e-03
1.803129999999999927e+04 1.559396716348640131e-03
1.803459999999999854e+04 1.564835259015170520e-03
1.803790000000000146e+04 1.565739856463937117e-03
1.804120000000000073e+04 1.571019726273533606e-03
1.804450000000000000e+04 1.571624402028787412e-03
1.804779999999999927e+04 1.576777462132077957e-03
1.805109999999999854e+04 1.581848771807888281e-03
1.805440000000000146e+04 1.590376505029018938e-03
1.805770000000000073e+04 1.597226534308389618e-03
1.806100000000000000e+04 1.609282775717858294e-03
1.806429999999999927e+04 1.607083155105525031e-03
1.806750000000000000e+04 1.610357249597531206e-03
1.807079999999999927e+04 1.614607073212118767e-03
1.807409999999999854e+04 1.611601311028981699e-03
1.807740000000000146e+04 1.617097080945563035e-03
1.808070000000000073e+04 1.623030903091685333e-03
1.808400000000000000e+04 1.630763110727820276e-03
1.808729999999999927e+04 1.643804650883655795e-03
1.809059999999999854e+04 1.647779996850107925e-03
1.809390000000000146e+04 1.651937891777718100e-03
1.809720000000000073e+04 1.654047934860573355e-03
1.810050000000000000e+04 1.671115393555273583e-03
1.810379999999999927e+04 1.672681330045997991e-03
1.810709999999999854e+04 1.683649883947725950e-03
1.811040000000000146e+04 1.685375371507799157e-03
1.811370000000000073e+04 1.678692664764357785e-03
1.811700000000000000e+04 1.678736802463946971e-03
1.812029999999999927e+04 1.683388511958328667e-03
1.812359999999999854e+04 1.693817542528970122e-03
1.812690000000000146e+04 1.702224984544578037e-03
1.813009999999999854e+04 1.707877767312271020e-03
1.813340000000000146e+04 1.715999701813353045e-03
1.813670000000000073e+04 1.720387211397480772e-03
1.814000000000000000e+04 1.722145394274132236e-03
1.814329999999999927e+04 1.724816770712847601e-03
1.814659999999999854e+04 1.726105399297707009e-03
1.814990000000000146e+04 1.728224563814920525e-03
1.815320000000000073e+04 1.717791650800074401e-03
1.815650000000000000e+04 1.719702700081758660e-03
1.815979999999999927e+04 1.708993494472696960e-03
1.816309999999999854e+04 1.714480239104935718e-03
1.816640000000000146e+04 1.729934164583017166e-03
1.816970000000000073e+04 1.737639771679943277e-03
1.817300000000000000e+04 1.744792878813058350e-03
1.817629999999999927e+04 1.744313504802236627e-03
1.817959999999999854e+04 1.726056575728300872e-03
1.818290000000000146e+04 1.738609373358224013e-03
1.818620000000000073e+04 1.739215849090622584e-03
1.818950000000000000e+04 1.737547624327994127e-03
1.819279999999999927e+04 1.739767038826981046e-03
1.819600000000000000e+04 1.746976496917024150e-03
1.819929999999999927e+04 1.745159346564730072e-03
1.820259999999999854e+04 1.754417075431572532e-03
1.820590000000000146e+04 1.757047332433478394e-03
1.820920000000000073e+04 1.758258139899723706e-03
1.821250000000000000e+04 1.755478731597120545e-03
1.821579999999999927e+04 1.760410842198720498e-03
1.821909999999999854e+04 1.753053071838387095e-03
1.822240000000000146e+04 1.748769144552841546e-03
1.822570000000000073e+04 1.738233562882418246e-03
1.822900000000000000e+04 1.750407092296781810e-03
1.823229999999999927e+04 1.754977628741232702e-03
1.823559999999999854e+04 1.758707799487226183e-03
1.823890000000000146e+04 1.764513550102551290e-03
1.824220000000000073e+04 1.773319689106811091e-03
1.824550000000000000e+04 1.790220344856716670e-03
1.824879999999999927e+04 1.804088409352207862e-03
1.825209999999999854e+04 1.797560636206100952e-03
1.825540000000000146e+04 1.799314128398874207e-03
1.825859999999999854e+04 1.791292704493059260e-03
1.826190000000000146e+04 1.800062877049524862e-03
1.826520000000000073e+04 1.791184099904061071e-03
1.826850000000000000e+04 1.810263950603668371e-03
1.827179999999999927e+04 1.821235618300604550e-03
1.827509999999999854e+04 1.839287411184280198e-03
1.827840000000000146e+04 1.875585818919148565e-03
1.828170000000000073e+04 1.893644723096132116e-03
1.828500000000000000e+04 1.901926053644462317e-03
1.828829999999999927e+04 1.911051168174422504e-03
1.829159999999999854e+04 1.914772364115774122e-03
1.829490000000000146e+04 1.931872593243297645e-03
1.829820000000000073e+04 1.953520808868877950e-03
1.830150000000000000e+04 1.986691323495887260e-03
1.830479999999999927e+04 2.015531767271773553e-03
1.830809999999999854e+04 2.035996250043872746e-03
1.831140000000000146e+04 2.046946453247896255e-03
1.831470000000000073e+04 2.078764630674530267e-03
1.831800000000000000e+04 2.090019898104024561e-03
1.832129999999999927e+04 2.110055684630909260e-03
1.832450000000000000e+04 2.127545041305641416e-03
1.832779999999999927e+04 2.135318532528832861e-03
1.833109999999999854e+04 2.165559737973634519e-03
1.833440000000000146e+04 2.188589200526128153e-03
1.833770000000000073e+04 2.205390850129814850e-03
1.834100000000000000e+04 2.237927362077210894e-03
1.834429999999999927e+04 2.256165507749365202e-03
1.834759999999999854e+04 2.277582081430000981e-03
1.835090000000000146e+04 2.318488256809206772e-03
1.835420000000000073e+04 2.355794885115123152e-03
1.835750000000000000e+04 2.396729914741289880e-03
1.836079999999999927e+04 2.442329044330110357e-03
1.836409999999999854e+04 2.490799679342224106e-03
1.836740000000000146e+04 2.514282125941832979e-03
1.837070000000000073e+04 2.561357170237754232e-03
1.837400000000000000e+04 2.610349390841355029e-03
1.837729999999999927e+04 2.653873064757992107e-03
1.838059999999999854e+04 2.683992912105390410e-03
1.838390000000000146e+04 2.740806504401532406e-03
1.838709999999999854e+04 2.790222132489869524e-03
1.839040000000000146e+04 2.846521757573188503e-03
1.839370000000000073e+04 2.874645531309783387e-03
1.839700000000000000e+04 2.917543457539303626e-03
1.840029999999999927e+04 2.957686829424390016e-03
1.840359999999999854e+04 3.011801138870817338e-03
1.840690000000000146e+04 3.055938156082176060e-03
1.841020000000000073e+04 3.090910914871822929e-03
1.841350000000000000e+04 3.132738383590150458e-03
1.841679999999999927e+04 3.186139404986173228e-03
1.842009999999999854e+04 3.227204068167365859e-03
1.842340000000000146e+04 3.284673162424052179e-03
1.842670000000000073e+04 3.329758561666762949e-03
1.843000000000000000e+04 3.384997674138819686e-03
1.843329999999999927e+04 3.419579834781198441e-03
1.843659999999999854e+04 3.470436729585441461e-03
1.843990000000000146e+04 3.511568519833987122e-03
1.844320000000000073e+04 3.548990343661432342e-03
1.844650000000000000e+04 3.596707621618526821e-03
1.844979999999999927e+04 3.660147700113716013e-03
1.845300000000000000e+04 3.704190831290962282e-03
1.845629999999999927e+04 3.750404680108219025e-03
1.845959999999999854e+04 3.766562315190173215e-03
1.846290000000000146e+04 3.802745260291875463e-03
1.846620000000000073e+04 3.788824898795543732e-03
1.846950000000000000e+04 3.807973339287926400e-03
1.847279999999999927e+04 3.837066211938148109e-03
1.847609999999999854e+04 3.856973460767165827e-03
1.847940000000000146e+04 3.854157778635017555e-03
1.848270000000000073e+04 3.876129727039467551e-03
1.848600000000000000e+04 3.882988173561709253e-03
1.848929999999999927e+04 3.905587823952905765e-03
1.849259999999999854e+04 3.933049614740724564e-03
1.849590000000000146e+04 3.931784916745110180e-03
1.849920000000000073e+04 3.964237788089792873e-03
1.850250000000000000e+04 4.001056904692836501e-03
1.850579999999999927e+04 4.047980643760294706e-03
1.850909999999999854e+04 4.111425546130064931e-03
1.851240000000000146e+04 4.117360777527625214e-03
1.851570000000000073e+04 4.113363431505441710e-03
1.851890000000000146e+04 4.116870189563487208e-03
1.852220000000000073e+04 4.137462998643034323e-03
1.852550000000000000e+04 4.161593085820015046e-03
1.852879999999999927e+04 4.195752500683900231e-03
1.853209999999999854e+04 4.237345367321235928e-03
1.853540000000000146e+04 4.269102417113000703e-03
1.853870000000000073e+04 4.313823805235777846e-03
1.854200000000000000e+04 4.368854356725967482e-03
1.854529999999999927e+04 4.432006634745303680e-03
1.854859999999999854e+04 4.457489494352058663e-03
1.855190000000000146e+04 4.500928032151017485e-03
1.855520000000000073e+04 4.548791022982908057e-03
1.855850000000000000e+04 4.610522033395091090e-03
1.856179999999999927e+04 4.674623676938976374e-03
1.856509999999999854e+04 4.723084526014326504e-03
1.856840000000000146e+04 4.779376681687153884e-03
1.857170000000000073e+04 4.815222344064140104e-03
1.857500000000000000e+04 4.858221699156506368e-03
1.857829999999999927e+04 4.922769464441369494e-03
1.858150000000000000e+04 4.964361784914677125e-03
1.858479999999999927e+04 5.009871744010040151e-03
1.858809999999999854e+04 5.052556907063003415e-03
1.859140000000000146e+04 5.116935669670648335e-03
1.859470000000000073e+04 5.163967204811919370e-03
1.859800000000000000e+04 5.217065408937326607e-03
1.860129999999999927e+04 5.254564274153889457e-03
1.860459999999999854e+04 5.318620517991048090e-03
1.860790000000000146e+04 5.368385818259868540e-03
1.861120000000000073e+04 5.439546114067799441e-03
1.861450000000000000e+04 5.528252262290801050e-03
1.861779999999999927e+04 5.593468450043262083e-03
1.862109999999999854e+04 5.654757089669248428e-03
1.862440000000000146e+04 5.746318550184862338e-03
1.862770000000000073e+04 5.806757993063810935e-03
1.863100000000000000e+04 5.937607452826038079e-03
1.863429999999999927e+04 6.028848084650168665e-03
1.863759999999999854e+04 6.120410739517955293e-03
1.864090000000000146e+04 6.232984223044532937e-03
1.864420000000000073e+04 6.415831528468666708e-03
1.864740000000000146e+04 6.540979766640155589e-03
1.865070000000000073e+04 6.665239314052695194e-03
1.865400000000000000e+04 6.824314091042454553e-03
1.865729999999999927e+04 6.964433071277653826e-03
1.866059999999999854e+04 7.111490008124030787e-03
1.866390000000000146e+04 7.231513381222303034e-03
1.866720000000000073e+04 7.342184242493904160e-03
1.867050000000000000e+04 7.435585601026578097e-03
1.867379999999999927e+04 7.544737957505881151e-03
1.867709999999999854e+04 7.696419182064689196e-03
1.868040000000000146e+04 7.889485876618100926e-03
1.868370000000000073e+04 8.133124908917649734e-03
1.868700000000000000e+04 8.383887048647719123e-03
1.869029999999999927e+04 8.598313341905527984e-03
1.869359999999999854e+04 8.874124651832347374e-03
1.869690000000000146e+04 9.130952860718601766e-03
1.870020000000000073e+04 9.241003244536947353e-03
1.870350000000000000e+04 9.323676097761966416e-03
1.870679999999999927e+04 9.515170852226046555e-03
1.871000000000000000e+04 9.810376749165038157e-03
1.871329999999999927e+04 1.001446389483230844e-02
1.871659999999999854e+04 1.015678183478290093e-02
1.871990000000000146e+04 1.032124898616479727e-02
1.872320000000000073e+04 1.047095241559715256e-02
1.872650000000000000e+04 1.064055358962211380e-02
1.872979999999999927e+04 1.076162312549070604e-02
1.873309999999999854e+04 1.090579548983792828e-02
1.873640000000000146e+04 1.106338444936885365e-02
1.873970000000000073e+04 1.126093313430721714e-02
1.874300000000000000e+04 1.131173760510890795e-02
1.874629999999999927e+04 1.147390884112277007e-02
1.874959999999999854e+04 1.154841564437476993e-02
1.875290000000000146e+04 1.162362077943543751e-02
1.875620000000000073e+04 1.169478559027326177e-02
1.875950000000000000e+04 1.184488153885530741e-02
1.876279999999999927e+04 1.198515282012356520e-02
1.876609999999999854e+04 1.210686380676379709e-02
1.876940000000000146e+04 1.218765506048748691e-02
1.877270000000000073e+04 1.233300111014978308e-02
1.877590000000000146e+04 1.251891489211484805e-02
1.877920000000000073e+04 1.258156364636902128e-02
1.878250000000000000e+04 1.275852665694690753e-02
1.878579999999999927e+04 1.295009366911543773e-02
1.878909999999999854e+04 1.316732947688391275e-02
1.879240000000000146e+04 1.341295359920949108e-02
1.879570000000000073e+04 1.365876154332208887e-02
1.879900000000000000e+04 1.393155316292553174e-02
1.880229999999999927e+04 1.421803756048306208e-02
1.880559999999999854e+04 1.450322018384169950e-02
1.880890000000000146e+04 1.472568937473684239e-02
1.881220000000000073e+04 1.499236694922235352e-02
1.881550000000000000e+04 1.529331442384863730e-02
1.881879999999999927e+04 1.556080374378192820e-02
1.882209999999999854e+04 1.583560683900113800e-02
1.882540000000000146e+04 1.611940354912260245e-02
1.882870000000000073e+04 1.642332886302836845e-02
1.883200000000000000e+04 1.671203445554117484e-02
1.883529999999999927e+04 1.702303391536147056e-02
1.883859999999999854e+04 1.732475873777951023e-02
1.884179999999999927e+04 1.761427939787907002e-02
1.884509999999999854e+04 1.789673158515120432e-02
1.884840000000000146e+04 1.812280888580407659e-02
1.885170000000000073e+04 1.833304967130615012e-02
1.885500000000000000e+04 1.857136144390935523e-02
1.885829999999999927e+04 1.874514021497260610e-02
1.886159999999999854e+04 1.891763254652195289e-02
1.886490000000000146e+04 1.926980100936164647e-02
1.886820000000000073e+04 1.964288872661723237e-02
1.887150000000000000e+04 1.990341207843933369e-02
1.887479999999999927e+04 2.005604365653425314e-02
1.887809999999999854e+04 2.032145698235812009e-02
1.888140000000000146e+04 2.065005646978189044e-02
1.888470000000000073e+04 2.095450160735270670e-02
1.888800000000000000e+04 2.125009599797647933e-02
1.889129999999999927e+04 2.152575688925841349e-02
1.889459999999999854e+04 2.187116609118837374e-02
1.889790000000000146e+04 2.219107232551044417e-02
1.890120000000000073e+04 2.251287527357429680e-02
1.890440000000000146e+04 2.279835264705589240e-02
1.890770000000000073e+04 2.322719376397579250e-02
1.891100000000000000e+04 2.357052169087772361e-02
1.891429999999999927e+04 2.399337464124924255e-02
1.891759999999999854e+04 2.440094911709139724e-02
1.892090000000000146e+04 2.482199460546363062e-02
1.892420000000000073e+04 2.520221587308798736e-02
1.892750000000000000e+04 2.557303123464409883e-02
1.893079999999999927e+04 2.598580814243252671e-02
1.893409999999999854e+04 2.638467659996672141e-02
1.893740000000000146e+04 2.674935985195860122e-02
1.894070000000000073e+04 2.705256294305759604e-02
1.894400000000000000e+04 2.742889232712947267e-02
1.894729999999999927e+04 2.774005325583029161e-02
1.895059999999999854e+04 2.804007973351591715e-02
1.895390000000000146e+04 2.835381109362294927e-02
1.895720000000000073e+04 2.861146447508540122e-02
1.896050000000000000e+04 2.888154254619201833e-02
1.896379999999999927e+04 2.913714403831657238e-02
1.896709999999999854e+04 2.936538258478278360e-02
1.897029999999999927e+04 2.954879520678299273e-02
1.897359999999999854e+04 2.974380649850105404e-02
1.897690000000000146e+04 2.998605859543616511e-02
1.898020000000000073e+04 3.017920748464537201e-02
1.898350000000000000e+04 3.037535048367592805e-02
1.898679999999999927e+04 3.058025117319570357e-02
1.899009999999999854e+04 3.075947210169035356e-02
1.899340000000000146e+04 3.094096120246934284e-02
1.899670000000000073e+04 3.110203272901648774e-02
1.900000000000000000e+04 3.127907021493794848e-02
1.900329999999999927e+04 3.143260172046361683e-02
1.900659999999999854e+04 3.159830846393201637e-02
1.900990000000000146e+04 3.170338960248004351e-02
1.901320000000000073e+04 3.180199590208451083e-02
1.901650000000000000e+04 3.189492990629486102e-02
1.901979999999999927e+04 3.201171757611306207e-02
1.902309999999999854e+04 3.212803577273225242e-02
1.902640000000000146e+04 3.226089049172699286e-02
1.902970000000000073e+04 3.233041933021450764e-02
1.903290000000000146e+04 3.241301497716273655e-02
1.903620000000000073e+04 3.246656088004279406e-02
1.903950000000000000e+04 3.251105769397385353e-02
1.904279999999999927e+04 3.257298147021783774e-02
1.904609999999999854e+04 3.260321312266357269e-02
1.904940000000000146e+04 3.263668724341654837e-02
1.905270000000000073e+04 3.271016388477997194e-02
1.905600000000000000e+04 3.275525340314139333e-02
1.905929999999999927e+04 3.280199910544404074e-02
1.906259999999999854e+04 3.281883842356316666e-02
1.906590000000000146e+04 3.283473611066086567e-02
1.906920000000000073e+04 3.284804089102627556e-02
1.907250000000000000e+04 3.279933479303399207e-02
1.907579999999999927e+04 3.275142957811495031e-02
1.907909999999999854e+04 3.272111946960417489e-02
1.908240000000000146e+04 3.271179180831345484e-02
1.908570000000000073e+04 3.266384495849205399e-02
1.908900000000000000e+04 3.259124403354635158e-02
1.909229999999999927e+04 3.250964845237589579e-02
1.909559999999999854e+04 3.241756515014454498e-02
1.909879999999999927e+04 3.236554914311048914e-02
1.910209999999999854e+04 3.226912731959542813e-02
1.910540000000000146e+04 3.219470855112067931e-02
1.910870000000000073e+04 3.213144645328404325e-02
1.911200000000000000e+04 3.206099920611535370e-02
1.911529999999999927e+04 3.198627358344405258e-02
1.911859999999999854e+04 3.181491357028506245e-02
1.912190000000000146e+04 3.167397645410250512e-02
1.912520000000000073e+04 3.148801969217595448e-02
1.912850000000000000e+04 3.130508777524147052e-02
1.913179999999999927e+04 3.115868284652225512e-02
1.913509999999999854e+04 3.102060646071632885e-02
1.913840000000000146e+04 3.085910849607209974e-02
1.914170000000000073e+04 3.065201780843529802e-02
1.914500000000000000e+04 3.045582256547048339e-02
1.914829999999999927e+04 3.023553627543203864e-02
1.915159999999999854e+04 3.002682237366085041e-02
1.915490000000000146e+04 2.984055003558550370e-02
1.915820000000000073e+04 2.963586382985137005e-02
1.916140000000000146e+04 2.945248512388373707e-02
1.916470000000000073e+04 2.922123565863420785e-02
1.916800000000000000e+04 2.899878905209779881e-02
1.917129999999999927e+04 2.875212066740773578e-02
1.917459999999999854e+04 2.852906535777036470e-02
1.917790000000000146e+04 2.831911889943919056e-02
1.918120000000000073e+04 2.811323188351387906e-02
1.918450000000000000e+04 2.786049055754066806e-02
1.918779999999999927e+04 2.760682775823419463e-02
1.919109999999999854e+04 2.734788770877372849e-02
1.919440000000000146e+04 2.710444856130083541e-02
1.919770000000000073e+04 2.683112422626073718e-02
1.920100000000000000e+04 2.658089517402362559e-02
1.920429999999999927e+04 2.632901425341004770e-02
1.920759999999999854e+04 2.605287228597416918e-02
1.921090000000000146e+04 2.579797111047989547e-02
1.921420000000000073e+04 2.551945139221059589e-02
1.921750000000000000e+04 2.522650135969166721e-02
1.922079999999999927e+04 2.494897268079455249e-02
1.922409999999999854e+04 2.466244619963626691e-02
1.922729999999999927e+04 2.437090622491945927e-02
1.923059999999999854e+04 2.408140706194894162e-02
1.923390000000000146e+04 2.378010172975583356e-02
1.923720000000000073e+04 2.351267141001801494e-02
1.924050000000000000e+04 2.322972090339980172e-02
1.924379999999999927e+04 2.293962542932908091e-02
1.924709999999999854e+04 2.263580172640512408e-02
1.925040000000000146e+04 2.232125843646578026e-02
1.925370000000000073e+04 2.199786682645188049e-02
1.925700000000000000e+04 2.172250879808674401e-02
1.926029999999999927e+04 2.142201390123228688e-02
1.926359999999999854e+04 2.110154775922815432e-02
1.926690000000000146e+04 2.081537987028321199e-02
1.927020000000000073e+04 2.050168651350952817e-02
1.927350000000000000e+04 2.019395665006165977e-02
1.927679999999999927e+04 1.987237943738401000e-02
1.928009999999999854e+04 1.953842768101361760e-02
1.928340000000000146e+04 1.924337400984048319e-02
1.928670000000000073e+04 1.893325583808502105e-02
1.929000000000000000e+04 1.863031678649481812e-02
1.929320000000000073e+04 1.832300899107945982e-02
1.929650000000000000e+04 1.800645590756906264e-02
1.929979999999999927e+04 1.770151062851363713e-02
1.930309999999999854e+04 1.740228659349193907e-02
1.930640000000000146e+04 1.711313354301328624e-02
1.930970000000000073e+04 1.683037751826821013e-02
1.931300000000000000e+04 1.655228278863011063e-02
1.931629999999999927e+04 1.625135296133441501e-02
1.931959999999999854e+04 1.594111497287398552e-02
1.932290000000000146e+04 1.562156098007472585e-02
1.932620000000000073e+04 1.531818456084416136e-02
1.932950000000000000e+04 1.500701013030225454e-02
1.933279999999999927e+04 1.471291054602793386e-02
1.933609999999999854e+04 1.443802585390221993e-02
1.933940000000000146e+04 1.416554434234652653e-02
1.934270000000000073e+04 1.387978218000518807e-02
1.934600000000000000e+04 1.357943001410189844e-02
1.934929999999999927e+04 1.328856201917493970e-02
1.935259999999999854e+04 1.298725629826482861e-02
1.935579999999999927e+04 1.270513361426815410e-02
1.935909999999999854e+04 1.240806855821131004e-02
1.936240000000000146e+04 1.212669516808572052e-02
1.936570000000000073e+04 1.185071095823771181e-02
1.936900000000000000e+04 1.157764952255829587e-02
1.937229999999999927e+04 1.131519860041873410e-02
1.937559999999999854e+04 1.103082033885696180e-02
1.937890000000000146e+04 1.076858837674512202e-02
1.938220000000000073e+04 1.049266208384770638e-02
1.938550000000000000e+04 1.021593340301121117e-02
1.938879999999999927e+04 9.939543897297687877e-03
1.939209999999999854e+04 9.665689222484109139e-03
1.939540000000000146e+04 9.405423220782152538e-03
1.939870000000000073e+04 9.141630673094838094e-03
1.940200000000000000e+04 8.882623250425790429e-03
1.940529999999999927e+04 8.638737858388603752e-03
1.940859999999999854e+04 8.393180328485440322e-03
1.941190000000000146e+04 8.145122471593694083e-03
1.941520000000000073e+04 7.910216572161520715e-03
1.941850000000000000e+04 7.668605943850270723e-03
1.942170000000000073e+04 7.406815739492460075e-03
1.942500000000000000e+04 7.155946470641934981e-03
1.942829999999999927e+04 6.915169704778930185e-03
1.943159999999999854e+04 6.667502330266921080e-03
1.943490000000000146e+04 6.412200845998873230e-03
1.943820000000000073e+04 6.164536815537761429e-03
1.944150000000000000e+04 5.924800375922249090e-03
1.944479999999999927e+04 5.704578917227356646e-03
1.944809999999999854e+04 5.485250659148384854e-03
1.945140000000000146e+04 5.278833631821511913e-03
1.945470000000000073e+04 5.069893440794405112e-03
1.945800000000000000e+04 4.858653568268615427e-03
1.946129999999999927e+04 4.629558645781948513e-03
1.946459999999999854e+04 4.403899307541423065e-03
1.946790000000000146e+04 4.168650039098035880e-03
1.947120000000000073e+04 3.944232664182859525e-03
1.947450000000000000e+04 3.718134508626878571e-03
1.947779999999999927e+04 3.498793001456155984e-03
1.948109999999999854e+04 3.286651598619954630e-03
1.948429999999999927e+04 3.070334551028700183e-03
1.948759999999999854e+04 2.870584857360594655e-03
1.949090000000000146e+04 2.671941311702817363e-03
1.949420000000000073e+04 2.482431189511012139e-03
1.949750000000000000e+04 2.288382299468805052e-03
1.950079999999999927e+04 2.077913648456126711e-03
1.950409999999999854e+04 1.880142638364461563e-03
1.950740000000000146e+04 1.679728605790598581e-03
1.951070000000000073e+04 1.487285718840671749e-03
1.951400000000000000e+04 1.314099504611255988e-03
1.951729999999999927e+04 1.143747469206373704e-03
1.952059999999999854e+04 9.469773439181172888e-04
1.952390000000000146e+04 7.746950851797159776e-04
1.952720000000000073e+04 6.083960624718720567e-04
1.953050000000000000e+04 4.312275659907516723e-04
1.953379999999999927e+04 2.630385558448955540e-04
1.953709999999999854e+04 8.517011063913335241e-05
1.954040000000000146e+04 -6.699000561647102726e-05
1.954370000000000073e+04 -2.227906592881791984e-04
1.954700000000000000e+04 -3.725126789105516110e-04
1.955020000000000073e+04 -5.415553391509305261e-04
1.955350000000000000e+04 -6.795521967326899684e-04
1.955679999999999927e+04 -8.158891358071461083e-04
1.956009999999999854e+04 -9.586974428958924864e-04
1.956340000000000146e+04 -1.092318972574962514e-03
1.956670000000000073e+04 -1.217537365942898036e-03
1.957000000000000000e+04 -1.347963414368160643e-03
1.957329999999999927e+04 -1.486044324302189220e-03
1.957659999999999854e+04 -1.603029020920680291e-03
1.957990000000000146e+04 -1.723578236008266231e-03
1.958320000000000073e+04 -1.859503988345347818e-03
1.958650000000000000e+04 -2.003837467670997047e-03
1.958979999999999927e+04 -2.108192169779148258e-03
1.959309999999999854e+04 -2.212837772236957157e-03
1.959640000000000146e+04 -2.323644006523014043e-03
1.959970000000000073e+04 -2.420563275620515702e-03
1.960300000000000000e+04 -2.533007267988204424e-03
1.960629999999999927e+04 -2.674054893061750347e-03
1.960959999999999854e+04 -2.792592391638140745e-03
1.961290000000000146e+04 -2.927021670450022026e-03
1.961609999999999854e+04 -3.045973229507164572e-03
1.961940000000000146e+04 -3.139068335535521743e-03
1.962270000000000073e+04 -3.263916716710878532e-03
1.962600000000000000e+04 -3.372147887547684037e-03
1.962929999999999927e+04 -3.463360912431938127e-03
1.963259999999999854e+04 -3.530362875632791098e-03
1.963590000000000146e+04 -3.588101787634447905e-03
1.963920000000000073e+04 -3.706630353901139117e-03
1.964250000000000000e+04 -3.776624229449400579e-03
1.964579999999999927e+04 -3.891641556555702069e-03
1.964909999999999854e+04 -3.995373224140853427e-03
1.965240000000000146e+04 -4.095566982997800483e-03
1.965570000000000073e+04 -4.208687485199912384e-03
1.965900000000000000e+04 -4.268798758194696126e-03
1.966229999999999927e+04 -4.309147964867739676e-03
1.966559999999999854e+04 -4.355516374058268116e-03
1.966890000000000146e+04 -4.426139428172737658e-03
1.967220000000000073e+04 -4.513005884720013884e-03
1.967550000000000000e+04 -4.581968076552127983e-03
1.967870000000000073e+04 -4.692281659816122281e-03
1.968200000000000000e+04 -4.746933507184836719e-03
1.968529999999999927e+04 -4.798363194626541380e-03
1.968859999999999854e+04 -4.847277059491126965e-03
1.969190000000000146e+04 -4.883175507547883078e-03
1.969520000000000073e+04 -4.929013089909358054e-03
1.969850000000000000e+04 -4.967000076633656946e-03
1.970179999999999927e+04 -5.004592802472269605e-03
1.970509999999999854e+04 -5.100374731282370129e-03
1.970840000000000146e+04 -5.204979638383891959e-03
1.971170000000000073e+04 -5.292727503429110573e-03
1.971500000000000000e+04 -5.333413303036674269e-03
1.971829999999999927e+04 -5.416412903743647415e-03
1.972159999999999854e+04 -5.441722952248141849e-03
1.972490000000000146e+04 -5.457911106635249428e-03
1.972820000000000073e+04 -5.535314813498721891e-03
1.973150000000000000e+04 -5.629681637774269255e-03
1.973479999999999927e+04 -5.711515164054908889e-03
1.973809999999999854e+04 -5.790900527581842663e-03
1.974140000000000146e+04 -5.892428527576194439e-03
1.974459999999999854e+04 -5.984510462458731209e-03
1.974790000000000146e+04 -6.003248324407806265e-03
1.975120000000000073e+04 -6.005284704869408123e-03
1.975450000000000000e+04 -6.041759940235173418e-03
1.975779999999999927e+04 -6.068791608607951825e-03
1.976109999999999854e+04 -6.133809721489576899e-03
1.976440000000000146e+04 -6.218906731607604099e-03
1.976770000000000073e+04 -6.310210333708242587e-03
1.977100000000000000e+04 -6.355509795213055632e-03
1.977429999999999927e+04 -6.378367389528425378e-03
1.977759999999999854e+04 -6.418289736386185301e-03
1.978090000000000146e+04 -6.468734310207400855e-03
1.978420000000000073e+04 -6.537442229118273045e-03
1.978750000000000000e+04 -6.558071917779868983e-03
1.979079999999999927e+04 -6.630632556305585817e-03
1.979409999999999854e+04 -6.649353808324889870e-03
1.979740000000000146e+04 -6.687716559297592414e-03
1.980070000000000073e+04 -6.740824670490669357e-03
1.980400000000000000e+04 -6.731448136270325004e-03
1.980720000000000073e+04 -6.773149160824002563e-03
1.981050000000000000e+04 -6.752523615815908542e-03
1.981379999999999927e+04 -6.725382026830755734e-03
1.981709999999999854e+04 -6.763572013268943917e-03
1.982040000000000146e+04 -6.752927476174364410e-03
1.982370000000000073e+04 -6.776039684680068044e-03
1.982700000000000000e+04 -6.814667110804356956e-03
1.983029999999999927e+04 -6.848187486451757719e-03
1.983359999999999854e+04 -6.857271519831818068e-03
1.983690000000000146e+04 -6.854096330075851694e-03
1.984020000000000073e+04 -6.843664613585064005e-03
1.984350000000000000e+04 -6.860106814236940388e-03
1.984679999999999927e+04 -6.871409718896965592e-03
1.985009999999999854e+04 -6.897211311538695329e-03
1.985340000000000146e+04 -6.946583984095014777e-03
1.985670000000000073e+04 -7.031901931575075884e-03
1.986000000000000000e+04 -7.090014911757397398e-03
1.986329999999999927e+04 -7.167663164699202526e-03
1.986659999999999854e+04 -7.171950390632591231e-03
1.986990000000000146e+04 -7.135849166753585431e-03
1.987309999999999854e+04 -7.100281206291016341e-03
1.987640000000000146e+04 -7.102489926176101115e-03
1.987970000000000073e+04 -7.135989771207135179e-03
1.988300000000000000e+04 -7.137634007498483077e-03
1.988629999999999927e+04 -7.191226692748644254e-03
1.988959999999999854e+04 -7.289883559179219895e-03
1.989290000000000146e+04 -7.272512328049802674e-03
1.989620000000000073e+04 -7.232737777848430999e-03
1.989950000000000000e+04 -7.199750920287600886e-03
1.990279999999999927e+04 -7.174456645102002261e-03
1.990609999999999854e+04 -7.150626601660013681e-03
1.990940000000000146e+04 -7.110766966885494547e-03
1.991270000000000073e+04 -7.131172726580710386e-03
1.991600000000000000e+04 -7.136259512849262021e-03
1.991929999999999927e+04 -7.157123904767581646e-03
1.992259999999999854e+04 -7.166896618142673189e-03
1.992590000000000146e+04 -7.157515073947890924e-03
