1.716800000000000000e+04 4.155619287133777411e-04
1.717129999999999927e+04 4.152724999043245374e-04
1.717459999999999854e+04 4.005224418681544232e-04
1.717790000000000146e+04 3.911989869304571626e-04
1.718120000000000073e+04 4.007556727013377026e-04
1.718450000000000000e+04 4.037102802202866404e-04
1.718779999999999927e+04 4.006499833326375849e-04
1.719109999999999854e+04 4.004939021713277447e-04
1.719440000000000146e+04 4.126668882250429508e-04
1.719770000000000073e+04 4.233780483488353767e-04
1.720100000000000000e+04 4.375051536540216146e-04
1.720429999999999927e+04 4.293298643897586588e-04
1.720759999999999854e+04 4.358892676394302717e-04
1.721090000000000146e+04 4.316753821696790033e-04
1.721420000000000073e+04 4.295444519789988979e-04
1.721750000000000000e+04 4.260028725940016446e-04
1.722079999999999927e+04 4.377619952970471977e-04
1.722409999999999854e+04 4.409804835839974948e-04
1.722729999999999927e+04 4.601906409051721106e-04
1.723059999999999854e+04 4.712653113837253450e-04
1.723390000000000146e+04 4.870344414006422327e-04
1.723720000000000073e+04 4.966111484666750359e-04
1.724050000000000000e+04 5.022295824985939343e-04
1.724379999999999927e+04 4.933704844751058945e-04
1.724709999999999854e+04 4.837706819976901585e-04
1.725040000000000146e+04 4.925023709743145493e-04
1.725370000000000073e+04 4.933673006292361128e-04
1.725700000000000000e+04 5.021238290474070495e-04
1.726029999999999927e+04 4.919652341759195649e-04
1.726359999999999854e+04 4.858725818355105297e-04
1.726690000000000146e+04 4.821795256814882000e-04
1.727020000000000073e+04 4.777208991196064589e-04
1.727350000000000000e+04 4.799390728230248731e-04
1.727679999999999927e+04 4.882869715095627863e-04
1.728009999999999854e+04 5.060081054974374572e-04
1.728340000000000146e+04 5.063254514046217590e-04
1.728670000000000073e+04 5.181528380493308000e-04
1.729000000000000000e+04 5.170678934654024264e-04
1.729320000000000073e+04 5.158943167495378714e-04
1.729650000000000000e+04 5.204267076489729965e-04
1.729979999999999927e+04 5.222978770120430833e-04
1.730309999999999854e+04 5.305398742932813374e-04
1.730640000000000146e+04 5.287913868715976096e-04
1.730970000000000073e+04 5.337711502525049325e-04
1.731300000000000000e+04 5.367952158405737799e-04
1.731629999999999927e+04 5.357867705236030479e-04
1.731959999999999854e+04 5.417314149724892537e-04
1.732290000000000146e+04 5.435674301637402487e-04
1.732620000000000073e+04 5.435634184477434148e-04
1.732950000000000000e+04 5.547454859237993963e-04
1.733279999999999927e+04 5.634287509739925592e-04
1.733609999999999854e+04 5.718609954846092316e-04
1.733940000000000146e+04 5.765389746995160060e-04
1.734270000000000073e+04 5.851478974816801733e-04
1.734600000000000000e+04 5.820942246492851911e-04
1.734929999999999927e+04 5.778181566965552704e-04
1.735259999999999854e+04 5.791427630121809365e-04
1.735579999999999927e+04 5.783282895216395421e-04
1.735909999999999854e+04 5.723228899362191183e-04
1.736240000000000146e+04 5.758807085613156006e-04
1.736570000000000073e+04 5.814021267014793468e-04
1.736900000000000000e+04 5.899336497598331279e-04
1.737229999999999927e+04 5.924577504492792258e-04
1.737559999999999854e+04 5.909049954048225389e-04
1.737890000000000146e+04 5.941275264640650091e-04
1.738220000000000073e+04 5.951795545927803790e-04
1.738550000000000000e+04 5.900894005480781255e-04
1.738879999999999927e+04 5.948434767307980231e-04
1.739209999999999854e+04 5.937548172377152657e-04
1.739540000000000146e+04 5.914894572913356047e-04
1.739870000000000073e+04 5.900411508032052344e-04
1.740200000000000000e+04 5.869227789510882316e-04
1.740529999999999927e+04 5.846137132288151952e-04
1.740859999999999854e+04 5.857402810364282456e-04
1.741190000000000146e+04 5.930581341773023384e-04
1.741520000000000073e+04 5.900976358068467723e-04
1.741850000000000000e+04 5.907755618678308882e-04
1.742170000000000073e+04 5.977177006307982749e-04
1.742500000000000000e+04 6.091403447965423228e-04
1.742829999999999927e+04 6.111660548465402965e-04
1.743159999999999854e+04 6.120955187991932757e-04
1.743490000000000146e+04 6.184603594145202110e-04
1.743820000000000073e+04 6.190259880103850297e-04
1.744150000000000000e+04 6.140828541519254653e-04
1.744479999999999927e+04 6.220189331942470356e-04
1.744809999999999854e+04 6.313550675299189419e-04
1.745140000000000146e+04 6.327084381748286157e-04
1.745470000000000073e+04 6.408649510549076743e-04
1.745800000000000000e+04 6.466119255089276948e-04
1.746129999999999927e+04 6.510071166580382604e-04
1.746459999999999854e+04 6.527706287713593057e-04
1.746790000000000146e+04 6.596042339957724609e-04
1.747120000000000073e+04 6.595219424489493290e-04
1.747450000000000000e+04 6.549829858927846450e-04
1.747779999999999927e+04 6.586938946120829983e-04
1.748109999999999854e+04 6.618737601212436143e-04
1.748429999999999927e+04 6.631185226049364067e-04
1.748759999999999854e+04 6.530624859275697101e-04
1.749090000000000146e+04 6.474568117167551476e-04
1.749420000000000073e+04 6.450093001836255599e-04
1.749750000000000000e+04 6.416235933240206852e-04
1.750079999999999927e+04 6.404135690917993427e-04
1.750409999999999854e+04 6.415704332033202737e-04
1.750740000000000146e+04 6.390597205737894200e-04
1.751070000000000073e+04 6.356578552015489840e-04
1.751400000000000000e+04 6.417290634482725230e-04
1.751729999999999927e+04 6.433611134014898675e-04
1.752059999999999854e+04 6.468235550421702488e-04
1.752390000000000146e+04 6.556703276802806034e-04
1.752720000000000073e+04 6.658451818326545976e-04
1.753050000000000000e+04 6.662223364628758497e-04
1.753379999999999927e+04 6.669361315270502365e-04
1.753709999999999854e+04 6.646604483406586212e-04
1.754040000000000146e+04 6.712004079416553342e-04
1.754370000000000073e+04 6.774267156833235467e-04
1.754700000000000000e+04 6.843559101502468250e-04
1.755020000000000073e+04 6.909999990235109191e-04
1.755350000000000000e+04 6.954568518765795893e-04
1.755679999999999927e+04 6.976611694223726432e-04
1.756009999999999854e+04 7.051589279027330572e-04
1.756340000000000146e+04 7.003207722907996060e-04
1.756670000000000073e+04 7.062164140938054311e-04
1.757000000000000000e+04 7.057919580365721582e-04
1.757329999999999927e+04 7.122077379919838956e-04
1.757659999999999854e+04 7.091266613171090657e-04
1.757990000000000146e+04 7.139807017905966825e-04
1.758320000000000073e+04 7.218580128817275038e-04
1.758650000000000000e+04 7.241603570114332799e-04
1.758979999999999927e+04 7.233507095848424814e-04
1.759309999999999854e+04 7.257416271144937056e-04
1.759640000000000146e+04 7.253109129654083031e-04
1.759970000000000073e+04 7.270188344739680723e-04
1.760300000000000000e+04 7.247280763981366275e-04
1.760629999999999927e+04 7.259518805980149335e-04
1.760959999999999854e+04 7.230487285457508611e-04
1.761290000000000146e+04 7.209488955154399158e-04
1.761609999999999854e+04 7.176810685463056371e-04
1.761940000000000146e+04 7.162780302568614579e-04
1.762270000000000073e+04 7.171990446208794355e-04
1.762600000000000000e+04 7.189195861330805945e-04
1.762929999999999927e+04 7.263804729758801355e-04
1.763259999999999854e+04 7.223475792671802580e-04
1.763590000000000146e+04 7.302168758154070714e-04
1.763920000000000073e+04 7.374432197845185539e-04
1.764250000000000000e+04 7.435365676720078615e-04
1.764579999999999927e+04 7.487921412525111757e-04
1.764909999999999854e+04 7.503414693049258307e-04
1.765240000000000146e+04 7.678066393407376872e-04
1.765570000000000073e+04 7.791538856123272731e-04
1.765900000000000000e+04 7.781256359530013683e-04
1.766229999999999927e+04 7.873029933595634749e-04
1.766559999999999854e+04 7.931121860199335117e-04
1.766890000000000146e+04 8.037733246362647327e-04
1.767220000000000073e+04 8.128941103296083914e-04
1.767550000000000000e+04 8.167647117838394309e-04
1.767870000000000073e+04 8.201949826653186920e-04
1.768200000000000000e+04 8.193428727175878969e-04
1.768529999999999927e+04 8.209611893592224643e-04
1.768859999999999854e+04 8.241169641160484526e-04
1.769190000000000146e+04 8.183392777715830374e-04
1.769520000000000073e+04 8.244367791628837410e-04
1.769850000000000000e+04 8.242970510559927523e-04
1.770179999999999927e+04 8.334726193194011337e-04
1.770509999999999854e+04 8.414950640255865286e-04
1.770840000000000146e+04 8.500046652866124911e-04
1.771170000000000073e+04 8.534697101366994819e-04
1.771500000000000000e+04 8.589669335187204028e-04
1.771829999999999927e+04 8.653612800462572724e-04
1.772159999999999854e+04 8.758268974710417239e-04
1.772490000000000146e+04 8.866604071082134038e-04
1.772820000000000073e+04 8.992253971057531442e-04
1.773150000000000000e+04 9.042502587538227277e-04
1.773479999999999927e+04 9.148569677046616529e-04
1.773809999999999854e+04 9.184622565447720689e-04
1.774140000000000146e+04 9.248935395561544036e-04
1.774459999999999854e+04 9.292469286321526200e-04
1.774790000000000146e+04 9.308775285576006671e-04
1.775120000000000073e+04 9.336512828042709640e-04
1.775450000000000000e+04 9.444780162174746347e-04
1.775779999999999927e+04 9.580776926433243103e-04
1.776109999999999854e+04 9.653582918911724018e-04
1.776440000000000146e+04 9.691876097405630964e-04
1.776770000000000073e+04 9.788105875225706215e-04
1.777100000000000000e+04 9.863531858089200424e-04
1.777429999999999927e+04 9.932084078403387393e-04
1.777759999999999854e+04 9.994662011849329321e-04
1.778090000000000146e+04 1.005655516958706575e-03
1.778420000000000073e+04 1.011871607479493699e-03
1.778750000000000000e+04 1.021358344612243244e-03
1.779079999999999927e+04 1.025576126360270169e-03
1.779409999999999854e+04 1.031137131548060318e-03
1.779740000000000146e+04 1.044064602544750352e-03
1.780070000000000073e+04 1.052364428683084984e-03
1.780400000000000000e+04 1.064160575125034812e-03
1.780720000000000073e+04 1.069750550378262451e-03
1.781050000000000000e+04 1.078966812231241246e-03
1.781379999999999927e+04 1.091324519416477564e-03
1.781709999999999854e+04 1.089692296244319401e-03
1.782040000000000146e+04 1.098503830574548831e-03
1.782370000000000073e+04 1.111605782296362340e-03
1.782700000000000000e+04 1.114354101924219407e-03
1.783029999999999927e+04 1.117884310705603368e-03
1.783359999999999854e+04 1.114403352609738421e-03
1.783690000000000146e+04 1.113895574149573967e-03
1.784020000000000073e+04 1.119186751715616716e-03
1.784350000000000000e+04 1.124511498670385931e-03
1.784679999999999927e+04 1.134930047454443727e-03
1.785009999999999854e+04 1.141464585568222187e-03
1.785340000000000146e+04 1.140645922139411298e-03
1.785670000000000073e+04 1.150872521991032045e-03
1.786000000000000000e+04 1.157842008948691253e-03
1.786329999999999927e+04 1.168162281831202406e-03
1.786659999999999854e+04 1.175369346140635578e-03
1.786990000000000146e+04 1.173517320489613804e-03
1.787309999999999854e+04 1.177062845968916216e-03
1.787640000000000146e+04 1.190027118532270556e-03
1.787970000000000073e+04 1.193148641820061936e-03
1.788300000000000000e+04 1.197410145673612593e-03
1.788629999999999927e+04 1.200979963652360188e-03
1.788959999999999854e+04 1.200870082082370997e-03
1.789290000000000146e+04 1.204344344255334079e-03
1.789620000000000073e+04 1.211449908878073139e-03
1.789950000000000000e+04 1.214483063953898960e-03
1.790279999999999927e+04 1.218173869367770393e-03
1.790609999999999854e+04 1.222799895747212406e-03
1.790940000000000146e+04 1.231595237175039633e-03
1.791270000000000073e+04 1.232821457484045702e-03
1.791600000000000000e+04 1.234488486931984048e-03
1.791929999999999927e+04 1.230427655412769496e-03
1.792259999999999854e+04 1.229066245083064749e-03
1.792590000000000146e+04 1.230689758362193444e-03
1.792920000000000073e+04 1.238105494305934053e-03
1.793250000000000000e+04 1.243673498026300365e-03
1.793570000000000073e+04 1.255505105454695182e-03
1.793900000000000000e+04 1.260677097545883892e-03
1.794229999999999927e+04 1.265599065511978285e-03
1.794559999999999854e+04 1.277272692772595669e-03
1.794890000000000146e+04 1.282610441517136220e-03
1.795220000000000073e+04 1.279861324893951345e-03
1.795550000000000000e+04 1.288143233054812268e-03
1.795879999999999927e+04 1.292009993903742941e-03
1.796209999999999854e+04 1.295184973429974002e-03
1.796540000000000146e+04 1.295904484194413363e-03
1.796870000000000073e+04 1.303843874788969187e-03
1.797200000000000000e+04 1.313673193998568956e-03
1.797529999999999927e+04 1.314046925131723536e-03
1.797859999999999854e+04 1.319292039137008425e-03
1.798190000000000146e+04 1.329816348976445338e-03
1.798520000000000073e+04 1.333766899014365024e-03
1.798850000000000000e+04 1.336615316990702766e-03
1.799179999999999927e+04 1.339220932335115702e-03
1.799509999999999854e+04 1.346551473029179930e-03
1.799840000000000146e+04 1.363556665773818814e-03
1.800159999999999854e+04 1.370620603371895327e-03
1.800490000000000146e+04 1.381588896364112275e-03
1.800820000000000073e+04 1.380942124767209605e-03
1.801150000000000000e+04 1.390711449622956258e-03
1.801479999999999927e+04 1.384364183911905577e-03
1.801809999999999854e+04 1.399579472590721518e-03
1.802140000000000146e+04 1.397794310130640733e-03
1.802470000000000073e+04 1.399282355274815166e-03
1.802800000000000000e+04 1.403322591826305227e-03
1.803129999999999927e+04 1.406464273672138185e-03
1.803459999999999854e+04 1.409955178460919282e-03
1.803790000000000146e+04 1.404073486118938329e-03
1.804120000000000073e+04 1.401395092800661194e-03
1.804450000000000000e+04 1.399343151335306424e-03
1.804779999999999927e+04 1.403377476387903874e-03
1.805109999999999854e+04 1.407005129347229993e-03
1.805440000000000146e+04 1.414261604020329403e-03
1.805770000000000073e+04 1.417898017949034521e-03
1.806100000000000000e+04 1.415753028549921605e-03
1.806429999999999927e+04 1.422540925361278838e-03
1.806750000000000000e+04 1.430364219215713882e-03
1.807079999999999927e+04 1.435016426308652554e-03
1.807409999999999854e+04 1.430113806588681263e-03
1.807740000000000146e+04 1.439846947375152987e-03
1.808070000000000073e+04 1.444674088119104203e-03
1.808400000000000000e+04 1.451689587895577636e-03
1.808729999999999927e+04 1.454684678561570573e-03
1.809059999999999854e+04 1.458477799788783285e-03
1.809390000000000146e+04 1.460913146674025888e-03
1.809720000000000073e+04 1.457128233714983807e-03
1.810050000000000000e+04 1.452494275914693140e-03
1.810379999999999927e+04 1.454167307457657557e-03
1.810709999999999854e+04 1.455007017123511508e-03
1.811040000000000146e+04 1.458934354101242307e-03
1.811370000000000073e+04 1.468833854685157835e-03
1.811700000000000000e+04 1.473553009932718118e-03
1.812029999999999927e+04 1.468011657801602003e-03
1.812359999999999854e+04 1.471121530610790262e-03
1.812690000000000146e+04 1.473187444609501927e-03
1.813009999999999854e+04 1.473286919317100393e-03
1.813340000000000146e+04 1.460624859237584072e-03
1.813670000000000073e+04 1.452253083567818168e-03
1.814000000000000000e+04 1.455834762797638456e-03
1.814329999999999927e+04 1.453464596463268765e-03
1.814659999999999854e+04 1.445791731880449130e-03
1.814990000000000146e+04 1.445934299946081709e-03
1.815320000000000073e+04 1.445534408719684237e-03
1.815650000000000000e+04 1.444050409562288705e-03
1.815979999999999927e+04 1.452097957240773042e-03
1.816309999999999854e+04 1.444406885017905824e-03
1.816640000000000146e+04 1.442840551896182972e-03
1.816970000000000073e+04 1.444087959867890398e-03
1.817300000000000000e+04 1.453128635642572577e-03
1.817629999999999927e+04 1.452643248516358957e-03
1.817959999999999854e+04 1.461369278994219343e-03
1.818290000000000146e+04 1.452134178807006418e-03
1.818620000000000073e+04 1.465838467718878725e-03
1.818950000000000000e+04 1.480701256233983749e-03
1.819279999999999927e+04 1.488240734905898989e-03
1.819600000000000000e+04 1.497826747284893316e-03
1.819929999999999927e+04 1.510689347740044614e-03
1.820259999999999854e+04 1.524007306111770012e-03
1.820590000000000146e+04 1.526372947206250949e-03
1.820920000000000073e+04 1.530311273597603685e-03
1.821250000000000000e+04 1.532022922926976668e-03
1.821579999999999927e+04 1.537002343372366985e-03
1.821909999999999854e+04 1.547680077466472752e-03
1.822240000000000146e+04 1.563803824487409230e-03
1.822570000000000073e+04 1.574802748509792271e-03
1.822900000000000000e+04 1.571738470831897600e-03
1.823229999999999927e+04 1.570942506680039806e-03
1.823559999999999854e+04 1.588593098137613176e-03
1.823890000000000146e+04 1.604569970013606682e-03
1.824220000000000073e+04 1.623742512025397626e-03
1.824550000000000000e+04 1.629173708278241432e-03
1.824879999999999927e+04 1.642316120801800639e-03
1.825209999999999854e+04 1.664841100824102776e-03
1.825540000000000146e+04 1.684018367929548607e-03
1.825859999999999854e+04 1.699882120442798312e-03
1.826190000000000146e+04 1.715128054077726463e-03
1.826520000000000073e+04 1.729516499573733462e-03
1.826850000000000000e+04 1.743879079863997839e-03
1.827179999999999927e+04 1.759226650147541074e-03
1.827509999999999854e+04 1.771206253528081337e-03
1.827840000000000146e+04 1.768068790544230365e-03
1.828170000000000073e+04 1.778356799828116966e-03
1.828500000000000000e+04 1.795597950984736393e-03
1.828829999999999927e+04 1.805009217795217405e-03
1.829159999999999854e+04 1.816581629421771052e-03
1.829490000000000146e+04 1.834756437001119206e-03
1.829820000000000073e+04 1.849154588210884936e-03
1.830150000000000000e+04 1.864432097732044097e-03
1.830479999999999927e+04 1.884399287223541752e-03
1.830809999999999854e+04 1.910893664102631057e-03
1.831140000000000146e+04 1.936273794781409813e-03
1.831470000000000073e+04 1.963839458860885262e-03
1.831800000000000000e+04 1.985250709890452013e-03
1.832129999999999927e+04 2.025606279404806257e-03
1.832450000000000000e+04 2.037313536550427583e-03
1.832779999999999927e+04 2.055819635826065372e-03
1.833109999999999854e+04 2.099081117024823896e-03
1.833440000000000146e+04 2.129544752792980871e-03
1.833770000000000073e+04 2.155952773790837003e-03
1.834100000000000000e+04 2.188410334979537606e-03
1.834429999999999927e+04 2.201931010706994173e-03
1.834759999999999854e+04 2.249303838000561110e-03
1.835090000000000146e+04 2.286370244935159203e-03
1.835420000000000073e+04 2.318640675311407339e-03
1.835750000000000000e+04 2.356040478699637005e-03
1.836079999999999927e+04 2.393056810498479705e-03
1.836409999999999854e+04 2.423900316413000935e-03
1.836740000000000146e+04 2.451710374521666024e-03
1.837070000000000073e+04 2.495253286145419219e-03
1.837400000000000000e+04 2.546589425781729463e-03
1.837729999999999927e+04 2.585546993300303319e-03
1.838059999999999854e+04 2.615620322704263843e-03
1.838390000000000146e+04 2.650504559502150914e-03
1.838709999999999854e+04 2.682403800694803733e-03
1.839040000000000146e+04 2.728182940823005442e-03
1.839370000000000073e+04 2.767562929896794869e-03
1.839700000000000000e+04 2.821669112696871106e-03
1.840029999999999927e+04 2.851516355163845069e-03
1.840359999999999854e+04 2.899761550729098008e-03
1.840690000000000146e+04 2.937268687192505414e-03
1.841020000000000073e+04 2.985891016076573732e-03
1.841350000000000000e+04 3.037092859314952879e-03
1.841679999999999927e+04 3.065011925728727479e-03
1.842009999999999854e+04 3.088432621577996001e-03
1.842340000000000146e+04 3.127538195082401641e-03
1.842670000000000073e+04 3.180564453780438880e-03
1.843000000000000000e+04 3.223432952777471969e-03
1.843329999999999927e+04 3.260536022759514402e-03
1.843659999999999854e+04 3.313348304810157831e-03
1.843990000000000146e+04 3.366302068533767906e-03
1.844320000000000073e+04 3.435977652943037527e-03
1.844650000000000000e+04 3.494820549017476491e-03
1.844979999999999927e+04 3.553694943603218168e-03
1.845300000000000000e+04 3.604631055599507704e-03
1.845629999999999927e+04 3.651774897879172480e-03
1.845959999999999854e+04 3.673856621178450341e-03
1.846290000000000146e+04 3.734894050737082825e-03
1.846620000000000073e+04 3.744731231074265466e-03
1.846950000000000000e+04 3.758693234513315901e-03
1.847279999999999927e+04 3.781147816512929645e-03
1.847609999999999854e+04 3.792610016532149859e-03
1.847940000000000146e+04 3.793480345131149904e-03
1.848270000000000073e+04 3.802696569696373350e-03
1.848600000000000000e+04 3.804560105324936072e-03
1.848929999999999927e+04 3.820245847901006242e-03
1.849259999999999854e+04 3.843043308901544514e-03
1.849590000000000146e+04 3.843855550952265335e-03
1.849920000000000073e+04 3.881168908998315799e-03
1.850250000000000000e+04 3.925019629844067603e-03
1.850579999999999927e+04 3.974724184577327173e-03
1.850909999999999854e+04 4.046882220341850578e-03
1.851240000000000146e+04 4.054345643022745291e-03
1.851570000000000073e+04 4.052378504425664142e-03
1.851890000000000146e+04 4.064252019430402568e-03
1.852220000000000073e+04 4.096782633972137141e-03
1.852550000000000000e+04 4.135525886852751964e-03
1.852879999999999927e+04 4.190794133631747451e-03
1.853209999999999854e+04 4.245399943471108058e-03
1.853540000000000146e+04 4.290744856517399522e-03
1.853870000000000073e+04 4.336286430662669548e-03
1.854200000000000000e+04 4.399252089873689417e-03
1.854529999999999927e+04 4.465459139664881838e-03
1.854859999999999854e+04 4.504666052375588293e-03
1.855190000000000146e+04 4.566544314494407585e-03
1.855520000000000073e+04 4.626176320867435993e-03
1.855850000000000000e+04 4.704520870733709323e-03
1.856179999999999927e+04 4.763058566183878129e-03
1.856509999999999854e+04 4.822357094512938480e-03
1.856840000000000146e+04 4.883095430707030428e-03
1.857170000000000073e+04 4.904666150804491524e-03
1.857500000000000000e+04 4.966039297185438801e-03
1.857829999999999927e+04 5.049163301560084804e-03
1.858150000000000000e+04 5.110504989562422544e-03
1.858479999999999927e+04 5.184815656508406402e-03
1.858809999999999854e+04 5.216685812107594265e-03
1.859140000000000146e+04 5.260134611801791163e-03
1.859470000000000073e+04 5.330253031271597365e-03
1.859800000000000000e+04 5.391682416652548472e-03
1.860129999999999927e+04 5.427579414795259856e-03
1.860459999999999854e+04 5.499743496029948532e-03
1.860790000000000146e+04 5.562239048526279421e-03
1.861120000000000073e+04 5.662371106857473635e-03
1.861450000000000000e+04 5.788176676930927890e-03
1.861779999999999927e+04 5.866370405966919895e-03
1.862109999999999854e+04 5.927657420493869997e-03
1.862440000000000146e+04 6.030657264969613122e-03
1.862770000000000073e+04 6.118192758366147385e-03
1.863100000000000000e+04 6.285199294148380994e-03
1.863429999999999927e+04 6.403891857624496690e-03
1.863759999999999854e+04 6.496918404625880508e-03
1.864090000000000146e+04 6.637329548158590539e-03
1.864420000000000073e+04 6.858237954635012200e-03
1.864740000000000146e+04 7.003719533339976613e-03
1.865070000000000073e+04 7.126504679255903779e-03
1.865400000000000000e+04 7.271091682707489859e-03
1.865729999999999927e+04 7.401867997264809269e-03
1.866059999999999854e+04 7.531930581553874550e-03
1.866390000000000146e+04 7.668932448328320481e-03
1.866720000000000073e+04 7.785039596405959016e-03
1.867050000000000000e+04 7.881522052175545315e-03
1.867379999999999927e+04 7.989529333673642958e-03
1.867709999999999854e+04 8.158900751326140371e-03
1.868040000000000146e+04 8.372791942365963996e-03
1.868370000000000073e+04 8.644916561454578027e-03
1.868700000000000000e+04 8.893876011879207899e-03
1.869029999999999927e+04 9.077207937433839219e-03
1.869359999999999854e+04 9.363516596380775173e-03
1.869690000000000146e+04 9.597228568251457356e-03
1.870020000000000073e+04 9.675366483648407262e-03
1.870350000000000000e+04 9.747319259315616671e-03
1.870679999999999927e+04 9.910795809285140659e-03
1.871000000000000000e+04 1.022818248880406553e-02
1.871329999999999927e+04 1.040220107370010312e-02
1.871659999999999854e+04 1.051177550717924923e-02
1.871990000000000146e+04 1.065069226115610869e-02
1.872320000000000073e+04 1.076445573428635658e-02
1.872650000000000000e+04 1.092795743567569373e-02
1.872979999999999927e+04 1.102279287728117133e-02
1.873309999999999854e+04 1.114525073171477795e-02
1.873640000000000146e+04 1.128944515414667150e-02
1.873970000000000073e+04 1.144897790138687914e-02
1.874300000000000000e+04 1.148180231249468393e-02
1.874629999999999927e+04 1.160234737141180132e-02
1.874959999999999854e+04 1.165382006976427125e-02
1.875290000000000146e+04 1.174540151278325242e-02
1.875620000000000073e+04 1.183983906709345536e-02
1.875950000000000000e+04 1.198795856513029320e-02
1.876279999999999927e+04 1.213775884903432224e-02
1.876609999999999854e+04 1.227787390917237792e-02
1.876940000000000146e+04 1.235147971465137134e-02
1.877270000000000073e+04 1.249459691833042403e-02
1.877590000000000146e+04 1.267510568599967448e-02
1.877920000000000073e+04 1.272556428880562696e-02
1.878250000000000000e+04 1.290204303679653650e-02
1.878579999999999927e+04 1.310516914862549891e-02
1.878909999999999854e+04 1.333113254836287495e-02
1.879240000000000146e+04 1.356487283774923495e-02
1.879570000000000073e+04 1.378314423623149335e-02
1.879900000000000000e+04 1.405104075376759076e-02
1.880229999999999927e+04 1.434789871221264085e-02
1.880559999999999854e+04 1.462337460278318596e-02
1.880890000000000146e+04 1.482582188725236477e-02
1.881220000000000073e+04 1.507873585240227139e-02
1.881550000000000000e+04 1.537671590280139701e-02
1.881879999999999927e+04 1.566868649835760630e-02
1.882209999999999854e+04 1.595145720995277266e-02
1.882540000000000146e+04 1.626157458848339482e-02
1.882870000000000073e+04 1.654842906006017550e-02
1.883200000000000000e+04 1.683810317719688227e-02
1.883529999999999927e+04 1.715173756070166589e-02
1.883859999999999854e+04 1.745916732443763067e-02
1.884179999999999927e+04 1.773031654643880337e-02
1.884509999999999854e+04 1.800291394618049740e-02
1.884840000000000146e+04 1.820383522727971742e-02
1.885170000000000073e+04 1.840941507219369389e-02
1.885500000000000000e+04 1.868242733081074830e-02
1.885829999999999927e+04 1.884215781895016636e-02
1.886159999999999854e+04 1.904123865617559155e-02
1.886490000000000146e+04 1.942866375529101602e-02
1.886820000000000073e+04 1.982743637010302498e-02
1.887150000000000000e+04 2.012766542523479821e-02
1.887479999999999927e+04 2.027271819136850298e-02
1.887809999999999854e+04 2.057098142649867178e-02
1.888140000000000146e+04 2.093115503768135793e-02
1.888470000000000073e+04 2.126400886975179927e-02
1.888800000000000000e+04 2.159509123480740991e-02
1.889129999999999927e+04 2.189989027420738074e-02
1.889459999999999854e+04 2.227883355238624574e-02
1.889790000000000146e+04 2.263549620371243035e-02
1.890120000000000073e+04 2.299894484344023118e-02
1.890440000000000146e+04 2.331932481045619066e-02
1.890770000000000073e+04 2.375388562668531711e-02
1.891100000000000000e+04 2.413879154911717853e-02
1.891429999999999927e+04 2.458180531390020268e-02
1.891759999999999854e+04 2.501035813761957535e-02
1.892090000000000146e+04 2.543941571008133049e-02
1.892420000000000073e+04 2.582193648015632809e-02
1.892750000000000000e+04 2.618738576679822613e-02
1.893079999999999927e+04 2.660179279314581896e-02
1.893409999999999854e+04 2.701230778316449435e-02
1.893740000000000146e+04 2.738325247968494830e-02
1.894070000000000073e+04 2.768261640660928460e-02
1.894400000000000000e+04 2.806477603581233535e-02
1.894729999999999927e+04 2.837685308532271120e-02
1.895059999999999854e+04 2.867937167572824284e-02
1.895390000000000146e+04 2.899008290727815920e-02
1.895720000000000073e+04 2.924568753043090691e-02
1.896050000000000000e+04 2.952703796225021257e-02
1.896379999999999927e+04 2.978253536778901339e-02
1.896709999999999854e+04 3.001167006188307923e-02
1.897029999999999927e+04 3.020158947276185835e-02
1.897359999999999854e+04 3.039701334735933277e-02
1.897690000000000146e+04 3.065237028027635938e-02
1.898020000000000073e+04 3.085653273573127006e-02
1.898350000000000000e+04 3.106057431912333244e-02
1.898679999999999927e+04 3.127983600991764840e-02
1.899009999999999854e+04 3.146782871678446142e-02
1.899340000000000146e+04 3.165325043312308684e-02
1.899670000000000073e+04 3.181902904635561247e-02
1.900000000000000000e+04 3.199633419016545410e-02
1.900329999999999927e+04 3.215447556986516381e-02
1.900659999999999854e+04 3.232858816308278871e-02
1.900990000000000146e+04 3.243406152572966133e-02
1.901320000000000073e+04 3.253127202584488870e-02
1.901650000000000000e+04 3.263172072987802902e-02
1.901979999999999927e+04 3.275249698516885521e-02
1.902309999999999854e+04 3.287719722201646461e-02
1.902640000000000146e+04 3.302108265726992620e-02
1.902970000000000073e+04 3.309443642866339436e-02
1.903290000000000146e+04 3.317226794909981791e-02
1.903620000000000073e+04 3.322409965545556482e-02
1.903950000000000000e+04 3.327425520290492461e-02
1.904279999999999927e+04 3.333984568802615678e-02
1.904609999999999854e+04 3.337295750713926978e-02
1.904940000000000146e+04 3.341240750467777687e-02
1.905270000000000073e+04 3.347636444936646222e-02
1.905600000000000000e+04 3.351844897078102431e-02
1.905929999999999927e+04 3.356358879017749819e-02
1.906259999999999854e+04 3.357137436651842083e-02
1.906590000000000146e+04 3.358425192994537317e-02
1.906920000000000073e+04 3.359286776971340260e-02
1.907250000000000000e+04 3.356252058793317977e-02
1.907579999999999927e+04 3.352766588554290106e-02
1.907909999999999854e+04 3.349072305635478891e-02
1.908240000000000146e+04 3.347532745805024967e-02
1.908570000000000073e+04 3.342130227779781249e-02
1.908900000000000000e+04 3.334713200720789555e-02
1.909229999999999927e+04 3.326657211126384656e-02
1.909559999999999854e+04 3.318301448770735046e-02
1.909879999999999927e+04 3.313013998301217455e-02
1.910209999999999854e+04 3.302707325715174835e-02
1.910540000000000146e+04 3.294999251464849482e-02
1.910870000000000073e+04 3.287187960371536904e-02
1.911200000000000000e+04 3.280068872263959545e-02
1.911529999999999927e+04 3.271698486720561044e-02
1.911859999999999854e+04 3.254417039411203888e-02
1.912190000000000146e+04 3.240802180369967839e-02
1.912520000000000073e+04 3.223107388410643287e-02
1.912850000000000000e+04 3.205627783141885151e-02
1.913179999999999927e+04 3.191506222546341281e-02
1.913509999999999854e+04 3.176897576951156349e-02
1.913840000000000146e+04 3.160065082996690172e-02
1.914170000000000073e+04 3.138381748661847603e-02
1.914500000000000000e+04 3.118358207514602271e-02
1.914829999999999927e+04 3.095912861464584359e-02
1.915159999999999854e+04 3.075671495967576344e-02
1.915490000000000146e+04 3.056177636790191263e-02
1.915820000000000073e+04 3.034557378421718840e-02
1.916140000000000146e+04 3.014971398866275396e-02
1.916470000000000073e+04 2.991878674365712823e-02
1.916800000000000000e+04 2.969481966038949386e-02
1.917129999999999927e+04 2.944923657691183097e-02
1.917459999999999854e+04 2.922840085101700847e-02
1.917790000000000146e+04 2.901147797738411541e-02
1.918120000000000073e+04 2.879878218772115306e-02
1.918450000000000000e+04 2.853423574419374290e-02
1.918779999999999927e+04 2.827353091510109717e-02
1.919109999999999854e+04 2.800220039160420879e-02
1.919440000000000146e+04 2.774723261577321382e-02
1.919770000000000073e+04 2.746613577667118139e-02
1.920100000000000000e+04 2.720724687659747607e-02
1.920429999999999927e+04 2.695064620077521067e-02
1.920759999999999854e+04 2.667474848808343638e-02
1.921090000000000146e+04 2.640975515784563243e-02
1.921420000000000073e+04 2.612460537095970259e-02
1.921750000000000000e+04 2.582936904392173216e-02
1.922079999999999927e+04 2.552936585946594464e-02
1.922409999999999854e+04 2.523345698853723257e-02
1.922729999999999927e+04 2.492829044588659379e-02
1.923059999999999854e+04 2.462578022637440175e-02
1.923390000000000146e+04 2.431946469467714811e-02
1.923720000000000073e+04 2.403527416796244487e-02
1.924050000000000000e+04 2.372848168512110834e-02
1.924379999999999927e+04 2.343276609485202278e-02
1.924709999999999854e+04 2.312030022006592023e-02
1.925040000000000146e+04 2.280300789922081600e-02
1.925370000000000073e+04 2.247068364256352840e-02
1.925700000000000000e+04 2.218829051847593520e-02
1.926029999999999927e+04 2.186010427908901751e-02
1.926359999999999854e+04 2.152728317092359595e-02
1.926690000000000146e+04 2.122289975006770232e-02
1.927020000000000073e+04 2.089094067998439191e-02
1.927350000000000000e+04 2.057706430625929825e-02
1.927679999999999927e+04 2.024537136939169243e-02
1.928009999999999854e+04 1.991813755516637363e-02
1.928340000000000146e+04 1.962072854156114016e-02
1.928670000000000073e+04 1.929475534577668877e-02
1.929000000000000000e+04 1.897044267538246926e-02
1.929320000000000073e+04 1.865072661827691866e-02
1.929650000000000000e+04 1.831585054946333405e-02
1.929979999999999927e+04 1.800039740713533717e-02
1.930309999999999854e+04 1.769591551645409086e-02
1.930640000000000146e+04 1.739617537266598818e-02
1.930970000000000073e+04 1.710674829034174171e-02
1.931300000000000000e+04 1.682154452287765167e-02
1.931629999999999927e+04 1.650413372431411285e-02
1.931959999999999854e+04 1.617243271820334796e-02
1.932290000000000146e+04 1.584454316225591269e-02
1.932620000000000073e+04 1.553183535557242471e-02
1.932950000000000000e+04 1.521569894368661642e-02
1.933279999999999927e+04 1.490162010659525603e-02
1.933609999999999854e+04 1.460609486515645344e-02
1.933940000000000146e+04 1.431282539801969310e-02
1.934270000000000073e+04 1.401886075759111935e-02
1.934600000000000000e+04 1.370900261423853121e-02
1.934929999999999927e+04 1.340835089556585355e-02
1.935259999999999854e+04 1.309529430791462820e-02
1.935579999999999927e+04 1.279895446002943422e-02
1.935909999999999854e+04 1.250122410751186054e-02
1.936240000000000146e+04 1.220886147969649400e-02
1.936570000000000073e+04 1.192399000755877542e-02
1.936900000000000000e+04 1.163959052840452674e-02
1.937229999999999927e+04 1.135603359409623030e-02
1.937559999999999854e+04 1.106846279992374123e-02
1.937890000000000146e+04 1.078461443072311655e-02
1.938220000000000073e+04 1.049786995420628512e-02
1.938550000000000000e+04 1.022235198618609391e-02
1.938879999999999927e+04 9.935398275861597253e-03
1.939209999999999854e+04 9.670394476049948285e-03
1.939540000000000146e+04 9.405088545456465401e-03
1.939870000000000073e+04 9.140524054835267101e-03
1.940200000000000000e+04 8.873215730565780016e-03
1.940529999999999927e+04 8.617392714039759372e-03
1.940859999999999854e+04 8.361988347881172540e-03
1.941190000000000146e+04 8.099435748629923992e-03
1.941520000000000073e+04 7.856155293631643388e-03
1.941850000000000000e+04 7.609179260873603738e-03
1.942170000000000073e+04 7.340687296599333021e-03
1.942500000000000000e+04 7.093902841751268534e-03
1.942829999999999927e+04 6.844653508981089936e-03
1.943159999999999854e+04 6.588839727901537636e-03
1.943490000000000146e+04 6.335519445375731480e-03
1.943820000000000073e+04 6.083522893514585299e-03
1.944150000000000000e+04 5.835403427294764966e-03
1.944479999999999927e+04 5.602343279009000011e-03
1.944809999999999854e+04 5.371085603799102999e-03
1.945140000000000146e+04 5.148949801741854217e-03
1.945470000000000073e+04 4.930808563051320044e-03
1.945800000000000000e+04 4.709144369796532115e-03
1.946129999999999927e+04 4.468983039679871525e-03
1.946459999999999854e+04 4.241226671458408690e-03
1.946790000000000146e+04 4.003783655503884154e-03
1.947120000000000073e+04 3.773689238943617706e-03
1.947450000000000000e+04 3.539869551077411310e-03
1.947779999999999927e+04 3.314804518596962436e-03
1.948109999999999854e+04 3.091403067242026129e-03
1.948429999999999927e+04 2.874597307293200437e-03
1.948759999999999854e+04 2.665901671754853600e-03
1.949090000000000146e+04 2.458945227268152789e-03
1.949420000000000073e+04 2.259106078350951036e-03
1.949750000000000000e+04 2.061822800981293492e-03
1.950079999999999927e+04 1.845360270913338737e-03
1.950409999999999854e+04 1.641149000888860983e-03
1.950740000000000146e+04 1.439446053650712386e-03
1.951070000000000073e+04 1.236402968594953536e-03
1.951400000000000000e+04 1.052222328881591675e-03
1.951729999999999927e+04 8.716382752969374734e-04
1.952059999999999854e+04 6.647527940269946619e-04
1.952390000000000146e+04 4.823535416792513477e-04
1.952720000000000073e+04 3.101498347347790346e-04
1.953050000000000000e+04 1.307920280736994971e-04
1.953379999999999927e+04 -4.945377594196118565e-05
1.953709999999999854e+04 -2.309429451122577820e-04
1.954040000000000146e+04 -3.896466567575723738e-04
1.954370000000000073e+04 -5.445124817198701908e-04
1.954700000000000000e+04 -6.901873193685299779e-04
1.955020000000000073e+04 -8.661447830591819568e-04
1.955350000000000000e+04 -1.014314235925815660e-03
1.955679999999999927e+04 -1.157785639760262279e-03
1.956009999999999854e+04 -1.293811896216938732e-03
1.956340000000000146e+04 -1.442349293353833084e-03
1.956670000000000073e+04 -1.582254262711450419e-03
1.957000000000000000e+04 -1.707276765173744654e-03
1.957329999999999927e+04 -1.849426659192926741e-03
1.957659999999999854e+04 -1.979073234581597666e-03
1.957990000000000146e+04 -2.107287881490663671e-03
1.958320000000000073e+04 -2.244358553034005426e-03
1.958650000000000000e+04 -2.383500468603329519e-03
1.958979999999999927e+04 -2.497939755185203670e-03
1.959309999999999854e+04 -2.604664468779487041e-03
1.959640000000000146e+04 -2.708793840346463561e-03
1.959970000000000073e+04 -2.803483381087012484e-03
1.960300000000000000e+04 -2.918074393223420940e-03
1.960629999999999927e+04 -3.046847047661917045e-03
1.960959999999999854e+04 -3.169632322427501717e-03
1.961290000000000146e+04 -3.296602941235526624e-03
1.961609999999999854e+04 -3.409508068840633611e-03
1.961940000000000146e+04 -3.505995762946927021e-03
1.962270000000000073e+04 -3.621565510283378253e-03
1.962600000000000000e+04 -3.709804132515335650e-03
1.962929999999999927e+04 -3.797600203507835084e-03
1.963259999999999854e+04 -3.864471764642214528e-03
1.963590000000000146e+04 -3.931280111815395155e-03
1.963920000000000073e+04 -4.034239971735444075e-03
1.964250000000000000e+04 -4.113172979252060525e-03
1.964579999999999927e+04 -4.217437011535130585e-03
1.964909999999999854e+04 -4.321302150849444003e-03
1.965240000000000146e+04 -4.426195375211682860e-03
1.965570000000000073e+04 -4.535510733777554752e-03
1.965900000000000000e+04 -4.609045832786764878e-03
1.966229999999999927e+04 -4.657349407449841092e-03
1.966559999999999854e+04 -4.709767955311675372e-03
1.966890000000000146e+04 -4.788554651620631139e-03
1.967220000000000073e+04 -4.868586662845330974e-03
1.967550000000000000e+04 -4.927913712450219391e-03
1.967870000000000073e+04 -5.006035432754449288e-03
1.968200000000000000e+04 -5.048911799672850184e-03
1.968529999999999927e+04 -5.089684041335352377e-03
1.968859999999999854e+04 -5.128461018952902573e-03
1.969190000000000146e+04 -5.169839850476455612e-03
1.969520000000000073e+04 -5.225731714943177529e-03
1.969850000000000000e+04 -5.273419579093698885e-03
1.970179999999999927e+04 -5.310419320967827220e-03
1.970509999999999854e+04 -5.405841338504083909e-03
1.970840000000000146e+04 -5.502438198048483116e-03
1.971170000000000073e+04 -5.584158969325608152e-03
1.971500000000000000e+04 -5.625680153880439731e-03
1.971829999999999927e+04 -5.711059189233189982e-03
1.972159999999999854e+04 -5.738555132429708043e-03
1.972490000000000146e+04 -5.776025407438829806e-03
1.972820000000000073e+04 -5.845701187962365313e-03
1.973150000000000000e+04 -5.927379781702278409e-03
1.973479999999999927e+04 -5.996141042892999019e-03
1.973809999999999854e+04 -6.057957297509827636e-03
1.974140000000000146e+04 -6.127175694523041838e-03
1.974459999999999854e+04 -6.198674505514836959e-03
1.974790000000000146e+04 -6.229516568020528229e-03
1.975120000000000073e+04 -6.247574370313101026e-03
1.975450000000000000e+04 -6.292351211505274947e-03
1.975779999999999927e+04 -6.335268123972274089e-03
1.976109999999999854e+04 -6.398020764785536905e-03
1.976440000000000146e+04 -6.460319882792289747e-03
1.976770000000000073e+04 -6.528695766277144326e-03
1.977100000000000000e+04 -6.579210450459884070e-03
1.977429999999999927e+04 -6.614197306266031244e-03
1.977759999999999854e+04 -6.663914659770852483e-03
1.978090000000000146e+04 -6.702428393672889284e-03
1.978420000000000073e+04 -6.774640734449720834e-03
1.978750000000000000e+04 -6.793487482270751943e-03
1.979079999999999927e+04 -6.855988768811161795e-03
1.979409999999999854e+04 -6.880818803672616654e-03
1.979740000000000146e+04 -6.922837365024435419e-03
1.980070000000000073e+04 -6.975626785749589054e-03
1.980400000000000000e+04 -6.996761037882384508e-03
1.980720000000000073e+04 -7.031410991714593349e-03
1.981050000000000000e+04 -7.025680792009444432e-03
1.981379999999999927e+04 -7.012546099918472511e-03
1.981709999999999854e+04 -7.036038086763960267e-03
1.982040000000000146e+04 -7.023723389473681550e-03
1.982370000000000073e+04 -7.035499925616822518e-03
1.982700000000000000e+04 -7.071681955045126117e-03
1.983029999999999927e+04 -7.093600958809812181e-03
1.983359999999999854e+04 -7.084165435488869698e-03
1.983690000000000146e+04 -7.090059027872517780e-03
1.984020000000000073e+04 -7.093825321802730080e-03
1.984350000000000000e+04 -7.106681524703672981e-03
1.984679999999999927e+04 -7.129936484103080452e-03
1.985009999999999854e+04 -7.157395427757896368e-03
1.985340000000000146e+04 -7.190932289947694032e-03
1.985670000000000073e+04 -7.236332025655938145e-03
1.986000000000000000e+04 -7.271102209436157426e-03
1.986329999999999927e+04 -7.319918089328535798e-03
1.986659999999999854e+04 -7.342057484681301961e-03
1.986990000000000146e+04 -7.321297075748543770e-03
1.987309999999999854e+04 -7.292047634990401692e-03
1.987640000000000146e+04 -7.290088943393742589e-03
1.987970000000000073e+04 -7.302516714585849909e-03
1.988300000000000000e+04 -7.276307697599009895e-03
1.988629999999999927e+04 -7.332550571386604876e-03
1.988959999999999854e+04 -7.390934431044669621e-03
1.989290000000000146e+04 -7.387970571121535261e-03
1.989620000000000073e+04 -7.365918924234599388e-03
1.989950000000000000e+04 -7.349535173331103732e-03
1.990279999999999927e+04 -7.336519832182955905e-03
1.990609999999999854e+04 -7.332200316556195842e-03
1.990940000000000146e+04 -7.315769876117030231e-03
1.991270000000000073e+04 -7.329380623405928365e-03
1.991600000000000000e+04 -7.327243740086803250e-03
1.991929999999999927e+04 -7.332229778260028474e-03
1.992259999999999854e+04 -7.335586061179844020e-03
1.992590000000000146e+04 -7.321843800825024971e-03
