1.716800000000000000e+04 4.435219426110839657e-04
1.717129999999999927e+04 4.578301571617905794e-04
1.717459999999999854e+04 4.645492245381431518e-04
1.717790000000000146e+04 4.784009963720275006e-04
1.718120000000000073e+04 4.925262974697295877e-04
1.718450000000000000e+04 4.912899432241993802e-04
1.718779999999999927e+04 4.883721291863334438e-04
1.719109999999999854e+04 4.897083107311797677e-04
1.719440000000000146e+04 4.803541586060442619e-04
1.719770000000000073e+04 4.882502412863079597e-04
1.720100000000000000e+04 4.783116291471100419e-04
1.720429999999999927e+04 4.640380937268064315e-04
1.720759999999999854e+04 4.756082859513408707e-04
1.721090000000000146e+04 4.858702484866353564e-04
1.721420000000000073e+04 4.942954409292577966e-04
1.721750000000000000e+04 4.876847644217404808e-04
1.722079999999999927e+04 4.918871419805783242e-04
1.722409999999999854e+04 4.959175500724193790e-04
1.722729999999999927e+04 4.958920167248467153e-04
1.723059999999999854e+04 4.970786113225668683e-04
1.723390000000000146e+04 5.032602333020993763e-04
1.723720000000000073e+04 5.208197221878991656e-04
1.724050000000000000e+04 5.295343904435796103e-04
1.724379999999999927e+04 5.350236324600584226e-04
1.724709999999999854e+04 5.384833980484314293e-04
1.725040000000000146e+04 5.298119706853109253e-04
1.725370000000000073e+04 5.391520975921283796e-04
1.725700000000000000e+04 5.413303167653174498e-04
1.726029999999999927e+04 5.427844235236848041e-04
1.726359999999999854e+04 5.508876723060923209e-04
1.726690000000000146e+04 5.496455337680113172e-04
1.727020000000000073e+04 5.326430669378914981e-04
1.727350000000000000e+04 5.343833601394423934e-04
1.727679999999999927e+04 5.477188810804610756e-04
1.728009999999999854e+04 5.623130840388097058e-04
1.728340000000000146e+04 5.732438050883023129e-04
1.728670000000000073e+04 5.710915562610807336e-04
1.729000000000000000e+04 5.796806355109679126e-04
1.729320000000000073e+04 5.803598852869744969e-04
1.729650000000000000e+04 5.915727057158006374e-04
1.729979999999999927e+04 6.038188638090994428e-04
1.730309999999999854e+04 5.983448189248797341e-04
1.730640000000000146e+04 5.884189414148377440e-04
1.730970000000000073e+04 6.010716554087643755e-04
1.731300000000000000e+04 6.200666947388417142e-04
1.731629999999999927e+04 6.270429449357588355e-04
1.731959999999999854e+04 6.349167576216822048e-04
1.732290000000000146e+04 6.363610101650929440e-04
1.732620000000000073e+04 6.475292956203758214e-04
1.732950000000000000e+04 6.617716396885668911e-04
1.733279999999999927e+04 6.736038797981207986e-04
1.733609999999999854e+04 6.774458793733654019e-04
1.733940000000000146e+04 6.830706584832141673e-04
1.734270000000000073e+04 6.839708955751245840e-04
1.734600000000000000e+04 6.836253288881255974e-04
1.734929999999999927e+04 6.994284405545615670e-04
1.735259999999999854e+04 7.172246086487394029e-04
1.735579999999999927e+04 7.241607480502666467e-04
1.735909999999999854e+04 7.254165482529684097e-04
1.736240000000000146e+04 7.311152218009152630e-04
1.736570000000000073e+04 7.374584202581235207e-04
1.736900000000000000e+04 7.422077831047188112e-04
1.737229999999999927e+04 7.420286908321102040e-04
1.737559999999999854e+04 7.507230806331485025e-04
1.737890000000000146e+04 7.563856726419981337e-04
1.738220000000000073e+04 7.703558691321749953e-04
1.738550000000000000e+04 7.736074390352282518e-04
1.738879999999999927e+04 7.707549222700738013e-04
1.739209999999999854e+04 7.769212247495125906e-04
1.739540000000000146e+04 7.879797773289080138e-04
1.739870000000000073e+04 7.923562863027806651e-04
1.740200000000000000e+04 7.938871387574299816e-04
1.740529999999999927e+04 7.950673325837585978e-04
1.740859999999999854e+04 8.045625108382294501e-04
1.741190000000000146e+04 8.101516057397028115e-04
1.741520000000000073e+04 8.136375696513998114e-04
1.741850000000000000e+04 8.152248889010386317e-04
1.742170000000000073e+04 8.232939735690674929e-04
1.742500000000000000e+04 8.307562879304920432e-04
1.742829999999999927e+04 8.273673907674842024e-04
1.743159999999999854e+04 8.257512258405570868e-04
1.743490000000000146e+04 8.342869817378791974e-04
1.743820000000000073e+04 8.364263020901993497e-04
1.744150000000000000e+04 8.352295001880962865e-04
1.744479999999999927e+04 8.391215145920978471e-04
1.744809999999999854e+04 8.400681465043435088e-04
1.745140000000000146e+04 8.432128804924620118e-04
1.745470000000000073e+04 8.410034986227969125e-04
1.745800000000000000e+04 8.428567732798826267e-04
1.746129999999999927e+04 8.360024974968884894e-04
1.746459999999999854e+04 8.375651283235086876e-04
1.746790000000000146e+04 8.399719726907321164e-04
1.747120000000000073e+04 8.442852409096358391e-04
1.747450000000000000e+04 8.363387763978035253e-04
1.747779999999999927e+04 8.334464134393323054e-04
1.748109999999999854e+04 8.336699948311967947e-04
1.748429999999999927e+04 8.290918444822221144e-04
1.748759999999999854e+04 8.205188496971776426e-04
1.749090000000000146e+04 8.171937426032135346e-04
1.749420000000000073e+04 8.122824251696009147e-04
1.749750000000000000e+04 8.153904171890124326e-04
1.750079999999999927e+04 8.119308361789023647e-04
1.750409999999999854e+04 8.147952941657533822e-04
1.750740000000000146e+04 8.167990827433716135e-04
1.751070000000000073e+04 8.216003579512882061e-04
1.751400000000000000e+04 8.200718251272494201e-04
1.751729999999999927e+04 8.061197764273638064e-04
1.752059999999999854e+04 8.024788708911430790e-04
1.752390000000000146e+04 8.082505156943933788e-04
1.752720000000000073e+04 8.050995208170112468e-04
1.753050000000000000e+04 8.128377404962027234e-04
1.753379999999999927e+04 8.146985182449967061e-04
1.753709999999999854e+04 8.122052681591436334e-04
1.754040000000000146e+04 8.095751125852284529e-04
1.754370000000000073e+04 8.077681226467103284e-04
1.754700000000000000e+04 8.046860846795037383e-04
1.755020000000000073e+04 8.038102229651432730e-04
1.755350000000000000e+04 8.102653757901844608e-04
1.755679999999999927e+04 8.064687500225782959e-04
1.756009999999999854e+04 8.059518499983521489e-04
1.756340000000000146e+04 8.055808446316332656e-04
1.756670000000000073e+04 8.024758689153705131e-04
1.757000000000000000e+04 7.998136767512715800e-04
1.757329999999999927e+04 7.948448371054790728e-04
1.757659999999999854e+04 7.867600550236391373e-04
1.757990000000000146e+04 7.892999252247636993e-04
1.758320000000000073e+04 7.907720379430253736e-04
1.758650000000000000e+04 7.841204913596165355e-04
1.758979999999999927e+04 7.795255527436096600e-04
1.759309999999999854e+04 7.883777921303814070e-04
1.759640000000000146e+04 7.940155807608717054e-04
1.759970000000000073e+04 7.949702688277742639e-04
1.760300000000000000e+04 7.981372787382132617e-04
1.760629999999999927e+04 7.921933113604603732e-04
1.760959999999999854e+04 7.928970223064730561e-04
1.761290000000000146e+04 7.980144234536093017e-04
1.761609999999999854e+04 7.986145922051000705e-04
1.761940000000000146e+04 8.017819765725957932e-04
1.762270000000000073e+04 8.042210416049517261e-04
1.762600000000000000e+04 8.156620963109490006e-04
1.762929999999999927e+04 8.116028168204367276e-04
1.763259999999999854e+04 8.158570302681556223e-04
1.763590000000000146e+04 8.094892145944093415e-04
1.763920000000000073e+04 8.131825726574574455e-04
1.764250000000000000e+04 8.119168896816747775e-04
1.764579999999999927e+04 8.189789988002281170e-04
1.764909999999999854e+04 8.240856463012979699e-04
1.765240000000000146e+04 8.334200180866172458e-04
1.765570000000000073e+04 8.395683907014809969e-04
1.765900000000000000e+04 8.468282662085856562e-04
1.766229999999999927e+04 8.512748800457360003e-04
1.766559999999999854e+04 8.573197664972591597e-04
1.766890000000000146e+04 8.570151909984187206e-04
1.767220000000000073e+04 8.655055822531670419e-04
1.767550000000000000e+04 8.673514510828617477e-04
1.767870000000000073e+04 8.735647011255448426e-04
1.768200000000000000e+04 8.789271063673052050e-04
1.768529999999999927e+04 8.807150849706250591e-04
1.768859999999999854e+04 8.850402800361520600e-04
1.769190000000000146e+04 8.909062928717081248e-04
1.769520000000000073e+04 8.838134083151349615e-04
1.769850000000000000e+04 8.832316064773940763e-04
1.770179999999999927e+04 8.847385414604511675e-04
1.770509999999999854e+04 8.901172641370406384e-04
1.770840000000000146e+04 8.935548327613109356e-04
1.771170000000000073e+04 8.944300888910102073e-04
1.771500000000000000e+04 8.968109547884853087e-04
1.771829999999999927e+04 8.963917462473317953e-04
1.772159999999999854e+04 9.034282126592371818e-04
1.772490000000000146e+04 9.061132141546706167e-04
1.772820000000000073e+04 9.036752321980368909e-04
1.773150000000000000e+04 9.076373636949080495e-04
1.773479999999999927e+04 9.131326553822213506e-04
1.773809999999999854e+04 9.198239489686404905e-04
1.774140000000000146e+04 9.293322848801591207e-04
1.774459999999999854e+04 9.315414640750139088e-04
1.774790000000000146e+04 9.342523039989799596e-04
1.775120000000000073e+04 9.469898700372147678e-04
1.775450000000000000e+04 9.514088627264594405e-04
1.775779999999999927e+04 9.503375901123551316e-04
1.776109999999999854e+04 9.482905074126205631e-04
1.776440000000000146e+04 9.479626314350001002e-04
1.776770000000000073e+04 9.499631419057981592e-04
1.777100000000000000e+04 9.574805835496049333e-04
1.777429999999999927e+04 9.539742199989670801e-04
1.777759999999999854e+04 9.545390499021719297e-04
1.778090000000000146e+04 9.586577016769486613e-04
1.778420000000000073e+04 9.572243366422839364e-04
1.778750000000000000e+04 9.594158355769127032e-04
1.779079999999999927e+04 9.513403152863421277e-04
1.779409999999999854e+04 9.576389669674090525e-04
1.779740000000000146e+04 9.571028688179897053e-04
1.780070000000000073e+04 9.635522917029302635e-04
1.780400000000000000e+04 9.727268281383845113e-04
1.780720000000000073e+04 9.802393372437046871e-04
1.781050000000000000e+04 9.866332591651513599e-04
1.781379999999999927e+04 9.911418090415363095e-04
1.781709999999999854e+04 9.955879308911471867e-04
1.782040000000000146e+04 1.000468376790440879e-03
1.782370000000000073e+04 1.005659994097232376e-03
1.782700000000000000e+04 1.005735662526745493e-03
1.783029999999999927e+04 1.007651115218451349e-03
1.783359999999999854e+04 1.007670288213174253e-03
1.783690000000000146e+04 1.004182311218121751e-03
1.784020000000000073e+04 1.005507115707671845e-03
1.784350000000000000e+04 1.004955773709192285e-03
1.784679999999999927e+04 1.011895214949402313e-03
1.785009999999999854e+04 1.015058279618545655e-03
1.785340000000000146e+04 1.020807496407890582e-03
1.785670000000000073e+04 1.020877844097669695e-03
1.786000000000000000e+04 1.026163027885076484e-03
1.786329999999999927e+04 1.035177857064724502e-03
1.786659999999999854e+04 1.042227465022974942e-03
1.786990000000000146e+04 1.043932278853398508e-03
1.787309999999999854e+04 1.050035988707923636e-03
1.787640000000000146e+04 1.053187574061001559e-03
1.787970000000000073e+04 1.061815861475396035e-03
1.788300000000000000e+04 1.069675904444729363e-03
1.788629999999999927e+04 1.073067459560779436e-03
1.788959999999999854e+04 1.079770711178838121e-03
1.789290000000000146e+04 1.092668523370029371e-03
1.789620000000000073e+04 1.100475930784775925e-03
1.789950000000000000e+04 1.108155194405161447e-03
1.790279999999999927e+04 1.117321654728720571e-03
1.790609999999999854e+04 1.124992500053174872e-03
1.790940000000000146e+04 1.137021128253602395e-03
1.791270000000000073e+04 1.151174725368914490e-03
1.791600000000000000e+04 1.153062223709609485e-03
1.791929999999999927e+04 1.160920374092181675e-03
1.792259999999999854e+04 1.167475026805670814e-03
1.792590000000000146e+04 1.171726200521580781e-03
1.792920000000000073e+04 1.179763333898646268e-03
1.793250000000000000e+04 1.185525086978591854e-03
1.793570000000000073e+04 1.194379093911135132e-03
1.793900000000000000e+04 1.205580960364633887e-03
1.794229999999999927e+04 1.208306905689629333e-03
1.794559999999999854e+04 1.215029369718804248e-03
1.794890000000000146e+04 1.222273756827006079e-03
1.795220000000000073e+04 1.227383404911273641e-03
1.795550000000000000e+04 1.245630425265618251e-03
1.795879999999999927e+04 1.256256232702292414e-03
1.796209999999999854e+04 1.265650469913650635e-03
1.796540000000000146e+04 1.271565946162457085e-03
1.796870000000000073e+04 1.277629441678059972e-03
1.797200000000000000e+04 1.284396145881317808e-03
1.797529999999999927e+04 1.287557552380174525e-03
1.797859999999999854e+04 1.294812533072807470e-03
1.798190000000000146e+04 1.308431891466719761e-03
1.798520000000000073e+04 1.315614971467633657e-03
1.798850000000000000e+04 1.324251621885585159e-03
1.799179999999999927e+04 1.328007432659790779e-03
1.799509999999999854e+04 1.331196915121083931e-03
1.799840000000000146e+04 1.330018237839765546e-03
1.800159999999999854e+04 1.342192531678481704e-03
1.800490000000000146e+04 1.349246050453753280e-03
1.800820000000000073e+04 1.360578413261831097e-03
1.801150000000000000e+04 1.366149841459471641e-03
1.801479999999999927e+04 1.372459870169469819e-03
1.801809999999999854e+04 1.374354608103089091e-03
1.802140000000000146e+04 1.383136860706435682e-03
1.802470000000000073e+04 1.388387590915473712e-03
1.802800000000000000e+04 1.394573907191372884e-03
1.803129999999999927e+04 1.401134856499090028e-03
1.803459999999999854e+04 1.406443511786544410e-03
1.803790000000000146e+04 1.407028760226214717e-03
1.804120000000000073e+04 1.413106176241614746e-03
1.804450000000000000e+04 1.415321147510803252e-03
1.804779999999999927e+04 1.414210769529357934e-03
1.805109999999999854e+04 1.412310478479870046e-03
1.805440000000000146e+04 1.411872450483354826e-03
1.805770000000000073e+04 1.401830774252787060e-03
1.806100000000000000e+04 1.403166038959869147e-03
1.806429999999999927e+04 1.408788110379699315e-03
1.806750000000000000e+04 1.404424439985768125e-03
1.807079999999999927e+04 1.399486861786521834e-03
1.807409999999999854e+04 1.392108827895969419e-03
1.807740000000000146e+04 1.376341253317853565e-03
1.808070000000000073e+04 1.379556036894120019e-03
1.808400000000000000e+04 1.379774735074766742e-03
1.808729999999999927e+04 1.375608734287151651e-03
1.809059999999999854e+04 1.378958428317416047e-03
1.809390000000000146e+04 1.379342870700522297e-03
1.809720000000000073e+04 1.382311849990041893e-03
1.810050000000000000e+04 1.369722689360082339e-03
1.810379999999999927e+04 1.369913524160468014e-03
1.810709999999999854e+04 1.360716200419445241e-03
1.811040000000000146e+04 1.350501309915266672e-03
1.811370000000000073e+04 1.347949899780633010e-03
1.811700000000000000e+04 1.351265403732320727e-03
1.812029999999999927e+04 1.348116113083375677e-03
1.812359999999999854e+04 1.333652610939997218e-03
1.812690000000000146e+04 1.336555943347489004e-03
1.813009999999999854e+04 1.335603568793147008e-03
1.813340000000000146e+04 1.329039053667124956e-03
1.813670000000000073e+04 1.319251448897147769e-03
1.814000000000000000e+04 1.316002728889189167e-03
1.814329999999999927e+04 1.305605462201514088e-03
1.814659999999999854e+04 1.304649447805121499e-03
1.814990000000000146e+04 1.293499095366414022e-03
1.815320000000000073e+04 1.282726289777017144e-03
1.815650000000000000e+04 1.273083749324511234e-03
1.815979999999999927e+04 1.269206952788238434e-03
1.816309999999999854e+04 1.274374701046907801e-03
1.816640000000000146e+04 1.263848089641052535e-03
1.816970000000000073e+04 1.259330428026413920e-03
1.817300000000000000e+04 1.245823212753485254e-03
1.817629999999999927e+04 1.241028048357356020e-03
1.817959999999999854e+04 1.229094229840185315e-03
1.818290000000000146e+04 1.237944379046001988e-03
1.818620000000000073e+04 1.241564677423730731e-03
1.818950000000000000e+04 1.238828769638390757e-03
1.819279999999999927e+04 1.234675243657629845e-03
1.819600000000000000e+04 1.233850562477799241e-03
1.819929999999999927e+04 1.236221778538917383e-03
1.820259999999999854e+04 1.236420703958934558e-03
1.820590000000000146e+04 1.238352738358054241e-03
1.820920000000000073e+04 1.237307499801242484e-03
1.821250000000000000e+04 1.238292767610930326e-03
1.821579999999999927e+04 1.241195438452895577e-03
1.821909999999999854e+04 1.239936904533743556e-03
1.822240000000000146e+04 1.257013988282796278e-03
1.822570000000000073e+04 1.274763222658588987e-03
1.822900000000000000e+04 1.293219268201259778e-03
1.823229999999999927e+04 1.317952128048254998e-03
1.823559999999999854e+04 1.333170898547113075e-03
1.823890000000000146e+04 1.337043336236170199e-03
1.824220000000000073e+04 1.367658194132618946e-03
1.824550000000000000e+04 1.391133968353258383e-03
1.824879999999999927e+04 1.411717759026592713e-03
1.825209999999999854e+04 1.434227763699221425e-03
1.825540000000000146e+04 1.456314747698177030e-03
1.825859999999999854e+04 1.480591930036566058e-03
1.826190000000000146e+04 1.495180016284760683e-03
1.826520000000000073e+04 1.524636120758455539e-03
1.826850000000000000e+04 1.547494014835305463e-03
1.827179999999999927e+04 1.589679000261594657e-03
1.827509999999999854e+04 1.613196760079640621e-03
1.827840000000000146e+04 1.638384853038640050e-03
1.828170000000000073e+04 1.657419035723739975e-03
1.828500000000000000e+04 1.669694995989130792e-03
1.828829999999999927e+04 1.701368542556433352e-03
1.829159999999999854e+04 1.715634638471284692e-03
1.829490000000000146e+04 1.746198857104941079e-03
1.829820000000000073e+04 1.761798750148993236e-03
1.830150000000000000e+04 1.792164871332052253e-03
1.830479999999999927e+04 1.835777859515328077e-03
1.830809999999999854e+04 1.871769729341859383e-03
1.831140000000000146e+04 1.881479023983136795e-03
1.831470000000000073e+04 1.915630040147016985e-03
1.831800000000000000e+04 1.943350445651054192e-03
1.832129999999999927e+04 1.985758467490110219e-03
1.832450000000000000e+04 2.015823070330189943e-03
1.832779999999999927e+04 2.040509284035348005e-03
1.833109999999999854e+04 2.079059738743138566e-03
1.833440000000000146e+04 2.110936974195461169e-03
1.833770000000000073e+04 2.146511360576755338e-03
1.834100000000000000e+04 2.181513932729970458e-03
1.834429999999999927e+04 2.210593896005174849e-03
1.834759999999999854e+04 2.242533720513973251e-03
1.835090000000000146e+04 2.271581181900436501e-03
1.835420000000000073e+04 2.302755531044578183e-03
1.835750000000000000e+04 2.344086482863720362e-03
1.836079999999999927e+04 2.386270321590966328e-03
1.836409999999999854e+04 2.435369665994607281e-03
1.836740000000000146e+04 2.483563686260389491e-03
1.837070000000000073e+04 2.529876649153674738e-03
1.837400000000000000e+04 2.584404937722890438e-03
1.837729999999999927e+04 2.623021442108723449e-03
1.838059999999999854e+04 2.662704519665129183e-03
1.838390000000000146e+04 2.708935916717147060e-03
1.838709999999999854e+04 2.748616697482314693e-03
1.839040000000000146e+04 2.786070779975061834e-03
1.839370000000000073e+04 2.812580401712936207e-03
1.839700000000000000e+04 2.845724555033792361e-03
1.840029999999999927e+04 2.887252307439603163e-03
1.840359999999999854e+04 2.944462249185426754e-03
1.840690000000000146e+04 2.982660025316332623e-03
1.841020000000000073e+04 3.008216079924919736e-03
1.841350000000000000e+04 3.043573358124323537e-03
1.841679999999999927e+04 3.079413279078764467e-03
1.842009999999999854e+04 3.104440107923841282e-03
1.842340000000000146e+04 3.127718279738077138e-03
1.842670000000000073e+04 3.157942900063966888e-03
1.843000000000000000e+04 3.191021764459391671e-03
1.843329999999999927e+04 3.220172215850441999e-03
1.843659999999999854e+04 3.250556552274742796e-03
1.843990000000000146e+04 3.294482673175876206e-03
1.844320000000000073e+04 3.342411503383053983e-03
1.844650000000000000e+04 3.385010540254287416e-03
1.844979999999999927e+04 3.438193689325075297e-03
1.845300000000000000e+04 3.470586308123951164e-03
1.845629999999999927e+04 3.505801979377749268e-03
1.845959999999999854e+04 3.516938054716373194e-03
1.846290000000000146e+04 3.559838294288966091e-03
1.846620000000000073e+04 3.575753849494376409e-03
1.846950000000000000e+04 3.582922690276927735e-03
1.847279999999999927e+04 3.600975617580708110e-03
1.847609999999999854e+04 3.628065005177730836e-03
1.847940000000000146e+04 3.639389621487684918e-03
1.848270000000000073e+04 3.662160194264252929e-03
1.848600000000000000e+04 3.684645854038856409e-03
1.848929999999999927e+04 3.704796919621635570e-03
1.849259999999999854e+04 3.741939513804415796e-03
1.849590000000000146e+04 3.767139269215957331e-03
1.849920000000000073e+04 3.806370490189392875e-03
1.850250000000000000e+04 3.858071950040592446e-03
1.850579999999999927e+04 3.905695029476480545e-03
1.850909999999999854e+04 3.964619503226356374e-03
1.851240000000000146e+04 3.991727083582436580e-03
1.851570000000000073e+04 4.017185555518951526e-03
1.851890000000000146e+04 4.056332181613373812e-03
1.852220000000000073e+04 4.103012138393214922e-03
1.852550000000000000e+04 4.146541475830021334e-03
1.852879999999999927e+04 4.195497993927190840e-03
1.853209999999999854e+04 4.239961284305497971e-03
1.853540000000000146e+04 4.287251823013059349e-03
1.853870000000000073e+04 4.326627897194273292e-03
1.854200000000000000e+04 4.387596239768745340e-03
1.854529999999999927e+04 4.455658047096676747e-03
1.854859999999999854e+04 4.510771445063259909e-03
1.855190000000000146e+04 4.580393510543617243e-03
1.855520000000000073e+04 4.638853292067826595e-03
1.855850000000000000e+04 4.716043261970295775e-03
1.856179999999999927e+04 4.771206820307158196e-03
1.856509999999999854e+04 4.840870302617146341e-03
1.856840000000000146e+04 4.899919871824779012e-03
1.857170000000000073e+04 4.944281800874749354e-03
1.857500000000000000e+04 5.037585293324469554e-03
1.857829999999999927e+04 5.137591793890761670e-03
1.858150000000000000e+04 5.225878214157929011e-03
1.858479999999999927e+04 5.326355982051451075e-03
1.858809999999999854e+04 5.388425282233028253e-03
1.859140000000000146e+04 5.458900181684016827e-03
1.859470000000000073e+04 5.566184573537515286e-03
1.859800000000000000e+04 5.651282641759952131e-03
1.860129999999999927e+04 5.726875004433434717e-03
1.860459999999999854e+04 5.842306882026528439e-03
1.860790000000000146e+04 5.943283452584954482e-03
1.861120000000000073e+04 6.067314075507762236e-03
1.861450000000000000e+04 6.207753601979130488e-03
1.861779999999999927e+04 6.332612977346284248e-03
1.862109999999999854e+04 6.445940725854195155e-03
1.862440000000000146e+04 6.579990047180859017e-03
1.862770000000000073e+04 6.721605422907271123e-03
1.863100000000000000e+04 6.901145018824017888e-03
1.863429999999999927e+04 7.052052144956210723e-03
1.863759999999999854e+04 7.181160319196696652e-03
1.864090000000000146e+04 7.349048672579855043e-03
1.864420000000000073e+04 7.572976769293942277e-03
1.864740000000000146e+04 7.738904519096617696e-03
1.865070000000000073e+04 7.871346934772070064e-03
1.865400000000000000e+04 8.017728348115198134e-03
1.865729999999999927e+04 8.141115905563260646e-03
1.866059999999999854e+04 8.272198935306968731e-03
1.866390000000000146e+04 8.450705511599286568e-03
1.866720000000000073e+04 8.594948810756886798e-03
1.867050000000000000e+04 8.732554292068501339e-03
1.867379999999999927e+04 8.882472165315818957e-03
1.867709999999999854e+04 9.080768372097822519e-03
1.868040000000000146e+04 9.308325830264618447e-03
1.868370000000000073e+04 9.603135667367567949e-03
1.868700000000000000e+04 9.860423748716031986e-03
1.869029999999999927e+04 1.003621443345133202e-02
1.869359999999999854e+04 1.031738346546442510e-02
1.869690000000000146e+04 1.054869809968426823e-02
1.870020000000000073e+04 1.063875790198746951e-02
1.870350000000000000e+04 1.072458725711522218e-02
1.870679999999999927e+04 1.089713707884416849e-02
1.871000000000000000e+04 1.122349841533088269e-02
1.871329999999999927e+04 1.138563107360573284e-02
1.871659999999999854e+04 1.149325268114133672e-02
1.871990000000000146e+04 1.163282900691269342e-02
1.872320000000000073e+04 1.174692909596554771e-02
1.872650000000000000e+04 1.189624790429780719e-02
1.872979999999999927e+04 1.198524094295923964e-02
1.873309999999999854e+04 1.211918875051148752e-02
1.873640000000000146e+04 1.225504634494473111e-02
1.873970000000000073e+04 1.239010029184113570e-02
1.874300000000000000e+04 1.243281724576297646e-02
1.874629999999999927e+04 1.253917897637271163e-02
1.874959999999999854e+04 1.258070589726532906e-02
1.875290000000000146e+04 1.268155918286010750e-02
1.875620000000000073e+04 1.279190701726131904e-02
1.875950000000000000e+04 1.293398309047350848e-02
1.876279999999999927e+04 1.308512811309720664e-02
1.876609999999999854e+04 1.321369155301632334e-02
1.876940000000000146e+04 1.327786614527896175e-02
1.877270000000000073e+04 1.342081427486678177e-02
1.877590000000000146e+04 1.361268617677006791e-02
1.877920000000000073e+04 1.367700414831011548e-02
1.878250000000000000e+04 1.384934886887161272e-02
1.878579999999999927e+04 1.403610772490952556e-02
1.878909999999999854e+04 1.426049653995686839e-02
1.879240000000000146e+04 1.447956886170783004e-02
1.879570000000000073e+04 1.470024115861570321e-02
1.879900000000000000e+04 1.496002210455389843e-02
1.880229999999999927e+04 1.524601044645531103e-02
1.880559999999999854e+04 1.551179746194383466e-02
1.880890000000000146e+04 1.572887258794869805e-02
1.881220000000000073e+04 1.598009360635156001e-02
1.881550000000000000e+04 1.629121135684459890e-02
1.881879999999999927e+04 1.660447227882937832e-02
1.882209999999999854e+04 1.691322260011347833e-02
1.882540000000000146e+04 1.723725891052993106e-02
1.882870000000000073e+04 1.751361719975455533e-02
1.883200000000000000e+04 1.780378393103079770e-02
1.883529999999999927e+04 1.811720327603424940e-02
1.883859999999999854e+04 1.842273083418480284e-02
1.884179999999999927e+04 1.868555670945812319e-02
1.884509999999999854e+04 1.895791302296063324e-02
1.884840000000000146e+04 1.915487636734455879e-02
1.885170000000000073e+04 1.937720297194715086e-02
1.885500000000000000e+04 1.968803498351539769e-02
1.885829999999999927e+04 1.987745902452273464e-02
1.886159999999999854e+04 2.011109064527690296e-02
1.886490000000000146e+04 2.051711578702959324e-02
1.886820000000000073e+04 2.093918744165959231e-02
1.887150000000000000e+04 2.127414114460774233e-02
1.887479999999999927e+04 2.144056881766362790e-02
1.887809999999999854e+04 2.177659300765561606e-02
1.888140000000000146e+04 2.216927848180169983e-02
1.888470000000000073e+04 2.253858846306907790e-02
1.888800000000000000e+04 2.290142649263504637e-02
1.889129999999999927e+04 2.325660328842132224e-02
1.889459999999999854e+04 2.367049340661405918e-02
1.889790000000000146e+04 2.405622392448002189e-02
1.890120000000000073e+04 2.445148448331380120e-02
1.890440000000000146e+04 2.481364110999659256e-02
1.890770000000000073e+04 2.526939765303970117e-02
1.891100000000000000e+04 2.568144331261882837e-02
1.891429999999999927e+04 2.614758320649758494e-02
1.891759999999999854e+04 2.658250048994141579e-02
1.892090000000000146e+04 2.702624402752431751e-02
1.892420000000000073e+04 2.742545280001906088e-02
1.892750000000000000e+04 2.781284258470346701e-02
1.893079999999999927e+04 2.824339844214919862e-02
1.893409999999999854e+04 2.867112755676071850e-02
1.893740000000000146e+04 2.905309647191883088e-02
1.894070000000000073e+04 2.936367388452647970e-02
1.894400000000000000e+04 2.975703653104388308e-02
1.894729999999999927e+04 3.007780366640478570e-02
1.895059999999999854e+04 3.039596910685317399e-02
1.895390000000000146e+04 3.071451659419531174e-02
1.895720000000000073e+04 3.099159711494262753e-02
1.896050000000000000e+04 3.128754374789241566e-02
1.896379999999999927e+04 3.154697018593826535e-02
1.896709999999999854e+04 3.180178676268334559e-02
1.897029999999999927e+04 3.201172141508758229e-02
1.897359999999999854e+04 3.221981596666752268e-02
1.897690000000000146e+04 3.247860222814063363e-02
1.898020000000000073e+04 3.268507846556472501e-02
1.898350000000000000e+04 3.290089625155723230e-02
1.898679999999999927e+04 3.313548785059768076e-02
1.899009999999999854e+04 3.333838420742202963e-02
1.899340000000000146e+04 3.353468964385850765e-02
1.899670000000000073e+04 3.370477620736534591e-02
1.900000000000000000e+04 3.388743951086176098e-02
1.900329999999999927e+04 3.405263349733934908e-02
1.900659999999999854e+04 3.423641123272117004e-02
1.900990000000000146e+04 3.436884799281285374e-02
1.901320000000000073e+04 3.449249029827609891e-02
1.901650000000000000e+04 3.461103394710560860e-02
1.901979999999999927e+04 3.473870390322456037e-02
1.902309999999999854e+04 3.487927796622150578e-02
1.902640000000000146e+04 3.503590620368808584e-02
1.902970000000000073e+04 3.511829454422875363e-02
1.903290000000000146e+04 3.520210221089208752e-02
1.903620000000000073e+04 3.527145611095804795e-02
1.903950000000000000e+04 3.533671737917240541e-02
1.904279999999999927e+04 3.541545860807737700e-02
1.904609999999999854e+04 3.546043265271827533e-02
1.904940000000000146e+04 3.551140705709065343e-02
1.905270000000000073e+04 3.558680084888737882e-02
1.905600000000000000e+04 3.563568127760934068e-02
1.905929999999999927e+04 3.568388992609861088e-02
1.906259999999999854e+04 3.570696593378105965e-02
1.906590000000000146e+04 3.572515458212292827e-02
1.906920000000000073e+04 3.572752371204621080e-02
1.907250000000000000e+04 3.569520497483490845e-02
1.907579999999999927e+04 3.566901662568598697e-02
1.907909999999999854e+04 3.564172178610516134e-02
1.908240000000000146e+04 3.564210031743115376e-02
1.908570000000000073e+04 3.559218918651883834e-02
1.908900000000000000e+04 3.551783275321700878e-02
1.909229999999999927e+04 3.543961880905414918e-02
1.909559999999999854e+04 3.536359010858020763e-02
1.909879999999999927e+04 3.531342183210947616e-02
1.910209999999999854e+04 3.520579946188252124e-02
1.910540000000000146e+04 3.514052367122087045e-02
1.910870000000000073e+04 3.507928619780460722e-02
1.911200000000000000e+04 3.499897701249395088e-02
1.911529999999999927e+04 3.492017313618852453e-02
1.911859999999999854e+04 3.474251757538670410e-02
1.912190000000000146e+04 3.460377690831844405e-02
1.912520000000000073e+04 3.441687581299930632e-02
1.912850000000000000e+04 3.423006939389933168e-02
1.913179999999999927e+04 3.406823582256455346e-02
1.913509999999999854e+04 3.391805959106729274e-02
1.913840000000000146e+04 3.375371696569179347e-02
1.914170000000000073e+04 3.354570230107686152e-02
1.914500000000000000e+04 3.336072929665784281e-02
1.914829999999999927e+04 3.313412641962028282e-02
1.915159999999999854e+04 3.292074541746255190e-02
1.915490000000000146e+04 3.270664133794155826e-02
1.915820000000000073e+04 3.249920932290691761e-02
1.916140000000000146e+04 3.230827350611517601e-02
1.916470000000000073e+04 3.208251162162196329e-02
1.916800000000000000e+04 3.185716229739000288e-02
1.917129999999999927e+04 3.160058651482921394e-02
1.917459999999999854e+04 3.136107600413194640e-02
1.917790000000000146e+04 3.112767491372151266e-02
1.918120000000000073e+04 3.089721544127312786e-02
1.918450000000000000e+04 3.062986756427739377e-02
1.918779999999999927e+04 3.035511059241758486e-02
1.919109999999999854e+04 3.007028392065143677e-02
1.919440000000000146e+04 2.981215069029841819e-02
1.919770000000000073e+04 2.953194247147702609e-02
1.920100000000000000e+04 2.925644472608149999e-02
1.920429999999999927e+04 2.898292457795939581e-02
1.920759999999999854e+04 2.869408057084138486e-02
1.921090000000000146e+04 2.841724851439071664e-02
1.921420000000000073e+04 2.811652523249358326e-02
1.921750000000000000e+04 2.780679587200218794e-02
1.922079999999999927e+04 2.750926741255988253e-02
1.922409999999999854e+04 2.719329248262255042e-02
1.922729999999999927e+04 2.688155167913261478e-02
1.923059999999999854e+04 2.656767909597255312e-02
1.923390000000000146e+04 2.625926183250134813e-02
1.923720000000000073e+04 2.596111541317479635e-02
1.924050000000000000e+04 2.563684750956780195e-02
1.924379999999999927e+04 2.531380577390170486e-02
1.924709999999999854e+04 2.498532022861352231e-02
1.925040000000000146e+04 2.465623564217525945e-02
1.925370000000000073e+04 2.430856885195819064e-02
1.925700000000000000e+04 2.400527518141935823e-02
1.926029999999999927e+04 2.367065548954240192e-02
1.926359999999999854e+04 2.332147578784024913e-02
1.926690000000000146e+04 2.300405436378030744e-02
1.927020000000000073e+04 2.265432765858934119e-02
1.927350000000000000e+04 2.231575392437102831e-02
1.927679999999999927e+04 2.197180550498744819e-02
1.928009999999999854e+04 2.162037817541160797e-02
1.928340000000000146e+04 2.130927708863658565e-02
1.928670000000000073e+04 2.097058132980243045e-02
1.929000000000000000e+04 2.063609264599767026e-02
1.929320000000000073e+04 2.032168746278917304e-02
1.929650000000000000e+04 1.998541775645319013e-02
1.929979999999999927e+04 1.965052429058481570e-02
1.930309999999999854e+04 1.932838535084328846e-02
1.930640000000000146e+04 1.900533481395051336e-02
1.930970000000000073e+04 1.868094902069329655e-02
1.931300000000000000e+04 1.837405033337804333e-02
1.931629999999999927e+04 1.803617443120060504e-02
1.931959999999999854e+04 1.770890701629986713e-02
1.932290000000000146e+04 1.735673904496077766e-02
1.932620000000000073e+04 1.702143897468133896e-02
1.932950000000000000e+04 1.667796027823097507e-02
1.933279999999999927e+04 1.634372128557081902e-02
1.933609999999999854e+04 1.604258598324360616e-02
1.933940000000000146e+04 1.573972424157791400e-02
1.934270000000000073e+04 1.542546535980673927e-02
1.934600000000000000e+04 1.510475980122112302e-02
1.934929999999999927e+04 1.478989836782427722e-02
1.935259999999999854e+04 1.447020075067917064e-02
1.935579999999999927e+04 1.415625946156841113e-02
1.935909999999999854e+04 1.384336617014999583e-02
1.936240000000000146e+04 1.353079587764460107e-02
1.936570000000000073e+04 1.322701204220390336e-02
1.936900000000000000e+04 1.292990578066725328e-02
1.937229999999999927e+04 1.263347339089279306e-02
1.937559999999999854e+04 1.232473668427307156e-02
1.937890000000000146e+04 1.203753441787368955e-02
1.938220000000000073e+04 1.174406477894338573e-02
1.938550000000000000e+04 1.144338935410662422e-02
1.938879999999999927e+04 1.114457825578513139e-02
1.939209999999999854e+04 1.084864515582507384e-02
1.939540000000000146e+04 1.055927350985922178e-02
1.939870000000000073e+04 1.027370627965600546e-02
1.940200000000000000e+04 9.998882026457937139e-03
1.940529999999999927e+04 9.732823849685171003e-03
1.940859999999999854e+04 9.464404641556727060e-03
1.941190000000000146e+04 9.179733790018709122e-03
1.941520000000000073e+04 8.918202585826649417e-03
1.941850000000000000e+04 8.661143848973217735e-03
1.942170000000000073e+04 8.374271289870499971e-03
1.942500000000000000e+04 8.093956848991418207e-03
1.942829999999999927e+04 7.830522045924354080e-03
1.943159999999999854e+04 7.571692851681651945e-03
1.943490000000000146e+04 7.295481822764977170e-03
1.943820000000000073e+04 7.027156446607524948e-03
1.944150000000000000e+04 6.775858669637169554e-03
1.944479999999999927e+04 6.526564057722509388e-03
1.944809999999999854e+04 6.289407981881493109e-03
1.945140000000000146e+04 6.050796244985233267e-03
1.945470000000000073e+04 5.825238148051721000e-03
1.945800000000000000e+04 5.586529653705092462e-03
1.946129999999999927e+04 5.339826736024937820e-03
1.946459999999999854e+04 5.093749544563643157e-03
1.946790000000000146e+04 4.850954369607548763e-03
1.947120000000000073e+04 4.601677909102842683e-03
1.947450000000000000e+04 4.360508085244790312e-03
1.947779999999999927e+04 4.130804502212190310e-03
1.948109999999999854e+04 3.902191798263534434e-03
1.948429999999999927e+04 3.675083709293681510e-03
1.948759999999999854e+04 3.468243019220729802e-03
1.949090000000000146e+04 3.259880522289944089e-03
1.949420000000000073e+04 3.046646739519261876e-03
1.949750000000000000e+04 2.836436443616570467e-03
1.950079999999999927e+04 2.607789230290849004e-03
1.950409999999999854e+04 2.377339504972257600e-03
1.950740000000000146e+04 2.173803063201208349e-03
1.951070000000000073e+04 1.954623181019373053e-03
1.951400000000000000e+04 1.765870193004341572e-03
1.951729999999999927e+04 1.567663525858695303e-03
1.952059999999999854e+04 1.349321164462659968e-03
1.952390000000000146e+04 1.150583087516462554e-03
1.952720000000000073e+04 9.651178144270027622e-04
1.953050000000000000e+04 7.749048601730283790e-04
1.953379999999999927e+04 5.876791302145096619e-04
1.953709999999999854e+04 3.949027449469803852e-04
1.954040000000000146e+04 2.212516045365698920e-04
1.954370000000000073e+04 5.183516369816432514e-05
1.954700000000000000e+04 -1.207158424580490264e-04
1.955020000000000073e+04 -3.079387059362154134e-04
1.955350000000000000e+04 -4.608774690867335397e-04
1.955679999999999927e+04 -6.095479839060140596e-04
1.956009999999999854e+04 -7.650265146977174198e-04
1.956340000000000146e+04 -9.190109990174192981e-04
1.956670000000000073e+04 -1.075087987071927410e-03
1.957000000000000000e+04 -1.221421687286972655e-03
1.957329999999999927e+04 -1.370356559320688164e-03
1.957659999999999854e+04 -1.503379701400456162e-03
1.957990000000000146e+04 -1.649184954162596526e-03
1.958320000000000073e+04 -1.797639157657211469e-03
1.958650000000000000e+04 -1.959427264009577785e-03
1.958979999999999927e+04 -2.077343169024751818e-03
1.959309999999999854e+04 -2.199419044379378411e-03
1.959640000000000146e+04 -2.326920477088762276e-03
1.959970000000000073e+04 -2.426930903463870876e-03
1.960300000000000000e+04 -2.552169464636086949e-03
1.960629999999999927e+04 -2.693878637839570035e-03
1.960959999999999854e+04 -2.819707448659486589e-03
1.961290000000000146e+04 -2.962852558186727936e-03
1.961609999999999854e+04 -3.091078005488579784e-03
1.961940000000000146e+04 -3.215155943043711186e-03
1.962270000000000073e+04 -3.353020820248416023e-03
1.962600000000000000e+04 -3.467928400283573978e-03
1.962929999999999927e+04 -3.570906126446212435e-03
1.963259999999999854e+04 -3.661635142045414817e-03
1.963590000000000146e+04 -3.730048300555459124e-03
1.963920000000000073e+04 -3.856732075173461942e-03
1.964250000000000000e+04 -3.948008689221625331e-03
1.964579999999999927e+04 -4.059570679244954745e-03
1.964909999999999854e+04 -4.188132777176967539e-03
1.965240000000000146e+04 -4.312735058603901078e-03
1.965570000000000073e+04 -4.434095838875985914e-03
1.965900000000000000e+04 -4.518944227930117921e-03
1.966229999999999927e+04 -4.577196923493642190e-03
1.966559999999999854e+04 -4.643643325920508713e-03
1.966890000000000146e+04 -4.729392194428747205e-03
1.967220000000000073e+04 -4.837954553292284597e-03
1.967550000000000000e+04 -4.905838544655217667e-03
1.967870000000000073e+04 -5.010716868700379120e-03
1.968200000000000000e+04 -5.079189631053825961e-03
1.968529999999999927e+04 -5.131178757320323768e-03
1.968859999999999854e+04 -5.193030883956129169e-03
1.969190000000000146e+04 -5.238450862605382487e-03
1.969520000000000073e+04 -5.311842970216098213e-03
1.969850000000000000e+04 -5.366609197275796009e-03
1.970179999999999927e+04 -5.408763107770150902e-03
1.970509999999999854e+04 -5.504819014339757885e-03
1.970840000000000146e+04 -5.613004991165649986e-03
1.971170000000000073e+04 -5.710856637505589382e-03
1.971500000000000000e+04 -5.761887636056507202e-03
1.971829999999999927e+04 -5.854314865087232971e-03
1.972159999999999854e+04 -5.894667333014710561e-03
1.972490000000000146e+04 -5.929523733335001143e-03
1.972820000000000073e+04 -6.014079919361260164e-03
1.973150000000000000e+04 -6.098776589441406472e-03
1.973479999999999927e+04 -6.179092202771491182e-03
1.973809999999999854e+04 -6.251333833803436428e-03
1.974140000000000146e+04 -6.337749620076306434e-03
1.974459999999999854e+04 -6.414096727537637981e-03
1.974790000000000146e+04 -6.458380541925420014e-03
1.975120000000000073e+04 -6.468283486545079418e-03
1.975450000000000000e+04 -6.511948406024153577e-03
1.975779999999999927e+04 -6.550395399854688078e-03
1.976109999999999854e+04 -6.604632121488480771e-03
1.976440000000000146e+04 -6.683447981129890351e-03
1.976770000000000073e+04 -6.752984459070078896e-03
1.977100000000000000e+04 -6.813686398228756616e-03
1.977429999999999927e+04 -6.854877282290442429e-03
1.977759999999999854e+04 -6.906570549930171610e-03
1.978090000000000146e+04 -6.958072271085000843e-03
1.978420000000000073e+04 -7.022362860884054890e-03
1.978750000000000000e+04 -7.041778573712746854e-03
1.979079999999999927e+04 -7.105427125796893832e-03
1.979409999999999854e+04 -7.134585819082178530e-03
1.979740000000000146e+04 -7.177072581324602657e-03
1.980070000000000073e+04 -7.226632786469686445e-03
1.980400000000000000e+04 -7.229239607364250191e-03
1.980720000000000073e+04 -7.287013849413302886e-03
1.981050000000000000e+04 -7.306082470555221725e-03
1.981379999999999927e+04 -7.297052292380947630e-03
1.981709999999999854e+04 -7.316418963918543822e-03
1.982040000000000146e+04 -7.319406078697205525e-03
1.982370000000000073e+04 -7.330093434320482555e-03
1.982700000000000000e+04 -7.379548559266736751e-03
1.983029999999999927e+04 -7.409478778470438010e-03
1.983359999999999854e+04 -7.412523641673340186e-03
1.983690000000000146e+04 -7.405082562743473679e-03
1.984020000000000073e+04 -7.417338706795718190e-03
1.984350000000000000e+04 -7.432779267084172088e-03
1.984679999999999927e+04 -7.452055944445966709e-03
1.985009999999999854e+04 -7.479808732522676314e-03
1.985340000000000146e+04 -7.513238173149587758e-03
1.985670000000000073e+04 -7.571669263710698733e-03
1.986000000000000000e+04 -7.602992850173353849e-03
1.986329999999999927e+04 -7.668472841617797985e-03
1.986659999999999854e+04 -7.696010823786916810e-03
1.986990000000000146e+04 -7.677146662810952100e-03
1.987309999999999854e+04 -7.668915709150959416e-03
1.987640000000000146e+04 -7.668737852807502690e-03
1.987970000000000073e+04 -7.687626009800573902e-03
1.988300000000000000e+04 -7.687480645887135450e-03
1.988629999999999927e+04 -7.745547401374282097e-03
1.988959999999999854e+04 -7.817373301061683252e-03
1.989290000000000146e+04 -7.811883073172739070e-03
1.989620000000000073e+04 -7.792932100486778431e-03
1.989950000000000000e+04 -7.778544140576291142e-03
1.990279999999999927e+04 -7.769762976470652102e-03
1.990609999999999854e+04 -7.767925376452379863e-03
1.990940000000000146e+04 -7.757379181150556371e-03
1.991270000000000073e+04 -7.773617111033147981e-03
1.991600000000000000e+04 -7.781086831337727383e-03
1.991929999999999927e+04 -7.801469283244029038e-03
1.992259999999999854e+04 -7.815541369041624151e-03
1.992590000000000146e+04 -7.824717056863326678e-03
