1.716800000000000000e+04 3.948276447714979044e-04
1.717129999999999927e+04 4.031033824391914598e-04
1.717459999999999854e+04 3.992606507328808518e-04
1.717790000000000146e+04 3.887478916785470223e-04
1.718120000000000073e+04 3.910911353010045988e-04
1.718450000000000000e+04 3.882609316548701396e-04
1.718779999999999927e+04 3.877127592244784425e-04
1.719109999999999854e+04 3.858627770267404221e-04
1.719440000000000146e+04 3.906038125523064188e-04
1.719770000000000073e+04 3.942544009679343890e-04
1.720100000000000000e+04 4.000155239026587073e-04
1.720429999999999927e+04 4.007857668478556883e-04
1.720759999999999854e+04 4.012704071977285102e-04
1.721090000000000146e+04 4.112306188614268986e-04
1.721420000000000073e+04 4.087793122718641394e-04
1.721750000000000000e+04 3.978706968622909459e-04
1.722079999999999927e+04 3.921137743189599483e-04
1.722409999999999854e+04 4.061127910696978971e-04
1.722729999999999927e+04 4.096937818022692267e-04
1.723059999999999854e+04 4.151847117278071437e-04
1.723390000000000146e+04 4.204448532934717576e-04
1.723720000000000073e+04 4.273805120813777263e-04
1.724050000000000000e+04 4.336163387491442445e-04
1.724379999999999927e+04 4.399304376662568580e-04
1.724709999999999854e+04 4.361519096774220589e-04
1.725040000000000146e+04 4.439315198074450281e-04
1.725370000000000073e+04 4.500731650307880790e-04
1.725700000000000000e+04 4.643642320062401621e-04
1.726029999999999927e+04 4.628741463367607974e-04
1.726359999999999854e+04 4.712238975277438014e-04
1.726690000000000146e+04 4.775409852636444187e-04
1.727020000000000073e+04 4.717460615978303446e-04
1.727350000000000000e+04 4.870784726905099445e-04
1.727679999999999927e+04 4.995018217105480886e-04
1.728009999999999854e+04 5.116534110003800396e-04
1.728340000000000146e+04 5.144766213052125040e-04
1.728670000000000073e+04 5.148376648769454689e-04
1.729000000000000000e+04 5.326727641632347365e-04
1.729320000000000073e+04 5.434200592883456880e-04
1.729650000000000000e+04 5.472229456922424922e-04
1.729979999999999927e+04 5.483972653483985826e-04
1.730309999999999854e+04 5.570889971443315856e-04
1.730640000000000146e+04 5.621679296327912381e-04
1.730970000000000073e+04 5.715273918582167243e-04
1.731300000000000000e+04 5.690860009934169432e-04
1.731629999999999927e+04 5.777473975970764475e-04
1.731959999999999854e+04 5.800820239548822336e-04
1.732290000000000146e+04 5.881957339579894526e-04
1.732620000000000073e+04 5.898840211541037971e-04
1.732950000000000000e+04 5.978360932629782050e-04
1.733279999999999927e+04 6.015025109451510588e-04
1.733609999999999854e+04 5.947666764428427566e-04
1.733940000000000146e+04 5.960876034100347481e-04
1.734270000000000073e+04 6.003378528176046705e-04
1.734600000000000000e+04 5.952552809562413911e-04
1.734929999999999927e+04 5.891331561059480861e-04
1.735259999999999854e+04 5.839936788180044016e-04
1.735579999999999927e+04 5.870842016254043932e-04
1.735909999999999854e+04 5.865068558842253480e-04
1.736240000000000146e+04 5.823378570092539730e-04
1.736570000000000073e+04 5.843589658419468848e-04
1.736900000000000000e+04 5.882538861970926583e-04
1.737229999999999927e+04 5.903839748993759511e-04
1.737559999999999854e+04 6.021584891391982110e-04
1.737890000000000146e+04 6.072534375936181148e-04
1.738220000000000073e+04 6.167167688118129409e-04
1.738550000000000000e+04 6.285574100661322746e-04
1.738879999999999927e+04 6.306985381605369244e-04
1.739209999999999854e+04 6.306745670737732602e-04
1.739540000000000146e+04 6.389496115934367943e-04
1.739870000000000073e+04 6.407839076373089736e-04
1.740200000000000000e+04 6.322096361923595399e-04
1.740529999999999927e+04 6.383097844355358321e-04
1.740859999999999854e+04 6.393617439735166559e-04
1.741190000000000146e+04 6.373345466248965313e-04
1.741520000000000073e+04 6.388449997773183991e-04
1.741850000000000000e+04 6.394672758325410612e-04
1.742170000000000073e+04 6.432931011945415382e-04
1.742500000000000000e+04 6.505763614475389318e-04
1.742829999999999927e+04 6.516188514926283268e-04
1.743159999999999854e+04 6.508814255051368399e-04
1.743490000000000146e+04 6.507262065776946375e-04
1.743820000000000073e+04 6.504835263773767846e-04
1.744150000000000000e+04 6.474405341548957653e-04
1.744479999999999927e+04 6.535453763188098317e-04
1.744809999999999854e+04 6.514742288202604592e-04
1.745140000000000146e+04 6.507717122672372363e-04
1.745470000000000073e+04 6.480123731023055634e-04
1.745800000000000000e+04 6.473583634654282238e-04
1.746129999999999927e+04 6.435359308730799911e-04
1.746459999999999854e+04 6.475523661878873280e-04
1.746790000000000146e+04 6.473263876411836266e-04
1.747120000000000073e+04 6.442953337521824904e-04
1.747450000000000000e+04 6.438721824657052829e-04
1.747779999999999927e+04 6.491882100633013675e-04
1.748109999999999854e+04 6.456565953228035181e-04
1.748429999999999927e+04 6.422418778659504980e-04
1.748759999999999854e+04 6.406607059351246284e-04
1.749090000000000146e+04 6.486385700320689571e-04
1.749420000000000073e+04 6.500363508195956992e-04
1.749750000000000000e+04 6.490891654278370566e-04
1.750079999999999927e+04 6.514197675798977325e-04
1.750409999999999854e+04 6.539844555683204047e-04
1.750740000000000146e+04 6.494487398972248211e-04
1.751070000000000073e+04 6.503065854273564579e-04
1.751400000000000000e+04 6.513170008517701502e-04
1.751729999999999927e+04 6.539716316120962195e-04
1.752059999999999854e+04 6.573380266132380217e-04
1.752390000000000146e+04 6.604670339292903437e-04
1.752720000000000073e+04 6.585199995349026421e-04
1.753050000000000000e+04 6.666018859618330411e-04
1.753379999999999927e+04 6.757962027235274102e-04
1.753709999999999854e+04 6.705709183651526947e-04
1.754040000000000146e+04 6.640097337107586173e-04
1.754370000000000073e+04 6.656389493584338518e-04
1.754700000000000000e+04 6.640958069823078716e-04
1.755020000000000073e+04 6.587866722482053081e-04
1.755350000000000000e+04 6.598181147660402623e-04
1.755679999999999927e+04 6.626853843745599470e-04
1.756009999999999854e+04 6.607869055219272019e-04
1.756340000000000146e+04 6.554340283997719951e-04
1.756670000000000073e+04 6.643237637906631785e-04
1.757000000000000000e+04 6.645540433267912994e-04
1.757329999999999927e+04 6.640543774167595968e-04
1.757659999999999854e+04 6.672822208087710602e-04
1.757990000000000146e+04 6.775561740389990893e-04
1.758320000000000073e+04 6.803074886484892971e-04
1.758650000000000000e+04 6.834810265839438110e-04
1.758979999999999927e+04 6.850057096632236175e-04
1.759309999999999854e+04 6.885928047777933663e-04
1.759640000000000146e+04 6.887066944295071455e-04
1.759970000000000073e+04 6.895175358035814670e-04
1.760300000000000000e+04 6.857636058183841062e-04
1.760629999999999927e+04 6.956949465023010799e-04
1.760959999999999854e+04 6.946464250009774886e-04
1.761290000000000146e+04 7.019772767773269735e-04
1.761609999999999854e+04 6.992874121536565152e-04
1.761940000000000146e+04 6.974907366256681692e-04
1.762270000000000073e+04 7.014056520439905214e-04
1.762600000000000000e+04 7.095180513629122067e-04
1.762929999999999927e+04 7.168422351075528706e-04
1.763259999999999854e+04 7.200291664466519940e-04
1.763590000000000146e+04 7.246818367166906394e-04
1.763920000000000073e+04 7.315821851928260705e-04
1.764250000000000000e+04 7.346306095754118540e-04
1.764579999999999927e+04 7.441033888889765505e-04
1.764909999999999854e+04 7.501450622421213096e-04
1.765240000000000146e+04 7.599526489006355268e-04
1.765570000000000073e+04 7.562795058387413371e-04
1.765900000000000000e+04 7.649488731765247867e-04
1.766229999999999927e+04 7.680559189317385550e-04
1.766559999999999854e+04 7.748657831555562630e-04
1.766890000000000146e+04 7.802139223634045996e-04
1.767220000000000073e+04 7.921729701241775551e-04
1.767550000000000000e+04 7.977739569325622638e-04
1.767870000000000073e+04 8.020923976781041149e-04
1.768200000000000000e+04 8.061114892687662155e-04
1.768529999999999927e+04 8.101851608474691831e-04
1.768859999999999854e+04 8.130301819141957974e-04
1.769190000000000146e+04 8.206989613005429875e-04
1.769520000000000073e+04 8.295042724888378139e-04
1.769850000000000000e+04 8.322194001742934779e-04
1.770179999999999927e+04 8.418651861999253963e-04
1.770509999999999854e+04 8.503547705952322613e-04
1.770840000000000146e+04 8.519135032452729685e-04
1.771170000000000073e+04 8.605529835949237132e-04
1.771500000000000000e+04 8.664915607796667843e-04
1.771829999999999927e+04 8.695473192335904369e-04
1.772159999999999854e+04 8.739794793141367635e-04
1.772490000000000146e+04 8.751839907252383652e-04
1.772820000000000073e+04 8.824886628718520924e-04
1.773150000000000000e+04 8.901011385003698316e-04
1.773479999999999927e+04 8.938558702548845799e-04
1.773809999999999854e+04 9.008784371578872855e-04
1.774140000000000146e+04 9.106547668549120353e-04
1.774459999999999854e+04 9.086103518462137476e-04
1.774790000000000146e+04 9.147432357263909691e-04
1.775120000000000073e+04 9.200301692551840450e-04
1.775450000000000000e+04 9.265361159227109315e-04
1.775779999999999927e+04 9.307568993824670784e-04
1.776109999999999854e+04 9.362988719603326185e-04
1.776440000000000146e+04 9.468010787078926785e-04
1.776770000000000073e+04 9.626769913281481338e-04
1.777100000000000000e+04 9.611761873505146603e-04
1.777429999999999927e+04 9.683095762779907016e-04
1.777759999999999854e+04 9.749268880673572649e-04
1.778090000000000146e+04 9.903165992944688509e-04
1.778420000000000073e+04 9.932677845490968469e-04
1.778750000000000000e+04 9.992662319016267641e-04
1.779079999999999927e+04 1.004409339186109699e-03
1.779409999999999854e+04 1.008771875204806517e-03
1.779740000000000146e+04 1.017691287271052254e-03
1.780070000000000073e+04 1.030613266749776666e-03
1.780400000000000000e+04 1.035899436819057336e-03
1.780720000000000073e+04 1.044465868619155399e-03
1.781050000000000000e+04 1.055304292761304746e-03
1.781379999999999927e+04 1.066894072849926484e-03
1.781709999999999854e+04 1.069473037332249309e-03
1.782040000000000146e+04 1.076549014745593414e-03
1.782370000000000073e+04 1.081254691610146349e-03
1.782700000000000000e+04 1.089798052978886798e-03
1.783029999999999927e+04 1.094309328000248830e-03
1.783359999999999854e+04 1.096252635180014088e-03
1.783690000000000146e+04 1.101783126774364937e-03
1.784020000000000073e+04 1.108117203207420985e-03
1.784350000000000000e+04 1.115000449395087221e-03
1.784679999999999927e+04 1.124831496618627262e-03
1.785009999999999854e+04 1.128410462322180586e-03
1.785340000000000146e+04 1.135243585409721756e-03
1.785670000000000073e+04 1.141990407651012184e-03
1.786000000000000000e+04 1.139209489381115244e-03
1.786329999999999927e+04 1.142218065879648707e-03
1.786659999999999854e+04 1.151010103418024632e-03
1.786990000000000146e+04 1.156933233093364018e-03
1.787309999999999854e+04 1.164646430630901465e-03
1.787640000000000146e+04 1.169607690513502088e-03
1.787970000000000073e+04 1.183130969639610910e-03
1.788300000000000000e+04 1.193002259815377627e-03
1.788629999999999927e+04 1.200403992953277387e-03
1.788959999999999854e+04 1.209985347583321510e-03
1.789290000000000146e+04 1.219330729412629712e-03
1.789620000000000073e+04 1.231078531318208864e-03
1.789950000000000000e+04 1.241147282204856876e-03
1.790279999999999927e+04 1.246159194000326159e-03
1.790609999999999854e+04 1.252337308495984685e-03
1.790940000000000146e+04 1.257978467316868019e-03
1.791270000000000073e+04 1.265258276019195572e-03
1.791600000000000000e+04 1.266901475313703292e-03
1.791929999999999927e+04 1.275139739625694244e-03
1.792259999999999854e+04 1.286391615558660695e-03
1.792590000000000146e+04 1.290181676869040905e-03
1.792920000000000073e+04 1.293516408972280934e-03
1.793250000000000000e+04 1.294034658472684477e-03
1.793570000000000073e+04 1.295684560963952662e-03
1.793900000000000000e+04 1.297191712058706975e-03
1.794229999999999927e+04 1.300360001110527223e-03
1.794559999999999854e+04 1.309153666505166779e-03
1.794890000000000146e+04 1.316301132772439500e-03
1.795220000000000073e+04 1.321883561040226905e-03
1.795550000000000000e+04 1.324383588343660189e-03
1.795879999999999927e+04 1.327230752909006398e-03
1.796209999999999854e+04 1.336259062204532989e-03
1.796540000000000146e+04 1.341131861123252746e-03
1.796870000000000073e+04 1.347527864073757480e-03
1.797200000000000000e+04 1.350419758106352706e-03
1.797529999999999927e+04 1.350117122805586517e-03
1.797859999999999854e+04 1.355512212517021465e-03
1.798190000000000146e+04 1.366688197527968392e-03
1.798520000000000073e+04 1.372533304987870895e-03
1.798850000000000000e+04 1.374291190848353755e-03
1.799179999999999927e+04 1.382616893348435514e-03
1.799509999999999854e+04 1.392632928841118370e-03
1.799840000000000146e+04 1.395453306375421835e-03
1.800159999999999854e+04 1.394069415199009673e-03
1.800490000000000146e+04 1.394879580244512722e-03
1.800820000000000073e+04 1.396159413953405957e-03
1.801150000000000000e+04 1.400190191460873573e-03
1.801479999999999927e+04 1.406560727845265670e-03
1.801809999999999854e+04 1.409071338030515276e-03
1.802140000000000146e+04 1.415339426793803691e-03
1.802470000000000073e+04 1.418127755262038386e-03
1.802800000000000000e+04 1.420110173940848739e-03
1.803129999999999927e+04 1.421413438615665333e-03
1.803459999999999854e+04 1.424683097606107814e-03
1.803790000000000146e+04 1.436078522502446395e-03
1.804120000000000073e+04 1.436306982169160930e-03
1.804450000000000000e+04 1.437304270368408360e-03
1.804779999999999927e+04 1.445988046125432948e-03
1.805109999999999854e+04 1.449715586390623199e-03
1.805440000000000146e+04 1.452192780055485636e-03
1.805770000000000073e+04 1.457234290226158604e-03
1.806100000000000000e+04 1.461231227481528524e-03
1.806429999999999927e+04 1.466854846789299562e-03
1.806750000000000000e+04 1.473868305746242700e-03
1.807079999999999927e+04 1.472880448812112454e-03
1.807409999999999854e+04 1.474560609793611633e-03
1.807740000000000146e+04 1.467156577784585426e-03
1.808070000000000073e+04 1.475137144200174650e-03
1.808400000000000000e+04 1.477973303954550812e-03
1.808729999999999927e+04 1.469533191638076365e-03
1.809059999999999854e+04 1.471505669809109124e-03
1.809390000000000146e+04 1.468907799264283212e-03
1.809720000000000073e+04 1.466347824514520467e-03
1.810050000000000000e+04 1.471230632003380856e-03
1.810379999999999927e+04 1.471035340171692124e-03
1.810709999999999854e+04 1.469410739325311896e-03
1.811040000000000146e+04 1.460762229705466018e-03
1.811370000000000073e+04 1.456020488846451744e-03
1.811700000000000000e+04 1.452315376667437504e-03
1.812029999999999927e+04 1.455793742087361110e-03
1.812359999999999854e+04 1.454654572688300531e-03
1.812690000000000146e+04 1.456426603292364447e-03
1.813009999999999854e+04 1.451931856890017547e-03
1.813340000000000146e+04 1.457008190877693730e-03
1.813670000000000073e+04 1.453994871909849128e-03
1.814000000000000000e+04 1.460140524432027498e-03
1.814329999999999927e+04 1.453678371329531057e-03
1.814659999999999854e+04 1.447042111716867257e-03
1.814990000000000146e+04 1.436407201356914654e-03
1.815320000000000073e+04 1.430992061143978190e-03
1.815650000000000000e+04 1.428435025714265387e-03
1.815979999999999927e+04 1.418800681517885754e-03
1.816309999999999854e+04 1.413508583846112034e-03
1.816640000000000146e+04 1.415138123317316457e-03
1.816970000000000073e+04 1.413075300580192211e-03
1.817300000000000000e+04 1.410172289105481643e-03
1.817629999999999927e+04 1.413802675883428679e-03
1.817959999999999854e+04 1.409411446738458897e-03
1.818290000000000146e+04 1.435822061316631686e-03
1.818620000000000073e+04 1.448469352788712711e-03
1.818950000000000000e+04 1.452466393436242917e-03
1.819279999999999927e+04 1.454649975264365493e-03
1.819600000000000000e+04 1.456244740685360686e-03
1.819929999999999927e+04 1.458633088576857416e-03
1.820259999999999854e+04 1.450158289617714362e-03
1.820590000000000146e+04 1.445590340188034929e-03
1.820920000000000073e+04 1.436804035145152272e-03
1.821250000000000000e+04 1.428446181422973315e-03
1.821579999999999927e+04 1.423436089663896896e-03
1.821909999999999854e+04 1.430120388657060747e-03
1.822240000000000146e+04 1.445193402533774107e-03
1.822570000000000073e+04 1.455089308233230077e-03
1.822900000000000000e+04 1.464290829989335109e-03
1.823229999999999927e+04 1.486839464696763490e-03
1.823559999999999854e+04 1.504445341452548615e-03
1.823890000000000146e+04 1.519723597715040824e-03
1.824220000000000073e+04 1.554923061767316027e-03
1.824550000000000000e+04 1.578286600544212808e-03
1.824879999999999927e+04 1.606035405773873718e-03
1.825209999999999854e+04 1.619251299943954376e-03
1.825540000000000146e+04 1.645800738090101188e-03
1.825859999999999854e+04 1.678713593617351318e-03
1.826190000000000146e+04 1.712144667349241702e-03
1.826520000000000073e+04 1.742712133111008754e-03
1.826850000000000000e+04 1.767482253504185433e-03
1.827179999999999927e+04 1.796663396617653209e-03
1.827509999999999854e+04 1.822216060709256832e-03
1.827840000000000146e+04 1.856172503909069319e-03
1.828170000000000073e+04 1.884966933217539341e-03
1.828500000000000000e+04 1.907232873385322422e-03
1.828829999999999927e+04 1.938559622540599438e-03
1.829159999999999854e+04 1.963857558931690270e-03
1.829490000000000146e+04 2.006819455449435075e-03
1.829820000000000073e+04 2.020919408083592453e-03
1.830150000000000000e+04 2.055091108990472239e-03
1.830479999999999927e+04 2.084298885335752680e-03
1.830809999999999854e+04 2.123590812182877662e-03
1.831140000000000146e+04 2.143551844517811635e-03
1.831470000000000073e+04 2.172419871570599199e-03
1.831800000000000000e+04 2.198404448090074317e-03
1.832129999999999927e+04 2.237353588039434939e-03
1.832450000000000000e+04 2.270085858188046913e-03
1.832779999999999927e+04 2.296748518010624778e-03
1.833109999999999854e+04 2.337269562916779054e-03
1.833440000000000146e+04 2.377205533178179415e-03
1.833770000000000073e+04 2.420708556243103809e-03
1.834100000000000000e+04 2.458680472861277892e-03
1.834429999999999927e+04 2.484562411408620334e-03
1.834759999999999854e+04 2.496098922151683552e-03
1.835090000000000146e+04 2.526270078712062640e-03
1.835420000000000073e+04 2.566149462735299071e-03
1.835750000000000000e+04 2.600867259266025945e-03
1.836079999999999927e+04 2.629041676080661003e-03
1.836409999999999854e+04 2.659748661955703333e-03
1.836740000000000146e+04 2.683344593858261878e-03
1.837070000000000073e+04 2.727732452352783343e-03
1.837400000000000000e+04 2.767347540856454104e-03
1.837729999999999927e+04 2.810069133874229519e-03
1.838059999999999854e+04 2.856228767263008922e-03
1.838390000000000146e+04 2.897062057420538971e-03
1.838709999999999854e+04 2.910532367419023554e-03
1.839040000000000146e+04 2.945882875509950490e-03
1.839370000000000073e+04 2.959035650922775800e-03
1.839700000000000000e+04 2.981646439186429534e-03
1.840029999999999927e+04 2.995479831949805598e-03
1.840359999999999854e+04 3.031679829444338965e-03
1.840690000000000146e+04 3.054241391818829626e-03
1.841020000000000073e+04 3.075771097554623381e-03
1.841350000000000000e+04 3.091666883445816794e-03
1.841679999999999927e+04 3.135628786370215585e-03
1.842009999999999854e+04 3.163030749522948749e-03
1.842340000000000146e+04 3.195012868494710723e-03
1.842670000000000073e+04 3.224419614623059115e-03
1.843000000000000000e+04 3.258593671444924133e-03
1.843329999999999927e+04 3.287118213422536486e-03
1.843659999999999854e+04 3.328291105958959203e-03
1.843990000000000146e+04 3.370778097904714339e-03
1.844320000000000073e+04 3.411214751293303264e-03
1.844650000000000000e+04 3.449137929877322834e-03
1.844979999999999927e+04 3.488922702249392955e-03
1.845300000000000000e+04 3.526270745312873236e-03
1.845629999999999927e+04 3.562186805527761419e-03
1.845959999999999854e+04 3.566512576781754283e-03
1.846290000000000146e+04 3.618235646184162196e-03
1.846620000000000073e+04 3.604461575784228232e-03
1.846950000000000000e+04 3.615702045938166184e-03
1.847279999999999927e+04 3.635879923791267287e-03
1.847609999999999854e+04 3.653900525363637432e-03
1.847940000000000146e+04 3.665310902755124743e-03
1.848270000000000073e+04 3.674964306008889417e-03
1.848600000000000000e+04 3.661213692032032774e-03
1.848929999999999927e+04 3.667832445910441594e-03
1.849259999999999854e+04 3.684403966780643545e-03
1.849590000000000146e+04 3.682999778981621564e-03
1.849920000000000073e+04 3.704581872701773887e-03
1.850250000000000000e+04 3.719806902138493229e-03
1.850579999999999927e+04 3.754301037235768974e-03
1.850909999999999854e+04 3.804939407053475366e-03
1.851240000000000146e+04 3.812930030241149827e-03
1.851570000000000073e+04 3.803436196494480726e-03
1.851890000000000146e+04 3.804417437759805877e-03
1.852220000000000073e+04 3.829895176767568292e-03
1.852550000000000000e+04 3.871874536394182085e-03
1.852879999999999927e+04 3.919351778891260255e-03
1.853209999999999854e+04 3.964354753257093647e-03
1.853540000000000146e+04 3.999260857917109890e-03
1.853870000000000073e+04 4.050232664014444955e-03
1.854200000000000000e+04 4.100316086720496786e-03
1.854529999999999927e+04 4.155040844198995900e-03
1.854859999999999854e+04 4.179981053952446825e-03
1.855190000000000146e+04 4.233738572700013192e-03
1.855520000000000073e+04 4.279931641696308776e-03
1.855850000000000000e+04 4.352982600738226557e-03
1.856179999999999927e+04 4.424265190400730047e-03
1.856509999999999854e+04 4.480741107680720134e-03
1.856840000000000146e+04 4.543102362797175366e-03
1.857170000000000073e+04 4.574838285598997051e-03
1.857500000000000000e+04 4.619033712429405220e-03
1.857829999999999927e+04 4.685376531145231740e-03
1.858150000000000000e+04 4.730532004414869478e-03
1.858479999999999927e+04 4.769775968834630113e-03
1.858809999999999854e+04 4.804183240952859292e-03
1.859140000000000146e+04 4.850790878533665744e-03
1.859470000000000073e+04 4.892033272382291693e-03
1.859800000000000000e+04 4.948069915629244551e-03
1.860129999999999927e+04 4.978817564435973619e-03
1.860459999999999854e+04 5.033210301375858932e-03
1.860790000000000146e+04 5.073249567087169919e-03
1.861120000000000073e+04 5.138525386986001961e-03
1.861450000000000000e+04 5.226780868986620823e-03
1.861779999999999927e+04 5.279460100035838696e-03
1.862109999999999854e+04 5.322433248131197558e-03
1.862440000000000146e+04 5.397179158443322043e-03
1.862770000000000073e+04 5.451242179974268368e-03
1.863100000000000000e+04 5.582390297289112173e-03
1.863429999999999927e+04 5.668910702770930087e-03
1.863759999999999854e+04 5.747934625509929125e-03
1.864090000000000146e+04 5.842320573186399191e-03
1.864420000000000073e+04 6.020615665656241060e-03
1.864740000000000146e+04 6.142811658609419363e-03
1.865070000000000073e+04 6.273045661521768450e-03
1.865400000000000000e+04 6.427774949102581063e-03
1.865729999999999927e+04 6.567313754001000495e-03
1.866059999999999854e+04 6.707869744043001674e-03
1.866390000000000146e+04 6.824088108004370060e-03
1.866720000000000073e+04 6.940540155969880491e-03
1.867050000000000000e+04 7.028170198678109805e-03
1.867379999999999927e+04 7.136965006147569755e-03
1.867709999999999854e+04 7.274007978754014336e-03
1.868040000000000146e+04 7.456096370425618729e-03
1.868370000000000073e+04 7.691828906975312942e-03
1.868700000000000000e+04 7.928298088273638689e-03
1.869029999999999927e+04 8.122047568058508513e-03
1.869359999999999854e+04 8.392002588058906226e-03
1.869690000000000146e+04 8.662364035196039314e-03
1.870020000000000073e+04 8.780978870100082309e-03
1.870350000000000000e+04 8.876611717121046102e-03
1.870679999999999927e+04 9.066354191539364657e-03
1.871000000000000000e+04 9.358489950435887328e-03
1.871329999999999927e+04 9.583162243997378829e-03
1.871659999999999854e+04 9.742385985171351723e-03
1.871990000000000146e+04 9.908997893365160611e-03
1.872320000000000073e+04 1.005998903625404499e-02
1.872650000000000000e+04 1.023206526659151822e-02
1.872979999999999927e+04 1.036217187463361888e-02
1.873309999999999854e+04 1.052076217934554483e-02
1.873640000000000146e+04 1.068234121835657385e-02
1.873970000000000073e+04 1.088533966090310390e-02
1.874300000000000000e+04 1.094426926508704559e-02
1.874629999999999927e+04 1.111137469575773293e-02
1.874959999999999854e+04 1.118336571021634647e-02
1.875290000000000146e+04 1.125775377202213080e-02
1.875620000000000073e+04 1.132924811091993653e-02
1.875950000000000000e+04 1.147456802817112438e-02
1.876279999999999927e+04 1.160796144685267983e-02
1.876609999999999854e+04 1.173557833988636730e-02
1.876940000000000146e+04 1.181404176051734610e-02
1.877270000000000073e+04 1.194682594764611035e-02
1.877590000000000146e+04 1.213206649854258606e-02
1.877920000000000073e+04 1.218806788665015815e-02
1.878250000000000000e+04 1.235193739373037329e-02
1.878579999999999927e+04 1.252422362192372532e-02
1.878909999999999854e+04 1.273713230457216780e-02
1.879240000000000146e+04 1.296342299394079994e-02
1.879570000000000073e+04 1.319266522919362861e-02
1.879900000000000000e+04 1.345183787089410977e-02
1.880229999999999927e+04 1.372804603966770558e-02
1.880559999999999854e+04 1.402455198500316726e-02
1.880890000000000146e+04 1.423732847594575898e-02
1.881220000000000073e+04 1.450449610894503395e-02
1.881550000000000000e+04 1.478675308083055723e-02
1.881879999999999927e+04 1.504920293898556229e-02
1.882209999999999854e+04 1.531877512412623855e-02
1.882540000000000146e+04 1.559591382462037143e-02
1.882870000000000073e+04 1.589611449180847180e-02
1.883200000000000000e+04 1.617815760351744986e-02
1.883529999999999927e+04 1.647319271141844260e-02
1.883859999999999854e+04 1.676648862835496134e-02
1.884179999999999927e+04 1.706030655315609462e-02
1.884509999999999854e+04 1.734213466671094203e-02
1.884840000000000146e+04 1.756874165846460459e-02
1.885170000000000073e+04 1.778255942363997019e-02
1.885500000000000000e+04 1.802909432749759053e-02
1.885829999999999927e+04 1.820170276072265517e-02
1.886159999999999854e+04 1.836449080598118871e-02
1.886490000000000146e+04 1.870011990352698703e-02
1.886820000000000073e+04 1.905571298446616380e-02
1.887150000000000000e+04 1.932433122256599356e-02
1.887479999999999927e+04 1.947138728246503719e-02
1.887809999999999854e+04 1.970703955020287196e-02
1.888140000000000146e+04 2.001096001718042847e-02
1.888470000000000073e+04 2.029479630603292159e-02
1.888800000000000000e+04 2.059073510478512392e-02
1.889129999999999927e+04 2.085507274221889973e-02
1.889459999999999854e+04 2.120523331341690049e-02
1.889790000000000146e+04 2.151722476929264494e-02
1.890120000000000073e+04 2.183579095068601678e-02
1.890440000000000146e+04 2.210783121643846230e-02
1.890770000000000073e+04 2.253348534690658225e-02
1.891100000000000000e+04 2.285021048928768950e-02
1.891429999999999927e+04 2.327033403134548192e-02
1.891759999999999854e+04 2.368389717900976077e-02
1.892090000000000146e+04 2.410382687251248768e-02
1.892420000000000073e+04 2.448954403605358571e-02
1.892750000000000000e+04 2.486278100450904638e-02
1.893079999999999927e+04 2.526085947594334732e-02
1.893409999999999854e+04 2.567032292558203005e-02
1.893740000000000146e+04 2.604090325026832756e-02
1.894070000000000073e+04 2.633956541006369709e-02
1.894400000000000000e+04 2.673299689063949811e-02
1.894729999999999927e+04 2.706048538542023263e-02
1.895059999999999854e+04 2.738729634141248703e-02
1.895390000000000146e+04 2.770981312076340949e-02
1.895720000000000073e+04 2.797902651251692532e-02
1.896050000000000000e+04 2.826201825194489536e-02
1.896379999999999927e+04 2.851409478508330070e-02
1.896709999999999854e+04 2.875029255238848239e-02
1.897029999999999927e+04 2.893261393566857326e-02
1.897359999999999854e+04 2.912807619531156827e-02
1.897690000000000146e+04 2.936833027960054215e-02
1.898020000000000073e+04 2.955799393557699550e-02
1.898350000000000000e+04 2.975405128675514405e-02
1.898679999999999927e+04 2.996324853956659415e-02
1.899009999999999854e+04 3.016544817272743054e-02
1.899340000000000146e+04 3.035133107275331948e-02
1.899670000000000073e+04 3.051319312367475889e-02
1.900000000000000000e+04 3.069938756912997738e-02
1.900329999999999927e+04 3.084655123883176669e-02
1.900659999999999854e+04 3.101287995001312039e-02
1.900990000000000146e+04 3.113707438063247415e-02
1.901320000000000073e+04 3.124731436670139667e-02
1.901650000000000000e+04 3.135102543193747648e-02
1.901979999999999927e+04 3.147767426667334029e-02
1.902309999999999854e+04 3.160545276064304077e-02
1.902640000000000146e+04 3.174887044952557497e-02
1.902970000000000073e+04 3.181561315742419127e-02
1.903290000000000146e+04 3.188812813250274658e-02
1.903620000000000073e+04 3.194239579360647757e-02
1.903950000000000000e+04 3.199613550792009681e-02
1.904279999999999927e+04 3.207350951347279905e-02
1.904609999999999854e+04 3.211914155076663058e-02
1.904940000000000146e+04 3.218997603161985466e-02
1.905270000000000073e+04 3.225444157086373997e-02
1.905600000000000000e+04 3.228712825890670685e-02
1.905929999999999927e+04 3.231511259993966045e-02
1.906259999999999854e+04 3.232609414596327585e-02
1.906590000000000146e+04 3.234918259661587192e-02
1.906920000000000073e+04 3.235248978018657323e-02
1.907250000000000000e+04 3.231511282028205756e-02
1.907579999999999927e+04 3.230666543510859329e-02
1.907909999999999854e+04 3.228373926584027914e-02
1.908240000000000146e+04 3.227117701064295685e-02
1.908570000000000073e+04 3.223367230272249084e-02
1.908900000000000000e+04 3.217059453188388096e-02
1.909229999999999927e+04 3.210480794357794404e-02
1.909559999999999854e+04 3.205272581681802707e-02
1.909879999999999927e+04 3.200814247243191635e-02
1.910209999999999854e+04 3.191587449280373912e-02
1.910540000000000146e+04 3.185769770948174151e-02
1.910870000000000073e+04 3.180267295583412424e-02
1.911200000000000000e+04 3.171577290298581431e-02
1.911529999999999927e+04 3.163584724704037593e-02
1.911859999999999854e+04 3.146167514354020200e-02
1.912190000000000146e+04 3.132941206369238563e-02
1.912520000000000073e+04 3.116334315641857908e-02
1.912850000000000000e+04 3.099205738228595630e-02
1.913179999999999927e+04 3.085004356068689682e-02
1.913509999999999854e+04 3.072426968559368102e-02
1.913840000000000146e+04 3.056906161386855475e-02
1.914170000000000073e+04 3.036148686527664203e-02
1.914500000000000000e+04 3.019559611395221388e-02
1.914829999999999927e+04 2.999190505841623292e-02
1.915159999999999854e+04 2.979458983956760273e-02
1.915490000000000146e+04 2.959257659410452143e-02
1.915820000000000073e+04 2.937924421071722025e-02
1.916140000000000146e+04 2.920388113312788816e-02
1.916470000000000073e+04 2.898897669633683852e-02
1.916800000000000000e+04 2.879160830382641173e-02
1.917129999999999927e+04 2.855342947065856937e-02
1.917459999999999854e+04 2.832186813357944963e-02
1.917790000000000146e+04 2.809963143427133755e-02
1.918120000000000073e+04 2.788956070741209145e-02
1.918450000000000000e+04 2.764251962124935139e-02
1.918779999999999927e+04 2.737790024605376779e-02
1.919109999999999854e+04 2.711953043676688935e-02
1.919440000000000146e+04 2.689050657793499999e-02
1.919770000000000073e+04 2.664437712310744819e-02
1.920100000000000000e+04 2.639927587603923057e-02
1.920429999999999927e+04 2.615626825008235401e-02
1.920759999999999854e+04 2.589488698069561390e-02
1.921090000000000146e+04 2.563458860412696008e-02
1.921420000000000073e+04 2.535378341382233877e-02
1.921750000000000000e+04 2.507505413818036932e-02
1.922079999999999927e+04 2.481081214741945665e-02
1.922409999999999854e+04 2.453315177595060542e-02
1.922729999999999927e+04 2.424014654318310674e-02
1.923059999999999854e+04 2.393929184863367171e-02
1.923390000000000146e+04 2.366701795375714470e-02
1.923720000000000073e+04 2.339593781879592202e-02
1.924050000000000000e+04 2.308673112357049681e-02
1.924379999999999927e+04 2.279130615671358384e-02
1.924709999999999854e+04 2.249566176230054226e-02
1.925040000000000146e+04 2.218385041754650580e-02
1.925370000000000073e+04 2.185826591537238725e-02
1.925700000000000000e+04 2.156818883685989244e-02
1.926029999999999927e+04 2.123949039222227178e-02
1.926359999999999854e+04 2.091257332389690957e-02
1.926690000000000146e+04 2.062347776556066811e-02
1.927020000000000073e+04 2.029684040587827545e-02
1.927350000000000000e+04 1.998389947208465203e-02
1.927679999999999927e+04 1.967420195243304790e-02
1.928009999999999854e+04 1.935772209916307093e-02
1.928340000000000146e+04 1.907007977902437992e-02
1.928670000000000073e+04 1.876851872376856384e-02
1.929000000000000000e+04 1.845461466514523169e-02
1.929320000000000073e+04 1.815981025939710294e-02
1.929650000000000000e+04 1.784889526439745883e-02
1.929979999999999927e+04 1.753944513692869481e-02
1.930309999999999854e+04 1.725424300994718441e-02
1.930640000000000146e+04 1.696977723249445263e-02
1.930970000000000073e+04 1.667490412792411655e-02
1.931300000000000000e+04 1.639084543914237635e-02
1.931629999999999927e+04 1.608239454143353675e-02
1.931959999999999854e+04 1.577404567139956137e-02
1.932290000000000146e+04 1.546321391709894015e-02
1.932620000000000073e+04 1.515821543476786153e-02
1.932950000000000000e+04 1.485212353864086635e-02
1.933279999999999927e+04 1.454696648722279655e-02
1.933609999999999854e+04 1.426825102232572549e-02
1.933940000000000146e+04 1.399620727128612387e-02
1.934270000000000073e+04 1.371627263021234742e-02
1.934600000000000000e+04 1.342105563671080679e-02
1.934929999999999927e+04 1.312741897717232230e-02
1.935259999999999854e+04 1.284002523212834923e-02
1.935579999999999927e+04 1.255520622646613509e-02
1.935909999999999854e+04 1.227046485209921413e-02
1.936240000000000146e+04 1.198115836960050515e-02
1.936570000000000073e+04 1.170677080497716654e-02
1.936900000000000000e+04 1.143364534918692166e-02
1.937229999999999927e+04 1.115127627353074830e-02
1.937559999999999854e+04 1.087796303032744286e-02
1.937890000000000146e+04 1.060383895975971005e-02
1.938220000000000073e+04 1.031746685947345157e-02
1.938550000000000000e+04 1.004676560008998729e-02
1.938879999999999927e+04 9.767979261667598598e-03
1.939209999999999854e+04 9.504381711550883433e-03
1.939540000000000146e+04 9.254325502206785584e-03
1.939870000000000073e+04 8.989096201759812221e-03
1.940200000000000000e+04 8.729094312637533659e-03
1.940529999999999927e+04 8.497339335946605191e-03
1.940859999999999854e+04 8.257642405017926249e-03
1.941190000000000146e+04 7.999707786104285831e-03
1.941520000000000073e+04 7.765753485445905067e-03
1.941850000000000000e+04 7.530897791261840710e-03
1.942170000000000073e+04 7.270301340017720423e-03
1.942500000000000000e+04 7.021859934817555049e-03
1.942829999999999927e+04 6.788075784804383124e-03
1.943159999999999854e+04 6.558655089062358223e-03
1.943490000000000146e+04 6.324603769876694336e-03
1.943820000000000073e+04 6.081485407638283561e-03
1.944150000000000000e+04 5.853406437372917631e-03
1.944479999999999927e+04 5.628005935850883927e-03
1.944809999999999854e+04 5.412778004659582649e-03
1.945140000000000146e+04 5.201544118180002896e-03
1.945470000000000073e+04 4.996006213628514069e-03
1.945800000000000000e+04 4.781707868025066380e-03
1.946129999999999927e+04 4.554009526458280971e-03
1.946459999999999854e+04 4.330362363279344033e-03
1.946790000000000146e+04 4.095919810516269501e-03
1.947120000000000073e+04 3.878568934836172655e-03
1.947450000000000000e+04 3.653007149629081043e-03
1.947779999999999927e+04 3.442997362774539733e-03
1.948109999999999854e+04 3.230906301692466984e-03
1.948429999999999927e+04 3.032097970741194984e-03
1.948759999999999854e+04 2.834094475316858465e-03
1.949090000000000146e+04 2.643338634611582319e-03
1.949420000000000073e+04 2.453237830040936197e-03
1.949750000000000000e+04 2.254891018566987544e-03
1.950079999999999927e+04 2.047261287242880395e-03
1.950409999999999854e+04 1.844103494360573893e-03
1.950740000000000146e+04 1.650004284034818722e-03
1.951070000000000073e+04 1.461403498838219003e-03
1.951400000000000000e+04 1.288242442098622023e-03
1.951729999999999927e+04 1.112615861982709561e-03
1.952059999999999854e+04 9.095204652132101103e-04
1.952390000000000146e+04 7.311532234854685322e-04
1.952720000000000073e+04 5.684496801253083450e-04
1.953050000000000000e+04 3.949998038984225382e-04
1.953379999999999927e+04 2.212128475095365447e-04
1.953709999999999854e+04 4.661111375270123307e-05
1.954040000000000146e+04 -1.086486552339433501e-04
1.954370000000000073e+04 -2.614469776349456851e-04
1.954700000000000000e+04 -4.029518559928766492e-04
1.955020000000000073e+04 -5.704367026538588285e-04
1.955350000000000000e+04 -7.084092618154860799e-04
1.955679999999999927e+04 -8.501813018171523089e-04
1.956009999999999854e+04 -9.849349239169388585e-04
1.956340000000000146e+04 -1.129970878782920454e-03
1.956670000000000073e+04 -1.265588237787484147e-03
1.957000000000000000e+04 -1.400854296763143778e-03
1.957329999999999927e+04 -1.541615281722790365e-03
1.957659999999999854e+04 -1.660423876762677498e-03
1.957990000000000146e+04 -1.778125307139348001e-03
1.958320000000000073e+04 -1.914337464227106088e-03
1.958650000000000000e+04 -2.060075438009403674e-03
1.958979999999999927e+04 -2.141388409517373283e-03
1.959309999999999854e+04 -2.258713468650587822e-03
1.959640000000000146e+04 -2.364948126874723798e-03
1.959970000000000073e+04 -2.465086811317048279e-03
1.960300000000000000e+04 -2.576795636783450402e-03
1.960629999999999927e+04 -2.700655892480306828e-03
1.960959999999999854e+04 -2.817671422154475764e-03
1.961290000000000146e+04 -2.937037739942950209e-03
1.961609999999999854e+04 -3.049579602852270453e-03
1.961940000000000146e+04 -3.137824089896412358e-03
1.962270000000000073e+04 -3.241332359104515635e-03
1.962600000000000000e+04 -3.334914059184021853e-03
1.962929999999999927e+04 -3.419624493794233815e-03
1.963259999999999854e+04 -3.480187779782223205e-03
1.963590000000000146e+04 -3.537207247668365528e-03
1.963920000000000073e+04 -3.656659117276695771e-03
1.964250000000000000e+04 -3.721539238125383831e-03
1.964579999999999927e+04 -3.817517319069650347e-03
1.964909999999999854e+04 -3.932031414304577518e-03
1.965240000000000146e+04 -4.033158015580227441e-03
1.965570000000000073e+04 -4.143724969538058883e-03
1.965900000000000000e+04 -4.240604390355094851e-03
1.966229999999999927e+04 -4.279898237817243191e-03
1.966559999999999854e+04 -4.339129936020346898e-03
1.966890000000000146e+04 -4.415308707040293233e-03
1.967220000000000073e+04 -4.500773263398971484e-03
1.967550000000000000e+04 -4.578897942595821884e-03
1.967870000000000073e+04 -4.672662129569274750e-03
1.968200000000000000e+04 -4.715690590849893997e-03
1.968529999999999927e+04 -4.746983770341109236e-03
1.968859999999999854e+04 -4.782665830282852200e-03
1.969190000000000146e+04 -4.831310224605291949e-03
1.969520000000000073e+04 -4.904602281824695618e-03
1.969850000000000000e+04 -4.949502116277971348e-03
1.970179999999999927e+04 -4.966284542149935685e-03
1.970509999999999854e+04 -5.060133316067224989e-03
1.970840000000000146e+04 -5.158325125186321441e-03
1.971170000000000073e+04 -5.263464377232321585e-03
1.971500000000000000e+04 -5.313341228047659820e-03
1.971829999999999927e+04 -5.406968105550372973e-03
1.972159999999999854e+04 -5.416371946242786069e-03
1.972490000000000146e+04 -5.446883809562833023e-03
1.972820000000000073e+04 -5.512114077160212497e-03
1.973150000000000000e+04 -5.589469565395370834e-03
1.973479999999999927e+04 -5.661056480741346285e-03
1.973809999999999854e+04 -5.718962218259037757e-03
1.974140000000000146e+04 -5.788936160805361816e-03
1.974459999999999854e+04 -5.871139225484391620e-03
1.974790000000000146e+04 -5.908563050801265461e-03
1.975120000000000073e+04 -5.905039472393283292e-03
1.975450000000000000e+04 -5.954537270373033188e-03
1.975779999999999927e+04 -5.976613027187058572e-03
1.976109999999999854e+04 -6.031319718061902736e-03
1.976440000000000146e+04 -6.092487087170223893e-03
1.976770000000000073e+04 -6.162520966533821185e-03
1.977100000000000000e+04 -6.222573999418459789e-03
1.977429999999999927e+04 -6.259025917088585286e-03
1.977759999999999854e+04 -6.313385808534024805e-03
1.978090000000000146e+04 -6.378389296399038060e-03
1.978420000000000073e+04 -6.459423900781634774e-03
1.978750000000000000e+04 -6.476453369046911157e-03
1.979079999999999927e+04 -6.541617798619475677e-03
1.979409999999999854e+04 -6.566936512052643990e-03
1.979740000000000146e+04 -6.593372280701282652e-03
1.980070000000000073e+04 -6.666656831961670533e-03
1.980400000000000000e+04 -6.681408186068890122e-03
1.980720000000000073e+04 -6.720186640283620783e-03
1.981050000000000000e+04 -6.723233366363602116e-03
1.981379999999999927e+04 -6.711754458350743108e-03
1.981709999999999854e+04 -6.754141674316292004e-03
1.982040000000000146e+04 -6.731253403389982418e-03
1.982370000000000073e+04 -6.725812296036654675e-03
1.982700000000000000e+04 -6.772147937689781787e-03
1.983029999999999927e+04 -6.781328349288163158e-03
1.983359999999999854e+04 -6.772238932071131950e-03
1.983690000000000146e+04 -6.757550647740417048e-03
1.984020000000000073e+04 -6.741056922910606056e-03
1.984350000000000000e+04 -6.743472825622895059e-03
1.984679999999999927e+04 -6.758562268371384220e-03
1.985009999999999854e+04 -6.788842352704549388e-03
1.985340000000000146e+04 -6.819981053661990783e-03
1.985670000000000073e+04 -6.872567838117192400e-03
1.986000000000000000e+04 -6.886775512641223236e-03
1.986329999999999927e+04 -6.927286589454107434e-03
1.986659999999999854e+04 -6.956868166924457496e-03
1.986990000000000146e+04 -6.940515379562531111e-03
1.987309999999999854e+04 -6.910035274806327135e-03
1.987640000000000146e+04 -6.870298932012476253e-03
1.987970000000000073e+04 -6.893484697751175484e-03
1.988300000000000000e+04 -6.850288521069819621e-03
1.988629999999999927e+04 -6.928223463603279744e-03
1.988959999999999854e+04 -6.989094958565741922e-03
1.989290000000000146e+04 -6.994054008707675622e-03
1.989620000000000073e+04 -6.965570789930996404e-03
1.989950000000000000e+04 -6.938105563630720188e-03
1.990279999999999927e+04 -6.919035629925112535e-03
1.990609999999999854e+04 -6.903924599858577392e-03
1.990940000000000146e+04 -6.874206736962989658e-03
1.991270000000000073e+04 -6.891245568518751009e-03
1.991600000000000000e+04 -6.893357837562592329e-03
1.991929999999999927e+04 -6.905791453959714103e-03
1.992259999999999854e+04 -6.922823227875092751e-03
1.992590000000000146e+04 -6.920799988856641584e-03
