1.716800000000000000e+04 3.655996701575949795e-04
1.717129999999999927e+04 3.632619796414159248e-04
1.717459999999999854e+04 3.682261585225483675e-04
1.717790000000000146e+04 3.627619660934913574e-04
1.718120000000000073e+04 3.751878309000724037e-04
1.718450000000000000e+04 3.649907063045171925e-04
1.718779999999999927e+04 3.721406784169789235e-04
1.719109999999999854e+04 3.576457803522351095e-04
1.719440000000000146e+04 3.484767092268733178e-04
1.719770000000000073e+04 3.490301039280782310e-04
1.720100000000000000e+04 3.558807274073454998e-04
1.720429999999999927e+04 3.660593007590297277e-04
1.720759999999999854e+04 3.654064284590081589e-04
1.721090000000000146e+04 3.646207381169044187e-04
1.721420000000000073e+04 3.653799745082683377e-04
1.721750000000000000e+04 3.479813000895946406e-04
1.722079999999999927e+04 3.470025694620646980e-04
1.722409999999999854e+04 3.505547149913647710e-04
1.722729999999999927e+04 3.594838355247540525e-04
1.723059999999999854e+04 3.726458652683366972e-04
1.723390000000000146e+04 3.858364691482049007e-04
1.723720000000000073e+04 3.998149770365822453e-04
1.724050000000000000e+04 4.051760022383049577e-04
1.724379999999999927e+04 4.073094035475257582e-04
1.724709999999999854e+04 4.253462572636075557e-04
1.725040000000000146e+04 4.389946054657237326e-04
1.725370000000000073e+04 4.522142755962559849e-04
1.725700000000000000e+04 4.573135789951386079e-04
1.726029999999999927e+04 4.462944482110092889e-04
1.726359999999999854e+04 4.572873034845046855e-04
1.726690000000000146e+04 4.551802562014312342e-04
1.727020000000000073e+04 4.573941412422355911e-04
1.727350000000000000e+04 4.636808982970508993e-04
1.727679999999999927e+04 4.750978971887517398e-04
1.728009999999999854e+04 4.755771938291384802e-04
1.728340000000000146e+04 4.741678192928852186e-04
1.728670000000000073e+04 4.754258709347964728e-04
1.729000000000000000e+04 4.934495930784406044e-04
1.729320000000000073e+04 5.008357531672630791e-04
1.729650000000000000e+04 5.045235345754170214e-04
1.729979999999999927e+04 5.073159664355275699e-04
1.730309999999999854e+04 5.122591821092355039e-04
1.730640000000000146e+04 5.199163611634825171e-04
1.730970000000000073e+04 5.308920477178234384e-04
1.731300000000000000e+04 5.386542753358495618e-04
1.731629999999999927e+04 5.435072826584134249e-04
1.731959999999999854e+04 5.428688422084124469e-04
1.732290000000000146e+04 5.558009165065488878e-04
1.732620000000000073e+04 5.610983456401127771e-04
1.732950000000000000e+04 5.600112734073977574e-04
1.733279999999999927e+04 5.712589475508141230e-04
1.733609999999999854e+04 5.771269800058698206e-04
1.733940000000000146e+04 5.722100881352467933e-04
1.734270000000000073e+04 5.727737227699220912e-04
1.734600000000000000e+04 5.747916270238520630e-04
1.734929999999999927e+04 5.753499700643530199e-04
1.735259999999999854e+04 5.842502130234434200e-04
1.735579999999999927e+04 5.850009784217396949e-04
1.735909999999999854e+04 5.915497091341811965e-04
1.736240000000000146e+04 5.973616475489202217e-04
1.736570000000000073e+04 5.973999786058317631e-04
1.736900000000000000e+04 6.063634569988954944e-04
1.737229999999999927e+04 6.097188106554658022e-04
1.737559999999999854e+04 6.071762125841078305e-04
1.737890000000000146e+04 6.143304981258598503e-04
1.738220000000000073e+04 6.116558543953408379e-04
1.738550000000000000e+04 6.153727150050925573e-04
1.738879999999999927e+04 6.078393097927149106e-04
1.739209999999999854e+04 6.110356003415362558e-04
1.739540000000000146e+04 6.135493957303981205e-04
1.739870000000000073e+04 6.108559379888624631e-04
1.740200000000000000e+04 6.097439542792979904e-04
1.740529999999999927e+04 6.045346777180536559e-04
1.740859999999999854e+04 6.000718208698898378e-04
1.741190000000000146e+04 5.900923755932526403e-04
1.741520000000000073e+04 5.831483917644806865e-04
1.741850000000000000e+04 5.767051172598931493e-04
1.742170000000000073e+04 5.706874487255138382e-04
1.742500000000000000e+04 5.798115223698550088e-04
1.742829999999999927e+04 5.825187291186660187e-04
1.743159999999999854e+04 5.946240604990635269e-04
1.743490000000000146e+04 5.991654755197059956e-04
1.743820000000000073e+04 5.968673131166858485e-04
1.744150000000000000e+04 5.943369254007594901e-04
1.744479999999999927e+04 5.954982131243592757e-04
1.744809999999999854e+04 5.946665391644175274e-04
1.745140000000000146e+04 6.024646883673525233e-04
1.745470000000000073e+04 5.955766352091274897e-04
1.745800000000000000e+04 5.934881431268845646e-04
1.746129999999999927e+04 5.972774946065755389e-04
1.746459999999999854e+04 6.003002939852252785e-04
1.746790000000000146e+04 6.086815107026783030e-04
1.747120000000000073e+04 6.083120760335544112e-04
1.747450000000000000e+04 6.059707718462155768e-04
1.747779999999999927e+04 6.137374318991727258e-04
1.748109999999999854e+04 6.204791512196095949e-04
1.748429999999999927e+04 6.134925656586336356e-04
1.748759999999999854e+04 6.039077550670025104e-04
1.749090000000000146e+04 5.942169351571271411e-04
1.749420000000000073e+04 5.945230704868576833e-04
1.749750000000000000e+04 5.946291933517797385e-04
1.750079999999999927e+04 5.950202518622511394e-04
1.750409999999999854e+04 5.971392153710942258e-04
1.750740000000000146e+04 5.970887042263450578e-04
1.751070000000000073e+04 5.970317188772122441e-04
1.751400000000000000e+04 6.044782672689440455e-04
1.751729999999999927e+04 6.099805910930371309e-04
1.752059999999999854e+04 6.051470201868596691e-04
1.752390000000000146e+04 6.084394862167684598e-04
1.752720000000000073e+04 6.053934950765514460e-04
1.753050000000000000e+04 6.099299939316153371e-04
1.753379999999999927e+04 6.091097354782074556e-04
1.753709999999999854e+04 6.041088671920734777e-04
1.754040000000000146e+04 6.049051909191936315e-04
1.754370000000000073e+04 5.963729275617863463e-04
1.754700000000000000e+04 6.021574738022026328e-04
1.755020000000000073e+04 6.136263755078206214e-04
1.755350000000000000e+04 6.213887879052118392e-04
1.755679999999999927e+04 6.186063762735095894e-04
1.756009999999999854e+04 6.113366187003937361e-04
1.756340000000000146e+04 6.152507199138940348e-04
1.756670000000000073e+04 6.161165582656178644e-04
1.757000000000000000e+04 6.168462175296415394e-04
1.757329999999999927e+04 6.225864694005089732e-04
1.757659999999999854e+04 6.246091613968064379e-04
1.757990000000000146e+04 6.360531586077788511e-04
1.758320000000000073e+04 6.479654067217542786e-04
1.758650000000000000e+04 6.600466950892259392e-04
1.758979999999999927e+04 6.593071453085434450e-04
1.759309999999999854e+04 6.617503901800757607e-04
1.759640000000000146e+04 6.526907672823735289e-04
1.759970000000000073e+04 6.513000857756665735e-04
1.760300000000000000e+04 6.585783139624857251e-04
1.760629999999999927e+04 6.662490815720642588e-04
1.760959999999999854e+04 6.637053748793461010e-04
1.761290000000000146e+04 6.639156238630081848e-04
1.761609999999999854e+04 6.698542905253854337e-04
1.761940000000000146e+04 6.725338871046445234e-04
1.762270000000000073e+04 6.745846586955814685e-04
1.762600000000000000e+04 6.767804265098418572e-04
1.762929999999999927e+04 6.831293417098159180e-04
1.763259999999999854e+04 6.865414162164745196e-04
1.763590000000000146e+04 6.901257796605024834e-04
1.763920000000000073e+04 6.953756087659735330e-04
1.764250000000000000e+04 6.892810730811881580e-04
1.764579999999999927e+04 6.871336856463562421e-04
1.764909999999999854e+04 7.019191944469771417e-04
1.765240000000000146e+04 7.124608219285361293e-04
1.765570000000000073e+04 7.237008386557792355e-04
1.765900000000000000e+04 7.245958171760147597e-04
1.766229999999999927e+04 7.255144899958993442e-04
1.766559999999999854e+04 7.229282777086430429e-04
1.766890000000000146e+04 7.278199424227551695e-04
1.767220000000000073e+04 7.324135437910995073e-04
1.767550000000000000e+04 7.319723483229822244e-04
1.767870000000000073e+04 7.207248434931141749e-04
1.768200000000000000e+04 7.114334027971756357e-04
1.768529999999999927e+04 7.199294270518832341e-04
1.768859999999999854e+04 7.196298717455032077e-04
1.769190000000000146e+04 7.209257177247614320e-04
1.769520000000000073e+04 7.179686996428719927e-04
1.769850000000000000e+04 7.169502958830383920e-04
1.770179999999999927e+04 7.157523273962526330e-04
1.770509999999999854e+04 7.195415063634053900e-04
1.770840000000000146e+04 7.296960254277654176e-04
1.771170000000000073e+04 7.354744382481291512e-04
1.771500000000000000e+04 7.277979964102446490e-04
1.771829999999999927e+04 7.248703288878126719e-04
1.772159999999999854e+04 7.333073205727999588e-04
1.772490000000000146e+04 7.369383281164988394e-04
1.772820000000000073e+04 7.319500183871775062e-04
1.773150000000000000e+04 7.341956679938598657e-04
1.773479999999999927e+04 7.341117232227717827e-04
1.773809999999999854e+04 7.360618417243773581e-04
1.774140000000000146e+04 7.350029128472845320e-04
1.774459999999999854e+04 7.354099410096621384e-04
1.774790000000000146e+04 7.345845382600007384e-04
1.775120000000000073e+04 7.320818709806737462e-04
1.775450000000000000e+04 7.318698412944651998e-04
1.775779999999999927e+04 7.367098066753756912e-04
1.776109999999999854e+04 7.446270712949126661e-04
1.776440000000000146e+04 7.459259965859751321e-04
1.776770000000000073e+04 7.427053900218301245e-04
1.777100000000000000e+04 7.372387265102117769e-04
1.777429999999999927e+04 7.407399080171461975e-04
1.777759999999999854e+04 7.456519737555907619e-04
1.778090000000000146e+04 7.392018904940526143e-04
1.778420000000000073e+04 7.380433235215602033e-04
1.778750000000000000e+04 7.402404848967430659e-04
1.779079999999999927e+04 7.373874805269466223e-04
1.779409999999999854e+04 7.392901298896589020e-04
1.779740000000000146e+04 7.400296172898316758e-04
1.780070000000000073e+04 7.436725803407163646e-04
1.780400000000000000e+04 7.445087469880902606e-04
1.780720000000000073e+04 7.501893615276103216e-04
1.781050000000000000e+04 7.545023636573444659e-04
1.781379999999999927e+04 7.619193325335416175e-04
1.781709999999999854e+04 7.617284750532636898e-04
1.782040000000000146e+04 7.616587822653791192e-04
1.782370000000000073e+04 7.627747175960786132e-04
1.782700000000000000e+04 7.653686794535620929e-04
1.783029999999999927e+04 7.662547558889771290e-04
1.783359999999999854e+04 7.678635215373134752e-04
1.783690000000000146e+04 7.747024051803701010e-04
1.784020000000000073e+04 7.800996811704339956e-04
1.784350000000000000e+04 7.897650096407398106e-04
1.784679999999999927e+04 7.986264800889146748e-04
1.785009999999999854e+04 7.999271014314205275e-04
1.785340000000000146e+04 8.023762915120078278e-04
1.785670000000000073e+04 8.106417680824158862e-04
1.786000000000000000e+04 8.130087419679933852e-04
1.786329999999999927e+04 8.151702778123867460e-04
1.786659999999999854e+04 8.227604575061520662e-04
1.786990000000000146e+04 8.241253701039289370e-04
1.787309999999999854e+04 8.227949302361815516e-04
1.787640000000000146e+04 8.256414046901484763e-04
1.787970000000000073e+04 8.278310960984169940e-04
1.788300000000000000e+04 8.301000316764471209e-04
1.788629999999999927e+04 8.275628469108987266e-04
1.788959999999999854e+04 8.347582493419545332e-04
1.789290000000000146e+04 8.434845521988588264e-04
1.789620000000000073e+04 8.478555012524672738e-04
1.789950000000000000e+04 8.552971027993875805e-04
1.790279999999999927e+04 8.581282809059038921e-04
1.790609999999999854e+04 8.648329288119487425e-04
1.790940000000000146e+04 8.690705639250473910e-04
1.791270000000000073e+04 8.656387684949036270e-04
1.791600000000000000e+04 8.652676377696643046e-04
1.791929999999999927e+04 8.670024489505959555e-04
1.792259999999999854e+04 8.639448507464631390e-04
1.792590000000000146e+04 8.594324674983171109e-04
1.792920000000000073e+04 8.625894698532834276e-04
1.793250000000000000e+04 8.628876333001571147e-04
1.793570000000000073e+04 8.691254915637667937e-04
1.793900000000000000e+04 8.717401898639504879e-04
1.794229999999999927e+04 8.667490124538262649e-04
1.794559999999999854e+04 8.716553145605637288e-04
1.794890000000000146e+04 8.730010045146929668e-04
1.795220000000000073e+04 8.698016890521569284e-04
1.795550000000000000e+04 8.736945119736075523e-04
1.795879999999999927e+04 8.762368094324161309e-04
1.796209999999999854e+04 8.719523003907776303e-04
1.796540000000000146e+04 8.733503192736412216e-04
1.796870000000000073e+04 8.762779650739705665e-04
1.797200000000000000e+04 8.794068994647029174e-04
1.797529999999999927e+04 8.772305595899213861e-04
1.797859999999999854e+04 8.760362451460438314e-04
1.798190000000000146e+04 8.786064632708168740e-04
1.798520000000000073e+04 8.860954312930095994e-04
1.798850000000000000e+04 8.925960754318271835e-04
1.799179999999999927e+04 8.917302090785897027e-04
1.799509999999999854e+04 8.965217150710478970e-04
1.799840000000000146e+04 9.031285289005518309e-04
1.800159999999999854e+04 9.046083333406354727e-04
1.800490000000000146e+04 9.112451702462421059e-04
1.800820000000000073e+04 9.244772448978937854e-04
1.801150000000000000e+04 9.218608008391231384e-04
1.801479999999999927e+04 9.157980213159014121e-04
1.801809999999999854e+04 9.225952019739560184e-04
1.802140000000000146e+04 9.169404702123180699e-04
1.802470000000000073e+04 9.191071931731220916e-04
1.802800000000000000e+04 9.148375549537940150e-04
1.803129999999999927e+04 9.147898278860699733e-04
1.803459999999999854e+04 9.057041984718985439e-04
1.803790000000000146e+04 9.078834110735835468e-04
1.804120000000000073e+04 8.989203705506071179e-04
1.804450000000000000e+04 9.013509238568023470e-04
1.804779999999999927e+04 8.987371691098287180e-04
1.805109999999999854e+04 9.037712713032968219e-04
1.805440000000000146e+04 9.075864153213820430e-04
1.805770000000000073e+04 9.078598676211265374e-04
1.806100000000000000e+04 9.053158654555612354e-04
1.806429999999999927e+04 9.002996067061783732e-04
1.806750000000000000e+04 8.912742303595548414e-04
1.807079999999999927e+04 8.789680316617614741e-04
1.807409999999999854e+04 8.687859218911977771e-04
1.807740000000000146e+04 8.666968053894260737e-04
1.808070000000000073e+04 8.688754323327404269e-04
1.808400000000000000e+04 8.649697674817998384e-04
1.808729999999999927e+04 8.624118092205154597e-04
1.809059999999999854e+04 8.612422693556390490e-04
1.809390000000000146e+04 8.607362169937134372e-04
1.809720000000000073e+04 8.619078447056247559e-04
1.810050000000000000e+04 8.585243892536045503e-04
1.810379999999999927e+04 8.510811405455422779e-04
1.810709999999999854e+04 8.500978306879558837e-04
1.811040000000000146e+04 8.427679634886476060e-04
1.811370000000000073e+04 8.440497673786562065e-04
1.811700000000000000e+04 8.500555477406979100e-04
1.812029999999999927e+04 8.523505304815729312e-04
1.812359999999999854e+04 8.448759030455119893e-04
1.812690000000000146e+04 8.418749234896350745e-04
1.813009999999999854e+04 8.393967046666588570e-04
1.813340000000000146e+04 8.302022938890979984e-04
1.813670000000000073e+04 8.208976971151870933e-04
1.814000000000000000e+04 8.179381501567497062e-04
1.814329999999999927e+04 8.058754481486267744e-04
1.814659999999999854e+04 7.965145738961783121e-04
1.814990000000000146e+04 7.832732580736353990e-04
1.815320000000000073e+04 7.744540916421755600e-04
1.815650000000000000e+04 7.671778182528150771e-04
1.815979999999999927e+04 7.626883270748825586e-04
1.816309999999999854e+04 7.486349944696909240e-04
1.816640000000000146e+04 7.396059527298345362e-04
1.816970000000000073e+04 7.290620480043250636e-04
1.817300000000000000e+04 7.128741864480881481e-04
1.817629999999999927e+04 7.128461937620055163e-04
1.817959999999999854e+04 7.098016851244963368e-04
1.818290000000000146e+04 7.003209799143605280e-04
1.818620000000000073e+04 6.983296895783219901e-04
1.818950000000000000e+04 6.910647069341608641e-04
1.819279999999999927e+04 6.919680901590541042e-04
1.819600000000000000e+04 6.839973367300851035e-04
1.819929999999999927e+04 6.823360597577103571e-04
1.820259999999999854e+04 6.739771710317643549e-04
1.820590000000000146e+04 6.756878748386850120e-04
1.820920000000000073e+04 6.762070903831410339e-04
1.821250000000000000e+04 6.780391096855494524e-04
1.821579999999999927e+04 6.680903371282676667e-04
1.821909999999999854e+04 6.622907917804783705e-04
1.822240000000000146e+04 6.626341990087836805e-04
1.822570000000000073e+04 6.564001591718531241e-04
1.822900000000000000e+04 6.579447037878346930e-04
1.823229999999999927e+04 6.625676865246578427e-04
1.823559999999999854e+04 6.689908994884851638e-04
1.823890000000000146e+04 6.660421091356158452e-04
1.824220000000000073e+04 6.659241188184342880e-04
1.824550000000000000e+04 6.646114446404974459e-04
1.824879999999999927e+04 6.682380509629803986e-04
1.825209999999999854e+04 6.632960102198310172e-04
1.825540000000000146e+04 6.655085130519467233e-04
1.825859999999999854e+04 6.637410481822232124e-04
1.826190000000000146e+04 6.681698251823841531e-04
1.826520000000000073e+04 6.591952029672170418e-04
1.826850000000000000e+04 6.581175632642817346e-04
1.827179999999999927e+04 6.607592230294094147e-04
1.827509999999999854e+04 6.666997270942790800e-04
1.827840000000000146e+04 6.574949455671512746e-04
1.828170000000000073e+04 6.573629696478357513e-04
1.828500000000000000e+04 6.440436630475687403e-04
1.828829999999999927e+04 6.399722728116351983e-04
1.829159999999999854e+04 6.463368408995364854e-04
1.829490000000000146e+04 6.479434268651308075e-04
1.829820000000000073e+04 6.467510687564187325e-04
1.830150000000000000e+04 6.555268823806492586e-04
1.830479999999999927e+04 6.563804527281307281e-04
1.830809999999999854e+04 6.670341914443942430e-04
1.831140000000000146e+04 6.747594244949828204e-04
1.831470000000000073e+04 6.809112724931697114e-04
1.831800000000000000e+04 6.933977319228665009e-04
1.832129999999999927e+04 7.088779247085555055e-04
1.832450000000000000e+04 7.176615296907993321e-04
1.832779999999999927e+04 7.325329518301112964e-04
1.833109999999999854e+04 7.468012197726168339e-04
1.833440000000000146e+04 7.605852337337727165e-04
1.833770000000000073e+04 7.666109593207245639e-04
1.834100000000000000e+04 7.693740742086773669e-04
1.834429999999999927e+04 7.758442150655825648e-04
1.834759999999999854e+04 7.876758566589620253e-04
1.835090000000000146e+04 8.033751402109374226e-04
1.835420000000000073e+04 8.205264439429294258e-04
1.835750000000000000e+04 8.289218246024315177e-04
1.836079999999999927e+04 8.439868426642811467e-04
1.836409999999999854e+04 8.576660230356558320e-04
1.836740000000000146e+04 8.668840202882944308e-04
1.837070000000000073e+04 8.729522567178806501e-04
1.837400000000000000e+04 8.789567890366508686e-04
1.837729999999999927e+04 8.882406622512088344e-04
1.838059999999999854e+04 8.976812647133039025e-04
1.838390000000000146e+04 9.086165642467440573e-04
1.838709999999999854e+04 9.065950193229920483e-04
1.839040000000000146e+04 9.348394799086172120e-04
1.839370000000000073e+04 9.403961481591477378e-04
1.839700000000000000e+04 9.491160313006429157e-04
1.840029999999999927e+04 9.567041782917247612e-04
1.840359999999999854e+04 9.786418469721999865e-04
1.840690000000000146e+04 9.993160731730640553e-04
1.841020000000000073e+04 1.017576474390188661e-03
1.841350000000000000e+04 1.025304840551723813e-03
1.841679999999999927e+04 1.044791525794645229e-03
1.842009999999999854e+04 1.061911192901338150e-03
1.842340000000000146e+04 1.081931144069699481e-03
1.842670000000000073e+04 1.101991461813345025e-03
1.843000000000000000e+04 1.139106758966728630e-03
1.843329999999999927e+04 1.167441687400262110e-03
1.843659999999999854e+04 1.200622887498944708e-03
1.843990000000000146e+04 1.227559236360527967e-03
1.844320000000000073e+04 1.261825380778001634e-03
1.844650000000000000e+04 1.282701066803831587e-03
1.844979999999999927e+04 1.310972757822059971e-03
1.845300000000000000e+04 1.343892114842815339e-03
1.845629999999999927e+04 1.363644927505903905e-03
1.845959999999999854e+04 1.377373259948826449e-03
1.846290000000000146e+04 1.415290323012804909e-03
1.846620000000000073e+04 1.419300473018460414e-03
1.846950000000000000e+04 1.442199743830022878e-03
1.847279999999999927e+04 1.470372032692482357e-03
1.847609999999999854e+04 1.489606892427051835e-03
1.847940000000000146e+04 1.505489298652102443e-03
1.848270000000000073e+04 1.512443772858968263e-03
1.848600000000000000e+04 1.515183074338331522e-03
1.848929999999999927e+04 1.527215920925801933e-03
1.849259999999999854e+04 1.535949395561220275e-03
1.849590000000000146e+04 1.536993504211183609e-03
1.849920000000000073e+04 1.556637452178246707e-03
1.850250000000000000e+04 1.582789978942645941e-03
1.850579999999999927e+04 1.619395742675118271e-03
1.850909999999999854e+04 1.661665114705560909e-03
1.851240000000000146e+04 1.677382054818414179e-03
1.851570000000000073e+04 1.686181793812685644e-03
1.851890000000000146e+04 1.700579021854705134e-03
1.852220000000000073e+04 1.729031362103154116e-03
1.852550000000000000e+04 1.762257795151266375e-03
1.852879999999999927e+04 1.800285339353472833e-03
1.853209999999999854e+04 1.836237043047043906e-03
1.853540000000000146e+04 1.876321717923529024e-03
1.853870000000000073e+04 1.926779046306932672e-03
1.854200000000000000e+04 1.977868937346963750e-03
1.854529999999999927e+04 2.044320820634999702e-03
1.854859999999999854e+04 2.078223737767337376e-03
1.855190000000000146e+04 2.137558150296158237e-03
1.855520000000000073e+04 2.189649513813859624e-03
1.855850000000000000e+04 2.250741166535973926e-03
1.856179999999999927e+04 2.321224983038153254e-03
1.856509999999999854e+04 2.373720474436393987e-03
1.856840000000000146e+04 2.441294837025149381e-03
1.857170000000000073e+04 2.487922129166454492e-03
1.857500000000000000e+04 2.543180208723465081e-03
1.857829999999999927e+04 2.622054563055926067e-03
1.858150000000000000e+04 2.673240022798335173e-03
1.858479999999999927e+04 2.723578201905604585e-03
1.858809999999999854e+04 2.784731145060016008e-03
1.859140000000000146e+04 2.851681375417667447e-03
1.859470000000000073e+04 2.910516009802154892e-03
1.859800000000000000e+04 2.974486055858456025e-03
1.860129999999999927e+04 3.025634483162615955e-03
1.860459999999999854e+04 3.085369688482602658e-03
1.860790000000000146e+04 3.146983663244028173e-03
1.861120000000000073e+04 3.241957502694157740e-03
1.861450000000000000e+04 3.352573527585714017e-03
1.861779999999999927e+04 3.425269701349236817e-03
1.862109999999999854e+04 3.507113794558599541e-03
1.862440000000000146e+04 3.592574122015535550e-03
1.862770000000000073e+04 3.659559842624123416e-03
1.863100000000000000e+04 3.789094907818477305e-03
1.863429999999999927e+04 3.877410709087002194e-03
1.863759999999999854e+04 3.966796383183960988e-03
1.864090000000000146e+04 4.074714321669923450e-03
1.864420000000000073e+04 4.235506051722967916e-03
1.864740000000000146e+04 4.362047024271249046e-03
1.865070000000000073e+04 4.491845220386342374e-03
1.865400000000000000e+04 4.643113691601106173e-03
1.865729999999999927e+04 4.784854922578024236e-03
1.866059999999999854e+04 4.936800312384029103e-03
1.866390000000000146e+04 5.061861199705991292e-03
1.866720000000000073e+04 5.190263433393897674e-03
1.867050000000000000e+04 5.310188125242087075e-03
1.867379999999999927e+04 5.443666693266099692e-03
1.867709999999999854e+04 5.600837573194110235e-03
1.868040000000000146e+04 5.781504261509985351e-03
1.868370000000000073e+04 6.015946977877179719e-03
1.868700000000000000e+04 6.268064655141441371e-03
1.869029999999999927e+04 6.513475697769829237e-03
1.869359999999999854e+04 6.816965692629666645e-03
1.869690000000000146e+04 7.104043880462506712e-03
1.870020000000000073e+04 7.241963615631779629e-03
1.870350000000000000e+04 7.375427337006636511e-03
1.870679999999999927e+04 7.612992734207097746e-03
1.871000000000000000e+04 7.923075783108246561e-03
1.871329999999999927e+04 8.160788933740907927e-03
1.871659999999999854e+04 8.332179518500333268e-03
1.871990000000000146e+04 8.548562303861745662e-03
1.872320000000000073e+04 8.734473849277939184e-03
1.872650000000000000e+04 8.967224959441863832e-03
1.872979999999999927e+04 9.134533027118304366e-03
1.873309999999999854e+04 9.311779599695580584e-03
1.873640000000000146e+04 9.505983010005849415e-03
1.873970000000000073e+04 9.738203326304374977e-03
1.874300000000000000e+04 9.836019038901902198e-03
1.874629999999999927e+04 1.003861163654097555e-02
1.874959999999999854e+04 1.014828928631825861e-02
1.875290000000000146e+04 1.025191416080153614e-02
1.875620000000000073e+04 1.035969811714440060e-02
1.875950000000000000e+04 1.053442777689273316e-02
1.876279999999999927e+04 1.070981346840521597e-02
1.876609999999999854e+04 1.086132596341783316e-02
1.876940000000000146e+04 1.099699621878889519e-02
1.877270000000000073e+04 1.119236627442562332e-02
1.877590000000000146e+04 1.142157806111202163e-02
1.877920000000000073e+04 1.153642537578020329e-02
1.878250000000000000e+04 1.174566366846973436e-02
1.878579999999999927e+04 1.196921616161681842e-02
1.878909999999999854e+04 1.223268391589972179e-02
1.879240000000000146e+04 1.252289834624301622e-02
1.879570000000000073e+04 1.280515761106517519e-02
1.879900000000000000e+04 1.312924266986456937e-02
1.880229999999999927e+04 1.346423569251468944e-02
1.880559999999999854e+04 1.379677747975672011e-02
1.880890000000000146e+04 1.408241192347968983e-02
1.881220000000000073e+04 1.439609905562382400e-02
1.881550000000000000e+04 1.474297045864352181e-02
1.881879999999999927e+04 1.506780680119654790e-02
1.882209999999999854e+04 1.539662176464244581e-02
1.882540000000000146e+04 1.573664061618799612e-02
1.882870000000000073e+04 1.610040589739385533e-02
1.883200000000000000e+04 1.644101549195120179e-02
1.883529999999999927e+04 1.679438676259393040e-02
1.883859999999999854e+04 1.714883315047351087e-02
1.884179999999999927e+04 1.749313294268192362e-02
1.884509999999999854e+04 1.784895443444215607e-02
1.884840000000000146e+04 1.815026507834055502e-02
1.885170000000000073e+04 1.842761515502090025e-02
1.885500000000000000e+04 1.871646928694056453e-02
1.885829999999999927e+04 1.894825272445794032e-02
1.886159999999999854e+04 1.917307482474003497e-02
1.886490000000000146e+04 1.958373333199033006e-02
1.886820000000000073e+04 1.999291006395824410e-02
1.887150000000000000e+04 2.030033237238981769e-02
1.887479999999999927e+04 2.052229522212514409e-02
1.887809999999999854e+04 2.085017729719147034e-02
1.888140000000000146e+04 2.124063266817578788e-02
1.888470000000000073e+04 2.158100114833679320e-02
1.888800000000000000e+04 2.193745009952231817e-02
1.889129999999999927e+04 2.225188590117897769e-02
1.889459999999999854e+04 2.265827809626736605e-02
1.889790000000000146e+04 2.305054985117879068e-02
1.890120000000000073e+04 2.343262902664015185e-02
1.890440000000000146e+04 2.377306627869818154e-02
1.890770000000000073e+04 2.425527717604967007e-02
1.891100000000000000e+04 2.465523403557087767e-02
1.891429999999999927e+04 2.514212066377888993e-02
1.891759999999999854e+04 2.562404144180909643e-02
1.892090000000000146e+04 2.611161750337200049e-02
1.892420000000000073e+04 2.657001776040516725e-02
1.892750000000000000e+04 2.699476514947230996e-02
1.893079999999999927e+04 2.747963283710401147e-02
1.893409999999999854e+04 2.793625724566399862e-02
1.893740000000000146e+04 2.836673105026829567e-02
1.894070000000000073e+04 2.872858016811846021e-02
1.894400000000000000e+04 2.916786544232111839e-02
1.894729999999999927e+04 2.955467008237871659e-02
1.895059999999999854e+04 2.992205557241472622e-02
1.895390000000000146e+04 3.030126488351034611e-02
1.895720000000000073e+04 3.062119740105131299e-02
1.896050000000000000e+04 3.095800124679257137e-02
1.896379999999999927e+04 3.127425357910302434e-02
1.896709999999999854e+04 3.156208890183559435e-02
1.897029999999999927e+04 3.180743357073547578e-02
1.897359999999999854e+04 3.205189981696324880e-02
1.897690000000000146e+04 3.234910704697171319e-02
1.898020000000000073e+04 3.258323968555808942e-02
1.898350000000000000e+04 3.283928734415145906e-02
1.898679999999999927e+04 3.310341496468520439e-02
1.899009999999999854e+04 3.334981017386869778e-02
1.899340000000000146e+04 3.358607504487896855e-02
1.899670000000000073e+04 3.379912466260014819e-02
1.900000000000000000e+04 3.403726314352412824e-02
1.900329999999999927e+04 3.423933052853195963e-02
1.900659999999999854e+04 3.445713101702009562e-02
1.900990000000000146e+04 3.462251525815825820e-02
1.901320000000000073e+04 3.477266751860402100e-02
1.901650000000000000e+04 3.491945249110476462e-02
1.901979999999999927e+04 3.508394120594923032e-02
1.902309999999999854e+04 3.524707277764904667e-02
1.902640000000000146e+04 3.544325555805135503e-02
1.902970000000000073e+04 3.555855766898746023e-02
1.903290000000000146e+04 3.567653176226160544e-02
1.903620000000000073e+04 3.577897168677162537e-02
1.903950000000000000e+04 3.587619583616383917e-02
1.904279999999999927e+04 3.598539942150803111e-02
1.904609999999999854e+04 3.606147562981367599e-02
1.904940000000000146e+04 3.614479020280143839e-02
1.905270000000000073e+04 3.625700743670959292e-02
1.905600000000000000e+04 3.633700647266319139e-02
1.905929999999999927e+04 3.641621607668894811e-02
1.906259999999999854e+04 3.645258006933901895e-02
1.906590000000000146e+04 3.650260003167559580e-02
1.906920000000000073e+04 3.655162117650928577e-02
1.907250000000000000e+04 3.653932004753194379e-02
1.907579999999999927e+04 3.654297570947763474e-02
1.907909999999999854e+04 3.654150038435898667e-02
1.908240000000000146e+04 3.654958212825783898e-02
1.908570000000000073e+04 3.652667809158205436e-02
1.908900000000000000e+04 3.648376066618812946e-02
1.909229999999999927e+04 3.644144434444473307e-02
1.909559999999999854e+04 3.638875747852828718e-02
1.909879999999999927e+04 3.636958378593447422e-02
1.910209999999999854e+04 3.628275230713474270e-02
1.910540000000000146e+04 3.623899927651293151e-02
1.910870000000000073e+04 3.619919052891971273e-02
1.911200000000000000e+04 3.614814044819746747e-02
1.911529999999999927e+04 3.609343614606492362e-02
1.911859999999999854e+04 3.594133458648217372e-02
1.912190000000000146e+04 3.582764629038498461e-02
1.912520000000000073e+04 3.566706954784138600e-02
1.912850000000000000e+04 3.549751291050226576e-02
1.913179999999999927e+04 3.536724766056466990e-02
1.913509999999999854e+04 3.524222169164176188e-02
1.913840000000000146e+04 3.509845212172587464e-02
1.914170000000000073e+04 3.488798073278331219e-02
1.914500000000000000e+04 3.472387941469470829e-02
1.914829999999999927e+04 3.451839898173766907e-02
1.915159999999999854e+04 3.432678043578722693e-02
1.915490000000000146e+04 3.413740501900991431e-02
1.915820000000000073e+04 3.392372644356568545e-02
1.916140000000000146e+04 3.375182976001375734e-02
1.916470000000000073e+04 3.352794213035836107e-02
1.916800000000000000e+04 3.331263257591550453e-02
1.917129999999999927e+04 3.306927135563376974e-02
1.917459999999999854e+04 3.283503856584998881e-02
1.917790000000000146e+04 3.262982810325673610e-02
1.918120000000000073e+04 3.242780800841596478e-02
1.918450000000000000e+04 3.217401682640067678e-02
1.918779999999999927e+04 3.192356946436295667e-02
1.919109999999999854e+04 3.165294821576483675e-02
1.919440000000000146e+04 3.141233413339803576e-02
1.919770000000000073e+04 3.114909381914197570e-02
1.920100000000000000e+04 3.089967778571220403e-02
1.920429999999999927e+04 3.063412306972587706e-02
1.920759999999999854e+04 3.034502164103778862e-02
1.921090000000000146e+04 3.008450085285037032e-02
1.921420000000000073e+04 2.979378156298642319e-02
1.921750000000000000e+04 2.948883790331507243e-02
1.922079999999999927e+04 2.919374012258011200e-02
1.922409999999999854e+04 2.889858435862631761e-02
1.922729999999999927e+04 2.858930226856881696e-02
1.923059999999999854e+04 2.827725897773736286e-02
1.923390000000000146e+04 2.797296253539037492e-02
1.923720000000000073e+04 2.768593984979627817e-02
1.924050000000000000e+04 2.736118012445005673e-02
1.924379999999999927e+04 2.704404705523220931e-02
1.924709999999999854e+04 2.672341981583622322e-02
1.925040000000000146e+04 2.639074104142383193e-02
1.925370000000000073e+04 2.603567615849314981e-02
1.925700000000000000e+04 2.574586965893446711e-02
1.926029999999999927e+04 2.541765449080875608e-02
1.926359999999999854e+04 2.506266187504328086e-02
1.926690000000000146e+04 2.476260106163141739e-02
1.927020000000000073e+04 2.440835005671271665e-02
1.927350000000000000e+04 2.408690929093024527e-02
1.927679999999999927e+04 2.374247920160349121e-02
1.928009999999999854e+04 2.338521707584839682e-02
1.928340000000000146e+04 2.306142676719377324e-02
1.928670000000000073e+04 2.271755104353595511e-02
1.929000000000000000e+04 2.237760360821491185e-02
1.929320000000000073e+04 2.205532092231589705e-02
1.929650000000000000e+04 2.171481483577904908e-02
1.929979999999999927e+04 2.137503316065361703e-02
1.930309999999999854e+04 2.105967130349352401e-02
1.930640000000000146e+04 2.075390497156406888e-02
1.930970000000000073e+04 2.044023194851884995e-02
1.931300000000000000e+04 2.013734562586451740e-02
1.931629999999999927e+04 1.980673979605948251e-02
1.931959999999999854e+04 1.947073873666260377e-02
1.932290000000000146e+04 1.913297876328643940e-02
1.932620000000000073e+04 1.879585381749671394e-02
1.932950000000000000e+04 1.845327808488769067e-02
1.933279999999999927e+04 1.812209131710188978e-02
1.933609999999999854e+04 1.782670713888562242e-02
1.933940000000000146e+04 1.752499123338934622e-02
1.934270000000000073e+04 1.720755302639828330e-02
1.934600000000000000e+04 1.687770724625820354e-02
1.934929999999999927e+04 1.655670596145138868e-02
1.935259999999999854e+04 1.622615587082024483e-02
1.935579999999999927e+04 1.591822761287266588e-02
1.935909999999999854e+04 1.558733553451480298e-02
1.936240000000000146e+04 1.527042891204714870e-02
1.936570000000000073e+04 1.495893177459833509e-02
1.936900000000000000e+04 1.466014467878266718e-02
1.937229999999999927e+04 1.435383206706999752e-02
1.937559999999999854e+04 1.403795799063024125e-02
1.937890000000000146e+04 1.373751619616321237e-02
1.938220000000000073e+04 1.343136985652311315e-02
1.938550000000000000e+04 1.312674509220027735e-02
1.938879999999999927e+04 1.281012272026951955e-02
1.939209999999999854e+04 1.252448588607267370e-02
1.939540000000000146e+04 1.223176498912629737e-02
1.939870000000000073e+04 1.193260159668401398e-02
1.940200000000000000e+04 1.164805810489250547e-02
1.940529999999999927e+04 1.137630906588871574e-02
1.940859999999999854e+04 1.110350545001390944e-02
1.941190000000000146e+04 1.082303464383417221e-02
1.941520000000000073e+04 1.056498167560226790e-02
1.941850000000000000e+04 1.030409516049608440e-02
1.942170000000000073e+04 1.000272564480788121e-02
1.942500000000000000e+04 9.712614261552584768e-03
1.942829999999999927e+04 9.455533354350970782e-03
1.943159999999999854e+04 9.182484686848778679e-03
1.943490000000000146e+04 8.913887998925075148e-03
1.943820000000000073e+04 8.623737156559247580e-03
1.944150000000000000e+04 8.355447644810391067e-03
1.944479999999999927e+04 8.108552223019958177e-03
1.944809999999999854e+04 7.862899970002097325e-03
1.945140000000000146e+04 7.624769618077262973e-03
1.945470000000000073e+04 7.389681743295729160e-03
1.945800000000000000e+04 7.144743330223211029e-03
1.946129999999999927e+04 6.882297649453086689e-03
1.946459999999999854e+04 6.638934578480686945e-03
1.946790000000000146e+04 6.378646537850625117e-03
1.947120000000000073e+04 6.133848305111117699e-03
1.947450000000000000e+04 5.868772372559329271e-03
1.947779999999999927e+04 5.616073644115569113e-03
1.948109999999999854e+04 5.378003112280715231e-03
1.948429999999999927e+04 5.141206982837318203e-03
1.948759999999999854e+04 4.934774014553441196e-03
1.949090000000000146e+04 4.720200769627283695e-03
1.949420000000000073e+04 4.503656548741843610e-03
1.949750000000000000e+04 4.284987533141319804e-03
1.950079999999999927e+04 4.033072296472944678e-03
1.950409999999999854e+04 3.810388160479013381e-03
1.950740000000000146e+04 3.585005012103368270e-03
1.951070000000000073e+04 3.365234421087194561e-03
1.951400000000000000e+04 3.156020674293369237e-03
1.951729999999999927e+04 2.948530189641956206e-03
1.952059999999999854e+04 2.709372726605579779e-03
1.952390000000000146e+04 2.509859371751733265e-03
1.952720000000000073e+04 2.315792817723703531e-03
1.953050000000000000e+04 2.109683504580600177e-03
1.953379999999999927e+04 1.911420935320814335e-03
1.953709999999999854e+04 1.709559999727262598e-03
1.954040000000000146e+04 1.527511412444372335e-03
1.954370000000000073e+04 1.344231272947064891e-03
1.954700000000000000e+04 1.162989530057199211e-03
1.955020000000000073e+04 9.708517159431125261e-04
1.955350000000000000e+04 8.041141278025500973e-04
1.955679999999999927e+04 6.318543440711480363e-04
1.956009999999999854e+04 4.787327524494874257e-04
1.956340000000000146e+04 3.179520411192129415e-04
1.956670000000000073e+04 1.558236620686632415e-04
1.957000000000000000e+04 1.021105966255280584e-05
1.957329999999999927e+04 -1.413245172844143497e-04
1.957659999999999854e+04 -2.824204755948285712e-04
1.957990000000000146e+04 -4.276510596907548640e-04
1.958320000000000073e+04 -5.848007875665804309e-04
1.958650000000000000e+04 -7.457297288121253302e-04
1.958979999999999927e+04 -8.862079595999522007e-04
1.959309999999999854e+04 -1.031186472480785524e-03
1.959640000000000146e+04 -1.167088474716325213e-03
1.959970000000000073e+04 -1.302436681822666817e-03
1.960300000000000000e+04 -1.434452734171436875e-03
1.960629999999999927e+04 -1.592936231088390485e-03
1.960959999999999854e+04 -1.740297305578331543e-03
1.961290000000000146e+04 -1.890052316908630552e-03
1.961609999999999854e+04 -2.026602283529408896e-03
1.961940000000000146e+04 -2.133481320611095404e-03
1.962270000000000073e+04 -2.282494098471375948e-03
1.962600000000000000e+04 -2.420964094207931228e-03
1.962929999999999927e+04 -2.534001943067073787e-03
1.963259999999999854e+04 -2.641832741400720538e-03
1.963590000000000146e+04 -2.730334825111516497e-03
1.963920000000000073e+04 -2.859426669233750429e-03
1.964250000000000000e+04 -2.962919324317647447e-03
1.964579999999999927e+04 -3.093116078674514307e-03
1.964909999999999854e+04 -3.243807691818565569e-03
1.965240000000000146e+04 -3.388763964327093803e-03
1.965570000000000073e+04 -3.525292898155688026e-03
1.965900000000000000e+04 -3.602436918414029816e-03
1.966229999999999927e+04 -3.662405612973771221e-03
1.966559999999999854e+04 -3.714373101797073355e-03
1.966890000000000146e+04 -3.811209137091172046e-03
1.967220000000000073e+04 -3.921062363600913599e-03
1.967550000000000000e+04 -4.019670467537732848e-03
1.967870000000000073e+04 -4.141527195456137268e-03
1.968200000000000000e+04 -4.205616154156454657e-03
1.968529999999999927e+04 -4.270495825620896323e-03
1.968859999999999854e+04 -4.332057678236587821e-03
1.969190000000000146e+04 -4.385149031248844302e-03
1.969520000000000073e+04 -4.448457257898066029e-03
1.969850000000000000e+04 -4.504708786399279526e-03
1.970179999999999927e+04 -4.567944931666964928e-03
1.970509999999999854e+04 -4.686772063273093869e-03
1.970840000000000146e+04 -4.812379732545337199e-03
1.971170000000000073e+04 -4.897710637009190619e-03
1.971500000000000000e+04 -4.927727818549167485e-03
1.971829999999999927e+04 -5.021861556059213291e-03
1.972159999999999854e+04 -5.058339196946324938e-03
1.972490000000000146e+04 -5.093553639968689817e-03
1.972820000000000073e+04 -5.192510088228663098e-03
1.973150000000000000e+04 -5.304983020951473290e-03
1.973479999999999927e+04 -5.397020639635792885e-03
1.973809999999999854e+04 -5.500709358496283334e-03
1.974140000000000146e+04 -5.615539433002861985e-03
1.974459999999999854e+04 -5.737916180275292981e-03
1.974790000000000146e+04 -5.770958395125697429e-03
1.975120000000000073e+04 -5.790194063012781868e-03
1.975450000000000000e+04 -5.837171176025390817e-03
1.975779999999999927e+04 -5.873310216065041368e-03
1.976109999999999854e+04 -5.970484898547799395e-03
1.976440000000000146e+04 -6.047906619661125825e-03
1.976770000000000073e+04 -6.142171757778630732e-03
1.977100000000000000e+04 -6.194639148846366704e-03
1.977429999999999927e+04 -6.228946318808977443e-03
1.977759999999999854e+04 -6.280327081366459188e-03
1.978090000000000146e+04 -6.343519387759243705e-03
1.978420000000000073e+04 -6.444866759915710702e-03
1.978750000000000000e+04 -6.472260338424492936e-03
1.979079999999999927e+04 -6.559323874116999853e-03
1.979409999999999854e+04 -6.579314179875301455e-03
1.979740000000000146e+04 -6.613727125766987770e-03
1.980070000000000073e+04 -6.683443606109762056e-03
1.980400000000000000e+04 -6.702252094973762918e-03
1.980720000000000073e+04 -6.734949211750733758e-03
1.981050000000000000e+04 -6.729228499964186663e-03
1.981379999999999927e+04 -6.689080010371417293e-03
1.981709999999999854e+04 -6.728584197814805462e-03
1.982040000000000146e+04 -6.730741897117746564e-03
1.982370000000000073e+04 -6.760720561796684271e-03
1.982700000000000000e+04 -6.799267141372894625e-03
1.983029999999999927e+04 -6.873525227752892187e-03
1.983359999999999854e+04 -6.893160846159113002e-03
1.983690000000000146e+04 -6.934699951384976774e-03
1.984020000000000073e+04 -6.924004191952272749e-03
1.984350000000000000e+04 -6.957941624905164546e-03
1.984679999999999927e+04 -6.989506077858144775e-03
1.985009999999999854e+04 -7.028570459247885857e-03
1.985340000000000146e+04 -7.095644631094328615e-03
1.985670000000000073e+04 -7.162342028484243103e-03
1.986000000000000000e+04 -7.226559859542638041e-03
1.986329999999999927e+04 -7.308058805328848835e-03
1.986659999999999854e+04 -7.300474229981060610e-03
1.986990000000000146e+04 -7.264435863198847980e-03
1.987309999999999854e+04 -7.213928386102491652e-03
1.987640000000000146e+04 -7.231831593503794918e-03
1.987970000000000073e+04 -7.309971456685532450e-03
1.988300000000000000e+04 -7.312505579597935144e-03
1.988629999999999927e+04 -7.386430102737422988e-03
1.988959999999999854e+04 -7.487758160535096241e-03
1.989290000000000146e+04 -7.469207553955777359e-03
1.989620000000000073e+04 -7.435390534857687708e-03
1.989950000000000000e+04 -7.416373661598067539e-03
1.990279999999999927e+04 -7.417247926383377203e-03
1.990609999999999854e+04 -7.429800684718020423e-03
1.990940000000000146e+04 -7.379997962482375169e-03
1.991270000000000073e+04 -7.400515343494992737e-03
1.991600000000000000e+04 -7.413223334059376550e-03
1.991929999999999927e+04 -7.457763767717085282e-03
1.992259999999999854e+04 -7.466091461506104386e-03
1.992590000000000146e+04 -7.437666067366382333e-03
