1.716800000000000000e+04 3.178490269837520778e-04
1.717129999999999927e+04 3.099695269418440541e-04
1.717459999999999854e+04 3.247683197116965344e-04
1.717790000000000146e+04 3.252388869203879274e-04
1.718120000000000073e+04 3.248633998183559908e-04
1.718450000000000000e+04 3.312887078251848072e-04
1.718779999999999927e+04 3.366955852644888105e-04
1.719109999999999854e+04 3.431089021351743521e-04
1.719440000000000146e+04 3.559357114935600723e-04
1.719770000000000073e+04 3.645482148576869468e-04
1.720100000000000000e+04 3.717148058243746069e-04
1.720429999999999927e+04 3.885834198665740337e-04
1.720759999999999854e+04 3.960468967272922974e-04
1.721090000000000146e+04 3.967045746983199135e-04
1.721420000000000073e+04 4.022276487414706012e-04
1.721750000000000000e+04 3.958105916850466815e-04
1.722079999999999927e+04 3.943394695630304467e-04
1.722409999999999854e+04 4.125831194721331450e-04
1.722729999999999927e+04 4.260084422989355592e-04
1.723059999999999854e+04 4.340790099264181696e-04
1.723390000000000146e+04 4.433329393982322745e-04
1.723720000000000073e+04 4.434953445771305227e-04
1.724050000000000000e+04 4.429019717059539752e-04
1.724379999999999927e+04 4.431886710019069912e-04
1.724709999999999854e+04 4.453247140988955558e-04
1.725040000000000146e+04 4.511269758871122668e-04
1.725370000000000073e+04 4.636544952356361671e-04
1.725700000000000000e+04 4.752264087103766658e-04
1.726029999999999927e+04 4.800167951544769777e-04
1.726359999999999854e+04 4.902919863394494728e-04
1.726690000000000146e+04 5.003937764981449899e-04
1.727020000000000073e+04 4.942220015632233995e-04
1.727350000000000000e+04 5.032580846610889289e-04
1.727679999999999927e+04 5.112392445780201923e-04
1.728009999999999854e+04 5.229981686647386385e-04
1.728340000000000146e+04 5.262154305632958618e-04
1.728670000000000073e+04 5.219934914717454634e-04
1.729000000000000000e+04 5.197235285178482310e-04
1.729320000000000073e+04 5.275430983304348325e-04
1.729650000000000000e+04 5.361416161705116019e-04
1.729979999999999927e+04 5.448467840186796028e-04
1.730309999999999854e+04 5.544987887358016629e-04
1.730640000000000146e+04 5.544128423812815952e-04
1.730970000000000073e+04 5.698141743303775835e-04
1.731300000000000000e+04 5.855113436900651622e-04
1.731629999999999927e+04 5.932156387329636741e-04
1.731959999999999854e+04 5.953812476938090100e-04
1.732290000000000146e+04 6.064231141811578327e-04
1.732620000000000073e+04 6.015143203479021098e-04
1.732950000000000000e+04 6.083202158419393499e-04
1.733279999999999927e+04 6.188974679498823826e-04
1.733609999999999854e+04 6.239348166381481972e-04
1.733940000000000146e+04 6.285774377720510951e-04
1.734270000000000073e+04 6.372775260158148941e-04
1.734600000000000000e+04 6.424573401393660326e-04
1.734929999999999927e+04 6.459541951204486772e-04
1.735259999999999854e+04 6.552795521798986328e-04
1.735579999999999927e+04 6.586598282049141787e-04
1.735909999999999854e+04 6.571055885764900137e-04
1.736240000000000146e+04 6.465910468561738515e-04
1.736570000000000073e+04 6.453477091179913227e-04
1.736900000000000000e+04 6.545245890497431969e-04
1.737229999999999927e+04 6.523039926546354839e-04
1.737559999999999854e+04 6.484102822502795524e-04
1.737890000000000146e+04 6.512968168362120525e-04
1.738220000000000073e+04 6.646305160861355624e-04
1.738550000000000000e+04 6.681835927348562425e-04
1.738879999999999927e+04 6.733364957430475976e-04
1.739209999999999854e+04 6.771713476159881440e-04
1.739540000000000146e+04 6.790517373931136526e-04
1.739870000000000073e+04 6.817591104209307432e-04
1.740200000000000000e+04 6.943066916781795786e-04
1.740529999999999927e+04 7.046160122611064410e-04
1.740859999999999854e+04 7.059995759145232253e-04
1.741190000000000146e+04 7.166182351808414105e-04
1.741520000000000073e+04 7.266255159580827395e-04
1.741850000000000000e+04 7.291587274688507165e-04
1.742170000000000073e+04 7.328063719335511407e-04
1.742500000000000000e+04 7.342906894241647484e-04
1.742829999999999927e+04 7.364215416051495249e-04
1.743159999999999854e+04 7.428809848917848971e-04
1.743490000000000146e+04 7.544910529163569891e-04
1.743820000000000073e+04 7.571764510153237504e-04
1.744150000000000000e+04 7.606241819833302071e-04
1.744479999999999927e+04 7.651146266135853535e-04
1.744809999999999854e+04 7.608699925723400297e-04
1.745140000000000146e+04 7.675242834017687466e-04
1.745470000000000073e+04 7.640684301413627581e-04
1.745800000000000000e+04 7.660967723726572242e-04
1.746129999999999927e+04 7.709527766502287079e-04
1.746459999999999854e+04 7.749513021352768269e-04
1.746790000000000146e+04 7.732702822560865059e-04
1.747120000000000073e+04 7.794470677161171712e-04
1.747450000000000000e+04 7.735680432890018089e-04
1.747779999999999927e+04 7.684685158437256063e-04
1.748109999999999854e+04 7.712081569240553536e-04
1.748429999999999927e+04 7.706881913085890379e-04
1.748759999999999854e+04 7.685423155432248923e-04
1.749090000000000146e+04 7.766234913777343403e-04
1.749420000000000073e+04 7.725897773612794717e-04
1.749750000000000000e+04 7.754243726904690159e-04
1.750079999999999927e+04 7.755894181444651560e-04
1.750409999999999854e+04 7.739038469727599866e-04
1.750740000000000146e+04 7.763050115116932118e-04
1.751070000000000073e+04 7.784945572973691859e-04
1.751400000000000000e+04 7.862495122300290499e-04
1.751729999999999927e+04 7.921742448983771666e-04
1.752059999999999854e+04 7.835036110459333170e-04
1.752390000000000146e+04 7.864716523332285171e-04
1.752720000000000073e+04 7.895980248571524401e-04
1.753050000000000000e+04 7.921780606450792806e-04
1.753379999999999927e+04 7.886068506425188444e-04
1.753709999999999854e+04 7.931873708060047101e-04
1.754040000000000146e+04 7.997824928389520157e-04
1.754370000000000073e+04 7.986124365181894100e-04
1.754700000000000000e+04 7.987810110298011312e-04
1.755020000000000073e+04 7.992934865380410493e-04
1.755350000000000000e+04 7.981825066324687613e-04
1.755679999999999927e+04 7.954171928648730294e-04
1.756009999999999854e+04 7.890803405319776710e-04
1.756340000000000146e+04 7.948753868170903032e-04
1.756670000000000073e+04 7.928229150736416367e-04
1.757000000000000000e+04 7.907170077093683257e-04
1.757329999999999927e+04 7.947619968171023338e-04
1.757659999999999854e+04 7.943431674037573949e-04
1.757990000000000146e+04 7.904126195145091309e-04
1.758320000000000073e+04 7.921117486093981778e-04
1.758650000000000000e+04 7.867220077523435877e-04
1.758979999999999927e+04 7.924133987136092790e-04
1.759309999999999854e+04 8.011590560751118573e-04
1.759640000000000146e+04 8.022695439078422535e-04
1.759970000000000073e+04 7.988716336605023675e-04
1.760300000000000000e+04 7.974250553173607616e-04
1.760629999999999927e+04 8.008899589885866161e-04
1.760959999999999854e+04 8.004960402064357702e-04
1.761290000000000146e+04 8.009650035654219914e-04
1.761609999999999854e+04 7.999064605251156226e-04
1.761940000000000146e+04 8.039148880939219442e-04
1.762270000000000073e+04 8.064812524596077494e-04
1.762600000000000000e+04 8.063465564553432777e-04
1.762929999999999927e+04 8.103032915538799534e-04
1.763259999999999854e+04 8.095666020794423535e-04
1.763590000000000146e+04 8.044323684686025249e-04
1.763920000000000073e+04 8.117999706877050041e-04
1.764250000000000000e+04 8.135412888375889197e-04
1.764579999999999927e+04 8.164140474529816551e-04
1.764909999999999854e+04 8.206052360450161827e-04
1.765240000000000146e+04 8.256591309586814708e-04
1.765570000000000073e+04 8.235641578458503679e-04
1.765900000000000000e+04 8.345112266439225083e-04
1.766229999999999927e+04 8.304281375920127871e-04
1.766559999999999854e+04 8.326073509425704336e-04
1.766890000000000146e+04 8.412244087864168343e-04
1.767220000000000073e+04 8.465793277887047894e-04
1.767550000000000000e+04 8.539839807511305893e-04
1.767870000000000073e+04 8.454121096594809613e-04
1.768200000000000000e+04 8.397165296881780932e-04
1.768529999999999927e+04 8.516056217234798439e-04
1.768859999999999854e+04 8.584008083971570975e-04
1.769190000000000146e+04 8.642645896505262186e-04
1.769520000000000073e+04 8.698972628906659517e-04
1.769850000000000000e+04 8.740570583454116424e-04
1.770179999999999927e+04 8.753123039795210770e-04
1.770509999999999854e+04 8.736057856315088046e-04
1.770840000000000146e+04 8.802875348107989419e-04
1.771170000000000073e+04 8.835165253273817359e-04
1.771500000000000000e+04 8.836511107977376841e-04
1.771829999999999927e+04 8.863376729108525358e-04
1.772159999999999854e+04 8.871412805267148496e-04
1.772490000000000146e+04 8.971983303078688229e-04
1.772820000000000073e+04 8.936535044390985687e-04
1.773150000000000000e+04 8.975825573181258525e-04
1.773479999999999927e+04 9.029621142061277283e-04
1.773809999999999854e+04 9.047794109102351781e-04
1.774140000000000146e+04 9.051565001848455331e-04
1.774459999999999854e+04 9.084930332693937679e-04
1.774790000000000146e+04 9.104590066746466939e-04
1.775120000000000073e+04 9.223223602741327347e-04
1.775450000000000000e+04 9.188776517210880306e-04
1.775779999999999927e+04 9.157215718762778695e-04
1.776109999999999854e+04 9.150771025542965781e-04
1.776440000000000146e+04 9.226968286869442369e-04
1.776770000000000073e+04 9.290959411264069568e-04
1.777100000000000000e+04 9.294387823251638392e-04
1.777429999999999927e+04 9.329257428300113996e-04
1.777759999999999854e+04 9.371030396547171213e-04
1.778090000000000146e+04 9.465183690559875185e-04
1.778420000000000073e+04 9.497224592265763200e-04
1.778750000000000000e+04 9.525113209505427963e-04
1.779079999999999927e+04 9.578765454635945146e-04
1.779409999999999854e+04 9.542465953602472786e-04
1.779740000000000146e+04 9.591554849753092075e-04
1.780070000000000073e+04 9.662731732590580571e-04
1.780400000000000000e+04 9.636039985567513341e-04
1.780720000000000073e+04 9.698411325601230754e-04
1.781050000000000000e+04 9.698450995148000416e-04
1.781379999999999927e+04 9.767017681875322065e-04
1.781709999999999854e+04 9.807046168877398863e-04
1.782040000000000146e+04 9.892359197913318421e-04
1.782370000000000073e+04 9.890178333241419172e-04
1.782700000000000000e+04 9.943452920761482010e-04
1.783029999999999927e+04 1.004677821024533343e-03
1.783359999999999854e+04 1.006574177598780180e-03
1.783690000000000146e+04 1.012305097239518540e-03
1.784020000000000073e+04 1.011178791752098509e-03
1.784350000000000000e+04 1.020166141881184620e-03
1.784679999999999927e+04 1.026840178182354289e-03
1.785009999999999854e+04 1.030234166913401818e-03
1.785340000000000146e+04 1.035649760136646367e-03
1.785670000000000073e+04 1.051369993047222709e-03
1.786000000000000000e+04 1.058706809633473082e-03
1.786329999999999927e+04 1.056827738125761017e-03
1.786659999999999854e+04 1.062402984552712195e-03
1.786990000000000146e+04 1.073294786980422480e-03
1.787309999999999854e+04 1.076356620602092386e-03
1.787640000000000146e+04 1.079978578403420313e-03
1.787970000000000073e+04 1.084030132002606912e-03
1.788300000000000000e+04 1.085166130352628903e-03
1.788629999999999927e+04 1.091826456914604193e-03
1.788959999999999854e+04 1.097111087433042366e-03
1.789290000000000146e+04 1.104618782884844112e-03
1.789620000000000073e+04 1.109149254290496892e-03
1.789950000000000000e+04 1.115099133154498099e-03
1.790279999999999927e+04 1.119209269824501200e-03
1.790609999999999854e+04 1.122064738243245489e-03
1.790940000000000146e+04 1.134150714055066162e-03
1.791270000000000073e+04 1.136944340554770557e-03
1.791600000000000000e+04 1.138373855624902776e-03
1.791929999999999927e+04 1.139022160049273482e-03
1.792259999999999854e+04 1.140023882384052752e-03
1.792590000000000146e+04 1.144383114808651854e-03
1.792920000000000073e+04 1.144513430476345973e-03
1.793250000000000000e+04 1.153312313754604633e-03
1.793570000000000073e+04 1.167760152626323798e-03
1.793900000000000000e+04 1.178052219197783801e-03
1.794229999999999927e+04 1.186943704127301153e-03
1.794559999999999854e+04 1.191766667713115404e-03
1.794890000000000146e+04 1.197153256417896744e-03
1.795220000000000073e+04 1.200883665921293614e-03
1.795550000000000000e+04 1.205378229134006478e-03
1.795879999999999927e+04 1.214554947427252170e-03
1.796209999999999854e+04 1.221723231839036763e-03
1.796540000000000146e+04 1.230650749947065185e-03
1.796870000000000073e+04 1.241650885955392124e-03
1.797200000000000000e+04 1.248054011981901542e-03
1.797529999999999927e+04 1.256691622402251801e-03
1.797859999999999854e+04 1.265149199632458919e-03
1.798190000000000146e+04 1.275244103362413927e-03
1.798520000000000073e+04 1.282456966749510267e-03
1.798850000000000000e+04 1.290787284511472378e-03
1.799179999999999927e+04 1.300493968326508392e-03
1.799509999999999854e+04 1.303024561561676566e-03
1.799840000000000146e+04 1.307640047726419492e-03
1.800159999999999854e+04 1.314471660874604606e-03
1.800490000000000146e+04 1.317552691700338762e-03
1.800820000000000073e+04 1.318024218680774766e-03
1.801150000000000000e+04 1.324918914260965778e-03
1.801479999999999927e+04 1.327307395167910556e-03
1.801809999999999854e+04 1.334288348449695844e-03
1.802140000000000146e+04 1.330154013476539821e-03
1.802470000000000073e+04 1.327973429974261795e-03
1.802800000000000000e+04 1.338081661920493756e-03
1.803129999999999927e+04 1.346376955886428211e-03
1.803459999999999854e+04 1.350227902227106027e-03
1.803790000000000146e+04 1.352426967025388473e-03
1.804120000000000073e+04 1.356549243130203116e-03
1.804450000000000000e+04 1.358492306992846715e-03
1.804779999999999927e+04 1.365954634107059782e-03
1.805109999999999854e+04 1.368555734064575216e-03
1.805440000000000146e+04 1.380753476164708112e-03
1.805770000000000073e+04 1.386774221331721303e-03
1.806100000000000000e+04 1.386166494134689854e-03
1.806429999999999927e+04 1.389551818139574688e-03
1.806750000000000000e+04 1.385086906572674569e-03
1.807079999999999927e+04 1.382529583668138089e-03
1.807409999999999854e+04 1.381040876457174243e-03
1.807740000000000146e+04 1.383216588448748542e-03
1.808070000000000073e+04 1.386474495723074522e-03
1.808400000000000000e+04 1.395385993509733972e-03
1.808729999999999927e+04 1.400957362890547240e-03
1.809059999999999854e+04 1.399948871357313161e-03
1.809390000000000146e+04 1.408358204986310874e-03
1.809720000000000073e+04 1.407429458499148125e-03
1.810050000000000000e+04 1.398177529887680839e-03
1.810379999999999927e+04 1.387825440956012239e-03
1.810709999999999854e+04 1.383055875447408581e-03
1.811040000000000146e+04 1.378794875846941874e-03
1.811370000000000073e+04 1.385890783031303074e-03
1.811700000000000000e+04 1.384204447479198217e-03
1.812029999999999927e+04 1.382652188325735488e-03
1.812359999999999854e+04 1.387834409965240474e-03
1.812690000000000146e+04 1.384675722023057153e-03
1.813009999999999854e+04 1.380207567528439873e-03
1.813340000000000146e+04 1.378666444383676304e-03
1.813670000000000073e+04 1.379772403318805900e-03
1.814000000000000000e+04 1.382188753370623821e-03
1.814329999999999927e+04 1.363747415983834624e-03
1.814659999999999854e+04 1.355548708802864315e-03
1.814990000000000146e+04 1.342985531706029781e-03
1.815320000000000073e+04 1.340916064838019875e-03
1.815650000000000000e+04 1.334806883460195855e-03
1.815979999999999927e+04 1.331963073559887375e-03
1.816309999999999854e+04 1.330776478120717374e-03
1.816640000000000146e+04 1.322041374682016244e-03
1.816970000000000073e+04 1.325270947924301473e-03
1.817300000000000000e+04 1.325043529016599331e-03
1.817629999999999927e+04 1.322307949319948602e-03
1.817959999999999854e+04 1.330002734525731955e-03
1.818290000000000146e+04 1.347233404016594683e-03
1.818620000000000073e+04 1.364229652408363233e-03
1.818950000000000000e+04 1.371174810443340436e-03
1.819279999999999927e+04 1.382110877726330182e-03
1.819600000000000000e+04 1.380160742630353547e-03
1.819929999999999927e+04 1.383340110838204764e-03
1.820259999999999854e+04 1.387732793763978185e-03
1.820590000000000146e+04 1.380435455225012152e-03
1.820920000000000073e+04 1.385122016030110748e-03
1.821250000000000000e+04 1.375690265741931224e-03
1.821579999999999927e+04 1.378562359379326705e-03
1.821909999999999854e+04 1.373846260614706430e-03
1.822240000000000146e+04 1.386702354884553458e-03
1.822570000000000073e+04 1.403950621969158631e-03
1.822900000000000000e+04 1.427076837503484527e-03
1.823229999999999927e+04 1.451750621100726104e-03
1.823559999999999854e+04 1.481361433568208512e-03
1.823890000000000146e+04 1.486974092610032338e-03
1.824220000000000073e+04 1.511062811932668533e-03
1.824550000000000000e+04 1.534144968100320050e-03
1.824879999999999927e+04 1.554678878661611445e-03
1.825209999999999854e+04 1.572399582421331798e-03
1.825540000000000146e+04 1.598745065607248524e-03
1.825859999999999854e+04 1.627007624315267645e-03
1.826190000000000146e+04 1.649435013879071163e-03
1.826520000000000073e+04 1.677246036409778046e-03
1.826850000000000000e+04 1.703526960748369878e-03
1.827179999999999927e+04 1.726494453240723457e-03
1.827509999999999854e+04 1.749213966164812764e-03
1.827840000000000146e+04 1.763166526739151901e-03
1.828170000000000073e+04 1.785224770186897951e-03
1.828500000000000000e+04 1.806847037838222453e-03
1.828829999999999927e+04 1.825285492554137292e-03
1.829159999999999854e+04 1.853692709938562682e-03
1.829490000000000146e+04 1.877992041743178128e-03
1.829820000000000073e+04 1.892233459940485980e-03
1.830150000000000000e+04 1.911567719473727641e-03
1.830479999999999927e+04 1.940607619386882504e-03
1.830809999999999854e+04 1.966583943844763243e-03
1.831140000000000146e+04 1.978243027485632882e-03
1.831470000000000073e+04 2.010581729090543147e-03
1.831800000000000000e+04 2.017570331252457102e-03
1.832129999999999927e+04 2.037730355515638813e-03
1.832450000000000000e+04 2.041658693166456106e-03
1.832779999999999927e+04 2.051664117679100757e-03
1.833109999999999854e+04 2.088849777031646753e-03
1.833440000000000146e+04 2.102574361036955823e-03
1.833770000000000073e+04 2.123174225405366055e-03
1.834100000000000000e+04 2.154045324392318828e-03
1.834429999999999927e+04 2.157620395635210207e-03
1.834759999999999854e+04 2.170573864723294999e-03
1.835090000000000146e+04 2.194936974911702345e-03
1.835420000000000073e+04 2.223724334311302439e-03
1.835750000000000000e+04 2.253862315166988567e-03
1.836079999999999927e+04 2.299079961978259083e-03
1.836409999999999854e+04 2.343869225027697158e-03
1.836740000000000146e+04 2.377973664682990745e-03
1.837070000000000073e+04 2.428912241679506354e-03
1.837400000000000000e+04 2.478070871958186830e-03
1.837729999999999927e+04 2.520601092299732445e-03
1.838059999999999854e+04 2.548499663899820179e-03
1.838390000000000146e+04 2.591307724468809755e-03
1.838709999999999854e+04 2.624030795519365945e-03
1.839040000000000146e+04 2.660697566574402907e-03
1.839370000000000073e+04 2.676619225613704675e-03
1.839700000000000000e+04 2.717883886736526585e-03
1.840029999999999927e+04 2.746509821970351869e-03
1.840359999999999854e+04 2.801220532612765622e-03
1.840690000000000146e+04 2.838949180933033212e-03
1.841020000000000073e+04 2.864996381027918714e-03
1.841350000000000000e+04 2.896244176416645690e-03
1.841679999999999927e+04 2.921604540424628180e-03
1.842009999999999854e+04 2.927422580699523894e-03
1.842340000000000146e+04 2.942006020675065874e-03
1.842670000000000073e+04 2.970904080243572977e-03
1.843000000000000000e+04 2.994167027105634413e-03
1.843329999999999927e+04 3.026819393092146978e-03
1.843659999999999854e+04 3.072608992909303064e-03
1.843990000000000146e+04 3.112566173472397241e-03
1.844320000000000073e+04 3.156565273509529326e-03
1.844650000000000000e+04 3.196968890096641477e-03
1.844979999999999927e+04 3.248922769531120691e-03
1.845300000000000000e+04 3.273411395997203287e-03
1.845629999999999927e+04 3.291662342794909966e-03
1.845959999999999854e+04 3.298811091521367759e-03
1.846290000000000146e+04 3.345396984506755680e-03
1.846620000000000073e+04 3.353619897116147820e-03
1.846950000000000000e+04 3.355695927230440117e-03
1.847279999999999927e+04 3.383992571948253678e-03
1.847609999999999854e+04 3.405328347655502477e-03
1.847940000000000146e+04 3.407441396386621212e-03
1.848270000000000073e+04 3.425250491897065090e-03
1.848600000000000000e+04 3.451846956346558536e-03
1.848929999999999927e+04 3.482942997209195150e-03
1.849259999999999854e+04 3.518863984988297201e-03
1.849590000000000146e+04 3.532454334914746953e-03
1.849920000000000073e+04 3.585771923854941083e-03
1.850250000000000000e+04 3.643339406388163785e-03
1.850579999999999927e+04 3.693760477122004157e-03
1.850909999999999854e+04 3.762713186483724725e-03
1.851240000000000146e+04 3.785480689870385999e-03
1.851570000000000073e+04 3.789736946564517886e-03
1.851890000000000146e+04 3.814992685707596729e-03
1.852220000000000073e+04 3.849159803747929324e-03
1.852550000000000000e+04 3.889741187492715309e-03
1.852879999999999927e+04 3.929823800218544029e-03
1.853209999999999854e+04 3.984886743324432372e-03
1.853540000000000146e+04 4.027823972690317868e-03
1.853870000000000073e+04 4.057554328256557895e-03
1.854200000000000000e+04 4.126401086954081983e-03
1.854529999999999927e+04 4.200844397502747317e-03
1.854859999999999854e+04 4.247670161228945390e-03
1.855190000000000146e+04 4.304896638312756714e-03
1.855520000000000073e+04 4.361355400737121357e-03
1.855850000000000000e+04 4.438164185526819253e-03
1.856179999999999927e+04 4.491418835507340890e-03
1.856509999999999854e+04 4.548324288192395586e-03
1.856840000000000146e+04 4.591330163391621651e-03
1.857170000000000073e+04 4.609122729101064464e-03
1.857500000000000000e+04 4.682940120337112690e-03
1.857829999999999927e+04 4.772403659790281152e-03
1.858150000000000000e+04 4.835425305554005675e-03
1.858479999999999927e+04 4.924495112007128486e-03
1.858809999999999854e+04 4.961657620598587670e-03
1.859140000000000146e+04 5.013175962576646785e-03
1.859470000000000073e+04 5.095397038559420187e-03
1.859800000000000000e+04 5.159082252769816961e-03
1.860129999999999927e+04 5.201100111526500876e-03
1.860459999999999854e+04 5.292195419782969208e-03
1.860790000000000146e+04 5.371668514128263849e-03
1.861120000000000073e+04 5.483938954628842823e-03
1.861450000000000000e+04 5.604307444364181948e-03
1.861779999999999927e+04 5.704985033030792602e-03
1.862109999999999854e+04 5.794903343509933726e-03
1.862440000000000146e+04 5.907799540271368478e-03
1.862770000000000073e+04 6.013970151590872226e-03
1.863100000000000000e+04 6.172312784108418063e-03
1.863429999999999927e+04 6.295245980066636014e-03
1.863759999999999854e+04 6.403845730818257496e-03
1.864090000000000146e+04 6.559683543226219396e-03
1.864420000000000073e+04 6.776944745130799967e-03
1.864740000000000146e+04 6.933321986068275745e-03
1.865070000000000073e+04 7.047490942914747154e-03
1.865400000000000000e+04 7.182944816881073336e-03
1.865729999999999927e+04 7.293946115844575188e-03
1.866059999999999854e+04 7.408995165406159940e-03
1.866390000000000146e+04 7.553121325654004077e-03
1.866720000000000073e+04 7.674030068896330568e-03
1.867050000000000000e+04 7.788474208936609425e-03
1.867379999999999927e+04 7.893593442819158909e-03
1.867709999999999854e+04 8.067801776077784814e-03
1.868040000000000146e+04 8.281917252442821606e-03
1.868370000000000073e+04 8.554385505344879945e-03
1.868700000000000000e+04 8.800437851871911049e-03
1.869029999999999927e+04 8.973842040238402123e-03
1.869359999999999854e+04 9.261185237145660651e-03
1.869690000000000146e+04 9.484591796265165464e-03
1.870020000000000073e+04 9.567004552564184125e-03
1.870350000000000000e+04 9.652516073047266026e-03
1.870679999999999927e+04 9.815428623542706357e-03
1.871000000000000000e+04 1.013532730349356661e-02
1.871329999999999927e+04 1.029514170726509963e-02
1.871659999999999854e+04 1.041243807845152608e-02
1.871990000000000146e+04 1.055209185538362980e-02
1.872320000000000073e+04 1.066899661799979374e-02
1.872650000000000000e+04 1.082282720222206736e-02
1.872979999999999927e+04 1.091682534109479109e-02
1.873309999999999854e+04 1.105084868179124873e-02
1.873640000000000146e+04 1.119880768863750625e-02
1.873970000000000073e+04 1.134939317507357298e-02
1.874300000000000000e+04 1.138138759545011952e-02
1.874629999999999927e+04 1.150926259141387721e-02
1.874959999999999854e+04 1.156522213279370485e-02
1.875290000000000146e+04 1.167025389860058306e-02
1.875620000000000073e+04 1.177113633843135734e-02
1.875950000000000000e+04 1.191641788217624558e-02
1.876279999999999927e+04 1.206142703560487625e-02
1.876609999999999854e+04 1.219757715983678728e-02
1.876940000000000146e+04 1.226963789579422690e-02
1.877270000000000073e+04 1.240921490727184794e-02
1.877590000000000146e+04 1.258566624109516176e-02
1.877920000000000073e+04 1.264181071365101661e-02
1.878250000000000000e+04 1.281226418871841792e-02
1.878579999999999927e+04 1.300269470435062337e-02
1.878909999999999854e+04 1.322847183749737560e-02
1.879240000000000146e+04 1.345002654440932872e-02
1.879570000000000073e+04 1.367155083113709424e-02
1.879900000000000000e+04 1.394044898295961239e-02
1.880229999999999927e+04 1.423145888735673388e-02
1.880559999999999854e+04 1.449491530090255692e-02
1.880890000000000146e+04 1.470366236941124567e-02
1.881220000000000073e+04 1.494917090416816863e-02
1.881550000000000000e+04 1.525787336170323846e-02
1.881879999999999927e+04 1.556652547198230860e-02
1.882209999999999854e+04 1.587772938853743848e-02
1.882540000000000146e+04 1.620001505435599704e-02
1.882870000000000073e+04 1.647847942591995282e-02
1.883200000000000000e+04 1.675729571566392934e-02
1.883529999999999927e+04 1.706101720229222934e-02
1.883859999999999854e+04 1.738326000996708379e-02
1.884179999999999927e+04 1.764296682652338744e-02
1.884509999999999854e+04 1.791043942180663845e-02
1.884840000000000146e+04 1.810393406812496261e-02
1.885170000000000073e+04 1.831580354802811103e-02
1.885500000000000000e+04 1.860017774200253479e-02
1.885829999999999927e+04 1.876737518281978989e-02
1.886159999999999854e+04 1.897406312865082892e-02
1.886490000000000146e+04 1.935980654808965376e-02
1.886820000000000073e+04 1.976677784864057028e-02
1.887150000000000000e+04 2.007033115807142082e-02
1.887479999999999927e+04 2.020749317368100706e-02
1.887809999999999854e+04 2.052163552369738395e-02
1.888140000000000146e+04 2.088578628906013687e-02
1.888470000000000073e+04 2.122919823203166939e-02
1.888800000000000000e+04 2.156625439256834587e-02
1.889129999999999927e+04 2.187908645788389297e-02
1.889459999999999854e+04 2.226457111108296610e-02
1.889790000000000146e+04 2.263688706419756183e-02
1.890120000000000073e+04 2.300786547603950183e-02
1.890440000000000146e+04 2.333330481918308164e-02
1.890770000000000073e+04 2.377435992697965114e-02
1.891100000000000000e+04 2.416295263987565389e-02
1.891429999999999927e+04 2.460763870271215695e-02
1.891759999999999854e+04 2.503098384711660920e-02
1.892090000000000146e+04 2.546922906230048370e-02
1.892420000000000073e+04 2.585840809498128265e-02
1.892750000000000000e+04 2.623585722423105865e-02
1.893079999999999927e+04 2.665240975987457836e-02
1.893409999999999854e+04 2.706169418187582415e-02
1.893740000000000146e+04 2.743652661279671542e-02
1.894070000000000073e+04 2.774886436287884658e-02
1.894400000000000000e+04 2.813209284995166551e-02
1.894729999999999927e+04 2.844962009379859574e-02
1.895059999999999854e+04 2.876087945423319234e-02
1.895390000000000146e+04 2.907603060984221763e-02
1.895720000000000073e+04 2.934164831499082651e-02
1.896050000000000000e+04 2.962976315577685663e-02
1.896379999999999927e+04 2.988745334484578173e-02
1.896709999999999854e+04 3.012472927763852615e-02
1.897029999999999927e+04 3.032017096759394986e-02
1.897359999999999854e+04 3.051355608170804035e-02
1.897690000000000146e+04 3.076519581093720840e-02
1.898020000000000073e+04 3.096039442783069320e-02
1.898350000000000000e+04 3.116287697631225234e-02
1.898679999999999927e+04 3.138090143312881330e-02
1.899009999999999854e+04 3.157419245494131471e-02
1.899340000000000146e+04 3.177102723181532418e-02
1.899670000000000073e+04 3.194488332823003374e-02
1.900000000000000000e+04 3.213186526499441781e-02
1.900329999999999927e+04 3.229261674773165058e-02
1.900659999999999854e+04 3.247620598734077962e-02
1.900990000000000146e+04 3.259900218581440745e-02
1.901320000000000073e+04 3.272029175520134447e-02
1.901650000000000000e+04 3.283173662022539213e-02
1.901979999999999927e+04 3.295369989472065470e-02
1.902309999999999854e+04 3.307620438690245940e-02
1.902640000000000146e+04 3.322617717170045504e-02
1.902970000000000073e+04 3.330509704190091208e-02
1.903290000000000146e+04 3.338579680097889663e-02
1.903620000000000073e+04 3.345718924838049502e-02
1.903950000000000000e+04 3.352530538754876221e-02
1.904279999999999927e+04 3.359502572277512505e-02
1.904609999999999854e+04 3.363178212368794773e-02
1.904940000000000146e+04 3.368005196367509363e-02
1.905270000000000073e+04 3.375814422441661411e-02
1.905600000000000000e+04 3.381245473069664081e-02
1.905929999999999927e+04 3.386275202446782651e-02
1.906259999999999854e+04 3.387183527744044853e-02
1.906590000000000146e+04 3.388903891653984729e-02
1.906920000000000073e+04 3.390404720734307986e-02
1.907250000000000000e+04 3.387624872876779381e-02
1.907579999999999927e+04 3.384379394659003254e-02
1.907909999999999854e+04 3.381281262891657619e-02
1.908240000000000146e+04 3.379851775380223605e-02
1.908570000000000073e+04 3.373732612370092254e-02
1.908900000000000000e+04 3.367459033953312114e-02
1.909229999999999927e+04 3.360295860274319785e-02
1.909559999999999854e+04 3.352899994159169728e-02
1.909879999999999927e+04 3.348650262884552559e-02
1.910209999999999854e+04 3.338575485069247145e-02
1.910540000000000146e+04 3.330640823153004082e-02
1.910870000000000073e+04 3.324361654812408445e-02
1.911200000000000000e+04 3.317812422182250115e-02
1.911529999999999927e+04 3.310652343659174074e-02
1.911859999999999854e+04 3.293865612832060780e-02
1.912190000000000146e+04 3.281239971105486680e-02
1.912520000000000073e+04 3.263402864591322811e-02
1.912850000000000000e+04 3.246041217071245905e-02
1.913179999999999927e+04 3.231618517864746909e-02
1.913509999999999854e+04 3.217726927807227494e-02
1.913840000000000146e+04 3.202320723480679004e-02
1.914170000000000073e+04 3.182420398652850008e-02
1.914500000000000000e+04 3.163905769270514146e-02
1.914829999999999927e+04 3.142538837352382153e-02
1.915159999999999854e+04 3.121958363125491159e-02
1.915490000000000146e+04 3.102539696018304788e-02
1.915820000000000073e+04 3.082022620660008691e-02
1.916140000000000146e+04 3.064204792128239277e-02
1.916470000000000073e+04 3.042300160867462272e-02
1.916800000000000000e+04 3.019950316116601710e-02
1.917129999999999927e+04 2.994810322742859354e-02
1.917459999999999854e+04 2.971165728400860725e-02
1.917790000000000146e+04 2.948712104385587535e-02
1.918120000000000073e+04 2.927076463274455240e-02
1.918450000000000000e+04 2.901531375089809461e-02
1.918779999999999927e+04 2.876251762948896229e-02
1.919109999999999854e+04 2.850963221100318717e-02
1.919440000000000146e+04 2.826303550925833227e-02
1.919770000000000073e+04 2.798924037695154146e-02
1.920100000000000000e+04 2.773258597207262782e-02
1.920429999999999927e+04 2.747710877420166120e-02
1.920759999999999854e+04 2.719812744885668349e-02
1.921090000000000146e+04 2.693828739813785081e-02
1.921420000000000073e+04 2.665122231459782914e-02
1.921750000000000000e+04 2.634277128825292247e-02
1.922079999999999927e+04 2.605853396950212966e-02
1.922409999999999854e+04 2.577217350873224622e-02
1.922729999999999927e+04 2.547189952577256014e-02
1.923059999999999854e+04 2.517643997166690850e-02
1.923390000000000146e+04 2.487325251421880490e-02
1.923720000000000073e+04 2.459055985968511965e-02
1.924050000000000000e+04 2.429578272097025066e-02
1.924379999999999927e+04 2.399602315931709598e-02
1.924709999999999854e+04 2.369381757923993623e-02
1.925040000000000146e+04 2.339242848331581429e-02
1.925370000000000073e+04 2.305679258385126898e-02
1.925700000000000000e+04 2.277403311020227000e-02
1.926029999999999927e+04 2.245709173727387584e-02
1.926359999999999854e+04 2.212359158682562776e-02
1.926690000000000146e+04 2.182822464990329114e-02
1.927020000000000073e+04 2.150182004450765932e-02
1.927350000000000000e+04 2.119226220244294773e-02
1.927679999999999927e+04 2.086913283489879103e-02
1.928009999999999854e+04 2.052967008204636956e-02
1.928340000000000146e+04 2.023471354796049088e-02
1.928670000000000073e+04 1.991202602237641950e-02
1.929000000000000000e+04 1.960074357111353874e-02
1.929320000000000073e+04 1.928852709653547728e-02
1.929650000000000000e+04 1.897404013726049915e-02
1.929979999999999927e+04 1.866061132523513452e-02
1.930309999999999854e+04 1.836951337883190039e-02
1.930640000000000146e+04 1.807639552124590959e-02
1.930970000000000073e+04 1.778222200405819159e-02
1.931300000000000000e+04 1.749861643954349344e-02
1.931629999999999927e+04 1.718418953813261735e-02
1.931959999999999854e+04 1.686777331309748454e-02
1.932290000000000146e+04 1.653950494219725426e-02
1.932620000000000073e+04 1.622214239709396724e-02
1.932950000000000000e+04 1.589292030842015535e-02
1.933279999999999927e+04 1.558827001535419317e-02
1.933609999999999854e+04 1.531032877072567057e-02
1.933940000000000146e+04 1.503780867984149013e-02
1.934270000000000073e+04 1.474921247340424055e-02
1.934600000000000000e+04 1.444699367857464611e-02
1.934929999999999927e+04 1.415165246638364072e-02
1.935259999999999854e+04 1.385026033049930293e-02
1.935579999999999927e+04 1.354249855514329595e-02
1.935909999999999854e+04 1.323963122488190820e-02
1.936240000000000146e+04 1.294808168619378773e-02
1.936570000000000073e+04 1.265595678654306798e-02
1.936900000000000000e+04 1.236868868867525839e-02
1.937229999999999927e+04 1.209214496180501149e-02
1.937559999999999854e+04 1.180046349373700676e-02
1.937890000000000146e+04 1.152297991748594055e-02
1.938220000000000073e+04 1.125488612312249351e-02
1.938550000000000000e+04 1.096565420010415376e-02
1.938879999999999927e+04 1.067376602942505040e-02
1.939209999999999854e+04 1.039764897082019225e-02
1.939540000000000146e+04 1.012860084705805019e-02
1.939870000000000073e+04 9.867970700673890649e-03
1.940200000000000000e+04 9.613183161838177379e-03
1.940529999999999927e+04 9.356584360979823545e-03
1.940859999999999854e+04 9.103675053395821060e-03
1.941190000000000146e+04 8.842807845448835344e-03
1.941520000000000073e+04 8.594526624458555947e-03
1.941850000000000000e+04 8.347720453004695701e-03
1.942170000000000073e+04 8.075066222390885756e-03
1.942500000000000000e+04 7.813829367582956695e-03
1.942829999999999927e+04 7.566865445587601414e-03
1.943159999999999854e+04 7.317764695777251825e-03
1.943490000000000146e+04 7.063113234505263502e-03
1.943820000000000073e+04 6.796119598608377048e-03
1.944150000000000000e+04 6.533327044887944288e-03
1.944479999999999927e+04 6.301424841390603805e-03
1.944809999999999854e+04 6.068759324230126213e-03
1.945140000000000146e+04 5.844201297824336630e-03
1.945470000000000073e+04 5.620630460645061749e-03
1.945800000000000000e+04 5.400302468991026623e-03
1.946129999999999927e+04 5.148815067232307557e-03
1.946459999999999854e+04 4.918470572506512123e-03
1.946790000000000146e+04 4.670083079987663414e-03
1.947120000000000073e+04 4.437984583909715570e-03
1.947450000000000000e+04 4.204802280390654810e-03
1.947779999999999927e+04 3.976005567968073952e-03
1.948109999999999854e+04 3.765917409176556922e-03
1.948429999999999927e+04 3.549661675705079091e-03
1.948759999999999854e+04 3.345973500961611953e-03
1.949090000000000146e+04 3.146444826155820381e-03
1.949420000000000073e+04 2.949154043362227275e-03
1.949750000000000000e+04 2.745621493885228026e-03
1.950079999999999927e+04 2.520375123378591244e-03
1.950409999999999854e+04 2.313080353799379894e-03
1.950740000000000146e+04 2.113672682598341165e-03
1.951070000000000073e+04 1.917619890339312657e-03
1.951400000000000000e+04 1.734377763360265678e-03
1.951729999999999927e+04 1.544579486565767412e-03
1.952059999999999854e+04 1.344565110670909109e-03
1.952390000000000146e+04 1.167236230716878426e-03
1.952720000000000073e+04 9.893556067582327720e-04
1.953050000000000000e+04 8.141639348329707086e-04
1.953379999999999927e+04 6.279353738205852020e-04
1.953709999999999854e+04 4.275712485178656454e-04
1.954040000000000146e+04 2.706522367695819915e-04
1.954370000000000073e+04 1.128493802372513969e-04
1.954700000000000000e+04 -5.638949871031414591e-05
1.955020000000000073e+04 -2.243769516288977612e-04
1.955350000000000000e+04 -3.794247524926293563e-04
1.955679999999999927e+04 -5.213346420441818509e-04
1.956009999999999854e+04 -6.749501872252529951e-04
1.956340000000000146e+04 -8.277222946860864333e-04
1.956670000000000073e+04 -9.787708188052830251e-04
1.957000000000000000e+04 -1.119065176876479209e-03
1.957329999999999927e+04 -1.267639150010705989e-03
1.957659999999999854e+04 -1.403641077444416725e-03
1.957990000000000146e+04 -1.525544855014431640e-03
1.958320000000000073e+04 -1.665010829018340925e-03
1.958650000000000000e+04 -1.814957848838817884e-03
1.958979999999999927e+04 -1.924331082075166587e-03
1.959309999999999854e+04 -2.052219383833884473e-03
1.959640000000000146e+04 -2.163423127288814727e-03
1.959970000000000073e+04 -2.273750624303832752e-03
1.960300000000000000e+04 -2.387095607380702259e-03
1.960629999999999927e+04 -2.518928646477413841e-03
1.960959999999999854e+04 -2.645367779706070139e-03
1.961290000000000146e+04 -2.786438984336162515e-03
1.961609999999999854e+04 -2.914372078431654977e-03
1.961940000000000146e+04 -3.018738657337947506e-03
1.962270000000000073e+04 -3.147195400946427302e-03
1.962600000000000000e+04 -3.252383750809054435e-03
1.962929999999999927e+04 -3.357318166874922929e-03
1.963259999999999854e+04 -3.439454535513550380e-03
1.963590000000000146e+04 -3.510590418309002085e-03
1.963920000000000073e+04 -3.634468495668768690e-03
1.964250000000000000e+04 -3.713699473410559445e-03
1.964579999999999927e+04 -3.841825469921222262e-03
1.964909999999999854e+04 -3.969238664630256146e-03
1.965240000000000146e+04 -4.083684100687719198e-03
1.965570000000000073e+04 -4.209747636359646196e-03
1.965900000000000000e+04 -4.283005289932995466e-03
1.966229999999999927e+04 -4.331103679353612637e-03
1.966559999999999854e+04 -4.380214520394369419e-03
1.966890000000000146e+04 -4.463732212611037919e-03
1.967220000000000073e+04 -4.565401360045490999e-03
1.967550000000000000e+04 -4.650127884648263925e-03
1.967870000000000073e+04 -4.759735146419878139e-03
1.968200000000000000e+04 -4.819876854614027831e-03
1.968529999999999927e+04 -4.879060624331001995e-03
1.968859999999999854e+04 -4.926958700693513139e-03
1.969190000000000146e+04 -4.963476279907463179e-03
1.969520000000000073e+04 -5.028022544290679414e-03
1.969850000000000000e+04 -5.065112667983759538e-03
1.970179999999999927e+04 -5.086944082380129989e-03
1.970509999999999854e+04 -5.195852588553586011e-03
1.970840000000000146e+04 -5.323479133520136672e-03
1.971170000000000073e+04 -5.406765284807770258e-03
1.971500000000000000e+04 -5.446273840682838187e-03
1.971829999999999927e+04 -5.534781562161136988e-03
1.972159999999999854e+04 -5.556800528273358845e-03
1.972490000000000146e+04 -5.588757115002515076e-03
1.972820000000000073e+04 -5.661751723349123244e-03
1.973150000000000000e+04 -5.760343585026936851e-03
1.973479999999999927e+04 -5.831884710173135429e-03
1.973809999999999854e+04 -5.899870882852394256e-03
1.974140000000000146e+04 -5.985623654258755491e-03
1.974459999999999854e+04 -6.094218495996296323e-03
1.974790000000000146e+04 -6.118186168937570814e-03
1.975120000000000073e+04 -6.133019450186342168e-03
1.975450000000000000e+04 -6.187650197017231790e-03
1.975779999999999927e+04 -6.213024647067349505e-03
1.976109999999999854e+04 -6.294672977214912576e-03
1.976440000000000146e+04 -6.368301977280384045e-03
1.976770000000000073e+04 -6.453320312875735106e-03
1.977100000000000000e+04 -6.512786007990321521e-03
1.977429999999999927e+04 -6.542890942054681649e-03
1.977759999999999854e+04 -6.592189750891234643e-03
1.978090000000000146e+04 -6.641674951143280645e-03
1.978420000000000073e+04 -6.709517428683164399e-03
1.978750000000000000e+04 -6.724997582204932621e-03
1.979079999999999927e+04 -6.799215563075859323e-03
1.979409999999999854e+04 -6.822816241134636341e-03
1.979740000000000146e+04 -6.859422848219827278e-03
1.980070000000000073e+04 -6.921263194889519868e-03
1.980400000000000000e+04 -6.928555044628232837e-03
1.980720000000000073e+04 -6.970384416764749923e-03
1.981050000000000000e+04 -6.961468299244340414e-03
1.981379999999999927e+04 -6.939650629945995873e-03
1.981709999999999854e+04 -6.965952823091241079e-03
1.982040000000000146e+04 -6.957171711706328261e-03
1.982370000000000073e+04 -6.970357959116740831e-03
1.982700000000000000e+04 -7.001279357453669104e-03
1.983029999999999927e+04 -7.046505978180741050e-03
1.983359999999999854e+04 -7.056037529310252993e-03
1.983690000000000146e+04 -7.066777648745115568e-03
1.984020000000000073e+04 -7.068515728441074862e-03
1.984350000000000000e+04 -7.100109320113853241e-03
1.984679999999999927e+04 -7.108826833109375271e-03
1.985009999999999854e+04 -7.142865870147244167e-03
1.985340000000000146e+04 -7.195422655278363618e-03
1.985670000000000073e+04 -7.268177732207158417e-03
1.986000000000000000e+04 -7.314058081560311474e-03
1.986329999999999927e+04 -7.378862629622866785e-03
1.986659999999999854e+04 -7.399853705117353901e-03
1.986990000000000146e+04 -7.380814283901097374e-03
1.987309999999999854e+04 -7.336039010243224599e-03
1.987640000000000146e+04 -7.337831972022116830e-03
1.987970000000000073e+04 -7.370261658686531013e-03
1.988300000000000000e+04 -7.362047485272634612e-03
1.988629999999999927e+04 -7.430374273205841637e-03
1.988959999999999854e+04 -7.514809892278810632e-03
1.989290000000000146e+04 -7.500941510235398756e-03
1.989620000000000073e+04 -7.462778655984015144e-03
1.989950000000000000e+04 -7.439599772390869878e-03
1.990279999999999927e+04 -7.433453682388912326e-03
1.990609999999999854e+04 -7.433727704285367222e-03
1.990940000000000146e+04 -7.392191528751543630e-03
1.991270000000000073e+04 -7.405762833109995683e-03
1.991600000000000000e+04 -7.407012007404843376e-03
1.991929999999999927e+04 -7.424595676162962406e-03
1.992259999999999854e+04 -7.432736461235953628e-03
1.992590000000000146e+04 -7.421637988603303412e-03
