1.716800000000000000e+04 3.989642821576006937e-04
1.717129999999999927e+04 3.903852047666480111e-04
1.717459999999999854e+04 3.922325212483915714e-04
1.717790000000000146e+04 3.734089001915677584e-04
1.718120000000000073e+04 3.687372930483140258e-04
1.718450000000000000e+04 3.643064769955808965e-04
1.718779999999999927e+04 3.595314012626152681e-04
1.719109999999999854e+04 3.555913621895182225e-04
1.719440000000000146e+04 3.475286971227350779e-04
1.719770000000000073e+04 3.603564739571199060e-04
1.720100000000000000e+04 3.654957352670370574e-04
1.720429999999999927e+04 3.596106907657724977e-04
1.720759999999999854e+04 3.588735441984955161e-04
1.721090000000000146e+04 3.610612382506205443e-04
1.721420000000000073e+04 3.655464493772947747e-04
1.721750000000000000e+04 3.671115473638572450e-04
1.722079999999999927e+04 3.699612976872423465e-04
1.722409999999999854e+04 3.615197551589799233e-04
1.722729999999999927e+04 3.700653050743047822e-04
1.723059999999999854e+04 3.721634640870984025e-04
1.723390000000000146e+04 3.758199621692935133e-04
1.723720000000000073e+04 3.815112266381559016e-04
1.724050000000000000e+04 3.903120009051330372e-04
1.724379999999999927e+04 3.813071504184931452e-04
1.724709999999999854e+04 3.825300912581861869e-04
1.725040000000000146e+04 3.891039748987582566e-04
1.725370000000000073e+04 3.941514791923424643e-04
1.725700000000000000e+04 3.901162965006297429e-04
1.726029999999999927e+04 3.965734231891287044e-04
1.726359999999999854e+04 4.097797940774653845e-04
1.726690000000000146e+04 4.115259376520221486e-04
1.727020000000000073e+04 3.974131326306911500e-04
1.727350000000000000e+04 4.124225761221162303e-04
1.727679999999999927e+04 4.269352804314200875e-04
1.728009999999999854e+04 4.380290057562149933e-04
1.728340000000000146e+04 4.466110425254284067e-04
1.728670000000000073e+04 4.453797787235084528e-04
1.729000000000000000e+04 4.502889945168015622e-04
1.729320000000000073e+04 4.536472444383017415e-04
1.729650000000000000e+04 4.686615375405480343e-04
1.729979999999999927e+04 4.720526494498560760e-04
1.730309999999999854e+04 4.823969221897168500e-04
1.730640000000000146e+04 4.844689700985478219e-04
1.730970000000000073e+04 4.926979749835883873e-04
1.731300000000000000e+04 5.026850537496327853e-04
1.731629999999999927e+04 5.170975079821443039e-04
1.731959999999999854e+04 5.263965107826083139e-04
1.732290000000000146e+04 5.318594067778602882e-04
1.732620000000000073e+04 5.407834726865510091e-04
1.732950000000000000e+04 5.514030766232174341e-04
1.733279999999999927e+04 5.541520430193403986e-04
1.733609999999999854e+04 5.582325642254606013e-04
1.733940000000000146e+04 5.595712299169293804e-04
1.734270000000000073e+04 5.641067782384725626e-04
1.734600000000000000e+04 5.662863972077330057e-04
1.734929999999999927e+04 5.707930630999074554e-04
1.735259999999999854e+04 5.674704383795872286e-04
1.735579999999999927e+04 5.732301650459531266e-04
1.735909999999999854e+04 5.668121916299137400e-04
1.736240000000000146e+04 5.636304655810692177e-04
1.736570000000000073e+04 5.584137270926538884e-04
1.736900000000000000e+04 5.589580640638530966e-04
1.737229999999999927e+04 5.664861107848014141e-04
1.737559999999999854e+04 5.664878032713781915e-04
1.737890000000000146e+04 5.699828351056299581e-04
1.738220000000000073e+04 5.719447699623845518e-04
1.738550000000000000e+04 5.687468623452010714e-04
1.738879999999999927e+04 5.712661608873059347e-04
1.739209999999999854e+04 5.714302168204626756e-04
1.739540000000000146e+04 5.764298816823637756e-04
1.739870000000000073e+04 5.826016844054903712e-04
1.740200000000000000e+04 5.863436591183461858e-04
1.740529999999999927e+04 5.914867699649650583e-04
1.740859999999999854e+04 5.993221099145674708e-04
1.741190000000000146e+04 6.049519436146365715e-04
1.741520000000000073e+04 6.208563571684565198e-04
1.741850000000000000e+04 6.281740010584923846e-04
1.742170000000000073e+04 6.281488394657287321e-04
1.742500000000000000e+04 6.350387701338331033e-04
1.742829999999999927e+04 6.396396794522517379e-04
1.743159999999999854e+04 6.444696592241961177e-04
1.743490000000000146e+04 6.547409871541934670e-04
1.743820000000000073e+04 6.523762708331749816e-04
1.744150000000000000e+04 6.512033561279259152e-04
1.744479999999999927e+04 6.496659634204053103e-04
1.744809999999999854e+04 6.483654719434278364e-04
1.745140000000000146e+04 6.443421570088747651e-04
1.745470000000000073e+04 6.419869086819517210e-04
1.745800000000000000e+04 6.412682478193855234e-04
1.746129999999999927e+04 6.377877064577664292e-04
1.746459999999999854e+04 6.461248315612381447e-04
1.746790000000000146e+04 6.442390653658749402e-04
1.747120000000000073e+04 6.430275015060164107e-04
1.747450000000000000e+04 6.364961859768428253e-04
1.747779999999999927e+04 6.450887113642206089e-04
1.748109999999999854e+04 6.463820442383100967e-04
1.748429999999999927e+04 6.499456700245671587e-04
1.748759999999999854e+04 6.476389720782659400e-04
1.749090000000000146e+04 6.485305700518761724e-04
1.749420000000000073e+04 6.541799903331565851e-04
1.749750000000000000e+04 6.591033102326839107e-04
1.750079999999999927e+04 6.611736110224889331e-04
1.750409999999999854e+04 6.692688931460605718e-04
1.750740000000000146e+04 6.685342307656790602e-04
1.751070000000000073e+04 6.708745331477719304e-04
1.751400000000000000e+04 6.763995196780099887e-04
1.751729999999999927e+04 6.751735165255096961e-04
1.752059999999999854e+04 6.651902653933754270e-04
1.752390000000000146e+04 6.669848555489551632e-04
1.752720000000000073e+04 6.661004602947061953e-04
1.753050000000000000e+04 6.748031182578013076e-04
1.753379999999999927e+04 6.873625115198442326e-04
1.753709999999999854e+04 6.868934149090775250e-04
1.754040000000000146e+04 6.886851170890624825e-04
1.754370000000000073e+04 6.866274118827707124e-04
1.754700000000000000e+04 6.901059188159840109e-04
1.755020000000000073e+04 6.945904175474265684e-04
1.755350000000000000e+04 6.954186485043614870e-04
1.755679999999999927e+04 6.937019216551436069e-04
1.756009999999999854e+04 6.957651772654847248e-04
1.756340000000000146e+04 6.941716468589840660e-04
1.756670000000000073e+04 6.935498260146436304e-04
1.757000000000000000e+04 6.963140932211761818e-04
1.757329999999999927e+04 6.968651939460781273e-04
1.757659999999999854e+04 6.997381732921581715e-04
1.757990000000000146e+04 6.942147720432084073e-04
1.758320000000000073e+04 6.970865774584065859e-04
1.758650000000000000e+04 7.085927545355083686e-04
1.758979999999999927e+04 7.100839770654193738e-04
1.759309999999999854e+04 7.096741200755677433e-04
1.759640000000000146e+04 7.103402462651940610e-04
1.759970000000000073e+04 7.076444246683926851e-04
1.760300000000000000e+04 7.093447155760269169e-04
1.760629999999999927e+04 7.100339157456663592e-04
1.760959999999999854e+04 7.082391213482302312e-04
1.761290000000000146e+04 7.141619247572495582e-04
1.761609999999999854e+04 7.306626525773137794e-04
1.761940000000000146e+04 7.429564508922970436e-04
1.762270000000000073e+04 7.505320051950716302e-04
1.762600000000000000e+04 7.519291022066690484e-04
1.762929999999999927e+04 7.468183133149052747e-04
1.763259999999999854e+04 7.571885386741595333e-04
1.763590000000000146e+04 7.616036365980891499e-04
1.763920000000000073e+04 7.725225234163146182e-04
1.764250000000000000e+04 7.714757328688507656e-04
1.764579999999999927e+04 7.801702803218749311e-04
1.764909999999999854e+04 7.844347465365545573e-04
1.765240000000000146e+04 7.909519286884137378e-04
1.765570000000000073e+04 7.894764653213249845e-04
1.765900000000000000e+04 7.866568321864491438e-04
1.766229999999999927e+04 7.913121539447330079e-04
1.766559999999999854e+04 7.979969822621923005e-04
1.766890000000000146e+04 8.052941036172285311e-04
1.767220000000000073e+04 8.165084132208601676e-04
1.767550000000000000e+04 8.226271343397611405e-04
1.767870000000000073e+04 8.247904411955683020e-04
1.768200000000000000e+04 8.311240180593625244e-04
1.768529999999999927e+04 8.389401815815720857e-04
1.768859999999999854e+04 8.448080419616836459e-04
1.769190000000000146e+04 8.510222769441602025e-04
1.769520000000000073e+04 8.533409618577007588e-04
1.769850000000000000e+04 8.451985167484206592e-04
1.770179999999999927e+04 8.389079999721024737e-04
1.770509999999999854e+04 8.411637928958305048e-04
1.770840000000000146e+04 8.456713648307503418e-04
1.771170000000000073e+04 8.512239513795767003e-04
1.771500000000000000e+04 8.541988600748606384e-04
1.771829999999999927e+04 8.595157112350677343e-04
1.772159999999999854e+04 8.697049011706324811e-04
1.772490000000000146e+04 8.721381115696825873e-04
1.772820000000000073e+04 8.800979962648806379e-04
1.773150000000000000e+04 8.903021528491409384e-04
1.773479999999999927e+04 8.918947988749151767e-04
1.773809999999999854e+04 8.907421085762606437e-04
1.774140000000000146e+04 8.922318527966274261e-04
1.774459999999999854e+04 8.956752193617199429e-04
1.774790000000000146e+04 9.051799182130748980e-04
1.775120000000000073e+04 9.057984284340788806e-04
1.775450000000000000e+04 9.047317233427755239e-04
1.775779999999999927e+04 9.080092474341131155e-04
1.776109999999999854e+04 9.154939841517545276e-04
1.776440000000000146e+04 9.259393365246018854e-04
1.776770000000000073e+04 9.311552571302533126e-04
1.777100000000000000e+04 9.291599067479477080e-04
1.777429999999999927e+04 9.353104910257763150e-04
1.777759999999999854e+04 9.345936762229466177e-04
1.778090000000000146e+04 9.335848336640839443e-04
1.778420000000000073e+04 9.346560950985399003e-04
1.778750000000000000e+04 9.372539916840073523e-04
1.779079999999999927e+04 9.472977088533727488e-04
1.779409999999999854e+04 9.553880134399101495e-04
1.779740000000000146e+04 9.609870767688005787e-04
1.780070000000000073e+04 9.691270812307871451e-04
1.780400000000000000e+04 9.669693910968936174e-04
1.780720000000000073e+04 9.708926426703529166e-04
1.781050000000000000e+04 9.636161881681800778e-04
1.781379999999999927e+04 9.743444983112347583e-04
1.781709999999999854e+04 9.746123551213933638e-04
1.782040000000000146e+04 9.836282504530878025e-04
1.782370000000000073e+04 9.920393629747499813e-04
1.782700000000000000e+04 9.907362302165351620e-04
1.783029999999999927e+04 9.922257460656554433e-04
1.783359999999999854e+04 9.868266028204807083e-04
1.783690000000000146e+04 9.941488849758478488e-04
1.784020000000000073e+04 9.943772552402636682e-04
1.784350000000000000e+04 9.968588221507949151e-04
1.784679999999999927e+04 1.000693100004861795e-03
1.785009999999999854e+04 1.007953412758509247e-03
1.785340000000000146e+04 1.008705657443086014e-03
1.785670000000000073e+04 1.012731837696018242e-03
1.786000000000000000e+04 1.016645214073963683e-03
1.786329999999999927e+04 1.019154915809599793e-03
1.786659999999999854e+04 1.027329403795821652e-03
1.786990000000000146e+04 1.037928317301269271e-03
1.787309999999999854e+04 1.045249353638448868e-03
1.787640000000000146e+04 1.050396208866317353e-03
1.787970000000000073e+04 1.055042702762264790e-03
1.788300000000000000e+04 1.058627971101793732e-03
1.788629999999999927e+04 1.060325052283073470e-03
1.788959999999999854e+04 1.060686336966335614e-03
1.789290000000000146e+04 1.064827619388516132e-03
1.789620000000000073e+04 1.065473849025851084e-03
1.789950000000000000e+04 1.066833542017060462e-03
1.790279999999999927e+04 1.071324630635271235e-03
1.790609999999999854e+04 1.075736405977396979e-03
1.790940000000000146e+04 1.075947543283594385e-03
1.791270000000000073e+04 1.077601756828993436e-03
1.791600000000000000e+04 1.074292501168452136e-03
1.791929999999999927e+04 1.076683605886153902e-03
1.792259999999999854e+04 1.076349323717892652e-03
1.792590000000000146e+04 1.074832156450371713e-03
1.792920000000000073e+04 1.069999116706661993e-03
1.793250000000000000e+04 1.069491752774356626e-03
1.793570000000000073e+04 1.081371978974752851e-03
1.793900000000000000e+04 1.088947580215467517e-03
1.794229999999999927e+04 1.098445318792163217e-03
1.794559999999999854e+04 1.104094018586376487e-03
1.794890000000000146e+04 1.107313949788007752e-03
1.795220000000000073e+04 1.109897539662525051e-03
1.795550000000000000e+04 1.104778812493850898e-03
1.795879999999999927e+04 1.102820436456610018e-03
1.796209999999999854e+04 1.103427534799995228e-03
1.796540000000000146e+04 1.105926169737941715e-03
1.796870000000000073e+04 1.108984938002310081e-03
1.797200000000000000e+04 1.108142733521237785e-03
1.797529999999999927e+04 1.115404058548525364e-03
1.797859999999999854e+04 1.111984780091204413e-03
1.798190000000000146e+04 1.114568967715585425e-03
1.798520000000000073e+04 1.114732292091222092e-03
1.798850000000000000e+04 1.111684740791512704e-03
1.799179999999999927e+04 1.112406386428889133e-03
1.799509999999999854e+04 1.113864891308685061e-03
1.799840000000000146e+04 1.119746109637510898e-03
1.800159999999999854e+04 1.121635246279132020e-03
1.800490000000000146e+04 1.118602552235567179e-03
1.800820000000000073e+04 1.118363528420941591e-03
1.801150000000000000e+04 1.112789152894121071e-03
1.801479999999999927e+04 1.110208010501071915e-03
1.801809999999999854e+04 1.106364566920332165e-03
1.802140000000000146e+04 1.111574041820572551e-03
1.802470000000000073e+04 1.115776437417213525e-03
1.802800000000000000e+04 1.121667582757271495e-03
1.803129999999999927e+04 1.121289625522860212e-03
1.803459999999999854e+04 1.116678417086990668e-03
1.803790000000000146e+04 1.112675089878300150e-03
1.804120000000000073e+04 1.109939994655352547e-03
1.804450000000000000e+04 1.105341312856625291e-03
1.804779999999999927e+04 1.108772447772600304e-03
1.805109999999999854e+04 1.101889600499378515e-03
1.805440000000000146e+04 1.113562598046905633e-03
1.805770000000000073e+04 1.113477853773953315e-03
1.806100000000000000e+04 1.111263039782935764e-03
1.806429999999999927e+04 1.121035048525984273e-03
1.806750000000000000e+04 1.124271068730441298e-03
1.807079999999999927e+04 1.120170907049131744e-03
1.807409999999999854e+04 1.120049924776066836e-03
1.807740000000000146e+04 1.117345026105811146e-03
1.808070000000000073e+04 1.126072214926980390e-03
1.808400000000000000e+04 1.131937301881383784e-03
1.808729999999999927e+04 1.130613412650585724e-03
1.809059999999999854e+04 1.134451038715119080e-03
1.809390000000000146e+04 1.134107751848738082e-03
1.809720000000000073e+04 1.137217889825577850e-03
1.810050000000000000e+04 1.133860390541705952e-03
1.810379999999999927e+04 1.131338638320121331e-03
1.810709999999999854e+04 1.125952191878057656e-03
1.811040000000000146e+04 1.121312233130046911e-03
1.811370000000000073e+04 1.115850033313396357e-03
1.811700000000000000e+04 1.115127034901913219e-03
1.812029999999999927e+04 1.122745985306876316e-03
1.812359999999999854e+04 1.134619719141782487e-03
1.812690000000000146e+04 1.140210829528933399e-03
1.813009999999999854e+04 1.148601967895032530e-03
1.813340000000000146e+04 1.159048591106052973e-03
1.813670000000000073e+04 1.156533347634051707e-03
1.814000000000000000e+04 1.158591797240948653e-03
1.814329999999999927e+04 1.151954544149723066e-03
1.814659999999999854e+04 1.148343858170023562e-03
1.814990000000000146e+04 1.143901618784415536e-03
1.815320000000000073e+04 1.149247721163408013e-03
1.815650000000000000e+04 1.158799016779835187e-03
1.815979999999999927e+04 1.158577270940756203e-03
1.816309999999999854e+04 1.154388771217275053e-03
1.816640000000000146e+04 1.145714106554388727e-03
1.816970000000000073e+04 1.152374333959623907e-03
1.817300000000000000e+04 1.147078295870802627e-03
1.817629999999999927e+04 1.150276931003100557e-03
1.817959999999999854e+04 1.150126196902248859e-03
1.818290000000000146e+04 1.155331850296421924e-03
1.818620000000000073e+04 1.153340331099943997e-03
1.818950000000000000e+04 1.154207946574215037e-03
1.819279999999999927e+04 1.157604270439401570e-03
1.819600000000000000e+04 1.163127010322142357e-03
1.819929999999999927e+04 1.167009018593827318e-03
1.820259999999999854e+04 1.175255052766423659e-03
1.820590000000000146e+04 1.177065500583908885e-03
1.820920000000000073e+04 1.179155036327281985e-03
1.821250000000000000e+04 1.172644324220273055e-03
1.821579999999999927e+04 1.178150298705399378e-03
1.821909999999999854e+04 1.171930504308248003e-03
1.822240000000000146e+04 1.171100424164784465e-03
1.822570000000000073e+04 1.179252769122608692e-03
1.822900000000000000e+04 1.180975536494175164e-03
1.823229999999999927e+04 1.196387499161399859e-03
1.823559999999999854e+04 1.210025815476556930e-03
1.823890000000000146e+04 1.213655549842757812e-03
1.824220000000000073e+04 1.226588271812753756e-03
1.824550000000000000e+04 1.230826425559162314e-03
1.824879999999999927e+04 1.236558908370267475e-03
1.825209999999999854e+04 1.247170003589408637e-03
1.825540000000000146e+04 1.256401562337971850e-03
1.825859999999999854e+04 1.274392345996504727e-03
1.826190000000000146e+04 1.283412676848214029e-03
1.826520000000000073e+04 1.293128799756881322e-03
1.826850000000000000e+04 1.308751900757447939e-03
1.827179999999999927e+04 1.321347235474215273e-03
1.827509999999999854e+04 1.326050207116624257e-03
1.827840000000000146e+04 1.349108327309344680e-03
1.828170000000000073e+04 1.367014369216768216e-03
1.828500000000000000e+04 1.377396492145997482e-03
1.828829999999999927e+04 1.391349110509293614e-03
1.829159999999999854e+04 1.390267878892417763e-03
1.829490000000000146e+04 1.398462048887682153e-03
1.829820000000000073e+04 1.411143628378874661e-03
1.830150000000000000e+04 1.423646408624405779e-03
1.830479999999999927e+04 1.439101377788323767e-03
1.830809999999999854e+04 1.466818299976479795e-03
1.831140000000000146e+04 1.491204421926694852e-03
1.831470000000000073e+04 1.515346587204605133e-03
1.831800000000000000e+04 1.534434885508273363e-03
1.832129999999999927e+04 1.562129173811001607e-03
1.832450000000000000e+04 1.586590976882726973e-03
1.832779999999999927e+04 1.610831497756081863e-03
1.833109999999999854e+04 1.647444812051041723e-03
1.833440000000000146e+04 1.682342867706536045e-03
1.833770000000000073e+04 1.713521700250792866e-03
1.834100000000000000e+04 1.750859533979646099e-03
1.834429999999999927e+04 1.768817919722316754e-03
1.834759999999999854e+04 1.802062134176221023e-03
1.835090000000000146e+04 1.836439252474936180e-03
1.835420000000000073e+04 1.870182814175375737e-03
1.835750000000000000e+04 1.908677546456730460e-03
1.836079999999999927e+04 1.939957213604540705e-03
1.836409999999999854e+04 1.968399795225552959e-03
1.836740000000000146e+04 1.986443449615498541e-03
1.837070000000000073e+04 2.018959367724250213e-03
1.837400000000000000e+04 2.056452558583533874e-03
1.837729999999999927e+04 2.101263098215887595e-03
1.838059999999999854e+04 2.133451292855173022e-03
1.838390000000000146e+04 2.176822578897728063e-03
1.838709999999999854e+04 2.208738802648775590e-03
1.839040000000000146e+04 2.247971007140421584e-03
1.839370000000000073e+04 2.265697834950518557e-03
1.839700000000000000e+04 2.290495930360114500e-03
1.840029999999999927e+04 2.311148854295279765e-03
1.840359999999999854e+04 2.351786709783866471e-03
1.840690000000000146e+04 2.385863777628486997e-03
1.841020000000000073e+04 2.424132452661370476e-03
1.841350000000000000e+04 2.465751961801220665e-03
1.841679999999999927e+04 2.507004208593666822e-03
1.842009999999999854e+04 2.537187562251220184e-03
1.842340000000000146e+04 2.575173048955574015e-03
1.842670000000000073e+04 2.613889822933220582e-03
1.843000000000000000e+04 2.657419753659090271e-03
1.843329999999999927e+04 2.681868790640572989e-03
1.843659999999999854e+04 2.732687087051011068e-03
1.843990000000000146e+04 2.784422228008081972e-03
1.844320000000000073e+04 2.825816542582905780e-03
1.844650000000000000e+04 2.868216176765477077e-03
1.844979999999999927e+04 2.913108070263373001e-03
1.845300000000000000e+04 2.949964348766312069e-03
1.845629999999999927e+04 3.002126323426908446e-03
1.845959999999999854e+04 3.017593456249246988e-03
1.846290000000000146e+04 3.063067810981637360e-03
1.846620000000000073e+04 3.071115485872285677e-03
1.846950000000000000e+04 3.094991651769912408e-03
1.847279999999999927e+04 3.124774897137033366e-03
1.847609999999999854e+04 3.138720851108349821e-03
1.847940000000000146e+04 3.146689460557219788e-03
1.848270000000000073e+04 3.156337596755273613e-03
1.848600000000000000e+04 3.150436907441822587e-03
1.848929999999999927e+04 3.152556674566849362e-03
1.849259999999999854e+04 3.162495908324571784e-03
1.849590000000000146e+04 3.157554340704218660e-03
1.849920000000000073e+04 3.171545877251249080e-03
1.850250000000000000e+04 3.200455187500585857e-03
1.850579999999999927e+04 3.237976571914478931e-03
1.850909999999999854e+04 3.289253568897656643e-03
1.851240000000000146e+04 3.297597098333644380e-03
1.851570000000000073e+04 3.293107979840575409e-03
1.851890000000000146e+04 3.301418919979914705e-03
1.852220000000000073e+04 3.313235880103279195e-03
1.852550000000000000e+04 3.350573585566573014e-03
1.852879999999999927e+04 3.391593179088634585e-03
1.853209999999999854e+04 3.438217449325947032e-03
1.853540000000000146e+04 3.477700621891740597e-03
1.853870000000000073e+04 3.529962736686143281e-03
1.854200000000000000e+04 3.577576815490824888e-03
1.854529999999999927e+04 3.644204056554535207e-03
1.854859999999999854e+04 3.667339305688544718e-03
1.855190000000000146e+04 3.728899112557605092e-03
1.855520000000000073e+04 3.782890210334414506e-03
1.855850000000000000e+04 3.859008612259393067e-03
1.856179999999999927e+04 3.923991848182786096e-03
1.856509999999999854e+04 3.978372135152722332e-03
1.856840000000000146e+04 4.043614239318682121e-03
1.857170000000000073e+04 4.077006669783614194e-03
1.857500000000000000e+04 4.118606216532314131e-03
1.857829999999999927e+04 4.183386262328500811e-03
1.858150000000000000e+04 4.226670108465543051e-03
1.858479999999999927e+04 4.271583947713078824e-03
1.858809999999999854e+04 4.310498301297306829e-03
1.859140000000000146e+04 4.367539194426769099e-03
1.859470000000000073e+04 4.417761143273651707e-03
1.859800000000000000e+04 4.474513602296740535e-03
1.860129999999999927e+04 4.506692865633458653e-03
1.860459999999999854e+04 4.570317233903188441e-03
1.860790000000000146e+04 4.624490903213753987e-03
1.861120000000000073e+04 4.710460188088089022e-03
1.861450000000000000e+04 4.823712727142723602e-03
1.861779999999999927e+04 4.886863499538875513e-03
1.862109999999999854e+04 4.944332327841974122e-03
1.862440000000000146e+04 5.033293336838121079e-03
1.862770000000000073e+04 5.103960287463154243e-03
1.863100000000000000e+04 5.240543747815246643e-03
1.863429999999999927e+04 5.331654162022274844e-03
1.863759999999999854e+04 5.418787766326595493e-03
1.864090000000000146e+04 5.528785508831847786e-03
1.864420000000000073e+04 5.719746063593315021e-03
1.864740000000000146e+04 5.851754869627177370e-03
1.865070000000000073e+04 5.977234276862929824e-03
1.865400000000000000e+04 6.137868150992215575e-03
1.865729999999999927e+04 6.280387442741864126e-03
1.866059999999999854e+04 6.426315221998212500e-03
1.866390000000000146e+04 6.558757890323544185e-03
1.866720000000000073e+04 6.675179875444335782e-03
1.867050000000000000e+04 6.775783210655597633e-03
1.867379999999999927e+04 6.884794652753028349e-03
1.867709999999999854e+04 7.041063932732139104e-03
1.868040000000000146e+04 7.239904961849469994e-03
1.868370000000000073e+04 7.493542937210852933e-03
1.868700000000000000e+04 7.749718060142427555e-03
1.869029999999999927e+04 7.960682640339373714e-03
1.869359999999999854e+04 8.250965564334506938e-03
1.869690000000000146e+04 8.516953535509033668e-03
1.870020000000000073e+04 8.632065524062685138e-03
1.870350000000000000e+04 8.722531734612588156e-03
1.870679999999999927e+04 8.922842173072726563e-03
1.871000000000000000e+04 9.233088792867284386e-03
1.871329999999999927e+04 9.455690538230854952e-03
1.871659999999999854e+04 9.597726710485596571e-03
1.871990000000000146e+04 9.763026516095677648e-03
1.872320000000000073e+04 9.914329231832200509e-03
1.872650000000000000e+04 1.009769007650564328e-02
1.872979999999999927e+04 1.023652482938761620e-02
1.873309999999999854e+04 1.038955508632789619e-02
1.873640000000000146e+04 1.055782143034639763e-02
1.873970000000000073e+04 1.076182703461345432e-02
1.874300000000000000e+04 1.082897480669483929e-02
1.874629999999999927e+04 1.100195215147454185e-02
1.874959999999999854e+04 1.108234785144687762e-02
1.875290000000000146e+04 1.116662451603350932e-02
1.875620000000000073e+04 1.125981542326083377e-02
1.875950000000000000e+04 1.142579036105325317e-02
1.876279999999999927e+04 1.158606271009422761e-02
1.876609999999999854e+04 1.173467948064259650e-02
1.876940000000000146e+04 1.183188101423462632e-02
1.877270000000000073e+04 1.199115348773474761e-02
1.877590000000000146e+04 1.218693016138822430e-02
1.877920000000000073e+04 1.224828737408921973e-02
1.878250000000000000e+04 1.243619224549811358e-02
1.878579999999999927e+04 1.263176269404413243e-02
1.878909999999999854e+04 1.286565613688216494e-02
1.879240000000000146e+04 1.311290692366641128e-02
1.879570000000000073e+04 1.336500010572569050e-02
1.879900000000000000e+04 1.365334101217328087e-02
1.880229999999999927e+04 1.395217735119828190e-02
1.880559999999999854e+04 1.426138738119362044e-02
1.880890000000000146e+04 1.449140533091832113e-02
1.881220000000000073e+04 1.477361000878647801e-02
1.881550000000000000e+04 1.509281629144053165e-02
1.881879999999999927e+04 1.538378179385713369e-02
1.882209999999999854e+04 1.567847310913573003e-02
1.882540000000000146e+04 1.598651481083026085e-02
1.882870000000000073e+04 1.629876280019962320e-02
1.883200000000000000e+04 1.660095679078829253e-02
1.883529999999999927e+04 1.692695328984813660e-02
1.883859999999999854e+04 1.724899450610840532e-02
1.884179999999999927e+04 1.755034234555974057e-02
1.884509999999999854e+04 1.784404239696588818e-02
1.884840000000000146e+04 1.807308775418579871e-02
1.885170000000000073e+04 1.830621183615259787e-02
1.885500000000000000e+04 1.857175337435635828e-02
1.885829999999999927e+04 1.875790452163014418e-02
1.886159999999999854e+04 1.894535070709760238e-02
1.886490000000000146e+04 1.931588157653071208e-02
1.886820000000000073e+04 1.971281371379548022e-02
1.887150000000000000e+04 1.999850825932451837e-02
1.887479999999999927e+04 2.015952912045269191e-02
1.887809999999999854e+04 2.043801216157748943e-02
1.888140000000000146e+04 2.078948226239167932e-02
1.888470000000000073e+04 2.111489896692592821e-02
1.888800000000000000e+04 2.143662323265143471e-02
1.889129999999999927e+04 2.174214494937258199e-02
1.889459999999999854e+04 2.211155316708551116e-02
1.889790000000000146e+04 2.246515410908824645e-02
1.890120000000000073e+04 2.281514556757045786e-02
1.890440000000000146e+04 2.313137815756688420e-02
1.890770000000000073e+04 2.358168095906076206e-02
1.891100000000000000e+04 2.394200632340327817e-02
1.891429999999999927e+04 2.439717390083473089e-02
1.891759999999999854e+04 2.483891633160188739e-02
1.892090000000000146e+04 2.527873641147572806e-02
1.892420000000000073e+04 2.568351439206842043e-02
1.892750000000000000e+04 2.607265860458035656e-02
1.893079999999999927e+04 2.648988953534515620e-02
1.893409999999999854e+04 2.691663781226916533e-02
1.893740000000000146e+04 2.730511875644559688e-02
1.894070000000000073e+04 2.761415373231220632e-02
1.894400000000000000e+04 2.801941631629090157e-02
1.894729999999999927e+04 2.836001617911901654e-02
1.895059999999999854e+04 2.869319876827373245e-02
1.895390000000000146e+04 2.902545993212685832e-02
1.895720000000000073e+04 2.930130159806332638e-02
1.896050000000000000e+04 2.960317409946134140e-02
1.896379999999999927e+04 2.987553166970084023e-02
1.896709999999999854e+04 3.012535913568962359e-02
1.897029999999999927e+04 3.033327218373304754e-02
1.897359999999999854e+04 3.054488808664914540e-02
1.897690000000000146e+04 3.079831091668299575e-02
1.898020000000000073e+04 3.100535582018134131e-02
1.898350000000000000e+04 3.122302529167672244e-02
1.898679999999999927e+04 3.145376377654449107e-02
1.899009999999999854e+04 3.167014123973079659e-02
1.899340000000000146e+04 3.187485924062199300e-02
1.899670000000000073e+04 3.206826814589595898e-02
1.900000000000000000e+04 3.226125618027469305e-02
1.900329999999999927e+04 3.243450343696705623e-02
1.900659999999999854e+04 3.263137830478934909e-02
1.900990000000000146e+04 3.277044326273916008e-02
1.901320000000000073e+04 3.289971297663935729e-02
1.901650000000000000e+04 3.302489184041897119e-02
1.901979999999999927e+04 3.316166060050415587e-02
1.902309999999999854e+04 3.330431673262814612e-02
1.902640000000000146e+04 3.347081119830998264e-02
1.902970000000000073e+04 3.355982223701881734e-02
1.903290000000000146e+04 3.364415193634229251e-02
1.903620000000000073e+04 3.372450385306074300e-02
1.903950000000000000e+04 3.379737163394337662e-02
1.904279999999999927e+04 3.388130270130335769e-02
1.904609999999999854e+04 3.393714117907434963e-02
1.904940000000000146e+04 3.400701491598807219e-02
1.905270000000000073e+04 3.409050550921671058e-02
1.905600000000000000e+04 3.413741148856614532e-02
1.905929999999999927e+04 3.419387722343834868e-02
1.906259999999999854e+04 3.421818465822446670e-02
1.906590000000000146e+04 3.425174248284430095e-02
1.906920000000000073e+04 3.426620882437855092e-02
1.907250000000000000e+04 3.423554842971894552e-02
1.907579999999999927e+04 3.422509966417700000e-02
1.907909999999999854e+04 3.421534651504034436e-02
1.908240000000000146e+04 3.421698779264254614e-02
1.908570000000000073e+04 3.418825401137422920e-02
1.908900000000000000e+04 3.413361092506308342e-02
1.909229999999999927e+04 3.408343993598424160e-02
1.909559999999999854e+04 3.403826829478077270e-02
1.909879999999999927e+04 3.400330718971943805e-02
1.910209999999999854e+04 3.391832713891522466e-02
1.910540000000000146e+04 3.387361633589125454e-02
1.910870000000000073e+04 3.382342490352040904e-02
1.911200000000000000e+04 3.375650697241270454e-02
1.911529999999999927e+04 3.368343426525190198e-02
1.911859999999999854e+04 3.352912554108009729e-02
1.912190000000000146e+04 3.341709160749016527e-02
1.912520000000000073e+04 3.325026233140752907e-02
1.912850000000000000e+04 3.308074460410153489e-02
1.913179999999999927e+04 3.293817877965549146e-02
1.913509999999999854e+04 3.280534826319769087e-02
1.913840000000000146e+04 3.265749802160534954e-02
1.914170000000000073e+04 3.246461147447849555e-02
1.914500000000000000e+04 3.230189961981880936e-02
1.914829999999999927e+04 3.209933565913498238e-02
1.915159999999999854e+04 3.190740885256544007e-02
1.915490000000000146e+04 3.170644939303770421e-02
1.915820000000000073e+04 3.150046129789482036e-02
1.916140000000000146e+04 3.132173729044052113e-02
1.916470000000000073e+04 3.111001444707262378e-02
1.916800000000000000e+04 3.090822231312191290e-02
1.917129999999999927e+04 3.066962338856502046e-02
1.917459999999999854e+04 3.045309307259058337e-02
1.917790000000000146e+04 3.023768538448614110e-02
1.918120000000000073e+04 3.002308576091232764e-02
1.918450000000000000e+04 2.976658608245198040e-02
1.918779999999999927e+04 2.950572119037764979e-02
1.919109999999999854e+04 2.924621299705026586e-02
1.919440000000000146e+04 2.901404781219126677e-02
1.919770000000000073e+04 2.876238370299712480e-02
1.920100000000000000e+04 2.850566456557110384e-02
1.920429999999999927e+04 2.825875913950848597e-02
1.920759999999999854e+04 2.798881627890368456e-02
1.921090000000000146e+04 2.771967091285917548e-02
1.921420000000000073e+04 2.743677412307336111e-02
1.921750000000000000e+04 2.714825712160180010e-02
1.922079999999999927e+04 2.686798055080413458e-02
1.922409999999999854e+04 2.657911403960290520e-02
1.922729999999999927e+04 2.628303002398814023e-02
1.923059999999999854e+04 2.598245104749558401e-02
1.923390000000000146e+04 2.569605584026520353e-02
1.923720000000000073e+04 2.541885363518292876e-02
1.924050000000000000e+04 2.510891698114991674e-02
1.924379999999999927e+04 2.479810593685553843e-02
1.924709999999999854e+04 2.449350380425246651e-02
1.925040000000000146e+04 2.417962100428157693e-02
1.925370000000000073e+04 2.384459103824488127e-02
1.925700000000000000e+04 2.354157369622707913e-02
1.926029999999999927e+04 2.321373253038653758e-02
1.926359999999999854e+04 2.287714396629417571e-02
1.926690000000000146e+04 2.257020619882820975e-02
1.927020000000000073e+04 2.222836908683664681e-02
1.927350000000000000e+04 2.189887635456223836e-02
1.927679999999999927e+04 2.156458892797176105e-02
1.928009999999999854e+04 2.123494002396454292e-02
1.928340000000000146e+04 2.093109620604340776e-02
1.928670000000000073e+04 2.061141176174918072e-02
1.929000000000000000e+04 2.028629897058983542e-02
1.929320000000000073e+04 1.998070026984199998e-02
1.929650000000000000e+04 1.965346415012076547e-02
1.929979999999999927e+04 1.933117924126861314e-02
1.930309999999999854e+04 1.902585727710108879e-02
1.930640000000000146e+04 1.871566881374845878e-02
1.930970000000000073e+04 1.840596834495571502e-02
1.931300000000000000e+04 1.810195043632392004e-02
1.931629999999999927e+04 1.776971696926240435e-02
1.931959999999999854e+04 1.745315781673762237e-02
1.932290000000000146e+04 1.712428260356541748e-02
1.932620000000000073e+04 1.679745203149247967e-02
1.932950000000000000e+04 1.647243526802932151e-02
1.933279999999999927e+04 1.615533796611696299e-02
1.933609999999999854e+04 1.586005703785870954e-02
1.933940000000000146e+04 1.555520913568908883e-02
1.934270000000000073e+04 1.525603040751030356e-02
1.934600000000000000e+04 1.493995170890597898e-02
1.934929999999999927e+04 1.463682996086947824e-02
1.935259999999999854e+04 1.433236244046502163e-02
1.935579999999999927e+04 1.402649468925985451e-02
1.935909999999999854e+04 1.371267448264207149e-02
1.936240000000000146e+04 1.339848240895718558e-02
1.936570000000000073e+04 1.310643853512194132e-02
1.936900000000000000e+04 1.281528540692527217e-02
1.937229999999999927e+04 1.251905882271161889e-02
1.937559999999999854e+04 1.223034705203615395e-02
1.937890000000000146e+04 1.194236458022186059e-02
1.938220000000000073e+04 1.165233613654726233e-02
1.938550000000000000e+04 1.136904182157471091e-02
1.938879999999999927e+04 1.107933301059404671e-02
1.939209999999999854e+04 1.080120421813774226e-02
1.939540000000000146e+04 1.053139951762499527e-02
1.939870000000000073e+04 1.025474684789402270e-02
1.940200000000000000e+04 9.982646188948762420e-03
1.940529999999999927e+04 9.728667951508769215e-03
1.940859999999999854e+04 9.475879485475392078e-03
1.941190000000000146e+04 9.203952465872397570e-03
1.941520000000000073e+04 8.945043319605707963e-03
1.941850000000000000e+04 8.685943432678823115e-03
1.942170000000000073e+04 8.413465021663008372e-03
1.942500000000000000e+04 8.151079305901412150e-03
1.942829999999999927e+04 7.903215743869238669e-03
1.943159999999999854e+04 7.650298853518931567e-03
1.943490000000000146e+04 7.393434590839925540e-03
1.943820000000000073e+04 7.138748439014666082e-03
1.944150000000000000e+04 6.893774584882324079e-03
1.944479999999999927e+04 6.657858148619859480e-03
1.944809999999999854e+04 6.428942509651062662e-03
1.945140000000000146e+04 6.196059949021208262e-03
1.945470000000000073e+04 5.972971487069501581e-03
1.945800000000000000e+04 5.741777192522834472e-03
1.946129999999999927e+04 5.507245962434160168e-03
1.946459999999999854e+04 5.277556992512865384e-03
1.946790000000000146e+04 5.037012821088653232e-03
1.947120000000000073e+04 4.801600302595496021e-03
1.947450000000000000e+04 4.556513841374584470e-03
1.947779999999999927e+04 4.331253630578089063e-03
1.948109999999999854e+04 4.120625337008823781e-03
1.948429999999999927e+04 3.904259238791770413e-03
1.948759999999999854e+04 3.686197465416871707e-03
1.949090000000000146e+04 3.484890971699979197e-03
1.949420000000000073e+04 3.278926216813460998e-03
1.949750000000000000e+04 3.070029332437227646e-03
1.950079999999999927e+04 2.845626946901479506e-03
1.950409999999999854e+04 2.644892264388833125e-03
1.950740000000000146e+04 2.445140245776302249e-03
1.951070000000000073e+04 2.228096250100998661e-03
1.951400000000000000e+04 2.037824804380535849e-03
1.951729999999999927e+04 1.833791379472399881e-03
1.952059999999999854e+04 1.619979131344564472e-03
1.952390000000000146e+04 1.440739562579691942e-03
1.952720000000000073e+04 1.272919082984400995e-03
1.953050000000000000e+04 1.092611451948521419e-03
1.953379999999999927e+04 9.040582256896156606e-04
1.953709999999999854e+04 7.206633580168760956e-04
1.954040000000000146e+04 5.467721469957748754e-04
1.954370000000000073e+04 3.804195707280598145e-04
1.954700000000000000e+04 2.172645613855492654e-04
1.955020000000000073e+04 5.266929992294046005e-05
1.955350000000000000e+04 -1.066323677663622770e-04
1.955679999999999927e+04 -2.562698939110254919e-04
1.956009999999999854e+04 -4.125075842467671762e-04
1.956340000000000146e+04 -5.737213008738607832e-04
1.956670000000000073e+04 -7.153178684653910008e-04
1.957000000000000000e+04 -8.594214232392457034e-04
1.957329999999999927e+04 -1.016914270906244542e-03
1.957659999999999854e+04 -1.151835382027256976e-03
1.957990000000000146e+04 -1.288575161000774265e-03
1.958320000000000073e+04 -1.429699498689085456e-03
1.958650000000000000e+04 -1.580357344795642674e-03
1.958979999999999927e+04 -1.695356837081698521e-03
1.959309999999999854e+04 -1.813737259585660854e-03
1.959640000000000146e+04 -1.937320525265665136e-03
1.959970000000000073e+04 -2.048587966118466195e-03
1.960300000000000000e+04 -2.162493178369489892e-03
1.960629999999999927e+04 -2.303282598556023134e-03
1.960959999999999854e+04 -2.433145224056343196e-03
1.961290000000000146e+04 -2.572035133426773829e-03
1.961609999999999854e+04 -2.690176518991909630e-03
1.961940000000000146e+04 -2.793349113743330385e-03
1.962270000000000073e+04 -2.916508485226571978e-03
1.962600000000000000e+04 -3.013419847656083166e-03
1.962929999999999927e+04 -3.108236551435921563e-03
1.963259999999999854e+04 -3.183431958649637558e-03
1.963590000000000146e+04 -3.244672450098687582e-03
1.963920000000000073e+04 -3.360345065055526329e-03
1.964250000000000000e+04 -3.433265860894921771e-03
1.964579999999999927e+04 -3.554427546704594983e-03
1.964909999999999854e+04 -3.668173050056627946e-03
1.965240000000000146e+04 -3.778225022124742649e-03
1.965570000000000073e+04 -3.907829870830065860e-03
1.965900000000000000e+04 -3.987132764663712560e-03
1.966229999999999927e+04 -4.057143213055528982e-03
1.966559999999999854e+04 -4.126378943351246935e-03
1.966890000000000146e+04 -4.226532860951252857e-03
1.967220000000000073e+04 -4.335170080058815649e-03
1.967550000000000000e+04 -4.412286331060998566e-03
1.967870000000000073e+04 -4.503896534572723181e-03
1.968200000000000000e+04 -4.542753039641871451e-03
1.968529999999999927e+04 -4.584841059605332912e-03
1.968859999999999854e+04 -4.635403169359533088e-03
1.969190000000000146e+04 -4.692089905180656106e-03
1.969520000000000073e+04 -4.774057048662414329e-03
1.969850000000000000e+04 -4.829287905602272675e-03
1.970179999999999927e+04 -4.870494469664288749e-03
1.970509999999999854e+04 -4.958429828976531825e-03
1.970840000000000146e+04 -5.060994711127695875e-03
1.971170000000000073e+04 -5.157166018724660198e-03
1.971500000000000000e+04 -5.231870007371605506e-03
1.971829999999999927e+04 -5.328951789581255587e-03
1.972159999999999854e+04 -5.366128822829721416e-03
1.972490000000000146e+04 -5.398288010716180765e-03
1.972820000000000073e+04 -5.481806242680332952e-03
1.973150000000000000e+04 -5.568780457645810741e-03
1.973479999999999927e+04 -5.652533649742448596e-03
1.973809999999999854e+04 -5.724175340693015215e-03
1.974140000000000146e+04 -5.807710474622070594e-03
1.974459999999999854e+04 -5.886177905039374422e-03
1.974790000000000146e+04 -5.933799246995057237e-03
1.975120000000000073e+04 -5.952084787621002987e-03
1.975450000000000000e+04 -5.996481289332298258e-03
1.975779999999999927e+04 -6.041335662463861653e-03
1.976109999999999854e+04 -6.086296809265076546e-03
1.976440000000000146e+04 -6.142921592176909043e-03
1.976770000000000073e+04 -6.219251283204786304e-03
1.977100000000000000e+04 -6.275710501839289190e-03
1.977429999999999927e+04 -6.324209759095273525e-03
1.977759999999999854e+04 -6.379628729826064201e-03
1.978090000000000146e+04 -6.448133569756507588e-03
1.978420000000000073e+04 -6.529590916412476333e-03
1.978750000000000000e+04 -6.556228924826069775e-03
1.979079999999999927e+04 -6.633550361576921392e-03
1.979409999999999854e+04 -6.675409605376631840e-03
1.979740000000000146e+04 -6.715847526471517906e-03
1.980070000000000073e+04 -6.793331473873467051e-03
1.980400000000000000e+04 -6.820929218458203665e-03
1.980720000000000073e+04 -6.862287426531252059e-03
1.981050000000000000e+04 -6.851199189525798358e-03
1.981379999999999927e+04 -6.850630891414953051e-03
1.981709999999999854e+04 -6.889687158995180111e-03
1.982040000000000146e+04 -6.870029007073903682e-03
1.982370000000000073e+04 -6.883299947954829925e-03
1.982700000000000000e+04 -6.926386745969857588e-03
1.983029999999999927e+04 -6.937030598236159674e-03
1.983359999999999854e+04 -6.917536384425481202e-03
1.983690000000000146e+04 -6.901420262398034848e-03
1.984020000000000073e+04 -6.877673611622173860e-03
1.984350000000000000e+04 -6.892223471748268326e-03
1.984679999999999927e+04 -6.910634643644347590e-03
1.985009999999999854e+04 -6.936557838065811506e-03
1.985340000000000146e+04 -6.972731075042904424e-03
1.985670000000000073e+04 -7.032717348031447373e-03
1.986000000000000000e+04 -7.050721144280133225e-03
1.986329999999999927e+04 -7.101560747969476971e-03
1.986659999999999854e+04 -7.127735036222293021e-03
1.986990000000000146e+04 -7.119501008339131770e-03
1.987309999999999854e+04 -7.089824167066223481e-03
1.987640000000000146e+04 -7.071651913607317382e-03
1.987970000000000073e+04 -7.098632391841721949e-03
1.988300000000000000e+04 -7.069673931729501121e-03
1.988629999999999927e+04 -7.141390766919866219e-03
1.988959999999999854e+04 -7.211504614152568736e-03
1.989290000000000146e+04 -7.208207214785150932e-03
1.989620000000000073e+04 -7.184709479764617851e-03
1.989950000000000000e+04 -7.159075547012233240e-03
1.990279999999999927e+04 -7.133664010365936906e-03
1.990609999999999854e+04 -7.113506322935067919e-03
1.990940000000000146e+04 -7.094364086691670040e-03
1.991270000000000073e+04 -7.119192223893326503e-03
1.991600000000000000e+04 -7.112196543995447963e-03
1.991929999999999927e+04 -7.132106083314023251e-03
1.992259999999999854e+04 -7.139840732037932604e-03
1.992590000000000146e+04 -7.152563740358684752e-03
