1.716800000000000000e+04 3.442763900544126734e-04
1.717129999999999927e+04 3.426370356160758092e-04
1.717459999999999854e+04 3.427402481967735870e-04
1.717790000000000146e+04 3.450595919041910702e-04
1.718120000000000073e+04 3.558250115837478930e-04
1.718450000000000000e+04 3.560397060172160416e-04
1.718779999999999927e+04 3.717891221238370041e-04
1.719109999999999854e+04 3.762013509938515491e-04
1.719440000000000146e+04 3.894546279600390182e-04
1.719770000000000073e+04 4.048077368758171211e-04
1.720100000000000000e+04 4.197853380612954219e-04
1.720429999999999927e+04 4.248022798999405219e-04
1.720759999999999854e+04 4.256551128172769943e-04
1.721090000000000146e+04 4.166773923302202949e-04
1.721420000000000073e+04 4.123326269483688802e-04
1.721750000000000000e+04 4.154511178279370271e-04
1.722079999999999927e+04 4.261862930717616308e-04
1.722409999999999854e+04 4.264333928702070033e-04
1.722729999999999927e+04 4.361101329838462356e-04
1.723059999999999854e+04 4.368143775086178403e-04
1.723390000000000146e+04 4.337006363626949319e-04
1.723720000000000073e+04 4.464232192925232591e-04
1.724050000000000000e+04 4.593644759671932590e-04
1.724379999999999927e+04 4.619861903987354111e-04
1.724709999999999854e+04 4.634823385391150137e-04
1.725040000000000146e+04 4.592063464400565273e-04
1.725370000000000073e+04 4.667003655070693408e-04
1.725700000000000000e+04 4.780373750843355568e-04
1.726029999999999927e+04 4.819653013366596156e-04
1.726359999999999854e+04 4.819902256894692408e-04
1.726690000000000146e+04 4.907755896429117975e-04
1.727020000000000073e+04 4.871322197774425396e-04
1.727350000000000000e+04 4.965726516589298633e-04
1.727679999999999927e+04 5.027140660128177419e-04
1.728009999999999854e+04 5.094611297867152359e-04
1.728340000000000146e+04 5.063952233354334590e-04
1.728670000000000073e+04 5.005826495185925146e-04
1.729000000000000000e+04 5.008700054080824499e-04
1.729320000000000073e+04 5.049496327524670468e-04
1.729650000000000000e+04 5.047558147427352610e-04
1.729979999999999927e+04 5.107220503902111216e-04
1.730309999999999854e+04 5.110954072591646904e-04
1.730640000000000146e+04 5.131290648435052120e-04
1.730970000000000073e+04 5.126105581710524960e-04
1.731300000000000000e+04 5.137361722542837421e-04
1.731629999999999927e+04 5.227043407744086118e-04
1.731959999999999854e+04 5.282578000462077438e-04
1.732290000000000146e+04 5.358426345009061585e-04
1.732620000000000073e+04 5.495646350366682146e-04
1.732950000000000000e+04 5.566357168795785801e-04
1.733279999999999927e+04 5.703519455285632972e-04
1.733609999999999854e+04 5.702519481509858105e-04
1.733940000000000146e+04 5.738835969058707267e-04
1.734270000000000073e+04 5.751626917855265884e-04
1.734600000000000000e+04 5.740849755749781024e-04
1.734929999999999927e+04 5.798220029127115413e-04
1.735259999999999854e+04 5.739244932717948999e-04
1.735579999999999927e+04 5.721613381210897877e-04
1.735909999999999854e+04 5.707318692015967603e-04
1.736240000000000146e+04 5.640343024697454721e-04
1.736570000000000073e+04 5.738549468767621632e-04
1.736900000000000000e+04 5.748081259070868428e-04
1.737229999999999927e+04 5.754617035897185897e-04
1.737559999999999854e+04 5.769015059561541413e-04
1.737890000000000146e+04 5.844649316503117273e-04
1.738220000000000073e+04 5.936998566847536763e-04
1.738550000000000000e+04 5.938298284217205817e-04
1.738879999999999927e+04 5.936741892028062897e-04
1.739209999999999854e+04 5.966012645734806259e-04
1.739540000000000146e+04 6.049215107676100822e-04
1.739870000000000073e+04 6.150966848439608182e-04
1.740200000000000000e+04 6.160713892933547585e-04
1.740529999999999927e+04 6.166418130018703819e-04
1.740859999999999854e+04 6.253058372180387561e-04
1.741190000000000146e+04 6.252588108232652554e-04
1.741520000000000073e+04 6.304354138775338521e-04
1.741850000000000000e+04 6.326111599485308113e-04
1.742170000000000073e+04 6.291276451981562363e-04
1.742500000000000000e+04 6.338141860019771805e-04
1.742829999999999927e+04 6.282183694252755756e-04
1.743159999999999854e+04 6.277202095238222429e-04
1.743490000000000146e+04 6.331059006382687340e-04
1.743820000000000073e+04 6.408282795713741596e-04
1.744150000000000000e+04 6.427178236436059070e-04
1.744479999999999927e+04 6.471931111565329886e-04
1.744809999999999854e+04 6.475383241790515698e-04
1.745140000000000146e+04 6.587153033675989837e-04
1.745470000000000073e+04 6.625268023945001059e-04
1.745800000000000000e+04 6.751876542235964651e-04
1.746129999999999927e+04 6.782705066807625822e-04
1.746459999999999854e+04 6.801984281305959931e-04
1.746790000000000146e+04 6.811384731594098425e-04
1.747120000000000073e+04 6.868221923925609939e-04
1.747450000000000000e+04 6.871908783878537307e-04
1.747779999999999927e+04 6.837081171682671613e-04
1.748109999999999854e+04 6.882969366494488903e-04
1.748429999999999927e+04 6.959530170605582843e-04
1.748759999999999854e+04 6.923528545696495560e-04
1.749090000000000146e+04 6.822606849639754759e-04
1.749420000000000073e+04 6.839732696696871261e-04
1.749750000000000000e+04 6.848974437319007907e-04
1.750079999999999927e+04 6.828677303498489372e-04
1.750409999999999854e+04 6.784434960294758853e-04
1.750740000000000146e+04 6.837811429260206870e-04
1.751070000000000073e+04 6.857563336884062643e-04
1.751400000000000000e+04 6.836489952089736324e-04
1.751729999999999927e+04 6.874945000794840900e-04
1.752059999999999854e+04 6.864010430713328535e-04
1.752390000000000146e+04 6.863137859220809142e-04
1.752720000000000073e+04 6.884226112291452629e-04
1.753050000000000000e+04 6.802872000785362182e-04
1.753379999999999927e+04 6.755523530741875619e-04
1.753709999999999854e+04 6.680133426759769658e-04
1.754040000000000146e+04 6.733567026645085642e-04
1.754370000000000073e+04 6.670953908592210015e-04
1.754700000000000000e+04 6.665579501325707328e-04
1.755020000000000073e+04 6.569313369328472121e-04
1.755350000000000000e+04 6.644024115718358834e-04
1.755679999999999927e+04 6.648729981845293360e-04
1.756009999999999854e+04 6.697655442954021611e-04
1.756340000000000146e+04 6.700241272439293357e-04
1.756670000000000073e+04 6.698165144761032653e-04
1.757000000000000000e+04 6.706874546708580355e-04
1.757329999999999927e+04 6.652625248863352570e-04
1.757659999999999854e+04 6.599164410923779841e-04
1.757990000000000146e+04 6.578794419605393405e-04
1.758320000000000073e+04 6.527310402492236948e-04
1.758650000000000000e+04 6.575236848912537633e-04
1.758979999999999927e+04 6.564695341398700491e-04
1.759309999999999854e+04 6.589493444828411605e-04
1.759640000000000146e+04 6.588311496242850972e-04
1.759970000000000073e+04 6.569815200150714261e-04
1.760300000000000000e+04 6.505024890755587656e-04
1.760629999999999927e+04 6.478268642404260780e-04
1.760959999999999854e+04 6.418706879064251880e-04
1.761290000000000146e+04 6.409365224270783135e-04
1.761609999999999854e+04 6.288863029107298608e-04
1.761940000000000146e+04 6.271699884743048075e-04
1.762270000000000073e+04 6.224111282225996532e-04
1.762600000000000000e+04 6.129012487111253765e-04
1.762929999999999927e+04 6.086465935612497520e-04
1.763259999999999854e+04 6.097203365104317263e-04
1.763590000000000146e+04 6.047979986895452497e-04
1.763920000000000073e+04 6.083532385524631101e-04
1.764250000000000000e+04 6.130473213983114213e-04
1.764579999999999927e+04 6.058702114172201001e-04
1.764909999999999854e+04 5.928660407041330422e-04
1.765240000000000146e+04 5.890044737901942119e-04
1.765570000000000073e+04 5.965386973256419723e-04
1.765900000000000000e+04 5.988539164325143958e-04
1.766229999999999927e+04 5.976145966589272362e-04
1.766559999999999854e+04 6.021912337537062461e-04
1.766890000000000146e+04 6.013815469851705982e-04
1.767220000000000073e+04 5.979054281766493307e-04
1.767550000000000000e+04 5.958744672947267115e-04
1.767870000000000073e+04 5.952491244802727210e-04
1.768200000000000000e+04 5.886247624872221725e-04
1.768529999999999927e+04 5.881059174472436177e-04
1.768859999999999854e+04 5.912811957945903179e-04
1.769190000000000146e+04 5.913409998455357785e-04
1.769520000000000073e+04 5.915324633495518429e-04
1.769850000000000000e+04 5.936685500052025100e-04
1.770179999999999927e+04 5.980550141736365542e-04
1.770509999999999854e+04 5.903955940680768099e-04
1.770840000000000146e+04 5.968731664575576334e-04
1.771170000000000073e+04 5.934340906692507503e-04
1.771500000000000000e+04 6.026905047934998788e-04
1.771829999999999927e+04 5.930362934829555132e-04
1.772159999999999854e+04 5.908875232729241325e-04
1.772490000000000146e+04 5.829571422595903338e-04
1.772820000000000073e+04 5.762410081319531332e-04
1.773150000000000000e+04 5.767981482153860390e-04
1.773479999999999927e+04 5.741949249801999496e-04
1.773809999999999854e+04 5.684773831238296030e-04
1.774140000000000146e+04 5.706340535728863465e-04
1.774459999999999854e+04 5.666568269854447681e-04
1.774790000000000146e+04 5.673988668552187821e-04
1.775120000000000073e+04 5.671453744267785551e-04
1.775450000000000000e+04 5.659273153851692925e-04
1.775779999999999927e+04 5.631987032804086244e-04
1.776109999999999854e+04 5.613999178551069922e-04
1.776440000000000146e+04 5.598888763770383525e-04
1.776770000000000073e+04 5.584926868538593299e-04
1.777100000000000000e+04 5.580734525128172238e-04
1.777429999999999927e+04 5.621892148941097164e-04
1.777759999999999854e+04 5.622007827137923304e-04
1.778090000000000146e+04 5.640708814795467561e-04
1.778420000000000073e+04 5.659652189119704531e-04
1.778750000000000000e+04 5.654706381508157109e-04
1.779079999999999927e+04 5.642366346236944935e-04
1.779409999999999854e+04 5.643602355022358467e-04
1.779740000000000146e+04 5.664203340770273144e-04
1.780070000000000073e+04 5.648972377922380174e-04
1.780400000000000000e+04 5.614597326217870676e-04
1.780720000000000073e+04 5.586866746366106517e-04
1.781050000000000000e+04 5.639070008637586022e-04
1.781379999999999927e+04 5.707427657915404825e-04
1.781709999999999854e+04 5.729639835934687269e-04
1.782040000000000146e+04 5.708068584679000480e-04
1.782370000000000073e+04 5.625820181189522496e-04
1.782700000000000000e+04 5.607590349151837837e-04
1.783029999999999927e+04 5.562936535853655381e-04
1.783359999999999854e+04 5.562855970173414925e-04
1.783690000000000146e+04 5.565704505384168419e-04
1.784020000000000073e+04 5.532571394776228434e-04
1.784350000000000000e+04 5.505738610883768739e-04
1.784679999999999927e+04 5.510477898337606080e-04
1.785009999999999854e+04 5.473498089664617780e-04
1.785340000000000146e+04 5.407618928546067179e-04
1.785670000000000073e+04 5.360755371543658070e-04
1.786000000000000000e+04 5.368150522182106067e-04
1.786329999999999927e+04 5.297243034228677492e-04
1.786659999999999854e+04 5.272440636761629301e-04
1.786990000000000146e+04 5.275655251280980370e-04
1.787309999999999854e+04 5.280035062679926767e-04
1.787640000000000146e+04 5.291712580237904230e-04
1.787970000000000073e+04 5.281511332921672670e-04
1.788300000000000000e+04 5.292793662061619784e-04
1.788629999999999927e+04 5.286105527446279505e-04
1.788959999999999854e+04 5.287167817375045204e-04
1.789290000000000146e+04 5.285270305982890833e-04
1.789620000000000073e+04 5.267176677904082628e-04
1.789950000000000000e+04 5.261065237052553033e-04
1.790279999999999927e+04 5.307675403819925395e-04
1.790609999999999854e+04 5.317703177507586334e-04
1.790940000000000146e+04 5.351934638552862094e-04
1.791270000000000073e+04 5.349306484244419372e-04
1.791600000000000000e+04 5.357566423522221654e-04
1.791929999999999927e+04 5.367349039867032844e-04
1.792259999999999854e+04 5.375863780070276425e-04
1.792590000000000146e+04 5.358420485762309523e-04
1.792920000000000073e+04 5.330977979627149563e-04
1.793250000000000000e+04 5.348870809548073686e-04
1.793570000000000073e+04 5.378089606310719473e-04
1.793900000000000000e+04 5.377767313307377315e-04
1.794229999999999927e+04 5.358246320072922696e-04
1.794559999999999854e+04 5.354472183197724012e-04
1.794890000000000146e+04 5.300991100981972907e-04
1.795220000000000073e+04 5.243429951909622062e-04
1.795550000000000000e+04 5.241056916753473929e-04
1.795879999999999927e+04 5.258373208564451730e-04
1.796209999999999854e+04 5.145533023090125176e-04
1.796540000000000146e+04 5.116888952885552573e-04
1.796870000000000073e+04 5.134674153689342165e-04
1.797200000000000000e+04 5.152166801001301652e-04
1.797529999999999927e+04 5.165413891531577505e-04
1.797859999999999854e+04 5.088178562797605886e-04
1.798190000000000146e+04 5.081810351548844478e-04
1.798520000000000073e+04 5.045694505561690475e-04
1.798850000000000000e+04 5.008770329153100671e-04
1.799179999999999927e+04 4.999628511841267171e-04
1.799509999999999854e+04 4.970164329562038472e-04
1.799840000000000146e+04 4.972532734946656261e-04
1.800159999999999854e+04 4.928346262079968520e-04
1.800490000000000146e+04 4.963348259434270096e-04
1.800820000000000073e+04 4.907705791494010360e-04
1.801150000000000000e+04 4.869446440021701732e-04
1.801479999999999927e+04 4.830447126044186889e-04
1.801809999999999854e+04 4.841780495070151713e-04
1.802140000000000146e+04 4.820520987223798925e-04
1.802470000000000073e+04 4.811854968227775474e-04
1.802800000000000000e+04 4.840607146656524733e-04
1.803129999999999927e+04 4.887351196626994699e-04
1.803459999999999854e+04 4.842666382163585744e-04
1.803790000000000146e+04 4.812547983405649583e-04
1.804120000000000073e+04 4.802463812593695978e-04
1.804450000000000000e+04 4.714665788704700878e-04
1.804779999999999927e+04 4.743994132773085570e-04
1.805109999999999854e+04 4.752899946113599565e-04
1.805440000000000146e+04 4.682319429668045175e-04
1.805770000000000073e+04 4.620135523360235398e-04
1.806100000000000000e+04 4.617424503426548351e-04
1.806429999999999927e+04 4.560862951713835615e-04
1.806750000000000000e+04 4.480368590950120525e-04
1.807079999999999927e+04 4.430431211106964566e-04
1.807409999999999854e+04 4.356880852687874668e-04
1.807740000000000146e+04 4.336763256624924967e-04
1.808070000000000073e+04 4.211468519067341847e-04
1.808400000000000000e+04 4.102766353213730928e-04
1.808729999999999927e+04 4.017665881041901994e-04
1.809059999999999854e+04 3.974826277544995330e-04
1.809390000000000146e+04 3.930850247671235681e-04
1.809720000000000073e+04 3.880440260580100657e-04
1.810050000000000000e+04 3.795438195650094803e-04
1.810379999999999927e+04 3.726640894157477908e-04
1.810709999999999854e+04 3.655596869923509744e-04
1.811040000000000146e+04 3.585890981815671296e-04
1.811370000000000073e+04 3.541322628826972223e-04
1.811700000000000000e+04 3.480661404578435010e-04
1.812029999999999927e+04 3.425392131950207139e-04
1.812359999999999854e+04 3.346135554098408839e-04
1.812690000000000146e+04 3.315332932676262330e-04
1.813009999999999854e+04 3.265570366090074896e-04
1.813340000000000146e+04 3.112338505071754902e-04
1.813670000000000073e+04 3.060510171930543814e-04
1.814000000000000000e+04 3.009021757333529726e-04
1.814329999999999927e+04 3.058332980244985095e-04
1.814659999999999854e+04 2.946759823781748403e-04
1.814990000000000146e+04 2.865154376618567244e-04
1.815320000000000073e+04 2.874748185064466134e-04
1.815650000000000000e+04 2.822209157181157198e-04
1.815979999999999927e+04 2.785445228631791667e-04
1.816309999999999854e+04 2.722496805441393950e-04
1.816640000000000146e+04 2.706650941019008165e-04
1.816970000000000073e+04 2.599446761060132606e-04
1.817300000000000000e+04 2.603201156002130784e-04
1.817629999999999927e+04 2.527439292472793736e-04
1.817959999999999854e+04 2.470490649050241711e-04
1.818290000000000146e+04 2.412723090052038878e-04
1.818620000000000073e+04 2.349142440976022055e-04
1.818950000000000000e+04 2.250586777346354065e-04
1.819279999999999927e+04 2.195577792054243579e-04
1.819600000000000000e+04 2.071147612738117802e-04
1.819929999999999927e+04 2.025927151040116515e-04
1.820259999999999854e+04 1.935617888000923544e-04
1.820590000000000146e+04 1.898123346142632502e-04
1.820920000000000073e+04 1.900105270427648505e-04
1.821250000000000000e+04 1.769116942108011497e-04
1.821579999999999927e+04 1.697505965288397315e-04
1.821909999999999854e+04 1.708702336150001429e-04
1.822240000000000146e+04 1.607824349100762072e-04
1.822570000000000073e+04 1.442011561533675231e-04
1.822900000000000000e+04 1.339307626422959812e-04
1.823229999999999927e+04 1.279931882679631963e-04
1.823559999999999854e+04 1.138719074222674615e-04
1.823890000000000146e+04 1.024095753287593800e-04
1.824220000000000073e+04 9.427108875566596292e-05
1.824550000000000000e+04 9.332761005965066025e-05
1.824879999999999927e+04 8.393521672273542207e-05
1.825209999999999854e+04 8.412752427762282368e-05
1.825540000000000146e+04 8.056472816536247594e-05
1.825859999999999854e+04 7.696965050285701224e-05
1.826190000000000146e+04 7.165923748048179864e-05
1.826520000000000073e+04 7.032086414291025477e-05
1.826850000000000000e+04 6.124855937614321808e-05
1.827179999999999927e+04 5.521159419480924508e-05
1.827509999999999854e+04 5.147406942008129853e-05
1.827840000000000146e+04 4.060370087321264743e-05
1.828170000000000073e+04 2.684074285071795418e-05
1.828500000000000000e+04 1.835644068816992785e-05
1.828829999999999927e+04 7.899076975120882945e-06
1.829159999999999854e+04 2.001299134218925236e-06
1.829490000000000146e+04 -7.942899337795138875e-06
1.829820000000000073e+04 -5.312251426486101756e-06
1.830150000000000000e+04 -1.559175397635419389e-05
1.830479999999999927e+04 -2.088958937975838966e-05
1.830809999999999854e+04 -3.860291129140290111e-05
1.831140000000000146e+04 -4.940763941783040693e-05
1.831470000000000073e+04 -5.660752962949124642e-05
1.831800000000000000e+04 -6.431460958536698753e-05
1.832129999999999927e+04 -6.341563943815661461e-05
1.832450000000000000e+04 -6.870815563781228306e-05
1.832779999999999927e+04 -7.663258297169178853e-05
1.833109999999999854e+04 -8.776731292743408905e-05
1.833440000000000146e+04 -9.386085077038553662e-05
1.833770000000000073e+04 -1.011600644274280333e-04
1.834100000000000000e+04 -1.016553770799345801e-04
1.834429999999999927e+04 -1.037525020864661992e-04
1.834759999999999854e+04 -1.172548378807427194e-04
1.835090000000000146e+04 -1.224502144868414770e-04
1.835420000000000073e+04 -1.290125543088731794e-04
1.835750000000000000e+04 -1.391806975441096917e-04
1.836079999999999927e+04 -1.446581193408026580e-04
1.836409999999999854e+04 -1.445911838191692622e-04
1.836740000000000146e+04 -1.509648413144351782e-04
1.837070000000000073e+04 -1.581458001121773568e-04
1.837400000000000000e+04 -1.635068689270298057e-04
1.837729999999999927e+04 -1.660582673477351381e-04
1.838059999999999854e+04 -1.761176740986360363e-04
1.838390000000000146e+04 -1.866612186373917408e-04
1.838709999999999854e+04 -1.874247385673834666e-04
1.839040000000000146e+04 -1.894581176174125689e-04
1.839370000000000073e+04 -1.864247789767808417e-04
1.839700000000000000e+04 -1.852726567545901620e-04
1.840029999999999927e+04 -1.778254073490967272e-04
1.840359999999999854e+04 -1.649985853341059950e-04
1.840690000000000146e+04 -1.617124823229431404e-04
1.841020000000000073e+04 -1.602716706493348918e-04
1.841350000000000000e+04 -1.624649918960921393e-04
1.841679999999999927e+04 -1.682369394749088037e-04
1.842009999999999854e+04 -1.702311385892479509e-04
1.842340000000000146e+04 -1.690236053578607876e-04
1.842670000000000073e+04 -1.741701753607205949e-04
1.843000000000000000e+04 -1.718891404099328875e-04
1.843329999999999927e+04 -1.698847301234235004e-04
1.843659999999999854e+04 -1.575116911047965090e-04
1.843990000000000146e+04 -1.477378058897687349e-04
1.844320000000000073e+04 -1.359947754283483622e-04
1.844650000000000000e+04 -1.177791558262541202e-04
1.844979999999999927e+04 -1.019256596969157715e-04
1.845300000000000000e+04 -8.803497169368484270e-05
1.845629999999999927e+04 -7.254467723299581319e-05
1.845959999999999854e+04 -6.306539468955021466e-05
1.846290000000000146e+04 -5.527716556505103484e-05
1.846620000000000073e+04 -4.222048754906342381e-05
1.846950000000000000e+04 -3.496085376216893047e-05
1.847279999999999927e+04 -1.417696530315642495e-05
1.847609999999999854e+04 6.304510662000302686e-06
1.847940000000000146e+04 2.355792947560467955e-05
1.848270000000000073e+04 4.042854442560578674e-05
1.848600000000000000e+04 5.490010772624501786e-05
1.848929999999999927e+04 6.945304592681602110e-05
1.849259999999999854e+04 9.106040792736712298e-05
1.849590000000000146e+04 1.124015834230211676e-04
1.849920000000000073e+04 1.444589139959190209e-04
1.850250000000000000e+04 1.706562496592097693e-04
1.850579999999999927e+04 2.005077446409027006e-04
1.850909999999999854e+04 2.280769562357298026e-04
1.851240000000000146e+04 2.664663293827404631e-04
1.851570000000000073e+04 2.950437025268061388e-04
1.851890000000000146e+04 3.268240927172690025e-04
1.852220000000000073e+04 3.639355128107433232e-04
1.852550000000000000e+04 4.056395210121746032e-04
1.852879999999999927e+04 4.452389807156241432e-04
1.853209999999999854e+04 4.913510781746777828e-04
1.853540000000000146e+04 5.273431856951341784e-04
1.853870000000000073e+04 5.772744243213548702e-04
1.854200000000000000e+04 6.345967307676772398e-04
1.854529999999999927e+04 7.018693313968507553e-04
1.854859999999999854e+04 7.606911820117862565e-04
1.855190000000000146e+04 8.294874725129172026e-04
1.855520000000000073e+04 9.014113485254580255e-04
1.855850000000000000e+04 9.750567650780031992e-04
1.856179999999999927e+04 1.044938234877352623e-03
1.856509999999999854e+04 1.111083791667255745e-03
1.856840000000000146e+04 1.173886489667748910e-03
1.857170000000000073e+04 1.225228374758306933e-03
1.857500000000000000e+04 1.301165138260805326e-03
1.857829999999999927e+04 1.400571825308777893e-03
1.858150000000000000e+04 1.481591184585405322e-03
1.858479999999999927e+04 1.556835472748336257e-03
1.858809999999999854e+04 1.625861125355927608e-03
1.859140000000000146e+04 1.715313774384397529e-03
1.859470000000000073e+04 1.796476407058941434e-03
1.859800000000000000e+04 1.882667928651312510e-03
1.860129999999999927e+04 1.952890960949901994e-03
1.860459999999999854e+04 2.046171128624838485e-03
1.860790000000000146e+04 2.138847965347292265e-03
1.861120000000000073e+04 2.247200538298399324e-03
1.861450000000000000e+04 2.374754384714204258e-03
1.861779999999999927e+04 2.481882363906259218e-03
1.862109999999999854e+04 2.572539480267194926e-03
1.862440000000000146e+04 2.683131141506856204e-03
1.862770000000000073e+04 2.800767176253979741e-03
1.863100000000000000e+04 2.932404901083564969e-03
1.863429999999999927e+04 3.048108375252188591e-03
1.863759999999999854e+04 3.163969166011364360e-03
1.864090000000000146e+04 3.287022427383279495e-03
1.864420000000000073e+04 3.467940871323580213e-03
1.864740000000000146e+04 3.597226497655914984e-03
1.865070000000000073e+04 3.723284974919035574e-03
1.865400000000000000e+04 3.878735425853596219e-03
1.865729999999999927e+04 4.016275483907273333e-03
1.866059999999999854e+04 4.171353505786063245e-03
1.866390000000000146e+04 4.316964692944245778e-03
1.866720000000000073e+04 4.468324335218281165e-03
1.867050000000000000e+04 4.608912937283937694e-03
1.867379999999999927e+04 4.760176643307057441e-03
1.867709999999999854e+04 4.922320028605414906e-03
1.868040000000000146e+04 5.129645945916918963e-03
1.868370000000000073e+04 5.384911683224925458e-03
1.868700000000000000e+04 5.652395526371761444e-03
1.869029999999999927e+04 5.879848650449222280e-03
1.869359999999999854e+04 6.193195934111526274e-03
1.869690000000000146e+04 6.480461693587133767e-03
1.870020000000000073e+04 6.643074525016146557e-03
1.870350000000000000e+04 6.779335573123203458e-03
1.870679999999999927e+04 7.014941541605468171e-03
1.871000000000000000e+04 7.353300274933193513e-03
1.871329999999999927e+04 7.595908837685709167e-03
1.871659999999999854e+04 7.790111768939456116e-03
1.871990000000000146e+04 7.996188758782715039e-03
1.872320000000000073e+04 8.196046602031274025e-03
1.872650000000000000e+04 8.423452070185471693e-03
1.872979999999999927e+04 8.598840413268086375e-03
1.873309999999999854e+04 8.817262101314792683e-03
1.873640000000000146e+04 9.033678194070778392e-03
1.873970000000000073e+04 9.277580809506129345e-03
1.874300000000000000e+04 9.386748140443880797e-03
1.874629999999999927e+04 9.601761491475260119e-03
1.874959999999999854e+04 9.720980737499341703e-03
1.875290000000000146e+04 9.848794618046462224e-03
1.875620000000000073e+04 9.976110207830067231e-03
1.875950000000000000e+04 1.017992633552980766e-02
1.876279999999999927e+04 1.036841271959097407e-02
1.876609999999999854e+04 1.055293049739052837e-02
1.876940000000000146e+04 1.069196487523923871e-02
1.877270000000000073e+04 1.088380364443264185e-02
1.877590000000000146e+04 1.113141929950390088e-02
1.877920000000000073e+04 1.125014921401469754e-02
1.878250000000000000e+04 1.146704997636062776e-02
1.878579999999999927e+04 1.170007019258551516e-02
1.878909999999999854e+04 1.197649961159380667e-02
1.879240000000000146e+04 1.226274774831318318e-02
1.879570000000000073e+04 1.256236814991886462e-02
1.879900000000000000e+04 1.289266031254545156e-02
1.880229999999999927e+04 1.324488503954179483e-02
1.880559999999999854e+04 1.360565826079483155e-02
1.880890000000000146e+04 1.389967498762345773e-02
1.881220000000000073e+04 1.424124640408812835e-02
1.881550000000000000e+04 1.461725719248038909e-02
1.881879999999999927e+04 1.497315418261574438e-02
1.882209999999999854e+04 1.534223214220335751e-02
1.882540000000000146e+04 1.570456332661666204e-02
1.882870000000000073e+04 1.608180021801837098e-02
1.883200000000000000e+04 1.643735935410761337e-02
1.883529999999999927e+04 1.681324615628006919e-02
1.883859999999999854e+04 1.719467101021607269e-02
1.884179999999999927e+04 1.756998505148154796e-02
1.884509999999999854e+04 1.793003347141468307e-02
1.884840000000000146e+04 1.824459167823428221e-02
1.885170000000000073e+04 1.855503980950134330e-02
1.885500000000000000e+04 1.889921016651214397e-02
1.885829999999999927e+04 1.916732825810599575e-02
1.886159999999999854e+04 1.944041203118541603e-02
1.886490000000000146e+04 1.987699424283227018e-02
1.886820000000000073e+04 2.033474410163955623e-02
1.887150000000000000e+04 2.070691914100575987e-02
1.887479999999999927e+04 2.095365191383795345e-02
1.887809999999999854e+04 2.130282734402576261e-02
1.888140000000000146e+04 2.170293503319883216e-02
1.888470000000000073e+04 2.209795331661144197e-02
1.888800000000000000e+04 2.248256888604549877e-02
1.889129999999999927e+04 2.285627012503101477e-02
1.889459999999999854e+04 2.329980492439591086e-02
1.889790000000000146e+04 2.371366685640409824e-02
1.890120000000000073e+04 2.413041748769719635e-02
1.890440000000000146e+04 2.450159645899177563e-02
1.890770000000000073e+04 2.503090778051215992e-02
1.891100000000000000e+04 2.545369490891515735e-02
1.891429999999999927e+04 2.597691827181601229e-02
1.891759999999999854e+04 2.649244767549457577e-02
1.892090000000000146e+04 2.701388814661479648e-02
1.892420000000000073e+04 2.749314751425626854e-02
1.892750000000000000e+04 2.796015338000386666e-02
1.893079999999999927e+04 2.845147420031405444e-02
1.893409999999999854e+04 2.895281174456015155e-02
1.893740000000000146e+04 2.941923046829729091e-02
1.894070000000000073e+04 2.981212926281996342e-02
1.894400000000000000e+04 3.029802005447715732e-02
1.894729999999999927e+04 3.072095780258297590e-02
1.895059999999999854e+04 3.114324411359981060e-02
1.895390000000000146e+04 3.155332737626967421e-02
1.895720000000000073e+04 3.191346852634954073e-02
1.896050000000000000e+04 3.229107732591615654e-02
1.896379999999999927e+04 3.263568100189501858e-02
1.896709999999999854e+04 3.295109096956078815e-02
1.897029999999999927e+04 3.322311779452909869e-02
1.897359999999999854e+04 3.351550241969519089e-02
1.897690000000000146e+04 3.383861113273058108e-02
1.898020000000000073e+04 3.410428598628770236e-02
1.898350000000000000e+04 3.438783216501824225e-02
1.898679999999999927e+04 3.467549951086399546e-02
1.899009999999999854e+04 3.495832372325197862e-02
1.899340000000000146e+04 3.522900281352018409e-02
1.899670000000000073e+04 3.547664256766563246e-02
1.900000000000000000e+04 3.574205333536681350e-02
1.900329999999999927e+04 3.596396054932898129e-02
1.900659999999999854e+04 3.621240205079202801e-02
1.900990000000000146e+04 3.640979380616245903e-02
1.901320000000000073e+04 3.659632376157751638e-02
1.901650000000000000e+04 3.678378550078586356e-02
1.901979999999999927e+04 3.698306234916574203e-02
1.902309999999999854e+04 3.718624380309829697e-02
1.902640000000000146e+04 3.739892118077706162e-02
1.902970000000000073e+04 3.752474032483125305e-02
1.903290000000000146e+04 3.765563466883965066e-02
1.903620000000000073e+04 3.777453064922257214e-02
1.903950000000000000e+04 3.789410269362984696e-02
1.904279999999999927e+04 3.804815348489209298e-02
1.904609999999999854e+04 3.816399545224033463e-02
1.904940000000000146e+04 3.829057536187224775e-02
1.905270000000000073e+04 3.841788950272793240e-02
1.905600000000000000e+04 3.850530561846198657e-02
1.905929999999999927e+04 3.858749057088188550e-02
1.906259999999999854e+04 3.864981127462031874e-02
1.906590000000000146e+04 3.871971638648720460e-02
1.906920000000000073e+04 3.876971944767826361e-02
1.907250000000000000e+04 3.877080636202667047e-02
1.907579999999999927e+04 3.879925581927396588e-02
1.907909999999999854e+04 3.882113357282056254e-02
1.908240000000000146e+04 3.885533822827677564e-02
1.908570000000000073e+04 3.886066659745517765e-02
1.908900000000000000e+04 3.884562261242664738e-02
1.909229999999999927e+04 3.882634641120587954e-02
1.909559999999999854e+04 3.881435580376187133e-02
1.909879999999999927e+04 3.880758005984162595e-02
1.910209999999999854e+04 3.874539093872241685e-02
1.910540000000000146e+04 3.872286936399310653e-02
1.910870000000000073e+04 3.869675726536626892e-02
1.911200000000000000e+04 3.863985809883388467e-02
1.911529999999999927e+04 3.858530511978974092e-02
1.911859999999999854e+04 3.843423268846165447e-02
1.912190000000000146e+04 3.833678845505381766e-02
1.912520000000000073e+04 3.818189847592372982e-02
1.912850000000000000e+04 3.801298757684360569e-02
1.913179999999999927e+04 3.788582229558778991e-02
1.913509999999999854e+04 3.776503419414694446e-02
1.913840000000000146e+04 3.761358608731758812e-02
1.914170000000000073e+04 3.742146649316367701e-02
1.914500000000000000e+04 3.727473087866622903e-02
1.914829999999999927e+04 3.707905876029222308e-02
1.915159999999999854e+04 3.689873392772144434e-02
1.915490000000000146e+04 3.669822784692530065e-02
1.915820000000000073e+04 3.647779984606444592e-02
1.916140000000000146e+04 3.630748983226214643e-02
1.916470000000000073e+04 3.609241022260694515e-02
1.916800000000000000e+04 3.589510090673868337e-02
1.917129999999999927e+04 3.564806473979233864e-02
1.917459999999999854e+04 3.543350274175040976e-02
1.917790000000000146e+04 3.520667627869568383e-02
1.918120000000000073e+04 3.497217021992535951e-02
1.918450000000000000e+04 3.471484860510053866e-02
1.918779999999999927e+04 3.443745087508130742e-02
1.919109999999999854e+04 3.416479613923668196e-02
1.919440000000000146e+04 3.392857387047395340e-02
1.919770000000000073e+04 3.367527005974889354e-02
1.920100000000000000e+04 3.341019548090500002e-02
1.920429999999999927e+04 3.314393285053546245e-02
1.920759999999999854e+04 3.284736360483823253e-02
1.921090000000000146e+04 3.255477685357156814e-02
1.921420000000000073e+04 3.225369033429927729e-02
1.921750000000000000e+04 3.195403947111955661e-02
1.922079999999999927e+04 3.166860680761910546e-02
1.922409999999999854e+04 3.135329713143859831e-02
1.922729999999999927e+04 3.103312319962205773e-02
1.923059999999999854e+04 3.070150621155855186e-02
1.923390000000000146e+04 3.040048058771572734e-02
1.923720000000000073e+04 3.010424780518103013e-02
1.924050000000000000e+04 2.976879210501602244e-02
1.924379999999999927e+04 2.943692323174231310e-02
1.924709999999999854e+04 2.910859786675367919e-02
1.925040000000000146e+04 2.876666489290575363e-02
1.925370000000000073e+04 2.840341304511029979e-02
1.925700000000000000e+04 2.807976366144770627e-02
1.926029999999999927e+04 2.771468514699873195e-02
1.926359999999999854e+04 2.734663290426428764e-02
1.926690000000000146e+04 2.701246580306590137e-02
1.927020000000000073e+04 2.663563041938437834e-02
1.927350000000000000e+04 2.627206624518583014e-02
1.927679999999999927e+04 2.591618217267070701e-02
1.928009999999999854e+04 2.554988925692225701e-02
1.928340000000000146e+04 2.522694705891165290e-02
1.928670000000000073e+04 2.486734121599123645e-02
1.929000000000000000e+04 2.451738380388769623e-02
1.929320000000000073e+04 2.419155549541074368e-02
1.929650000000000000e+04 2.383130532908383017e-02
1.929979999999999927e+04 2.348375556745313855e-02
1.930309999999999854e+04 2.314124841546750730e-02
1.930640000000000146e+04 2.280514467699764486e-02
1.930970000000000073e+04 2.246801485815547866e-02
1.931300000000000000e+04 2.213041833978145884e-02
1.931629999999999927e+04 2.175911702880988646e-02
1.931959999999999854e+04 2.140888037778981845e-02
1.932290000000000146e+04 2.105105703483019924e-02
1.932620000000000073e+04 2.067707443700587955e-02
1.932950000000000000e+04 2.031666057279306326e-02
1.933279999999999927e+04 1.995902046144798145e-02
1.933609999999999854e+04 1.963347534229212613e-02
1.933940000000000146e+04 1.928859815430053123e-02
1.934270000000000073e+04 1.894912427483689057e-02
1.934600000000000000e+04 1.859488897434683971e-02
1.934929999999999927e+04 1.824955449499294710e-02
1.935259999999999854e+04 1.790652003990300667e-02
1.935579999999999927e+04 1.757146178399963260e-02
1.935909999999999854e+04 1.722288256947079876e-02
1.936240000000000146e+04 1.687093679315769534e-02
1.936570000000000073e+04 1.653554135994429741e-02
1.936900000000000000e+04 1.621540683583412232e-02
1.937229999999999927e+04 1.587647971464855104e-02
1.937559999999999854e+04 1.555493446907788534e-02
1.937890000000000146e+04 1.522941801002900691e-02
1.938220000000000073e+04 1.490372612449297231e-02
1.938550000000000000e+04 1.458329333394716397e-02
1.938879999999999927e+04 1.427262700929353423e-02
1.939209999999999854e+04 1.396115527968598731e-02
1.939540000000000146e+04 1.365981036267601041e-02
1.939870000000000073e+04 1.334197942022831256e-02
1.940200000000000000e+04 1.302763444416401434e-02
1.940529999999999927e+04 1.273833845350909148e-02
1.940859999999999854e+04 1.244720324470277757e-02
1.941190000000000146e+04 1.213610168432853291e-02
1.941520000000000073e+04 1.184583545549298955e-02
1.941850000000000000e+04 1.155595484022270414e-02
1.942170000000000073e+04 1.123667331692472862e-02
1.942500000000000000e+04 1.093704396808606837e-02
1.942829999999999927e+04 1.064810497377933173e-02
1.943159999999999854e+04 1.036973855904168088e-02
1.943490000000000146e+04 1.008563534707549066e-02
1.943820000000000073e+04 9.795309751696975806e-03
1.944150000000000000e+04 9.510707332928367355e-03
1.944479999999999927e+04 9.231378079149605426e-03
1.944809999999999854e+04 8.959406298825701651e-03
1.945140000000000146e+04 8.694877838183873164e-03
1.945470000000000073e+04 8.434999061149233562e-03
1.945800000000000000e+04 8.172297037051801105e-03
1.946129999999999927e+04 7.902898909146208184e-03
1.946459999999999854e+04 7.637004658332732267e-03
1.946790000000000146e+04 7.376582470058856873e-03
1.947120000000000073e+04 7.114818228722940077e-03
1.947450000000000000e+04 6.840697799727988443e-03
1.947779999999999927e+04 6.586518208494054026e-03
1.948109999999999854e+04 6.350463619596880514e-03
1.948429999999999927e+04 6.100477752862336692e-03
1.948759999999999854e+04 5.867815392360356194e-03
1.949090000000000146e+04 5.652654437104276397e-03
1.949420000000000073e+04 5.415795963839983677e-03
1.949750000000000000e+04 5.185932495703394866e-03
1.950079999999999927e+04 4.932955687865146072e-03
1.950409999999999854e+04 4.697112548279060856e-03
1.950740000000000146e+04 4.469449346375843277e-03
1.951070000000000073e+04 4.235547352509990045e-03
1.951400000000000000e+04 4.012859412079746758e-03
1.951729999999999927e+04 3.778875828178560568e-03
1.952059999999999854e+04 3.530756635260070588e-03
1.952390000000000146e+04 3.317896959698355807e-03
1.952720000000000073e+04 3.121358548877178809e-03
1.953050000000000000e+04 2.910425867426299964e-03
1.953379999999999927e+04 2.697626324567713695e-03
1.953709999999999854e+04 2.491368982033902862e-03
1.954040000000000146e+04 2.290514199091485056e-03
1.954370000000000073e+04 2.091778257598537420e-03
1.954700000000000000e+04 1.899638157862199158e-03
1.955020000000000073e+04 1.689723660366255998e-03
1.955350000000000000e+04 1.503109200873623159e-03
1.955679999999999927e+04 1.318010197685182128e-03
1.956009999999999854e+04 1.140241237568274685e-03
1.956340000000000146e+04 9.496253461961235830e-04
1.956670000000000073e+04 7.760677657750070669e-04
1.957000000000000000e+04 6.077591220577750536e-04
1.957329999999999927e+04 4.227595473918932967e-04
1.957659999999999854e+04 2.561548193663866165e-04
1.957990000000000146e+04 8.614184909934824691e-05
1.958320000000000073e+04 -8.634731547632342830e-05
1.958650000000000000e+04 -2.628713006042258352e-04
1.958979999999999927e+04 -3.988711764174790648e-04
1.959309999999999854e+04 -5.429541576781869196e-04
1.959640000000000146e+04 -7.005690003175189676e-04
1.959970000000000073e+04 -8.416710951361324779e-04
1.960300000000000000e+04 -9.815090949448748627e-04
1.960629999999999927e+04 -1.136071145433813429e-03
1.960959999999999854e+04 -1.275422534218813731e-03
1.961290000000000146e+04 -1.430344856850403841e-03
1.961609999999999854e+04 -1.581981190716845627e-03
1.961940000000000146e+04 -1.716127859661493267e-03
1.962270000000000073e+04 -1.861454675763628665e-03
1.962600000000000000e+04 -1.985701016625100040e-03
1.962929999999999927e+04 -2.103656552475769749e-03
1.963259999999999854e+04 -2.207427470160278418e-03
1.963590000000000146e+04 -2.302205429493765949e-03
1.963920000000000073e+04 -2.463003622051711423e-03
1.964250000000000000e+04 -2.563090301548154575e-03
1.964579999999999927e+04 -2.719789613949676055e-03
1.964909999999999854e+04 -2.874514015623096455e-03
1.965240000000000146e+04 -3.020333520460014541e-03
1.965570000000000073e+04 -3.177160084064459440e-03
1.965900000000000000e+04 -3.283543760688997348e-03
1.966229999999999927e+04 -3.363444888923970179e-03
1.966559999999999854e+04 -3.460607516303085447e-03
1.966890000000000146e+04 -3.587661611832952159e-03
1.967220000000000073e+04 -3.718561222083765008e-03
1.967550000000000000e+04 -3.816865658275705227e-03
1.967870000000000073e+04 -3.944546475897076250e-03
1.968200000000000000e+04 -4.005645542084927679e-03
1.968529999999999927e+04 -4.068045584369912003e-03
1.968859999999999854e+04 -4.130952210424554752e-03
1.969190000000000146e+04 -4.209128045704316548e-03
1.969520000000000073e+04 -4.307527473442349791e-03
1.969850000000000000e+04 -4.383998809646207778e-03
1.970179999999999927e+04 -4.438675406227520805e-03
1.970509999999999854e+04 -4.551757099326898294e-03
1.970840000000000146e+04 -4.670014813347459805e-03
1.971170000000000073e+04 -4.803044397396634933e-03
1.971500000000000000e+04 -4.882376656704568232e-03
1.971829999999999927e+04 -5.007105885810075006e-03
1.972159999999999854e+04 -5.042770568812465250e-03
1.972490000000000146e+04 -5.083796997245615748e-03
1.972820000000000073e+04 -5.176636517644626033e-03
1.973150000000000000e+04 -5.289379517752217270e-03
1.973479999999999927e+04 -5.388286110430141537e-03
1.973809999999999854e+04 -5.476464954873986636e-03
1.974140000000000146e+04 -5.573927073567379840e-03
1.974459999999999854e+04 -5.687142877976598607e-03
1.974790000000000146e+04 -5.747672928975103984e-03
1.975120000000000073e+04 -5.766756928364091817e-03
1.975450000000000000e+04 -5.816174893593728870e-03
1.975779999999999927e+04 -5.855032643632974640e-03
1.976109999999999854e+04 -5.915227693021730612e-03
1.976440000000000146e+04 -5.989717876855231091e-03
1.976770000000000073e+04 -6.078629188610958772e-03
1.977100000000000000e+04 -6.167601601075595533e-03
1.977429999999999927e+04 -6.234680348279308428e-03
1.977759999999999854e+04 -6.320767305636026609e-03
1.978090000000000146e+04 -6.393067970012006156e-03
1.978420000000000073e+04 -6.483925207026721912e-03
1.978750000000000000e+04 -6.518472230925892105e-03
1.979079999999999927e+04 -6.617768438381790505e-03
1.979409999999999854e+04 -6.668944343686367994e-03
1.979740000000000146e+04 -6.711500157951736344e-03
1.980070000000000073e+04 -6.793653088904772624e-03
1.980400000000000000e+04 -6.823157418989004783e-03
1.980720000000000073e+04 -6.870587725542439544e-03
1.981050000000000000e+04 -6.863989265388697157e-03
1.981379999999999927e+04 -6.840987915896337701e-03
1.981709999999999854e+04 -6.900228184774362047e-03
1.982040000000000146e+04 -6.883168641597331959e-03
1.982370000000000073e+04 -6.897991696363650789e-03
1.982700000000000000e+04 -6.965468982129383729e-03
1.983029999999999927e+04 -6.970409226507768598e-03
1.983359999999999854e+04 -6.949298703182704359e-03
1.983690000000000146e+04 -6.945132425135639928e-03
1.984020000000000073e+04 -6.931345189834326424e-03
1.984350000000000000e+04 -6.936434977601034849e-03
1.984679999999999927e+04 -6.960805459779810175e-03
1.985009999999999854e+04 -6.998865730934228889e-03
1.985340000000000146e+04 -7.050433493171678022e-03
1.985670000000000073e+04 -7.123498317754727721e-03
1.986000000000000000e+04 -7.145307094239702894e-03
1.986329999999999927e+04 -7.207530114597671816e-03
1.986659999999999854e+04 -7.241587891832801903e-03
1.986990000000000146e+04 -7.234889940581998996e-03
1.987309999999999854e+04 -7.211188971189720111e-03
1.987640000000000146e+04 -7.193380487781052615e-03
1.987970000000000073e+04 -7.237821935490163817e-03
1.988300000000000000e+04 -7.193714987001789685e-03
1.988629999999999927e+04 -7.290892051366492863e-03
1.988959999999999854e+04 -7.384432984124888154e-03
1.989290000000000146e+04 -7.386406495048737121e-03
1.989620000000000073e+04 -7.343819218985719877e-03
1.989950000000000000e+04 -7.312106689715966272e-03
1.990279999999999927e+04 -7.284818601361037552e-03
1.990609999999999854e+04 -7.269742714499333874e-03
1.990940000000000146e+04 -7.232273687776699309e-03
1.991270000000000073e+04 -7.261173326538557585e-03
1.991600000000000000e+04 -7.272590236364772157e-03
1.991929999999999927e+04 -7.297564431205738958e-03
1.992259999999999854e+04 -7.325032805833315425e-03
1.992590000000000146e+04 -7.327264132974117827e-03
