1.716800000000000000e+04 3.611258845952990387e-04
1.717129999999999927e+04 3.663674318581698142e-04
1.717459999999999854e+04 3.652391452147108115e-04
1.717790000000000146e+04 3.731587610036637926e-04
1.718120000000000073e+04 3.718237906152245141e-04
1.718450000000000000e+04 3.847773325522340065e-04
1.718779999999999927e+04 3.853670667375612359e-04
1.719109999999999854e+04 3.836578108773590497e-04
1.719440000000000146e+04 3.846423863146201396e-04
1.719770000000000073e+04 3.970132448643463440e-04
1.720100000000000000e+04 3.954116576193989581e-04
1.720429999999999927e+04 4.080277904743120259e-04
1.720759999999999854e+04 4.072415489105754398e-04
1.721090000000000146e+04 3.989222474629206656e-04
1.721420000000000073e+04 3.996784154807341721e-04
1.721750000000000000e+04 4.023005603610665427e-04
1.722079999999999927e+04 4.103887319082872610e-04
1.722409999999999854e+04 4.184969487518051183e-04
1.722729999999999927e+04 4.296351426735292296e-04
1.723059999999999854e+04 4.307398019081832728e-04
1.723390000000000146e+04 4.427548955004348831e-04
1.723720000000000073e+04 4.587152793844157233e-04
1.724050000000000000e+04 4.668242719017418052e-04
1.724379999999999927e+04 4.639720185645438322e-04
1.724709999999999854e+04 4.607514761957468637e-04
1.725040000000000146e+04 4.646257735984249339e-04
1.725370000000000073e+04 4.654654573863462757e-04
1.725700000000000000e+04 4.809512372318387979e-04
1.726029999999999927e+04 4.786875076773429200e-04
1.726359999999999854e+04 4.889963463976723787e-04
1.726690000000000146e+04 4.971773581748195701e-04
1.727020000000000073e+04 4.964601089447041697e-04
1.727350000000000000e+04 5.001848698220326319e-04
1.727679999999999927e+04 5.022172763749830184e-04
1.728009999999999854e+04 5.005140710951748581e-04
1.728340000000000146e+04 4.925874602471599960e-04
1.728670000000000073e+04 4.958738338564907741e-04
1.729000000000000000e+04 5.159351372557578926e-04
1.729320000000000073e+04 5.164224537541021055e-04
1.729650000000000000e+04 5.195304334275485528e-04
1.729979999999999927e+04 5.322685238419613656e-04
1.730309999999999854e+04 5.341656788407992936e-04
1.730640000000000146e+04 5.401574508639749375e-04
1.730970000000000073e+04 5.472527672057635705e-04
1.731300000000000000e+04 5.567809047436395910e-04
1.731629999999999927e+04 5.616352635703740753e-04
1.731959999999999854e+04 5.706583575556485382e-04
1.732290000000000146e+04 5.754985922154196324e-04
1.732620000000000073e+04 5.774115847713476692e-04
1.732950000000000000e+04 5.710706527218649669e-04
1.733279999999999927e+04 5.780587367831671380e-04
1.733609999999999854e+04 5.780816518236580204e-04
1.733940000000000146e+04 5.726990947101364077e-04
1.734270000000000073e+04 5.673905128118215176e-04
1.734600000000000000e+04 5.716291905195646818e-04
1.734929999999999927e+04 5.719872798136371424e-04
1.735259999999999854e+04 5.769640853474708583e-04
1.735579999999999927e+04 5.801265476732220218e-04
1.735909999999999854e+04 5.846395376242536799e-04
1.736240000000000146e+04 5.868110342372054268e-04
1.736570000000000073e+04 5.909095210341991063e-04
1.736900000000000000e+04 5.896807050014712427e-04
1.737229999999999927e+04 5.861337366364949330e-04
1.737559999999999854e+04 5.844501585387195091e-04
1.737890000000000146e+04 5.873456849266650483e-04
1.738220000000000073e+04 5.867682414148520749e-04
1.738550000000000000e+04 5.864788179054188262e-04
1.738879999999999927e+04 5.805797798682792339e-04
1.739209999999999854e+04 5.866556265836880921e-04
1.739540000000000146e+04 5.888970307191613825e-04
1.739870000000000073e+04 5.895474897360475581e-04
1.740200000000000000e+04 5.804644386386424888e-04
1.740529999999999927e+04 5.798447427306175012e-04
1.740859999999999854e+04 5.799674351510542133e-04
1.741190000000000146e+04 5.785782054015427278e-04
1.741520000000000073e+04 5.769527106640914187e-04
1.741850000000000000e+04 5.784345804550891168e-04
1.742170000000000073e+04 5.740138496032167262e-04
1.742500000000000000e+04 5.745130585978461052e-04
1.742829999999999927e+04 5.807490479826988477e-04
1.743159999999999854e+04 5.878334404564867751e-04
1.743490000000000146e+04 6.008124738705785664e-04
1.743820000000000073e+04 6.050238908122256313e-04
1.744150000000000000e+04 6.080764915748758945e-04
1.744479999999999927e+04 6.091765341065043683e-04
1.744809999999999854e+04 6.154931972167286764e-04
1.745140000000000146e+04 6.177531825114767087e-04
1.745470000000000073e+04 6.133620124124429269e-04
1.745800000000000000e+04 6.130585043821129912e-04
1.746129999999999927e+04 6.141858969971283238e-04
1.746459999999999854e+04 6.110727164911822955e-04
1.746790000000000146e+04 6.211550649228631720e-04
1.747120000000000073e+04 6.223708614137144672e-04
1.747450000000000000e+04 6.239718901904534347e-04
1.747779999999999927e+04 6.266054582603591524e-04
1.748109999999999854e+04 6.267386919671800094e-04
1.748429999999999927e+04 6.242199162588456729e-04
1.748759999999999854e+04 6.178900574457037468e-04
1.749090000000000146e+04 6.102735006275095435e-04
1.749420000000000073e+04 6.157237785571821435e-04
1.749750000000000000e+04 6.162383878027346586e-04
1.750079999999999927e+04 6.160031248343733655e-04
1.750409999999999854e+04 6.234620597369436648e-04
1.750740000000000146e+04 6.310821318005943505e-04
1.751070000000000073e+04 6.293916719790804311e-04
1.751400000000000000e+04 6.347705470101276193e-04
1.751729999999999927e+04 6.351301406219182159e-04
1.752059999999999854e+04 6.401403097616152095e-04
1.752390000000000146e+04 6.411284584103354393e-04
1.752720000000000073e+04 6.391318444687345540e-04
1.753050000000000000e+04 6.422851743359362384e-04
1.753379999999999927e+04 6.442526319267477975e-04
1.753709999999999854e+04 6.477819403380968280e-04
1.754040000000000146e+04 6.517053479125749791e-04
1.754370000000000073e+04 6.565017422436299297e-04
1.754700000000000000e+04 6.557410067906217169e-04
1.755020000000000073e+04 6.597329853875025024e-04
1.755350000000000000e+04 6.523464874122278118e-04
1.755679999999999927e+04 6.491529264795463557e-04
1.756009999999999854e+04 6.441738162065468488e-04
1.756340000000000146e+04 6.493611524083288964e-04
1.756670000000000073e+04 6.558896386651735843e-04
1.757000000000000000e+04 6.534679999723959267e-04
1.757329999999999927e+04 6.574741398722206993e-04
1.757659999999999854e+04 6.615792951335934839e-04
1.757990000000000146e+04 6.681002904064964072e-04
1.758320000000000073e+04 6.703288617351396087e-04
1.758650000000000000e+04 6.793383759397979890e-04
1.758979999999999927e+04 6.819426173583383304e-04
1.759309999999999854e+04 6.831804258771738327e-04
1.759640000000000146e+04 6.788526153458615845e-04
1.759970000000000073e+04 6.675207483918772300e-04
1.760300000000000000e+04 6.605678980954809380e-04
1.760629999999999927e+04 6.682866461109056950e-04
1.760959999999999854e+04 6.740715857800238164e-04
1.761290000000000146e+04 6.724467646112952234e-04
1.761609999999999854e+04 6.741144044298054720e-04
1.761940000000000146e+04 6.808487361764310785e-04
1.762270000000000073e+04 6.840861713926437663e-04
1.762600000000000000e+04 6.894961391635922709e-04
1.762929999999999927e+04 6.923651955500505608e-04
1.763259999999999854e+04 6.907266700210426763e-04
1.763590000000000146e+04 6.989480900496319394e-04
1.763920000000000073e+04 7.035008652087883186e-04
1.764250000000000000e+04 7.006349708306240090e-04
1.764579999999999927e+04 7.055831068482933122e-04
1.764909999999999854e+04 7.102922503388408660e-04
1.765240000000000146e+04 7.189201668031971852e-04
1.765570000000000073e+04 7.206761500821938071e-04
1.765900000000000000e+04 7.205528473280745213e-04
1.766229999999999927e+04 7.206593967193924847e-04
1.766559999999999854e+04 7.226687645426120403e-04
1.766890000000000146e+04 7.237913476126004841e-04
1.767220000000000073e+04 7.252336403643696444e-04
1.767550000000000000e+04 7.255075992677592405e-04
1.767870000000000073e+04 7.251006637642680571e-04
1.768200000000000000e+04 7.184365121243879585e-04
1.768529999999999927e+04 7.247457679412408179e-04
1.768859999999999854e+04 7.252577865206538211e-04
1.769190000000000146e+04 7.216454536287966693e-04
1.769520000000000073e+04 7.156438757997585264e-04
1.769850000000000000e+04 7.201453994095332765e-04
1.770179999999999927e+04 7.195192206936274967e-04
1.770509999999999854e+04 7.214789497174408728e-04
1.770840000000000146e+04 7.258345745025028247e-04
1.771170000000000073e+04 7.337441368238986064e-04
1.771500000000000000e+04 7.337261133867005024e-04
1.771829999999999927e+04 7.472708572063293218e-04
1.772159999999999854e+04 7.517934351091310743e-04
1.772490000000000146e+04 7.570735727697992887e-04
1.772820000000000073e+04 7.571534769408812043e-04
1.773150000000000000e+04 7.586488035382529761e-04
1.773479999999999927e+04 7.646211058062675524e-04
1.773809999999999854e+04 7.644585104575337504e-04
1.774140000000000146e+04 7.658422179432288705e-04
1.774459999999999854e+04 7.667281087233172908e-04
1.774790000000000146e+04 7.715351278884887039e-04
1.775120000000000073e+04 7.691286721077378449e-04
1.775450000000000000e+04 7.691294217108909405e-04
1.775779999999999927e+04 7.712325865867427797e-04
1.776109999999999854e+04 7.775587263862647480e-04
1.776440000000000146e+04 7.865650144999911889e-04
1.776770000000000073e+04 7.892002794010791970e-04
1.777100000000000000e+04 7.837233231239861767e-04
1.777429999999999927e+04 7.851302037145100905e-04
1.777759999999999854e+04 7.855722114656587922e-04
1.778090000000000146e+04 7.813678333371052017e-04
1.778420000000000073e+04 7.809014920382691474e-04
1.778750000000000000e+04 7.848344239533654567e-04
1.779079999999999927e+04 7.812520372972499988e-04
1.779409999999999854e+04 7.860933685321814125e-04
1.779740000000000146e+04 7.933935476616697964e-04
1.780070000000000073e+04 7.994143503467888252e-04
1.780400000000000000e+04 8.052068322162037614e-04
1.780720000000000073e+04 8.156450827321842095e-04
1.781050000000000000e+04 8.153932329727787412e-04
1.781379999999999927e+04 8.236236478548988492e-04
1.781709999999999854e+04 8.294943313283374437e-04
1.782040000000000146e+04 8.323437384813919598e-04
1.782370000000000073e+04 8.342126469065199714e-04
1.782700000000000000e+04 8.349207793040143953e-04
1.783029999999999927e+04 8.359237464925595249e-04
1.783359999999999854e+04 8.335719078505470902e-04
1.783690000000000146e+04 8.367307144110170455e-04
1.784020000000000073e+04 8.442767584955081879e-04
1.784350000000000000e+04 8.474888014585795978e-04
1.784679999999999927e+04 8.590778012036841011e-04
1.785009999999999854e+04 8.520173539594412364e-04
1.785340000000000146e+04 8.529782620612525856e-04
1.785670000000000073e+04 8.621050423864562700e-04
1.786000000000000000e+04 8.647741507891000762e-04
1.786329999999999927e+04 8.642814979597689606e-04
1.786659999999999854e+04 8.724305488861353215e-04
1.786990000000000146e+04 8.736978136323046446e-04
1.787309999999999854e+04 8.679895226672327364e-04
1.787640000000000146e+04 8.718706787317964191e-04
1.787970000000000073e+04 8.760595229272090173e-04
1.788300000000000000e+04 8.780296264477712668e-04
1.788629999999999927e+04 8.754640948445317023e-04
1.788959999999999854e+04 8.802345632937133525e-04
1.789290000000000146e+04 8.822992623566211457e-04
1.789620000000000073e+04 8.885829593330358189e-04
1.789950000000000000e+04 8.981034251757644181e-04
1.790279999999999927e+04 9.024354543072573296e-04
1.790609999999999854e+04 9.023796821564471346e-04
1.790940000000000146e+04 9.023561159462503136e-04
1.791270000000000073e+04 9.016396221512558385e-04
1.791600000000000000e+04 9.018475153363035785e-04
1.791929999999999927e+04 9.070135895312557602e-04
1.792259999999999854e+04 9.036466037640524538e-04
1.792590000000000146e+04 9.042915028313754881e-04
1.792920000000000073e+04 9.030186109500140017e-04
1.793250000000000000e+04 9.069394408751000431e-04
1.793570000000000073e+04 9.160948222057292830e-04
1.793900000000000000e+04 9.186955128558927080e-04
1.794229999999999927e+04 9.181418079612070843e-04
1.794559999999999854e+04 9.296939530322207313e-04
1.794890000000000146e+04 9.313953369719907933e-04
1.795220000000000073e+04 9.284211265712424398e-04
1.795550000000000000e+04 9.318486764677391242e-04
1.795879999999999927e+04 9.353602884116544655e-04
1.796209999999999854e+04 9.299833993452798295e-04
1.796540000000000146e+04 9.281148510078874887e-04
1.796870000000000073e+04 9.268651244601378578e-04
1.797200000000000000e+04 9.225411147025036011e-04
1.797529999999999927e+04 9.282331895861213123e-04
1.797859999999999854e+04 9.211306129307609810e-04
1.798190000000000146e+04 9.241991252517294583e-04
1.798520000000000073e+04 9.254961682156477272e-04
1.798850000000000000e+04 9.324464981231407948e-04
1.799179999999999927e+04 9.322250535560797774e-04
1.799509999999999854e+04 9.298329759260118895e-04
1.799840000000000146e+04 9.319682863272439567e-04
1.800159999999999854e+04 9.222978036184343665e-04
1.800490000000000146e+04 9.268344184317912470e-04
1.800820000000000073e+04 9.252198763438854992e-04
1.801150000000000000e+04 9.158156238963304852e-04
1.801479999999999927e+04 9.130527208197079846e-04
1.801809999999999854e+04 9.192383774144183587e-04
1.802140000000000146e+04 9.218478970163245531e-04
1.802470000000000073e+04 9.213628010606197526e-04
1.802800000000000000e+04 9.188802603825928315e-04
1.803129999999999927e+04 9.178762340951832121e-04
1.803459999999999854e+04 9.147392687760837714e-04
1.803790000000000146e+04 9.152421380271860652e-04
1.804120000000000073e+04 9.088833645118618619e-04
1.804450000000000000e+04 9.023014523535674656e-04
1.804779999999999927e+04 9.026070395581864110e-04
1.805109999999999854e+04 9.019169881187880751e-04
1.805440000000000146e+04 9.107619316893543048e-04
1.805770000000000073e+04 9.063970743481650780e-04
1.806100000000000000e+04 9.052847074616167562e-04
1.806429999999999927e+04 8.909166550535663545e-04
1.806750000000000000e+04 8.856788933863779913e-04
1.807079999999999927e+04 8.740301426481027810e-04
1.807409999999999854e+04 8.672862451980308147e-04
1.807740000000000146e+04 8.554053940068425061e-04
1.808070000000000073e+04 8.574910509557157143e-04
1.808400000000000000e+04 8.535493433904702432e-04
1.808729999999999927e+04 8.497284918210525322e-04
1.809059999999999854e+04 8.447832028417952190e-04
1.809390000000000146e+04 8.385787554893999688e-04
1.809720000000000073e+04 8.294278701390452209e-04
1.810050000000000000e+04 8.190204993939448732e-04
1.810379999999999927e+04 8.133463787168764914e-04
1.810709999999999854e+04 8.054548025224420992e-04
1.811040000000000146e+04 7.888254423335152449e-04
1.811370000000000073e+04 7.757199005285900836e-04
1.811700000000000000e+04 7.675877335103925298e-04
1.812029999999999927e+04 7.624637287926346475e-04
1.812359999999999854e+04 7.606413634635774291e-04
1.812690000000000146e+04 7.557156242495829176e-04
1.813009999999999854e+04 7.400355098632995822e-04
1.813340000000000146e+04 7.293213013333865258e-04
1.813670000000000073e+04 7.294132857715937166e-04
1.814000000000000000e+04 7.248594672849638767e-04
1.814329999999999927e+04 7.191617635749731697e-04
1.814659999999999854e+04 7.067514182602197903e-04
1.814990000000000146e+04 6.980827039103919317e-04
1.815320000000000073e+04 6.827660424309435396e-04
1.815650000000000000e+04 6.814986893251199877e-04
1.815979999999999927e+04 6.816624709779318730e-04
1.816309999999999854e+04 6.702656849853922674e-04
1.816640000000000146e+04 6.638551133267735086e-04
1.816970000000000073e+04 6.511173586012368062e-04
1.817300000000000000e+04 6.493995879875807649e-04
1.817629999999999927e+04 6.480654492365885448e-04
1.817959999999999854e+04 6.450142685646033510e-04
1.818290000000000146e+04 6.545648266833349084e-04
1.818620000000000073e+04 6.614467768602529888e-04
1.818950000000000000e+04 6.644511219740033107e-04
1.819279999999999927e+04 6.631226369436226667e-04
1.819600000000000000e+04 6.620938047248628010e-04
1.819929999999999927e+04 6.608717979499030342e-04
1.820259999999999854e+04 6.605043262296934501e-04
1.820590000000000146e+04 6.566496986657584202e-04
1.820920000000000073e+04 6.555900559103725262e-04
1.821250000000000000e+04 6.507608863917291233e-04
1.821579999999999927e+04 6.491406161424174504e-04
1.821909999999999854e+04 6.375959612334378135e-04
1.822240000000000146e+04 6.505019206788901663e-04
1.822570000000000073e+04 6.454075922530201409e-04
1.822900000000000000e+04 6.624581937421510037e-04
1.823229999999999927e+04 6.715270740330944298e-04
1.823559999999999854e+04 6.840395767176158303e-04
1.823890000000000146e+04 6.907533291759673051e-04
1.824220000000000073e+04 7.093924886183404369e-04
1.824550000000000000e+04 7.163995037635192313e-04
1.824879999999999927e+04 7.252670850018129141e-04
1.825209999999999854e+04 7.251124043042574780e-04
1.825540000000000146e+04 7.363373140184836275e-04
1.825859999999999854e+04 7.447268007901630465e-04
1.826190000000000146e+04 7.675410191762846402e-04
1.826520000000000073e+04 7.737310875364178343e-04
1.826850000000000000e+04 7.862184141209171235e-04
1.827179999999999927e+04 8.000279693333227317e-04
1.827509999999999854e+04 8.182890804335073327e-04
1.827840000000000146e+04 8.440074437008867128e-04
1.828170000000000073e+04 8.620040984781046677e-04
1.828500000000000000e+04 8.709871324963401129e-04
1.828829999999999927e+04 8.736828075314587768e-04
1.829159999999999854e+04 8.932876032807249506e-04
1.829490000000000146e+04 9.194675327578281801e-04
1.829820000000000073e+04 9.328813492445295515e-04
1.830150000000000000e+04 9.336403834266034140e-04
1.830479999999999927e+04 9.532508354141525650e-04
1.830809999999999854e+04 9.679342014756258349e-04
1.831140000000000146e+04 9.775152181769317973e-04
1.831470000000000073e+04 9.899395111000928137e-04
1.831800000000000000e+04 1.013998276443115040e-03
1.832129999999999927e+04 1.032867901272171290e-03
1.832450000000000000e+04 1.044096157556751933e-03
1.832779999999999927e+04 1.060410430150110972e-03
1.833109999999999854e+04 1.089412975044212143e-03
1.833440000000000146e+04 1.105050922095421285e-03
1.833770000000000073e+04 1.115350936654531909e-03
1.834100000000000000e+04 1.136897133981019416e-03
1.834429999999999927e+04 1.148816213598455533e-03
1.834759999999999854e+04 1.154353516467815019e-03
1.835090000000000146e+04 1.164634989040171922e-03
1.835420000000000073e+04 1.179195315970096511e-03
1.835750000000000000e+04 1.201709341453604130e-03
1.836079999999999927e+04 1.222281375440916178e-03
1.836409999999999854e+04 1.243276875901680369e-03
1.836740000000000146e+04 1.258900169217084001e-03
1.837070000000000073e+04 1.281854797791174509e-03
1.837400000000000000e+04 1.308568995481416888e-03
1.837729999999999927e+04 1.328399755044677027e-03
1.838059999999999854e+04 1.348042778954585547e-03
1.838390000000000146e+04 1.378868435525578600e-03
1.838709999999999854e+04 1.392388987783337159e-03
1.839040000000000146e+04 1.431018500464272284e-03
1.839370000000000073e+04 1.441592944799117634e-03
1.839700000000000000e+04 1.467921409246205136e-03
1.840029999999999927e+04 1.490531085002250698e-03
1.840359999999999854e+04 1.517563535300012418e-03
1.840690000000000146e+04 1.543815122574432406e-03
1.841020000000000073e+04 1.562606381584534607e-03
1.841350000000000000e+04 1.582928659332146111e-03
1.841679999999999927e+04 1.608071638244367059e-03
1.842009999999999854e+04 1.621356627717148238e-03
1.842340000000000146e+04 1.645270675670225825e-03
1.842670000000000073e+04 1.664849071131261401e-03
1.843000000000000000e+04 1.695091990948624072e-03
1.843329999999999927e+04 1.719380256667591431e-03
1.843659999999999854e+04 1.756324959960145742e-03
1.843990000000000146e+04 1.790407533712463266e-03
1.844320000000000073e+04 1.819607670905954268e-03
1.844650000000000000e+04 1.847370442829524874e-03
1.844979999999999927e+04 1.878531215008738802e-03
1.845300000000000000e+04 1.908570657686805465e-03
1.845629999999999927e+04 1.925141096341577950e-03
1.845959999999999854e+04 1.927119546477365020e-03
1.846290000000000146e+04 1.966445385396933376e-03
1.846620000000000073e+04 1.975509478538785713e-03
1.846950000000000000e+04 1.981079465999452741e-03
1.847279999999999927e+04 2.007895208021973771e-03
1.847609999999999854e+04 2.031101569004661097e-03
1.847940000000000146e+04 2.044467094241623518e-03
1.848270000000000073e+04 2.049078495451598769e-03
1.848600000000000000e+04 2.055290296097093440e-03
1.848929999999999927e+04 2.069953687387604546e-03
1.849259999999999854e+04 2.092166118407189340e-03
1.849590000000000146e+04 2.095811105559362408e-03
1.849920000000000073e+04 2.126377056817690785e-03
1.850250000000000000e+04 2.157248930930072243e-03
1.850579999999999927e+04 2.196044372615375481e-03
1.850909999999999854e+04 2.241018113009217005e-03
1.851240000000000146e+04 2.252063478998310095e-03
1.851570000000000073e+04 2.258911359943995781e-03
1.851890000000000146e+04 2.275580132127418519e-03
1.852220000000000073e+04 2.300227744395808190e-03
1.852550000000000000e+04 2.335152041577944274e-03
1.852879999999999927e+04 2.376355362274517810e-03
1.853209999999999854e+04 2.417862777700028731e-03
1.853540000000000146e+04 2.464946343879047611e-03
1.853870000000000073e+04 2.506797128823356341e-03
1.854200000000000000e+04 2.561599997803762265e-03
1.854529999999999927e+04 2.629924317352796883e-03
1.854859999999999854e+04 2.660797983095499440e-03
1.855190000000000146e+04 2.715386186921094243e-03
1.855520000000000073e+04 2.767535298354488471e-03
1.855850000000000000e+04 2.830596981565366640e-03
1.856179999999999927e+04 2.893892146637829389e-03
1.856509999999999854e+04 2.944095701300765595e-03
1.856840000000000146e+04 3.011597434756165936e-03
1.857170000000000073e+04 3.047582222221081015e-03
1.857500000000000000e+04 3.114476172213755979e-03
1.857829999999999927e+04 3.190677626128429322e-03
1.858150000000000000e+04 3.243622721196527236e-03
1.858479999999999927e+04 3.306298812364108757e-03
1.858809999999999854e+04 3.360621793454327683e-03
1.859140000000000146e+04 3.420408427593632159e-03
1.859470000000000073e+04 3.493890078440878288e-03
1.859800000000000000e+04 3.557530379265225716e-03
1.860129999999999927e+04 3.610280464376103542e-03
1.860459999999999854e+04 3.677965506861691561e-03
1.860790000000000146e+04 3.739904952419996660e-03
1.861120000000000073e+04 3.833133708460558300e-03
1.861450000000000000e+04 3.949145394271509797e-03
1.861779999999999927e+04 4.029934940593601043e-03
1.862109999999999854e+04 4.112473271943621438e-03
1.862440000000000146e+04 4.206206324353466489e-03
1.862770000000000073e+04 4.275947418474978189e-03
1.863100000000000000e+04 4.412642488072328686e-03
1.863429999999999927e+04 4.509193637188754766e-03
1.863759999999999854e+04 4.601476696655155615e-03
1.864090000000000146e+04 4.717560126744950455e-03
1.864420000000000073e+04 4.894572650347444980e-03
1.864740000000000146e+04 5.032808872504022750e-03
1.865070000000000073e+04 5.156821269505126350e-03
1.865400000000000000e+04 5.305150852640783295e-03
1.865729999999999927e+04 5.441160747990128610e-03
1.866059999999999854e+04 5.586310225848024891e-03
1.866390000000000146e+04 5.718062799328423214e-03
1.866720000000000073e+04 5.844867562690873181e-03
1.867050000000000000e+04 5.962953428903694682e-03
1.867379999999999927e+04 6.092582092303419281e-03
1.867709999999999854e+04 6.258311043939285279e-03
1.868040000000000146e+04 6.452558905683136725e-03
1.868370000000000073e+04 6.693313046647229696e-03
1.868700000000000000e+04 6.949335838255649850e-03
1.869029999999999927e+04 7.186161027839814593e-03
1.869359999999999854e+04 7.482643327652993039e-03
1.869690000000000146e+04 7.758052431946903249e-03
1.870020000000000073e+04 7.884068474812594776e-03
1.870350000000000000e+04 8.012325832275596360e-03
1.870679999999999927e+04 8.241736113529895061e-03
1.871000000000000000e+04 8.551910616470224935e-03
1.871329999999999927e+04 8.772957740010269706e-03
1.871659999999999854e+04 8.927078029287450686e-03
1.871990000000000146e+04 9.134815944574612226e-03
1.872320000000000073e+04 9.311124061763481966e-03
1.872650000000000000e+04 9.534142990214718172e-03
1.872979999999999927e+04 9.686924913751088217e-03
1.873309999999999854e+04 9.849885807772702090e-03
1.873640000000000146e+04 1.003982460146583128e-02
1.873970000000000073e+04 1.025058762266235074e-02
1.874300000000000000e+04 1.033613598419640643e-02
1.874629999999999927e+04 1.053808936467394604e-02
1.874959999999999854e+04 1.063214862718781309e-02
1.875290000000000146e+04 1.074363147476703299e-02
1.875620000000000073e+04 1.085808926771926475e-02
1.875950000000000000e+04 1.101514581352244261e-02
1.876279999999999927e+04 1.118432901819403635e-02
1.876609999999999854e+04 1.132641999046265016e-02
1.876940000000000146e+04 1.144417972753065081e-02
1.877270000000000073e+04 1.162934084937772457e-02
1.877590000000000146e+04 1.185360323629341094e-02
1.877920000000000073e+04 1.195265452452041847e-02
1.878250000000000000e+04 1.214405312743025399e-02
1.878579999999999927e+04 1.235671427065626604e-02
1.878909999999999854e+04 1.261462529123456161e-02
1.879240000000000146e+04 1.289773288295032079e-02
1.879570000000000073e+04 1.317089224415039089e-02
1.879900000000000000e+04 1.348403368973331157e-02
1.880229999999999927e+04 1.381648851379267164e-02
1.880559999999999854e+04 1.413950094081260593e-02
1.880890000000000146e+04 1.441028040792799621e-02
1.881220000000000073e+04 1.471164578187792588e-02
1.881550000000000000e+04 1.505596897847304161e-02
1.881879999999999927e+04 1.538173689200424132e-02
1.882209999999999854e+04 1.570709634042598973e-02
1.882540000000000146e+04 1.604885637623560887e-02
1.882870000000000073e+04 1.639652680751408492e-02
1.883200000000000000e+04 1.672789344013472096e-02
1.883529999999999927e+04 1.707406491685174721e-02
1.883859999999999854e+04 1.742507937794138262e-02
1.884179999999999927e+04 1.775710141024898145e-02
1.884509999999999854e+04 1.809167792230791452e-02
1.884840000000000146e+04 1.837462064607912546e-02
1.885170000000000073e+04 1.863008584698906678e-02
1.885500000000000000e+04 1.891060791118250733e-02
1.885829999999999927e+04 1.913848921511800485e-02
1.886159999999999854e+04 1.936096858959368561e-02
1.886490000000000146e+04 1.976841895267850840e-02
1.886820000000000073e+04 2.017855637485742662e-02
1.887150000000000000e+04 2.047811666906142192e-02
1.887479999999999927e+04 2.068327109532822755e-02
1.887809999999999854e+04 2.100704378344849313e-02
1.888140000000000146e+04 2.139409152337165207e-02
1.888470000000000073e+04 2.173005350737371860e-02
1.888800000000000000e+04 2.208216021063906867e-02
1.889129999999999927e+04 2.239152351319150663e-02
1.889459999999999854e+04 2.279223227483760314e-02
1.889790000000000146e+04 2.318285451411041670e-02
1.890120000000000073e+04 2.356339939573201883e-02
1.890440000000000146e+04 2.390755601223494564e-02
1.890770000000000073e+04 2.438661488735310509e-02
1.891100000000000000e+04 2.477401759260222658e-02
1.891429999999999927e+04 2.525328150456579088e-02
1.891759999999999854e+04 2.572372587367387914e-02
1.892090000000000146e+04 2.619682044567177640e-02
1.892420000000000073e+04 2.664794944911871508e-02
1.892750000000000000e+04 2.706735307515403463e-02
1.893079999999999927e+04 2.754283097715418127e-02
1.893409999999999854e+04 2.799637770053001878e-02
1.893740000000000146e+04 2.841257177938364548e-02
1.894070000000000073e+04 2.876776967240435301e-02
1.894400000000000000e+04 2.920926093748503136e-02
1.894729999999999927e+04 2.959841617523067611e-02
1.895059999999999854e+04 2.996430486202475083e-02
1.895390000000000146e+04 3.033574820521889662e-02
1.895720000000000073e+04 3.064517148702082874e-02
1.896050000000000000e+04 3.097518605353774199e-02
1.896379999999999927e+04 3.128574108059044984e-02
1.896709999999999854e+04 3.156176607403909928e-02
1.897029999999999927e+04 3.180178484345604073e-02
1.897359999999999854e+04 3.203818573973690742e-02
1.897690000000000146e+04 3.232333694398766694e-02
1.898020000000000073e+04 3.255157093698014814e-02
1.898350000000000000e+04 3.280088938675057575e-02
1.898679999999999927e+04 3.305549111768296688e-02
1.899009999999999854e+04 3.329355094684673111e-02
1.899340000000000146e+04 3.352517326485519866e-02
1.899670000000000073e+04 3.373606912712875244e-02
1.900000000000000000e+04 3.396385476891465582e-02
1.900329999999999927e+04 3.416232968568529843e-02
1.900659999999999854e+04 3.436810542266411500e-02
1.900990000000000146e+04 3.452754264481327356e-02
1.901320000000000073e+04 3.467530340888624191e-02
1.901650000000000000e+04 3.483037885937825123e-02
1.901979999999999927e+04 3.499533062114179582e-02
1.902309999999999854e+04 3.515064900285689437e-02
1.902640000000000146e+04 3.533986058507108258e-02
1.902970000000000073e+04 3.544906205528384341e-02
1.903290000000000146e+04 3.556267713535255642e-02
1.903620000000000073e+04 3.566596192629882534e-02
1.903950000000000000e+04 3.576293114162346770e-02
1.904279999999999927e+04 3.587125615404503781e-02
1.904609999999999854e+04 3.594753183292692666e-02
1.904940000000000146e+04 3.602312172887501412e-02
1.905270000000000073e+04 3.612713842484756993e-02
1.905600000000000000e+04 3.619457855658981399e-02
1.905929999999999927e+04 3.626396054266191327e-02
1.906259999999999854e+04 3.629296093744418389e-02
1.906590000000000146e+04 3.633669098420554133e-02
1.906920000000000073e+04 3.637154092825790191e-02
1.907250000000000000e+04 3.635951809872294688e-02
1.907579999999999927e+04 3.635662506521622483e-02
1.907909999999999854e+04 3.635438736285686451e-02
1.908240000000000146e+04 3.636472505078341966e-02
1.908570000000000073e+04 3.633408185748027847e-02
1.908900000000000000e+04 3.628454632506444844e-02
1.909229999999999927e+04 3.623548517859340179e-02
1.909559999999999854e+04 3.618669297291153553e-02
1.909879999999999927e+04 3.616162617798116680e-02
1.910209999999999854e+04 3.607972953770482993e-02
1.910540000000000146e+04 3.602952500887475484e-02
1.910870000000000073e+04 3.597139064741442654e-02
1.911200000000000000e+04 3.591466905615477850e-02
1.911529999999999927e+04 3.585254156990141938e-02
1.911859999999999854e+04 3.569472890067787452e-02
1.912190000000000146e+04 3.558216522556537087e-02
1.912520000000000073e+04 3.541721375247428027e-02
1.912850000000000000e+04 3.524631725408121363e-02
1.913179999999999927e+04 3.511440777164030053e-02
1.913509999999999854e+04 3.498051490323805801e-02
1.913840000000000146e+04 3.483529600790787051e-02
1.914170000000000073e+04 3.462913829064281218e-02
1.914500000000000000e+04 3.446754037826536832e-02
1.914829999999999927e+04 3.426369002375476841e-02
1.915159999999999854e+04 3.407315127908631253e-02
1.915490000000000146e+04 3.388452214864914186e-02
1.915820000000000073e+04 3.366360391556269538e-02
1.916140000000000146e+04 3.348442346647031997e-02
1.916470000000000073e+04 3.325848277731374009e-02
1.916800000000000000e+04 3.304107785714646695e-02
1.917129999999999927e+04 3.280209769527096114e-02
1.917459999999999854e+04 3.257414933248656969e-02
1.917790000000000146e+04 3.235763880095758604e-02
1.918120000000000073e+04 3.213856583379189058e-02
1.918450000000000000e+04 3.187948900759934173e-02
1.918779999999999927e+04 3.162396955986093022e-02
1.919109999999999854e+04 3.135523974906524042e-02
1.919440000000000146e+04 3.110415711428779137e-02
1.919770000000000073e+04 3.083385276460961361e-02
1.920100000000000000e+04 3.057417407320812616e-02
1.920429999999999927e+04 3.030257805283552430e-02
1.920759999999999854e+04 3.001867960994296022e-02
1.921090000000000146e+04 2.974264078616019324e-02
1.921420000000000073e+04 2.945512162226156944e-02
1.921750000000000000e+04 2.915684474774576582e-02
1.922079999999999927e+04 2.886911175686632941e-02
1.922409999999999854e+04 2.857295271250795757e-02
1.922729999999999927e+04 2.826753109967621372e-02
1.923059999999999854e+04 2.794858576100064940e-02
1.923390000000000146e+04 2.764762848516429811e-02
1.923720000000000073e+04 2.734918587521396882e-02
1.924050000000000000e+04 2.702566433530607937e-02
1.924379999999999927e+04 2.670521608261110583e-02
1.924709999999999854e+04 2.638665472944155474e-02
1.925040000000000146e+04 2.605541650361125477e-02
1.925370000000000073e+04 2.571068495199486242e-02
1.925700000000000000e+04 2.541927229434121430e-02
1.926029999999999927e+04 2.507360575800738137e-02
1.926359999999999854e+04 2.471699611415335840e-02
1.926690000000000146e+04 2.440505559757884593e-02
1.927020000000000073e+04 2.405088936165245689e-02
1.927350000000000000e+04 2.372255761844945313e-02
1.927679999999999927e+04 2.337447621527920585e-02
1.928009999999999854e+04 2.302106409293283584e-02
1.928340000000000146e+04 2.269902541967592363e-02
1.928670000000000073e+04 2.235448744248878100e-02
1.929000000000000000e+04 2.201769311963689899e-02
1.929320000000000073e+04 2.169125129642171870e-02
1.929650000000000000e+04 2.134313382893040720e-02
1.929979999999999927e+04 2.100465017742853338e-02
1.930309999999999854e+04 2.068722918100038277e-02
1.930640000000000146e+04 2.038114567421438900e-02
1.930970000000000073e+04 2.006462693291353322e-02
1.931300000000000000e+04 1.975668304356577656e-02
1.931629999999999927e+04 1.942054619342129668e-02
1.931959999999999854e+04 1.908477066011949122e-02
1.932290000000000146e+04 1.874547706461057728e-02
1.932620000000000073e+04 1.840688103710048235e-02
1.932950000000000000e+04 1.806698776265985851e-02
1.933279999999999927e+04 1.773639295339583463e-02
1.933609999999999854e+04 1.743881690142478832e-02
1.933940000000000146e+04 1.712516897897105317e-02
1.934270000000000073e+04 1.680797050801576681e-02
1.934600000000000000e+04 1.648332334938515734e-02
1.934929999999999927e+04 1.615695591672010670e-02
1.935259999999999854e+04 1.582990316004270412e-02
1.935579999999999927e+04 1.551536759948637413e-02
1.935909999999999854e+04 1.519469852000021950e-02
1.936240000000000146e+04 1.487641034527438511e-02
1.936570000000000073e+04 1.456419909816025586e-02
1.936900000000000000e+04 1.426441467543228259e-02
1.937229999999999927e+04 1.395854457553395364e-02
1.937559999999999854e+04 1.364911611261508673e-02
1.937890000000000146e+04 1.334650299747174550e-02
1.938220000000000073e+04 1.303164895471086576e-02
1.938550000000000000e+04 1.272668947677734266e-02
1.938879999999999927e+04 1.242249077459562333e-02
1.939209999999999854e+04 1.213635896770618935e-02
1.939540000000000146e+04 1.185671683678678374e-02
1.939870000000000073e+04 1.155969501725036958e-02
1.940200000000000000e+04 1.127681764971845760e-02
1.940529999999999927e+04 1.101167145203546527e-02
1.940859999999999854e+04 1.074866132023241314e-02
1.941190000000000146e+04 1.045597066705524110e-02
1.941520000000000073e+04 1.020109122717288881e-02
1.941850000000000000e+04 9.935012453320861761e-03
1.942170000000000073e+04 9.634336903118019893e-03
1.942500000000000000e+04 9.362113282402174594e-03
1.942829999999999927e+04 9.107406417378923272e-03
1.943159999999999854e+04 8.835413179994330499e-03
1.943490000000000146e+04 8.562153810581405247e-03
1.943820000000000073e+04 8.289750234369402601e-03
1.944150000000000000e+04 8.020080910296328511e-03
1.944479999999999927e+04 7.769635843880573489e-03
1.944809999999999854e+04 7.522037076705062955e-03
1.945140000000000146e+04 7.281315749145293552e-03
1.945470000000000073e+04 7.047062806431703304e-03
1.945800000000000000e+04 6.804618648580130699e-03
1.946129999999999927e+04 6.542163575743025448e-03
1.946459999999999854e+04 6.299899951376684328e-03
1.946790000000000146e+04 6.043338529449756268e-03
1.947120000000000073e+04 5.794915591931047889e-03
1.947450000000000000e+04 5.537748529566996480e-03
1.947779999999999927e+04 5.287315243617126369e-03
1.948109999999999854e+04 5.054442614366863075e-03
1.948429999999999927e+04 4.814444398509864186e-03
1.948759999999999854e+04 4.603717733966246513e-03
1.949090000000000146e+04 4.388640674999702909e-03
1.949420000000000073e+04 4.167216683792160543e-03
1.949750000000000000e+04 3.942509617833288293e-03
1.950079999999999927e+04 3.695886727975485238e-03
1.950409999999999854e+04 3.473845630325410067e-03
1.950740000000000146e+04 3.253692704304860395e-03
1.951070000000000073e+04 3.034224774280505892e-03
1.951400000000000000e+04 2.835309396470101374e-03
1.951729999999999927e+04 2.626003191480442631e-03
1.952059999999999854e+04 2.395509205755158664e-03
1.952390000000000146e+04 2.197518548203748322e-03
1.952720000000000073e+04 2.011935393941331664e-03
1.953050000000000000e+04 1.813906539701829780e-03
1.953379999999999927e+04 1.614799768992053507e-03
1.953709999999999854e+04 1.413784557073606172e-03
1.954040000000000146e+04 1.236751305169573332e-03
1.954370000000000073e+04 1.052315334033585795e-03
1.954700000000000000e+04 8.866822446946995805e-04
1.955020000000000073e+04 6.967562206321074002e-04
1.955350000000000000e+04 5.262842553455190529e-04
1.955679999999999927e+04 3.617449186009047586e-04
1.956009999999999854e+04 2.015168368434268570e-04
1.956340000000000146e+04 3.613144440894689509e-05
1.956670000000000073e+04 -1.181480659019287923e-04
1.957000000000000000e+04 -2.655063859179024408e-04
1.957329999999999927e+04 -4.280158623397901387e-04
1.957659999999999854e+04 -5.591239219474897259e-04
1.957990000000000146e+04 -6.946263924765167267e-04
1.958320000000000073e+04 -8.603472811507696790e-04
1.958650000000000000e+04 -1.016770810566343169e-03
1.958979999999999927e+04 -1.146416895627942398e-03
1.959309999999999854e+04 -1.286672773933819798e-03
1.959640000000000146e+04 -1.407750984441914852e-03
1.959970000000000073e+04 -1.525754608109062280e-03
1.960300000000000000e+04 -1.655852538412415755e-03
1.960629999999999927e+04 -1.804337995117669948e-03
1.960959999999999854e+04 -1.933666971246493288e-03
1.961290000000000146e+04 -2.076790761826912551e-03
1.961609999999999854e+04 -2.201251037075145460e-03
1.961940000000000146e+04 -2.308798442014792750e-03
1.962270000000000073e+04 -2.436032882671594103e-03
1.962600000000000000e+04 -2.545543350931400630e-03
1.962929999999999927e+04 -2.650212620248210312e-03
1.963259999999999854e+04 -2.747069637239866330e-03
1.963590000000000146e+04 -2.832254228673535597e-03
1.963920000000000073e+04 -2.975904469010147262e-03
1.964250000000000000e+04 -3.068520035443504830e-03
1.964579999999999927e+04 -3.206264207972727050e-03
1.964909999999999854e+04 -3.347030055336543044e-03
1.965240000000000146e+04 -3.485430722285633078e-03
1.965570000000000073e+04 -3.605053763712647800e-03
1.965900000000000000e+04 -3.682593591736886118e-03
1.966229999999999927e+04 -3.734747649302439139e-03
1.966559999999999854e+04 -3.801147117019810021e-03
1.966890000000000146e+04 -3.905752072904287824e-03
1.967220000000000073e+04 -4.019373443197089835e-03
1.967550000000000000e+04 -4.117107810368679337e-03
1.967870000000000073e+04 -4.238622921071340775e-03
1.968200000000000000e+04 -4.297211284411515606e-03
1.968529999999999927e+04 -4.352647953332989227e-03
1.968859999999999854e+04 -4.408015747806390966e-03
1.969190000000000146e+04 -4.464040595108920324e-03
1.969520000000000073e+04 -4.537414051154748870e-03
1.969850000000000000e+04 -4.586184793480024835e-03
1.970179999999999927e+04 -4.649022354566043243e-03
1.970509999999999854e+04 -4.762900197994714840e-03
1.970840000000000146e+04 -4.880305516027538121e-03
1.971170000000000073e+04 -4.983335325479447409e-03
1.971500000000000000e+04 -5.025949920415004671e-03
1.971829999999999927e+04 -5.119137435064465523e-03
1.972159999999999854e+04 -5.145260699708038496e-03
1.972490000000000146e+04 -5.179970555784659501e-03
1.972820000000000073e+04 -5.272696927723684659e-03
1.973150000000000000e+04 -5.386065470896633962e-03
1.973479999999999927e+04 -5.468592136993629532e-03
1.973809999999999854e+04 -5.556082225319828281e-03
1.974140000000000146e+04 -5.663132441406650355e-03
1.974459999999999854e+04 -5.779943249476756154e-03
1.974790000000000146e+04 -5.805989267918196424e-03
1.975120000000000073e+04 -5.822726403206970706e-03
1.975450000000000000e+04 -5.876873046567615555e-03
1.975779999999999927e+04 -5.912165699130091968e-03
1.976109999999999854e+04 -6.007989409527791057e-03
1.976440000000000146e+04 -6.091947170856772641e-03
1.976770000000000073e+04 -6.185546157177149867e-03
1.977100000000000000e+04 -6.239133638701711317e-03
1.977429999999999927e+04 -6.298165972731590255e-03
1.977759999999999854e+04 -6.356151636195767930e-03
1.978090000000000146e+04 -6.444376373844775373e-03
1.978420000000000073e+04 -6.540543737273851570e-03
1.978750000000000000e+04 -6.575813989417238041e-03
1.979079999999999927e+04 -6.666422534293569430e-03
1.979409999999999854e+04 -6.695729937342342723e-03
1.979740000000000146e+04 -6.726377559613710803e-03
1.980070000000000073e+04 -6.799080445877215238e-03
1.980400000000000000e+04 -6.814499739436311564e-03
1.980720000000000073e+04 -6.851722590062120019e-03
1.981050000000000000e+04 -6.838875723294687500e-03
1.981379999999999927e+04 -6.812903092495718044e-03
1.981709999999999854e+04 -6.853188993750466106e-03
1.982040000000000146e+04 -6.857767665219378569e-03
1.982370000000000073e+04 -6.884352319815609592e-03
1.982700000000000000e+04 -6.920738898077511726e-03
1.983029999999999927e+04 -6.972099639716950251e-03
1.983359999999999854e+04 -6.971399295835747044e-03
1.983690000000000146e+04 -6.985437094824756277e-03
1.984020000000000073e+04 -6.966841079092312219e-03
1.984350000000000000e+04 -6.993368497800921818e-03
1.984679999999999927e+04 -7.017348982824823771e-03
1.985009999999999854e+04 -7.054765630383582307e-03
1.985340000000000146e+04 -7.122241166745868490e-03
1.985670000000000073e+04 -7.192382026505720130e-03
1.986000000000000000e+04 -7.235754608881750198e-03
1.986329999999999927e+04 -7.307216304614953979e-03
1.986659999999999854e+04 -7.314235089755041601e-03
1.986990000000000146e+04 -7.297116894943631547e-03
1.987309999999999854e+04 -7.252251507238192778e-03
1.987640000000000146e+04 -7.249628612909802920e-03
1.987970000000000073e+04 -7.310657622347771327e-03
1.988300000000000000e+04 -7.307231611620345485e-03
1.988629999999999927e+04 -7.394784455187399658e-03
1.988959999999999854e+04 -7.490816112515966997e-03
1.989290000000000146e+04 -7.479861085700523909e-03
1.989620000000000073e+04 -7.446306887141559624e-03
1.989950000000000000e+04 -7.437153878245635237e-03
1.990279999999999927e+04 -7.436448358460807928e-03
1.990609999999999854e+04 -7.436903573742686957e-03
1.990940000000000146e+04 -7.395011338589471510e-03
1.991270000000000073e+04 -7.415944083684031761e-03
1.991600000000000000e+04 -7.430874101109122450e-03
1.991929999999999927e+04 -7.464234702710174051e-03
1.992259999999999854e+04 -7.473601792380625379e-03
1.992590000000000146e+04 -7.447322833491616147e-03
