1.716800000000000000e+04 3.959893430604868305e-04
1.717129999999999927e+04 4.088676779467727090e-04
1.717459999999999854e+04 4.147848850732050114e-04
1.717790000000000146e+04 4.066434797103058102e-04
1.718120000000000073e+04 4.301364672142296694e-04
1.718450000000000000e+04 4.454323369165325420e-04
1.718779999999999927e+04 4.537428151984590637e-04
1.719109999999999854e+04 4.511823774458109931e-04
1.719440000000000146e+04 4.490802463623260778e-04
1.719770000000000073e+04 4.558995014160974516e-04
1.720100000000000000e+04 4.464757254797296730e-04
1.720429999999999927e+04 4.432669064671204348e-04
1.720759999999999854e+04 4.391740675814142267e-04
1.721090000000000146e+04 4.386091969740335615e-04
1.721420000000000073e+04 4.471574728796351363e-04
1.721750000000000000e+04 4.423957470168061014e-04
1.722079999999999927e+04 4.603440855039648118e-04
1.722409999999999854e+04 4.568767985939629797e-04
1.722729999999999927e+04 4.588242264102065926e-04
1.723059999999999854e+04 4.529318923176418724e-04
1.723390000000000146e+04 4.559831339441765795e-04
1.723720000000000073e+04 4.615551691941153644e-04
1.724050000000000000e+04 4.743154203228962815e-04
1.724379999999999927e+04 4.723083240062816621e-04
1.724709999999999854e+04 4.801049530293181921e-04
1.725040000000000146e+04 4.818817001874343216e-04
1.725370000000000073e+04 4.831663875456324009e-04
1.725700000000000000e+04 4.798701167446244096e-04
1.726029999999999927e+04 5.003538548771619375e-04
1.726359999999999854e+04 4.974655165887655744e-04
1.726690000000000146e+04 5.102934499576570592e-04
1.727020000000000073e+04 5.087539067865055019e-04
1.727350000000000000e+04 5.155598222245136959e-04
1.727679999999999927e+04 5.265228691804686723e-04
1.728009999999999854e+04 5.342637408566175807e-04
1.728340000000000146e+04 5.372200902669213617e-04
1.728670000000000073e+04 5.527354396600632925e-04
1.729000000000000000e+04 5.637820017244812116e-04
1.729320000000000073e+04 5.646515470924571645e-04
1.729650000000000000e+04 5.749940928501666871e-04
1.729979999999999927e+04 5.754974296399387613e-04
1.730309999999999854e+04 5.678806857804419728e-04
1.730640000000000146e+04 5.763484135940472129e-04
1.730970000000000073e+04 5.864707684169672775e-04
1.731300000000000000e+04 5.780841148808814767e-04
1.731629999999999927e+04 5.907141569035859316e-04
1.731959999999999854e+04 5.959993218563118360e-04
1.732290000000000146e+04 5.938674782444538971e-04
1.732620000000000073e+04 5.890277547126005712e-04
1.732950000000000000e+04 5.934302702829312784e-04
1.733279999999999927e+04 5.982557444105840753e-04
1.733609999999999854e+04 6.128021945231255452e-04
1.733940000000000146e+04 6.250158606431767665e-04
1.734270000000000073e+04 6.414184270655180851e-04
1.734600000000000000e+04 6.382920773741275521e-04
1.734929999999999927e+04 6.429447624927195739e-04
1.735259999999999854e+04 6.417538710933618374e-04
1.735579999999999927e+04 6.457551442884942655e-04
1.735909999999999854e+04 6.511714067610615501e-04
1.736240000000000146e+04 6.494260683801792713e-04
1.736570000000000073e+04 6.503121437765017757e-04
1.736900000000000000e+04 6.592558727866802519e-04
1.737229999999999927e+04 6.637051312417467479e-04
1.737559999999999854e+04 6.622111842036344483e-04
1.737890000000000146e+04 6.702507546686356900e-04
1.738220000000000073e+04 6.794256055034876216e-04
1.738550000000000000e+04 6.838465910639215462e-04
1.738879999999999927e+04 6.850067977604211390e-04
1.739209999999999854e+04 6.907808655243239749e-04
1.739540000000000146e+04 6.956645782970662930e-04
1.739870000000000073e+04 6.980555843515869182e-04
1.740200000000000000e+04 6.967780166145190078e-04
1.740529999999999927e+04 6.922381582820403287e-04
1.740859999999999854e+04 6.834774454071271309e-04
1.741190000000000146e+04 6.852417837518265213e-04
1.741520000000000073e+04 6.826567849625741254e-04
1.741850000000000000e+04 6.878684115196443240e-04
1.742170000000000073e+04 6.927979589236573721e-04
1.742500000000000000e+04 6.887973952597092929e-04
1.742829999999999927e+04 6.894708468053046668e-04
1.743159999999999854e+04 6.864695695629184115e-04
1.743490000000000146e+04 6.960446023687202714e-04
1.743820000000000073e+04 6.987631145747943452e-04
1.744150000000000000e+04 7.056454971748402213e-04
1.744479999999999927e+04 7.071565582323400363e-04
1.744809999999999854e+04 7.036376040588731380e-04
1.745140000000000146e+04 6.992460552695657725e-04
1.745470000000000073e+04 6.966003239419181221e-04
1.745800000000000000e+04 7.011041664795548880e-04
1.746129999999999927e+04 7.043514200449583216e-04
1.746459999999999854e+04 7.077393572090397806e-04
1.746790000000000146e+04 7.076651667651383823e-04
1.747120000000000073e+04 7.037558620633160497e-04
1.747450000000000000e+04 7.032175909225682692e-04
1.747779999999999927e+04 7.074646661567033550e-04
1.748109999999999854e+04 7.079564475430938754e-04
1.748429999999999927e+04 7.054329491308567856e-04
1.748759999999999854e+04 7.062126667258452218e-04
1.749090000000000146e+04 7.023331299452836721e-04
1.749420000000000073e+04 7.034440996643122942e-04
1.749750000000000000e+04 7.032637501909258515e-04
1.750079999999999927e+04 7.029588173799174947e-04
1.750409999999999854e+04 7.062762064721337003e-04
1.750740000000000146e+04 7.039850558100778756e-04
1.751070000000000073e+04 7.083583052097707292e-04
1.751400000000000000e+04 7.094474364804764224e-04
1.751729999999999927e+04 7.094554569571344610e-04
1.752059999999999854e+04 7.077099848766585767e-04
1.752390000000000146e+04 7.064324066687443626e-04
1.752720000000000073e+04 7.091791832116569943e-04
1.753050000000000000e+04 7.130967019579096365e-04
1.753379999999999927e+04 7.160488082874863665e-04
1.753709999999999854e+04 7.160469563742220258e-04
1.754040000000000146e+04 7.206379118531014817e-04
1.754370000000000073e+04 7.225948705302546668e-04
1.754700000000000000e+04 7.227670766307485407e-04
1.755020000000000073e+04 7.225357326426455054e-04
1.755350000000000000e+04 7.329425414849699170e-04
1.755679999999999927e+04 7.340832535824195603e-04
1.756009999999999854e+04 7.372899914054625208e-04
1.756340000000000146e+04 7.409060600246212842e-04
1.756670000000000073e+04 7.386777720209603730e-04
1.757000000000000000e+04 7.412587545820530479e-04
1.757329999999999927e+04 7.424393090966673265e-04
1.757659999999999854e+04 7.366681171044670755e-04
1.757990000000000146e+04 7.427774254285871274e-04
1.758320000000000073e+04 7.511706589525676478e-04
1.758650000000000000e+04 7.496748117484645403e-04
1.758979999999999927e+04 7.626041083193659063e-04
1.759309999999999854e+04 7.712426306120713504e-04
1.759640000000000146e+04 7.737116131567304189e-04
1.759970000000000073e+04 7.713665803846717463e-04
1.760300000000000000e+04 7.716495523225819957e-04
1.760629999999999927e+04 7.690877607524409729e-04
1.760959999999999854e+04 7.765519373981914037e-04
1.761290000000000146e+04 7.791733301031857550e-04
1.761609999999999854e+04 7.812556275845247266e-04
1.761940000000000146e+04 7.841694529107134156e-04
1.762270000000000073e+04 7.849746470135532178e-04
1.762600000000000000e+04 7.830689951864949977e-04
1.762929999999999927e+04 7.875799994600947125e-04
1.763259999999999854e+04 7.934831110584710055e-04
1.763590000000000146e+04 7.964590469263016156e-04
1.763920000000000073e+04 7.997344680758294768e-04
1.764250000000000000e+04 7.968261520544036181e-04
1.764579999999999927e+04 7.928244903805250566e-04
1.764909999999999854e+04 7.982638052880649746e-04
1.765240000000000146e+04 8.026682546344346110e-04
1.765570000000000073e+04 8.102526841979688097e-04
1.765900000000000000e+04 8.142956098204671631e-04
1.766229999999999927e+04 8.168013832229781192e-04
1.766559999999999854e+04 8.171110187427519560e-04
1.766890000000000146e+04 8.170109252673282089e-04
1.767220000000000073e+04 8.250354937521976609e-04
1.767550000000000000e+04 8.283638286003340004e-04
1.767870000000000073e+04 8.290637669184929047e-04
1.768200000000000000e+04 8.361069856084392448e-04
1.768529999999999927e+04 8.420329509895026860e-04
1.768859999999999854e+04 8.463179586206262062e-04
1.769190000000000146e+04 8.492195240906353802e-04
1.769520000000000073e+04 8.524621295208736384e-04
1.769850000000000000e+04 8.553604133197436612e-04
1.770179999999999927e+04 8.539168016010631164e-04
1.770509999999999854e+04 8.538537245484775426e-04
1.770840000000000146e+04 8.553544838630121674e-04
1.771170000000000073e+04 8.539648374463846160e-04
1.771500000000000000e+04 8.565318844439709714e-04
1.771829999999999927e+04 8.554270614767337183e-04
1.772159999999999854e+04 8.611125137901664769e-04
1.772490000000000146e+04 8.606656887754577170e-04
1.772820000000000073e+04 8.567994104558768545e-04
1.773150000000000000e+04 8.641816135831523844e-04
1.773479999999999927e+04 8.671715712750271976e-04
1.773809999999999854e+04 8.760408188180155830e-04
1.774140000000000146e+04 8.847277296170950140e-04
1.774459999999999854e+04 8.912756527873557126e-04
1.774790000000000146e+04 8.924277051263142160e-04
1.775120000000000073e+04 9.012249304073460593e-04
1.775450000000000000e+04 8.956767547377686824e-04
1.775779999999999927e+04 8.994690548886795020e-04
1.776109999999999854e+04 9.061258965270558565e-04
1.776440000000000146e+04 9.080836225081348424e-04
1.776770000000000073e+04 9.090593112881209699e-04
1.777100000000000000e+04 9.147830214010138411e-04
1.777429999999999927e+04 9.183357288891558961e-04
1.777759999999999854e+04 9.260658882439536544e-04
1.778090000000000146e+04 9.356573593932537673e-04
1.778420000000000073e+04 9.423350183179837226e-04
1.778750000000000000e+04 9.502256428304744693e-04
1.779079999999999927e+04 9.569445621010025079e-04
1.779409999999999854e+04 9.586182116842676109e-04
1.779740000000000146e+04 9.700426991396079220e-04
1.780070000000000073e+04 9.772745747227461546e-04
1.780400000000000000e+04 9.791805204138945545e-04
1.780720000000000073e+04 9.899018224106376999e-04
1.781050000000000000e+04 1.000493586985379225e-03
1.781379999999999927e+04 1.005378991977333089e-03
1.781709999999999854e+04 1.004707717687483310e-03
1.782040000000000146e+04 1.006111296190649769e-03
1.782370000000000073e+04 1.010263732156701545e-03
1.782700000000000000e+04 1.018068332785185270e-03
1.783029999999999927e+04 1.027397391501056389e-03
1.783359999999999854e+04 1.034896691241112303e-03
1.783690000000000146e+04 1.038340787311940044e-03
1.784020000000000073e+04 1.042853191408151100e-03
1.784350000000000000e+04 1.048355009208672617e-03
1.784679999999999927e+04 1.052425027440380976e-03
1.785009999999999854e+04 1.052298795748489576e-03
1.785340000000000146e+04 1.054151093383981237e-03
1.785670000000000073e+04 1.063610875116678765e-03
1.786000000000000000e+04 1.064173908272225732e-03
1.786329999999999927e+04 1.069983560693592945e-03
1.786659999999999854e+04 1.081258051194627185e-03
1.786990000000000146e+04 1.093288457127396685e-03
1.787309999999999854e+04 1.103865510236101081e-03
1.787640000000000146e+04 1.108352838064394523e-03
1.787970000000000073e+04 1.117837876713933870e-03
1.788300000000000000e+04 1.125441811647309720e-03
1.788629999999999927e+04 1.127756407086750101e-03
1.788959999999999854e+04 1.135471214568982683e-03
1.789290000000000146e+04 1.147692686936428383e-03
1.789620000000000073e+04 1.151529769122774244e-03
1.789950000000000000e+04 1.159197467386590633e-03
1.790279999999999927e+04 1.168632935050583580e-03
1.790609999999999854e+04 1.168530846186951761e-03
1.790940000000000146e+04 1.170596077010258289e-03
1.791270000000000073e+04 1.172643260280113123e-03
1.791600000000000000e+04 1.178237982898330599e-03
1.791929999999999927e+04 1.188390050287918033e-03
1.792259999999999854e+04 1.185464963048854644e-03
1.792590000000000146e+04 1.186232839204472795e-03
1.792920000000000073e+04 1.196014975554670484e-03
1.793250000000000000e+04 1.205161146173363727e-03
1.793570000000000073e+04 1.213886697669790170e-03
1.793900000000000000e+04 1.217160010733593384e-03
1.794229999999999927e+04 1.221980698183979712e-03
1.794559999999999854e+04 1.224214312385544460e-03
1.794890000000000146e+04 1.228517778480265211e-03
1.795220000000000073e+04 1.224738151390414483e-03
1.795550000000000000e+04 1.224689564315439155e-03
1.795879999999999927e+04 1.230394249574198653e-03
1.796209999999999854e+04 1.231245237125612934e-03
1.796540000000000146e+04 1.236783020867867093e-03
1.796870000000000073e+04 1.243820445075977674e-03
1.797200000000000000e+04 1.246230074098206818e-03
1.797529999999999927e+04 1.246457968101048405e-03
1.797859999999999854e+04 1.252713559177767375e-03
1.798190000000000146e+04 1.263158094220966218e-03
1.798520000000000073e+04 1.270752771705151813e-03
1.798850000000000000e+04 1.276779202465597911e-03
1.799179999999999927e+04 1.283907643672234367e-03
1.799509999999999854e+04 1.287671716127393061e-03
1.799840000000000146e+04 1.285933989179314585e-03
1.800159999999999854e+04 1.286459370585244129e-03
1.800490000000000146e+04 1.294154471458859850e-03
1.800820000000000073e+04 1.299570738199274170e-03
1.801150000000000000e+04 1.307176695609613701e-03
1.801479999999999927e+04 1.313279152670603685e-03
1.801809999999999854e+04 1.327482312306691196e-03
1.802140000000000146e+04 1.328287622161187414e-03
1.802470000000000073e+04 1.340180146028741460e-03
1.802800000000000000e+04 1.344505917093668981e-03
1.803129999999999927e+04 1.352534316139502235e-03
1.803459999999999854e+04 1.350531841791801279e-03
1.803790000000000146e+04 1.345781113359172630e-03
1.804120000000000073e+04 1.353818155244265482e-03
1.804450000000000000e+04 1.353287714118834272e-03
1.804779999999999927e+04 1.359678496768445622e-03
1.805109999999999854e+04 1.367696894806328268e-03
1.805440000000000146e+04 1.376009998900805690e-03
1.805770000000000073e+04 1.381613730681274235e-03
1.806100000000000000e+04 1.382917753028804243e-03
1.806429999999999927e+04 1.379557640075150223e-03
1.806750000000000000e+04 1.381927744595509190e-03
1.807079999999999927e+04 1.378280394063235341e-03
1.807409999999999854e+04 1.372535249016266405e-03
1.807740000000000146e+04 1.375645677553086112e-03
1.808070000000000073e+04 1.379237919519871874e-03
1.808400000000000000e+04 1.382147171933208575e-03
1.808729999999999927e+04 1.396443569049727294e-03
1.809059999999999854e+04 1.402379116709877045e-03
1.809390000000000146e+04 1.398038864433965266e-03
1.809720000000000073e+04 1.392735737492200318e-03
1.810050000000000000e+04 1.392674894666762545e-03
1.810379999999999927e+04 1.388309041472741805e-03
1.810709999999999854e+04 1.387195171629169999e-03
1.811040000000000146e+04 1.385347482804781061e-03
1.811370000000000073e+04 1.383928469312254838e-03
1.811700000000000000e+04 1.396128625442995307e-03
1.812029999999999927e+04 1.407349894920584916e-03
1.812359999999999854e+04 1.412990544173634792e-03
1.812690000000000146e+04 1.410658375586517580e-03
1.813009999999999854e+04 1.401884581983675170e-03
1.813340000000000146e+04 1.406782445399117629e-03
1.813670000000000073e+04 1.405263344140461699e-03
1.814000000000000000e+04 1.418462358172249563e-03
1.814329999999999927e+04 1.416866464278119121e-03
1.814659999999999854e+04 1.411866107867006679e-03
1.814990000000000146e+04 1.406267952789256237e-03
1.815320000000000073e+04 1.402970308702145789e-03
1.815650000000000000e+04 1.392368793463461115e-03
1.815979999999999927e+04 1.389791869992516209e-03
1.816309999999999854e+04 1.389441125917716948e-03
1.816640000000000146e+04 1.390796155859146902e-03
1.816970000000000073e+04 1.387801163793582569e-03
1.817300000000000000e+04 1.383927898078454559e-03
1.817629999999999927e+04 1.385101425058068731e-03
1.817959999999999854e+04 1.393176867264988650e-03
1.818290000000000146e+04 1.401246407954336417e-03
1.818620000000000073e+04 1.414964716548080094e-03
1.818950000000000000e+04 1.408162038485929850e-03
1.819279999999999927e+04 1.414076850833531022e-03
1.819600000000000000e+04 1.418636429232573559e-03
1.819929999999999927e+04 1.429993246096442549e-03
1.820259999999999854e+04 1.436319710832840860e-03
1.820590000000000146e+04 1.432345923943891030e-03
1.820920000000000073e+04 1.431990526371698788e-03
1.821250000000000000e+04 1.418395922603780945e-03
1.821579999999999927e+04 1.409163552018592031e-03
1.821909999999999854e+04 1.412321526380623787e-03
1.822240000000000146e+04 1.422631305838351111e-03
1.822570000000000073e+04 1.431740514729746162e-03
1.822900000000000000e+04 1.454041197730633833e-03
1.823229999999999927e+04 1.467858541725746129e-03
1.823559999999999854e+04 1.496418353415692555e-03
1.823890000000000146e+04 1.510754602145593373e-03
1.824220000000000073e+04 1.533724552674528953e-03
1.824550000000000000e+04 1.561301824503446168e-03
1.824879999999999927e+04 1.580576621836276468e-03
1.825209999999999854e+04 1.584781246973080608e-03
1.825540000000000146e+04 1.610690566187289886e-03
1.825859999999999854e+04 1.631466042292979484e-03
1.826190000000000146e+04 1.663899096246390348e-03
1.826520000000000073e+04 1.682773418300073003e-03
1.826850000000000000e+04 1.702503288975431217e-03
1.827179999999999927e+04 1.721682785217749749e-03
1.827509999999999854e+04 1.742880147433077068e-03
1.827840000000000146e+04 1.770549082511754541e-03
1.828170000000000073e+04 1.787175840907268953e-03
1.828500000000000000e+04 1.801686317054905376e-03
1.828829999999999927e+04 1.813692223849770963e-03
1.829159999999999854e+04 1.836558623824522058e-03
1.829490000000000146e+04 1.868135503653684014e-03
1.829820000000000073e+04 1.875943980113521951e-03
1.830150000000000000e+04 1.897038599384483866e-03
1.830479999999999927e+04 1.917170336979311151e-03
1.830809999999999854e+04 1.946167565859467305e-03
1.831140000000000146e+04 1.969975718209990723e-03
1.831470000000000073e+04 1.999305729044583649e-03
1.831800000000000000e+04 2.023108657984083476e-03
1.832129999999999927e+04 2.069051544229110265e-03
1.832450000000000000e+04 2.097256598347353902e-03
1.832779999999999927e+04 2.119801789657217803e-03
1.833109999999999854e+04 2.166677383989444941e-03
1.833440000000000146e+04 2.205671593330687293e-03
1.833770000000000073e+04 2.245656435638208621e-03
1.834100000000000000e+04 2.290951804039357935e-03
1.834429999999999927e+04 2.303662596527052738e-03
1.834759999999999854e+04 2.339006338862433150e-03
1.835090000000000146e+04 2.375494689929949672e-03
1.835420000000000073e+04 2.420633938016910399e-03
1.835750000000000000e+04 2.461544381017215580e-03
1.836079999999999927e+04 2.496591883818182096e-03
1.836409999999999854e+04 2.525503613692898271e-03
1.836740000000000146e+04 2.558384576035688251e-03
1.837070000000000073e+04 2.609538209522094341e-03
1.837400000000000000e+04 2.664940359398380171e-03
1.837729999999999927e+04 2.719718103942661211e-03
1.838059999999999854e+04 2.768224043716992384e-03
1.838390000000000146e+04 2.812430872607763269e-03
1.838709999999999854e+04 2.848315296234945563e-03
1.839040000000000146e+04 2.895721260859622937e-03
1.839370000000000073e+04 2.922341160376826143e-03
1.839700000000000000e+04 2.958923028108164256e-03
1.840029999999999927e+04 2.983181805166477442e-03
1.840359999999999854e+04 3.036439197020064044e-03
1.840690000000000146e+04 3.078901764263660811e-03
1.841020000000000073e+04 3.100207801542446788e-03
1.841350000000000000e+04 3.137604616807037304e-03
1.841679999999999927e+04 3.182364268636218331e-03
1.842009999999999854e+04 3.205941798660612817e-03
1.842340000000000146e+04 3.245995862314886814e-03
1.842670000000000073e+04 3.286357288669150382e-03
1.843000000000000000e+04 3.324661722638515022e-03
1.843329999999999927e+04 3.366901675727828561e-03
1.843659999999999854e+04 3.417953117936084993e-03
1.843990000000000146e+04 3.468408267145828110e-03
1.844320000000000073e+04 3.512454896762353101e-03
1.844650000000000000e+04 3.553384866833720398e-03
1.844979999999999927e+04 3.604406007688979331e-03
1.845300000000000000e+04 3.652618569645096989e-03
1.845629999999999927e+04 3.690873796340916717e-03
1.845959999999999854e+04 3.714036465184152036e-03
1.846290000000000146e+04 3.776929984401689987e-03
1.846620000000000073e+04 3.785273908558117219e-03
1.846950000000000000e+04 3.807508222043910415e-03
1.847279999999999927e+04 3.829993648256822206e-03
1.847609999999999854e+04 3.849162566492752603e-03
1.847940000000000146e+04 3.859757020787836414e-03
1.848270000000000073e+04 3.873839451252370121e-03
1.848600000000000000e+04 3.873965283420073048e-03
1.848929999999999927e+04 3.883796301722261882e-03
1.849259999999999854e+04 3.908878776111815619e-03
1.849590000000000146e+04 3.906166814072672966e-03
1.849920000000000073e+04 3.922484278210325824e-03
1.850250000000000000e+04 3.951298451054945787e-03
1.850579999999999927e+04 3.986344034847687408e-03
1.850909999999999854e+04 4.046209084252914805e-03
1.851240000000000146e+04 4.048195608792023829e-03
1.851570000000000073e+04 4.046127239029403966e-03
1.851890000000000146e+04 4.052536254635317851e-03
1.852220000000000073e+04 4.073460871163227595e-03
1.852550000000000000e+04 4.111143639931435362e-03
1.852879999999999927e+04 4.159810554150592497e-03
1.853209999999999854e+04 4.203640308898907128e-03
1.853540000000000146e+04 4.240944299334091332e-03
1.853870000000000073e+04 4.283441954645613239e-03
1.854200000000000000e+04 4.330047406238295669e-03
1.854529999999999927e+04 4.392325775109034991e-03
1.854859999999999854e+04 4.423165286467221208e-03
1.855190000000000146e+04 4.481666894186542988e-03
1.855520000000000073e+04 4.537878072598854409e-03
1.855850000000000000e+04 4.606106457751355486e-03
1.856179999999999927e+04 4.671718199599696197e-03
1.856509999999999854e+04 4.726921372804710961e-03
1.856840000000000146e+04 4.779302218726990542e-03
1.857170000000000073e+04 4.804879647935819328e-03
1.857500000000000000e+04 4.858328450778671634e-03
1.857829999999999927e+04 4.926279237918483080e-03
1.858150000000000000e+04 4.974056148842616321e-03
1.858479999999999927e+04 5.020464119048388858e-03
1.858809999999999854e+04 5.054555362775376218e-03
1.859140000000000146e+04 5.098450896812040459e-03
1.859470000000000073e+04 5.159759731538037485e-03
1.859800000000000000e+04 5.210796657559396000e-03
1.860129999999999927e+04 5.245032093084343351e-03
1.860459999999999854e+04 5.307844959726706890e-03
1.860790000000000146e+04 5.363533221689075273e-03
1.861120000000000073e+04 5.454738515913888641e-03
1.861450000000000000e+04 5.562615943058066455e-03
1.861779999999999927e+04 5.635883141042316233e-03
1.862109999999999854e+04 5.694739991664682539e-03
1.862440000000000146e+04 5.782238563974051795e-03
1.862770000000000073e+04 5.852963894120893733e-03
1.863100000000000000e+04 5.990599023458380301e-03
1.863429999999999927e+04 6.081549000412134198e-03
1.863759999999999854e+04 6.170136097396400517e-03
1.864090000000000146e+04 6.281839283322121839e-03
1.864420000000000073e+04 6.471433969719152593e-03
1.864740000000000146e+04 6.594382959118646678e-03
1.865070000000000073e+04 6.713815498864326298e-03
1.865400000000000000e+04 6.861352128971402384e-03
1.865729999999999927e+04 6.996340251832398882e-03
1.866059999999999854e+04 7.131648535671952956e-03
1.866390000000000146e+04 7.259412367826454000e-03
1.866720000000000073e+04 7.369010475164135959e-03
1.867050000000000000e+04 7.451555719738588504e-03
1.867379999999999927e+04 7.553982106013992608e-03
1.867709999999999854e+04 7.705912802074524511e-03
1.868040000000000146e+04 7.894378206915988322e-03
1.868370000000000073e+04 8.145236810176186698e-03
1.868700000000000000e+04 8.393540164818007882e-03
1.869029999999999927e+04 8.581384978092991209e-03
1.869359999999999854e+04 8.856150914151695447e-03
1.869690000000000146e+04 9.111349697587166341e-03
1.870020000000000073e+04 9.206467678999094226e-03
1.870350000000000000e+04 9.287674347198002223e-03
1.870679999999999927e+04 9.468723459791021299e-03
1.871000000000000000e+04 9.772704698576110266e-03
1.871329999999999927e+04 9.972055475854169071e-03
1.871659999999999854e+04 1.009934005587842694e-02
1.871990000000000146e+04 1.024393827024078218e-02
1.872320000000000073e+04 1.037443882219530288e-02
1.872650000000000000e+04 1.053016805850639365e-02
1.872979999999999927e+04 1.064399435450517212e-02
1.873309999999999854e+04 1.078234726578609394e-02
1.873640000000000146e+04 1.092379574733780626e-02
1.873970000000000073e+04 1.110030843567419087e-02
1.874300000000000000e+04 1.114515849184191491e-02
1.874629999999999927e+04 1.129009605819044151e-02
1.874959999999999854e+04 1.135313198364211809e-02
1.875290000000000146e+04 1.143220371996654314e-02
1.875620000000000073e+04 1.151295366142832122e-02
1.875950000000000000e+04 1.166189799572927080e-02
1.876279999999999927e+04 1.180179455457088487e-02
1.876609999999999854e+04 1.192837325427577831e-02
1.876940000000000146e+04 1.200049144515503291e-02
1.877270000000000073e+04 1.213830249703961271e-02
1.877590000000000146e+04 1.232439728259017084e-02
1.877920000000000073e+04 1.237317619704884561e-02
1.878250000000000000e+04 1.254121373496343457e-02
1.878579999999999927e+04 1.273458720279074113e-02
1.878909999999999854e+04 1.295263387381190637e-02
1.879240000000000146e+04 1.317996801781377673e-02
1.879570000000000073e+04 1.341365911675726150e-02
1.879900000000000000e+04 1.368434764231508775e-02
1.880229999999999927e+04 1.396993962002223214e-02
1.880559999999999854e+04 1.425501402423682076e-02
1.880890000000000146e+04 1.447123496984126408e-02
1.881220000000000073e+04 1.472996514795704703e-02
1.881550000000000000e+04 1.502380125387474397e-02
1.881879999999999927e+04 1.530666195391126860e-02
1.882209999999999854e+04 1.557264510886539367e-02
1.882540000000000146e+04 1.586553222061111088e-02
1.882870000000000073e+04 1.616232050225761482e-02
1.883200000000000000e+04 1.644246935861879907e-02
1.883529999999999927e+04 1.675437224726047253e-02
1.883859999999999854e+04 1.705634576484594406e-02
1.884179999999999927e+04 1.733141641617948897e-02
1.884509999999999854e+04 1.760760278368733375e-02
1.884840000000000146e+04 1.782240643540090874e-02
1.885170000000000073e+04 1.802179134883718364e-02
1.885500000000000000e+04 1.827686872146463276e-02
1.885829999999999927e+04 1.844060674541754194e-02
1.886159999999999854e+04 1.861024994005314875e-02
1.886490000000000146e+04 1.896772398986771094e-02
1.886820000000000073e+04 1.934099222680751851e-02
1.887150000000000000e+04 1.961609989162527157e-02
1.887479999999999927e+04 1.975889278754676404e-02
1.887809999999999854e+04 2.002654473527901158e-02
1.888140000000000146e+04 2.036048744894863871e-02
1.888470000000000073e+04 2.068237112699891633e-02
1.888800000000000000e+04 2.098678318254901948e-02
1.889129999999999927e+04 2.127253501526651241e-02
1.889459999999999854e+04 2.162627201131563093e-02
1.889790000000000146e+04 2.195657774591564318e-02
1.890120000000000073e+04 2.229455169595234015e-02
1.890440000000000146e+04 2.258973330264127388e-02
1.890770000000000073e+04 2.300895580056806777e-02
1.891100000000000000e+04 2.336582024904394761e-02
1.891429999999999927e+04 2.379940962940401555e-02
1.891759999999999854e+04 2.421482037802051221e-02
1.892090000000000146e+04 2.464257551296425430e-02
1.892420000000000073e+04 2.502092068628911092e-02
1.892750000000000000e+04 2.538821095545965717e-02
1.893079999999999927e+04 2.579989633186655779e-02
1.893409999999999854e+04 2.620182649326035715e-02
1.893740000000000146e+04 2.656961961879543421e-02
1.894070000000000073e+04 2.686234649901800622e-02
1.894400000000000000e+04 2.724338416607395563e-02
1.894729999999999927e+04 2.754883629583720211e-02
1.895059999999999854e+04 2.785079343575027136e-02
1.895390000000000146e+04 2.815800207483260334e-02
1.895720000000000073e+04 2.841974540993997059e-02
1.896050000000000000e+04 2.869377789475295593e-02
1.896379999999999927e+04 2.893990411792513734e-02
1.896709999999999854e+04 2.917139571781732568e-02
1.897029999999999927e+04 2.935246772695790027e-02
1.897359999999999854e+04 2.954728731000171721e-02
1.897690000000000146e+04 2.978849062885596463e-02
1.898020000000000073e+04 2.997973282404690215e-02
1.898350000000000000e+04 3.016725234512905585e-02
1.898679999999999927e+04 3.038958560894947439e-02
1.899009999999999854e+04 3.056431857128831878e-02
1.899340000000000146e+04 3.074357395015232808e-02
1.899670000000000073e+04 3.092260295858882679e-02
1.900000000000000000e+04 3.110258067583600294e-02
1.900329999999999927e+04 3.125921163152782511e-02
1.900659999999999854e+04 3.142834371771626584e-02
1.900990000000000146e+04 3.153960419394680192e-02
1.901320000000000073e+04 3.163577771125070104e-02
1.901650000000000000e+04 3.173497136113610784e-02
1.901979999999999927e+04 3.185106427261456818e-02
1.902309999999999854e+04 3.197738296549507142e-02
1.902640000000000146e+04 3.211944152578332518e-02
1.902970000000000073e+04 3.219357373642752623e-02
1.903290000000000146e+04 3.227359623417232204e-02
1.903620000000000073e+04 3.233290743473501289e-02
1.903950000000000000e+04 3.238201255667415290e-02
1.904279999999999927e+04 3.244129584236989106e-02
1.904609999999999854e+04 3.247232996581517206e-02
1.904940000000000146e+04 3.250632495678840161e-02
1.905270000000000073e+04 3.258471192463918004e-02
1.905600000000000000e+04 3.262596611608373914e-02
1.905929999999999927e+04 3.266816790850637225e-02
1.906259999999999854e+04 3.268345985206749099e-02
1.906590000000000146e+04 3.270247135643163106e-02
1.906920000000000073e+04 3.271439969262869563e-02
1.907250000000000000e+04 3.268530134826071881e-02
1.907579999999999927e+04 3.265110864260029055e-02
1.907909999999999854e+04 3.261604363160837405e-02
1.908240000000000146e+04 3.260422519284963960e-02
1.908570000000000073e+04 3.255047450577733953e-02
1.908900000000000000e+04 3.248349580356686001e-02
1.909229999999999927e+04 3.240680315091691577e-02
1.909559999999999854e+04 3.232141176322127218e-02
1.909879999999999927e+04 3.227791639033074367e-02
1.910209999999999854e+04 3.218638203893492422e-02
1.910540000000000146e+04 3.211354167113205510e-02
1.910870000000000073e+04 3.205464316310666084e-02
1.911200000000000000e+04 3.198308391385407123e-02
1.911529999999999927e+04 3.190755104975095957e-02
1.911859999999999854e+04 3.174214369629917154e-02
1.912190000000000146e+04 3.160200003503380733e-02
1.912520000000000073e+04 3.141449905962358929e-02
1.912850000000000000e+04 3.123644487420503338e-02
1.913179999999999927e+04 3.109342574212383206e-02
1.913509999999999854e+04 3.095845084595798963e-02
1.913840000000000146e+04 3.079544309046003056e-02
1.914170000000000073e+04 3.059409225852208897e-02
1.914500000000000000e+04 3.041276254320727720e-02
1.914829999999999927e+04 3.020443202149925011e-02
1.915159999999999854e+04 2.999525491370050312e-02
1.915490000000000146e+04 2.980648991909469123e-02
1.915820000000000073e+04 2.961014887850768953e-02
1.916140000000000146e+04 2.942013339277969527e-02
1.916470000000000073e+04 2.919470930910245468e-02
1.916800000000000000e+04 2.897744920966868060e-02
1.917129999999999927e+04 2.873918992958414062e-02
1.917459999999999854e+04 2.851323357069682554e-02
1.917790000000000146e+04 2.830645954703232825e-02
1.918120000000000073e+04 2.809728813231096925e-02
1.918450000000000000e+04 2.784989954534437470e-02
1.918779999999999927e+04 2.759317691898952388e-02
1.919109999999999854e+04 2.734184674137257395e-02
1.919440000000000146e+04 2.709248316033267476e-02
1.919770000000000073e+04 2.682357894548996827e-02
1.920100000000000000e+04 2.657005284920357924e-02
1.920429999999999927e+04 2.631871633987633088e-02
1.920759999999999854e+04 2.605236178317150986e-02
1.921090000000000146e+04 2.579510422576889242e-02
1.921420000000000073e+04 2.551664760040749449e-02
1.921750000000000000e+04 2.522414534506797409e-02
1.922079999999999927e+04 2.495535918693177202e-02
1.922409999999999854e+04 2.467762215917289684e-02
1.922729999999999927e+04 2.438153001852455884e-02
1.923059999999999854e+04 2.408998757683191577e-02
1.923390000000000146e+04 2.379651057181898788e-02
1.923720000000000073e+04 2.352211420178584173e-02
1.924050000000000000e+04 2.322416751902091347e-02
1.924379999999999927e+04 2.293188377207623294e-02
1.924709999999999854e+04 2.263540632336374578e-02
1.925040000000000146e+04 2.232260932055778885e-02
1.925370000000000073e+04 2.198990434744411623e-02
1.925700000000000000e+04 2.171525130634007969e-02
1.926029999999999927e+04 2.140786938458203587e-02
1.926359999999999854e+04 2.108098179365718375e-02
1.926690000000000146e+04 2.078440634969698497e-02
1.927020000000000073e+04 2.046261093362078398e-02
1.927350000000000000e+04 2.014944539034333598e-02
1.927679999999999927e+04 1.983013779689975914e-02
1.928009999999999854e+04 1.950127036804302078e-02
1.928340000000000146e+04 1.920566634026901406e-02
1.928670000000000073e+04 1.889840236767616546e-02
1.929000000000000000e+04 1.859781533078569762e-02
1.929320000000000073e+04 1.829618188773498091e-02
1.929650000000000000e+04 1.797266215946395976e-02
1.929979999999999927e+04 1.766147631217856659e-02
1.930309999999999854e+04 1.736827863538864189e-02
1.930640000000000146e+04 1.707303288870399421e-02
1.930970000000000073e+04 1.678024417515964345e-02
1.931300000000000000e+04 1.650113872671937071e-02
1.931629999999999927e+04 1.619876621227503075e-02
1.931959999999999854e+04 1.588774555963818128e-02
1.932290000000000146e+04 1.555780379949394353e-02
1.932620000000000073e+04 1.525234826100825038e-02
1.932950000000000000e+04 1.493815013689782367e-02
1.933279999999999927e+04 1.464027470074532634e-02
1.933609999999999854e+04 1.436351999596413923e-02
1.933940000000000146e+04 1.408845361573028872e-02
1.934270000000000073e+04 1.380122594683871363e-02
1.934600000000000000e+04 1.350160580274741180e-02
1.934929999999999927e+04 1.320574474664345556e-02
1.935259999999999854e+04 1.290904976248004148e-02
1.935579999999999927e+04 1.261500397065566659e-02
1.935909999999999854e+04 1.232731088719447171e-02
1.936240000000000146e+04 1.204617145090735100e-02
1.936570000000000073e+04 1.176990058114718227e-02
1.936900000000000000e+04 1.149543294289382539e-02
1.937229999999999927e+04 1.122086697811292867e-02
1.937559999999999854e+04 1.093705087748332583e-02
1.937890000000000146e+04 1.067190279531089053e-02
1.938220000000000073e+04 1.038968864466331514e-02
1.938550000000000000e+04 1.010704186023365925e-02
1.938879999999999927e+04 9.813207818942138935e-03
1.939209999999999854e+04 9.546251064983532833e-03
1.939540000000000146e+04 9.284406799354797887e-03
1.939870000000000073e+04 9.016845336407851991e-03
1.940200000000000000e+04 8.756604883045790433e-03
1.940529999999999927e+04 8.516938508704966979e-03
1.940859999999999854e+04 8.270790568949975760e-03
1.941190000000000146e+04 8.010128262536591465e-03
1.941520000000000073e+04 7.780226670075503226e-03
1.941850000000000000e+04 7.542561174251644074e-03
1.942170000000000073e+04 7.274909129955972609e-03
1.942500000000000000e+04 7.020891870102871288e-03
1.942829999999999927e+04 6.783004920319152947e-03
1.943159999999999854e+04 6.533737627173339703e-03
1.943490000000000146e+04 6.284574906536135458e-03
1.943820000000000073e+04 6.029928678712825896e-03
1.944150000000000000e+04 5.792004073523116317e-03
1.944479999999999927e+04 5.567624113914959247e-03
1.944809999999999854e+04 5.347253856471682366e-03
1.945140000000000146e+04 5.125335395377158924e-03
1.945470000000000073e+04 4.916668832978927060e-03
1.945800000000000000e+04 4.704205922808155776e-03
1.946129999999999927e+04 4.482053274521956981e-03
1.946459999999999854e+04 4.259279352499245434e-03
1.946790000000000146e+04 4.014585205455918973e-03
1.947120000000000073e+04 3.792372542930742049e-03
1.947450000000000000e+04 3.567462835373897637e-03
1.947779999999999927e+04 3.337653409841148753e-03
1.948109999999999854e+04 3.120699013742963147e-03
1.948429999999999927e+04 2.916897869093458117e-03
1.948759999999999854e+04 2.712819189969167995e-03
1.949090000000000146e+04 2.515046542857632926e-03
1.949420000000000073e+04 2.325688089473823550e-03
1.949750000000000000e+04 2.121926765238820334e-03
1.950079999999999927e+04 1.910165000523766704e-03
1.950409999999999854e+04 1.707318617955957008e-03
1.950740000000000146e+04 1.515796024895291368e-03
1.951070000000000073e+04 1.323988948234165351e-03
1.951400000000000000e+04 1.154529441410203803e-03
1.951729999999999927e+04 9.734020088837004722e-04
1.952059999999999854e+04 7.727334866407988955e-04
1.952390000000000146e+04 5.920592773782927835e-04
1.952720000000000073e+04 4.177231883408805959e-04
1.953050000000000000e+04 2.354952739037807947e-04
1.953379999999999927e+04 5.898921738541504866e-05
1.953709999999999854e+04 -1.152545829843430156e-04
1.954040000000000146e+04 -2.670134706534916841e-04
1.954370000000000073e+04 -4.289399714904979454e-04
1.954700000000000000e+04 -5.735201432495647686e-04
1.955020000000000073e+04 -7.338270962164412199e-04
1.955350000000000000e+04 -8.671308423594977204e-04
1.955679999999999927e+04 -9.991821796517025202e-04
1.956009999999999854e+04 -1.132534357142476978e-03
1.956340000000000146e+04 -1.265480526400231814e-03
1.956670000000000073e+04 -1.397186196769139308e-03
1.957000000000000000e+04 -1.531863180874745147e-03
1.957329999999999927e+04 -1.659153137163342983e-03
1.957659999999999854e+04 -1.775094883823646712e-03
1.957990000000000146e+04 -1.892989561681728558e-03
1.958320000000000073e+04 -2.025489214845479623e-03
1.958650000000000000e+04 -2.164013356392664733e-03
1.958979999999999927e+04 -2.259693504986329347e-03
1.959309999999999854e+04 -2.369500549949476228e-03
1.959640000000000146e+04 -2.472957079585984090e-03
1.959970000000000073e+04 -2.572226142753345976e-03
1.960300000000000000e+04 -2.675060643247087044e-03
1.960629999999999927e+04 -2.803858440063213518e-03
1.960959999999999854e+04 -2.918067942932241286e-03
1.961290000000000146e+04 -3.050252677778748749e-03
1.961609999999999854e+04 -3.162287228785543199e-03
1.961940000000000146e+04 -3.253130892426047902e-03
1.962270000000000073e+04 -3.373900747253192473e-03
1.962600000000000000e+04 -3.478148733841438488e-03
1.962929999999999927e+04 -3.569391412860913743e-03
1.963259999999999854e+04 -3.626094381091406974e-03
1.963590000000000146e+04 -3.675533978414706818e-03
1.963920000000000073e+04 -3.797002085692690199e-03
1.964250000000000000e+04 -3.865566571284313226e-03
1.964579999999999927e+04 -3.966099016333751032e-03
1.964909999999999854e+04 -4.092448085710532688e-03
1.965240000000000146e+04 -4.177788768542352142e-03
1.965570000000000073e+04 -4.295347445771455046e-03
1.965900000000000000e+04 -4.352469267983528033e-03
1.966229999999999927e+04 -4.394255391676919753e-03
1.966559999999999854e+04 -4.449630596538765859e-03
1.966890000000000146e+04 -4.509366643731250492e-03
1.967220000000000073e+04 -4.606786939469136033e-03
1.967550000000000000e+04 -4.672630796855765933e-03
1.967870000000000073e+04 -4.766736016095082448e-03
1.968200000000000000e+04 -4.817710988094474518e-03
1.968529999999999927e+04 -4.862075989177240543e-03
1.968859999999999854e+04 -4.901272578536168545e-03
1.969190000000000146e+04 -4.940595479419262852e-03
1.969520000000000073e+04 -4.992322970740914294e-03
1.969850000000000000e+04 -5.028371308069065279e-03
1.970179999999999927e+04 -5.068215700772815691e-03
1.970509999999999854e+04 -5.164347596707653462e-03
1.970840000000000146e+04 -5.253240010446654125e-03
1.971170000000000073e+04 -5.336677810689694802e-03
1.971500000000000000e+04 -5.385704457074434563e-03
1.971829999999999927e+04 -5.473413975503666450e-03
1.972159999999999854e+04 -5.506456765318651185e-03
1.972490000000000146e+04 -5.541887056272546200e-03
1.972820000000000073e+04 -5.613618374587889259e-03
1.973150000000000000e+04 -5.697639701403093594e-03
1.973479999999999927e+04 -5.774124460371580538e-03
1.973809999999999854e+04 -5.846623581392721737e-03
1.974140000000000146e+04 -5.933324067198173478e-03
1.974459999999999854e+04 -6.037703477078141048e-03
1.974790000000000146e+04 -6.060817527369360448e-03
1.975120000000000073e+04 -6.068182457240124325e-03
1.975450000000000000e+04 -6.118461893409955776e-03
1.975779999999999927e+04 -6.150597133558990091e-03
1.976109999999999854e+04 -6.215947076024287005e-03
1.976440000000000146e+04 -6.282971841046254384e-03
1.976770000000000073e+04 -6.359439797538253905e-03
1.977100000000000000e+04 -6.416547253199409231e-03
1.977429999999999927e+04 -6.449075103291295949e-03
1.977759999999999854e+04 -6.486758652766386538e-03
1.978090000000000146e+04 -6.518670734891676873e-03
1.978420000000000073e+04 -6.593144247205918497e-03
1.978750000000000000e+04 -6.624390059474205908e-03
1.979079999999999927e+04 -6.690551075960403209e-03
1.979409999999999854e+04 -6.715039605078819418e-03
1.979740000000000146e+04 -6.763157098287749143e-03
1.980070000000000073e+04 -6.820208172579258522e-03
1.980400000000000000e+04 -6.814924685430965440e-03
1.980720000000000073e+04 -6.849194135129701988e-03
1.981050000000000000e+04 -6.854472768687645996e-03
1.981379999999999927e+04 -6.810525049318723149e-03
1.981709999999999854e+04 -6.848233709753740600e-03
1.982040000000000146e+04 -6.831336779238567254e-03
1.982370000000000073e+04 -6.845585926053695917e-03
1.982700000000000000e+04 -6.884190726074648423e-03
1.983029999999999927e+04 -6.905978044790372916e-03
1.983359999999999854e+04 -6.919534937628494566e-03
1.983690000000000146e+04 -6.910256923600739329e-03
1.984020000000000073e+04 -6.914027550223553024e-03
1.984350000000000000e+04 -6.936972576902495843e-03
1.984679999999999927e+04 -6.953844577775334344e-03
1.985009999999999854e+04 -6.988137827811640584e-03
1.985340000000000146e+04 -7.031570609001954776e-03
1.985670000000000073e+04 -7.089393164055823870e-03
1.986000000000000000e+04 -7.128731743235619013e-03
1.986329999999999927e+04 -7.187595609718678939e-03
1.986659999999999854e+04 -7.204317869513356294e-03
1.986990000000000146e+04 -7.175645868747961183e-03
1.987309999999999854e+04 -7.162688614686955370e-03
1.987640000000000146e+04 -7.171613785152144115e-03
1.987970000000000073e+04 -7.196650230781495225e-03
1.988300000000000000e+04 -7.182192340464632618e-03
1.988629999999999927e+04 -7.233228958190732888e-03
1.988959999999999854e+04 -7.308536319586809299e-03
1.989290000000000146e+04 -7.303903328249792409e-03
1.989620000000000073e+04 -7.272680324997229766e-03
1.989950000000000000e+04 -7.245423288507898962e-03
1.990279999999999927e+04 -7.226461167670525897e-03
1.990609999999999854e+04 -7.214134717847799083e-03
1.990940000000000146e+04 -7.176608591288176527e-03
1.991270000000000073e+04 -7.203459324197582572e-03
1.991600000000000000e+04 -7.211721530018535067e-03
1.991929999999999927e+04 -7.219542957370124817e-03
1.992259999999999854e+04 -7.231394141266384371e-03
1.992590000000000146e+04 -7.227350555439833457e-03
