1.716800000000000000e+04 4.201267839907941548e-04
1.717129999999999927e+04 4.247048790122805303e-04
1.717459999999999854e+04 4.334782948482250446e-04
1.717790000000000146e+04 4.365182274898025462e-04
1.718120000000000073e+04 4.491452514731089076e-04
1.718450000000000000e+04 4.576808363685726201e-04
1.718779999999999927e+04 4.566732393332477696e-04
1.719109999999999854e+04 4.426733370065144731e-04
1.719440000000000146e+04 4.336151968675873783e-04
1.719770000000000073e+04 4.368958943835837111e-04
1.720100000000000000e+04 4.402450448339020233e-04
1.720429999999999927e+04 4.341920449637050338e-04
1.720759999999999854e+04 4.439425122894758271e-04
1.721090000000000146e+04 4.565144402145387991e-04
1.721420000000000073e+04 4.678818616618266491e-04
1.721750000000000000e+04 4.765557359621313866e-04
1.722079999999999927e+04 4.722822219020529145e-04
1.722409999999999854e+04 4.820096761257003891e-04
1.722729999999999927e+04 4.902372694062586160e-04
1.723059999999999854e+04 4.888462682585639372e-04
1.723390000000000146e+04 4.927966810439162381e-04
1.723720000000000073e+04 5.033828284556920952e-04
1.724050000000000000e+04 5.092401206818901504e-04
1.724379999999999927e+04 5.128657047984359115e-04
1.724709999999999854e+04 5.250468487478039594e-04
1.725040000000000146e+04 5.249414486518215461e-04
1.725370000000000073e+04 5.375497829509140761e-04
1.725700000000000000e+04 5.425875310068776569e-04
1.726029999999999927e+04 5.527375561370908913e-04
1.726359999999999854e+04 5.661237221779508774e-04
1.726690000000000146e+04 5.659477689269953394e-04
1.727020000000000073e+04 5.656393586057703463e-04
1.727350000000000000e+04 5.736664266169641058e-04
1.727679999999999927e+04 5.792235898903295294e-04
1.728009999999999854e+04 5.869105030465627962e-04
1.728340000000000146e+04 5.871283392839820063e-04
1.728670000000000073e+04 5.990686123075595997e-04
1.729000000000000000e+04 6.062364660342945029e-04
1.729320000000000073e+04 6.044538523262358697e-04
1.729650000000000000e+04 6.068501847854447908e-04
1.729979999999999927e+04 6.151248862640441286e-04
1.730309999999999854e+04 6.261966673740303668e-04
1.730640000000000146e+04 6.283755831497576765e-04
1.730970000000000073e+04 6.310901027162873567e-04
1.731300000000000000e+04 6.350010411063496075e-04
1.731629999999999927e+04 6.490722488678617522e-04
1.731959999999999854e+04 6.566203654963826287e-04
1.732290000000000146e+04 6.671599387117656136e-04
1.732620000000000073e+04 6.703720308882620254e-04
1.732950000000000000e+04 6.860296612892126259e-04
1.733279999999999927e+04 6.859810272947391725e-04
1.733609999999999854e+04 6.819246867736820710e-04
1.733940000000000146e+04 6.857510462378328588e-04
1.734270000000000073e+04 6.826183095292742437e-04
1.734600000000000000e+04 6.772529561282381472e-04
1.734929999999999927e+04 6.852810226727046837e-04
1.735259999999999854e+04 6.846814641729321053e-04
1.735579999999999927e+04 6.887167426182975007e-04
1.735909999999999854e+04 6.908315391922296425e-04
1.736240000000000146e+04 6.995985342714965702e-04
1.736570000000000073e+04 6.966147167567006719e-04
1.736900000000000000e+04 7.042798013700653963e-04
1.737229999999999927e+04 7.033832622718060772e-04
1.737559999999999854e+04 7.077391323101090304e-04
1.737890000000000146e+04 7.103849485528099684e-04
1.738220000000000073e+04 7.151883976988756327e-04
1.738550000000000000e+04 7.158720500804084544e-04
1.738879999999999927e+04 7.062492966521220772e-04
1.739209999999999854e+04 7.070978734601437955e-04
1.739540000000000146e+04 7.124529653684558844e-04
1.739870000000000073e+04 6.988092520883112686e-04
1.740200000000000000e+04 6.872762276606827429e-04
1.740529999999999927e+04 6.816473552474064303e-04
1.740859999999999854e+04 6.754512697979770178e-04
1.741190000000000146e+04 6.671311102382957662e-04
1.741520000000000073e+04 6.663900217789434435e-04
1.741850000000000000e+04 6.731590942887287314e-04
1.742170000000000073e+04 6.794802025224476981e-04
1.742500000000000000e+04 6.857994037129049687e-04
1.742829999999999927e+04 6.867110463646617898e-04
1.743159999999999854e+04 6.917264832811423564e-04
1.743490000000000146e+04 6.914475522770121901e-04
1.743820000000000073e+04 6.960783391125838649e-04
1.744150000000000000e+04 6.959661703319104794e-04
1.744479999999999927e+04 7.065508476829078250e-04
1.744809999999999854e+04 7.143227151649662919e-04
1.745140000000000146e+04 7.183152307425776832e-04
1.745470000000000073e+04 7.135729266408387048e-04
1.745800000000000000e+04 7.109968898782817199e-04
1.746129999999999927e+04 7.104568226208498455e-04
1.746459999999999854e+04 7.123142574146643698e-04
1.746790000000000146e+04 7.135627641282562715e-04
1.747120000000000073e+04 7.159102817635107927e-04
1.747450000000000000e+04 7.181251557863387036e-04
1.747779999999999927e+04 7.194567051304397599e-04
1.748109999999999854e+04 7.136983308495858155e-04
1.748429999999999927e+04 7.096920239567677162e-04
1.748759999999999854e+04 7.099257370725299944e-04
1.749090000000000146e+04 7.048268879377818721e-04
1.749420000000000073e+04 7.000239718293715637e-04
1.749750000000000000e+04 7.005643385622994891e-04
1.750079999999999927e+04 7.002163907624782890e-04
1.750409999999999854e+04 7.003402380113313806e-04
1.750740000000000146e+04 7.010392104159507030e-04
1.751070000000000073e+04 7.003704166658929415e-04
1.751400000000000000e+04 6.914212530462996321e-04
1.751729999999999927e+04 6.997421673706301012e-04
1.752059999999999854e+04 7.046730655222033929e-04
1.752390000000000146e+04 7.075477896033116566e-04
1.752720000000000073e+04 7.035568264846782599e-04
1.753050000000000000e+04 6.995958407205572034e-04
1.753379999999999927e+04 7.024129089926078786e-04
1.753709999999999854e+04 7.129609168834080690e-04
1.754040000000000146e+04 7.150510480788006742e-04
1.754370000000000073e+04 7.194515035658615018e-04
1.754700000000000000e+04 7.192511536405141181e-04
1.755020000000000073e+04 7.222013697094130467e-04
1.755350000000000000e+04 7.309920781432411967e-04
1.755679999999999927e+04 7.285000532058962669e-04
1.756009999999999854e+04 7.279926790144000508e-04
1.756340000000000146e+04 7.323463078779193780e-04
1.756670000000000073e+04 7.432609041829953307e-04
1.757000000000000000e+04 7.469996587914438501e-04
1.757329999999999927e+04 7.603244448985419911e-04
1.757659999999999854e+04 7.693036341766220677e-04
1.757990000000000146e+04 7.740978369001873466e-04
1.758320000000000073e+04 7.699450134306258216e-04
1.758650000000000000e+04 7.721992617542076075e-04
1.758979999999999927e+04 7.688887790229879515e-04
1.759309999999999854e+04 7.831210325366586011e-04
1.759640000000000146e+04 7.804681983967718664e-04
1.759970000000000073e+04 7.805828393083706759e-04
1.760300000000000000e+04 7.834501762114771473e-04
1.760629999999999927e+04 7.867474525091095773e-04
1.760959999999999854e+04 7.898578806764414238e-04
1.761290000000000146e+04 7.908504762386616305e-04
1.761609999999999854e+04 7.962165342641985095e-04
1.761940000000000146e+04 8.045046783860225351e-04
1.762270000000000073e+04 8.173157364260890453e-04
1.762600000000000000e+04 8.230205448092587327e-04
1.762929999999999927e+04 8.251812654832246232e-04
1.763259999999999854e+04 8.281380880426644862e-04
1.763590000000000146e+04 8.251004099250027401e-04
1.763920000000000073e+04 8.272413963697339539e-04
1.764250000000000000e+04 8.330831560107080204e-04
1.764579999999999927e+04 8.367820640372227890e-04
1.764909999999999854e+04 8.404506385573610322e-04
1.765240000000000146e+04 8.523176981885926661e-04
1.765570000000000073e+04 8.655679663737275969e-04
1.765900000000000000e+04 8.786349770602592960e-04
1.766229999999999927e+04 8.829814436465723004e-04
1.766559999999999854e+04 8.943337128860950761e-04
1.766890000000000146e+04 9.084394972795026583e-04
1.767220000000000073e+04 9.220847421243927441e-04
1.767550000000000000e+04 9.289071314045383755e-04
1.767870000000000073e+04 9.409930284997291552e-04
1.768200000000000000e+04 9.388499648467339307e-04
1.768529999999999927e+04 9.411046310536909723e-04
1.768859999999999854e+04 9.571794240958044321e-04
1.769190000000000146e+04 9.639404615999119840e-04
1.769520000000000073e+04 9.677577810769644705e-04
1.769850000000000000e+04 9.672392717890205974e-04
1.770179999999999927e+04 9.637209613268271115e-04
1.770509999999999854e+04 9.652238832058123840e-04
1.770840000000000146e+04 9.634785635626535007e-04
1.771170000000000073e+04 9.686918913675141279e-04
1.771500000000000000e+04 9.813222585382142416e-04
1.771829999999999927e+04 9.810377786337498487e-04
1.772159999999999854e+04 9.827860347114208365e-04
1.772490000000000146e+04 9.813881307900024480e-04
1.772820000000000073e+04 9.831041789457211407e-04
1.773150000000000000e+04 9.876496228807788054e-04
1.773479999999999927e+04 9.938114209513107446e-04
1.773809999999999854e+04 9.928846980830734192e-04
1.774140000000000146e+04 1.002001892940927773e-03
1.774459999999999854e+04 1.003997639759585982e-03
1.774790000000000146e+04 1.010558172080483702e-03
1.775120000000000073e+04 1.013451327056538167e-03
1.775450000000000000e+04 1.025104500214298574e-03
1.775779999999999927e+04 1.016863018470015459e-03
1.776109999999999854e+04 1.028274498376363427e-03
1.776440000000000146e+04 1.041638867164974488e-03
1.776770000000000073e+04 1.047386896392054744e-03
1.777100000000000000e+04 1.054030686692032301e-03
1.777429999999999927e+04 1.059385226488121588e-03
1.777759999999999854e+04 1.061714543993263257e-03
1.778090000000000146e+04 1.070042941964705887e-03
1.778420000000000073e+04 1.079024436282906762e-03
1.778750000000000000e+04 1.077302631265756499e-03
1.779079999999999927e+04 1.085225714021275257e-03
1.779409999999999854e+04 1.083191872356354096e-03
1.779740000000000146e+04 1.090485986591519614e-03
1.780070000000000073e+04 1.098661167564774464e-03
1.780400000000000000e+04 1.103519166239178744e-03
1.780720000000000073e+04 1.112019840218919945e-03
1.781050000000000000e+04 1.118665755979064962e-03
1.781379999999999927e+04 1.127502182950255267e-03
1.781709999999999854e+04 1.125809361556748050e-03
1.782040000000000146e+04 1.122889518196940831e-03
1.782370000000000073e+04 1.122372331305445271e-03
1.782700000000000000e+04 1.138332945888201027e-03
1.783029999999999927e+04 1.139767411550808920e-03
1.783359999999999854e+04 1.142045653586840201e-03
1.783690000000000146e+04 1.147003077901254846e-03
1.784020000000000073e+04 1.151246747342472279e-03
1.784350000000000000e+04 1.157438358784453319e-03
1.784679999999999927e+04 1.166568640547524949e-03
1.785009999999999854e+04 1.175675531508713501e-03
1.785340000000000146e+04 1.172731752254071525e-03
1.785670000000000073e+04 1.178428197750273215e-03
1.786000000000000000e+04 1.196444470443287040e-03
1.786329999999999927e+04 1.210324767681333685e-03
1.786659999999999854e+04 1.212933178570082572e-03
1.786990000000000146e+04 1.219561293313075516e-03
1.787309999999999854e+04 1.237021601882191046e-03
1.787640000000000146e+04 1.238895225766992831e-03
1.787970000000000073e+04 1.243254195667934390e-03
1.788300000000000000e+04 1.250717830912053937e-03
1.788629999999999927e+04 1.262568668123864330e-03
1.788959999999999854e+04 1.273054315028359761e-03
1.789290000000000146e+04 1.285256619827013962e-03
1.789620000000000073e+04 1.288960618586412147e-03
1.789950000000000000e+04 1.291643313991228722e-03
1.790279999999999927e+04 1.305432950645626922e-03
1.790609999999999854e+04 1.302458679949454858e-03
1.790940000000000146e+04 1.314493489726536578e-03
1.791270000000000073e+04 1.321345738312388034e-03
1.791600000000000000e+04 1.328464915675625939e-03
1.791929999999999927e+04 1.334030596129851800e-03
1.792259999999999854e+04 1.340426505528778808e-03
1.792590000000000146e+04 1.340081107599295053e-03
1.792920000000000073e+04 1.341033487360372483e-03
1.793250000000000000e+04 1.338819199252733877e-03
1.793570000000000073e+04 1.341226925992402164e-03
1.793900000000000000e+04 1.344388650479322930e-03
1.794229999999999927e+04 1.354588644909639249e-03
1.794559999999999854e+04 1.354943167255800085e-03
1.794890000000000146e+04 1.355549955605481844e-03
1.795220000000000073e+04 1.365525841429605057e-03
1.795550000000000000e+04 1.373041396059526513e-03
1.795879999999999927e+04 1.389537630056217636e-03
1.796209999999999854e+04 1.399307701735041628e-03
1.796540000000000146e+04 1.408867983665339132e-03
1.796870000000000073e+04 1.417664361872665851e-03
1.797200000000000000e+04 1.422057239912914196e-03
1.797529999999999927e+04 1.426052730433027133e-03
1.797859999999999854e+04 1.439254401489442224e-03
1.798190000000000146e+04 1.442488088547209946e-03
1.798520000000000073e+04 1.446440566181125429e-03
1.798850000000000000e+04 1.455700250076826094e-03
1.799179999999999927e+04 1.450244487006082219e-03
1.799509999999999854e+04 1.464946700560273160e-03
1.799840000000000146e+04 1.471975474631429361e-03
1.800159999999999854e+04 1.468696968640327907e-03
1.800490000000000146e+04 1.467371223531776505e-03
1.800820000000000073e+04 1.472216413547439715e-03
1.801150000000000000e+04 1.482092230508652488e-03
1.801479999999999927e+04 1.478457538886870318e-03
1.801809999999999854e+04 1.482147902929932277e-03
1.802140000000000146e+04 1.493104881664259701e-03
1.802470000000000073e+04 1.488391084310122835e-03
1.802800000000000000e+04 1.485906405933828814e-03
1.803129999999999927e+04 1.495100511657334414e-03
1.803459999999999854e+04 1.498805462901433520e-03
1.803790000000000146e+04 1.494374589649977636e-03
1.804120000000000073e+04 1.499899462250726479e-03
1.804450000000000000e+04 1.489694944081700577e-03
1.804779999999999927e+04 1.491687700000387520e-03
1.805109999999999854e+04 1.497415722031153170e-03
1.805440000000000146e+04 1.495555049120160388e-03
1.805770000000000073e+04 1.498543126954352380e-03
1.806100000000000000e+04 1.504058699132147748e-03
1.806429999999999927e+04 1.518508860922346661e-03
1.806750000000000000e+04 1.508492447966571339e-03
1.807079999999999927e+04 1.510412847814605452e-03
1.807409999999999854e+04 1.508306582983118434e-03
1.807740000000000146e+04 1.504136650436112624e-03
1.808070000000000073e+04 1.501532332131052779e-03
1.808400000000000000e+04 1.499350652605746775e-03
1.808729999999999927e+04 1.497515621342558612e-03
1.809059999999999854e+04 1.504704214703736498e-03
1.809390000000000146e+04 1.500586714982288369e-03
1.809720000000000073e+04 1.504702128690721830e-03
1.810050000000000000e+04 1.501013154796240973e-03
1.810379999999999927e+04 1.500137164270348321e-03
1.810709999999999854e+04 1.485978259683815245e-03
1.811040000000000146e+04 1.472457268152709605e-03
1.811370000000000073e+04 1.475246245438295708e-03
1.811700000000000000e+04 1.482031801683930802e-03
1.812029999999999927e+04 1.482602549970536091e-03
1.812359999999999854e+04 1.480087839026933806e-03
1.812690000000000146e+04 1.481538995048767684e-03
1.813009999999999854e+04 1.484805067992070807e-03
1.813340000000000146e+04 1.485432211121868757e-03
1.813670000000000073e+04 1.473743539750045238e-03
1.814000000000000000e+04 1.457315075817184604e-03
1.814329999999999927e+04 1.448591340048217173e-03
1.814659999999999854e+04 1.457634847672485993e-03
1.814990000000000146e+04 1.460799761916147617e-03
1.815320000000000073e+04 1.450336351927145832e-03
1.815650000000000000e+04 1.447291179909994093e-03
1.815979999999999927e+04 1.432247445124216990e-03
1.816309999999999854e+04 1.424213133214522224e-03
1.816640000000000146e+04 1.434307717384102543e-03
1.816970000000000073e+04 1.438127202764329831e-03
1.817300000000000000e+04 1.433926927481172890e-03
1.817629999999999927e+04 1.422413490822700601e-03
1.817959999999999854e+04 1.425592252638670666e-03
1.818290000000000146e+04 1.438088049114967645e-03
1.818620000000000073e+04 1.427982322163687604e-03
1.818950000000000000e+04 1.419360707529631390e-03
1.819279999999999927e+04 1.416865531253845394e-03
1.819600000000000000e+04 1.407113153688153333e-03
1.819929999999999927e+04 1.401939487529523529e-03
1.820259999999999854e+04 1.402065108985111816e-03
1.820590000000000146e+04 1.410084840520093663e-03
1.820920000000000073e+04 1.419523691651844747e-03
1.821250000000000000e+04 1.421345721654829067e-03
1.821579999999999927e+04 1.411444550900899314e-03
1.821909999999999854e+04 1.409989170872457624e-03
1.822240000000000146e+04 1.412313600180710145e-03
1.822570000000000073e+04 1.411005496032984334e-03
1.822900000000000000e+04 1.414063126766441003e-03
1.823229999999999927e+04 1.431326995033801140e-03
1.823559999999999854e+04 1.441287778310410992e-03
1.823890000000000146e+04 1.438852718219476743e-03
1.824220000000000073e+04 1.452906812070909118e-03
1.824550000000000000e+04 1.479664359736064397e-03
1.824879999999999927e+04 1.494064700866206893e-03
1.825209999999999854e+04 1.499176721996257769e-03
1.825540000000000146e+04 1.503156859909267774e-03
1.825859999999999854e+04 1.521572471348367353e-03
1.826190000000000146e+04 1.533081593044379387e-03
1.826520000000000073e+04 1.551365247554016211e-03
1.826850000000000000e+04 1.566263137440974864e-03
1.827179999999999927e+04 1.595913125237404667e-03
1.827509999999999854e+04 1.632035493063739573e-03
1.827840000000000146e+04 1.656316844824699472e-03
1.828170000000000073e+04 1.682890669647587635e-03
1.828500000000000000e+04 1.695033298613135607e-03
1.828829999999999927e+04 1.716632784991332407e-03
1.829159999999999854e+04 1.731295541275978782e-03
1.829490000000000146e+04 1.746568572837041032e-03
1.829820000000000073e+04 1.769738682398537934e-03
1.830150000000000000e+04 1.803734482135410785e-03
1.830479999999999927e+04 1.841808019750377015e-03
1.830809999999999854e+04 1.864852134622854707e-03
1.831140000000000146e+04 1.877933353343330756e-03
1.831470000000000073e+04 1.916785388599462781e-03
1.831800000000000000e+04 1.936985019457582689e-03
1.832129999999999927e+04 1.970379153209118103e-03
1.832450000000000000e+04 1.992484456130770402e-03
1.832779999999999927e+04 2.010433785094925107e-03
1.833109999999999854e+04 2.046602900484821921e-03
1.833440000000000146e+04 2.069021615197810977e-03
1.833770000000000073e+04 2.090036516402053474e-03
1.834100000000000000e+04 2.134691417422036799e-03
1.834429999999999927e+04 2.146964062056972745e-03
1.834759999999999854e+04 2.174040347511474371e-03
1.835090000000000146e+04 2.226480481848923908e-03
1.835420000000000073e+04 2.274503923152581489e-03
1.835750000000000000e+04 2.328589511256382982e-03
1.836079999999999927e+04 2.395077269740986288e-03
1.836409999999999854e+04 2.449228269161747053e-03
1.836740000000000146e+04 2.489927361813648772e-03
1.837070000000000073e+04 2.538950855670570744e-03
1.837400000000000000e+04 2.593312874435703061e-03
1.837729999999999927e+04 2.639750651257315606e-03
1.838059999999999854e+04 2.682041862636287514e-03
1.838390000000000146e+04 2.739394845539611448e-03
1.838709999999999854e+04 2.790165389763023338e-03
1.839040000000000146e+04 2.847882747556581239e-03
1.839370000000000073e+04 2.888986776640169781e-03
1.839700000000000000e+04 2.938880238094585765e-03
1.840029999999999927e+04 2.988880846348979364e-03
1.840359999999999854e+04 3.053727286160877550e-03
1.840690000000000146e+04 3.100284539926207068e-03
1.841020000000000073e+04 3.133736735056567944e-03
1.841350000000000000e+04 3.186151920223235200e-03
1.841679999999999927e+04 3.244797952350750130e-03
1.842009999999999854e+04 3.284009806106363578e-03
1.842340000000000146e+04 3.328233691470902558e-03
1.842670000000000073e+04 3.378245302230917582e-03
1.843000000000000000e+04 3.426504389288227877e-03
1.843329999999999927e+04 3.474366155124751152e-03
1.843659999999999854e+04 3.530979950186421794e-03
1.843990000000000146e+04 3.582874334444199546e-03
1.844320000000000073e+04 3.632362342305918076e-03
1.844650000000000000e+04 3.676897577804570834e-03
1.844979999999999927e+04 3.730705828032504934e-03
1.845300000000000000e+04 3.767648162773758625e-03
1.845629999999999927e+04 3.806633119138446309e-03
1.845959999999999854e+04 3.821871417219271840e-03
1.846290000000000146e+04 3.861988499516837842e-03
1.846620000000000073e+04 3.864857406473241105e-03
1.846950000000000000e+04 3.884251517332100358e-03
1.847279999999999927e+04 3.910898939579906392e-03
1.847609999999999854e+04 3.924850408694791244e-03
1.847940000000000146e+04 3.923601766451840882e-03
1.848270000000000073e+04 3.941138146631707924e-03
1.848600000000000000e+04 3.954671897682462099e-03
1.848929999999999927e+04 3.979741464631314507e-03
1.849259999999999854e+04 4.009400886081453640e-03
1.849590000000000146e+04 4.017498637681717749e-03
1.849920000000000073e+04 4.070777606920063067e-03
1.850250000000000000e+04 4.125601670127481725e-03
1.850579999999999927e+04 4.160816291924700899e-03
1.850909999999999854e+04 4.235384522035873754e-03
1.851240000000000146e+04 4.250371978739573946e-03
1.851570000000000073e+04 4.246749273940131179e-03
1.851890000000000146e+04 4.268465246298027045e-03
1.852220000000000073e+04 4.293951519851879270e-03
1.852550000000000000e+04 4.325979575485981547e-03
1.852879999999999927e+04 4.365974884329689235e-03
1.853209999999999854e+04 4.415045016453233995e-03
1.853540000000000146e+04 4.453290345522335943e-03
1.853870000000000073e+04 4.493635649127158439e-03
1.854200000000000000e+04 4.554750158867163987e-03
1.854529999999999927e+04 4.630546479667334639e-03
1.854859999999999854e+04 4.672769895273647112e-03
1.855190000000000146e+04 4.727355825165342230e-03
1.855520000000000073e+04 4.787354600083707293e-03
1.855850000000000000e+04 4.855332035520754271e-03
1.856179999999999927e+04 4.914895352391934931e-03
1.856509999999999854e+04 4.962963558901698283e-03
1.856840000000000146e+04 5.017140883019192282e-03
1.857170000000000073e+04 5.051002961505153023e-03
1.857500000000000000e+04 5.110278651045336781e-03
1.857829999999999927e+04 5.188702886066975765e-03
1.858150000000000000e+04 5.233351019642305813e-03
1.858479999999999927e+04 5.296058310649167170e-03
1.858809999999999854e+04 5.336285243901898317e-03
1.859140000000000146e+04 5.383089763339551047e-03
1.859470000000000073e+04 5.447604883262332186e-03
1.859800000000000000e+04 5.507959490586898134e-03
1.860129999999999927e+04 5.545388810326754535e-03
1.860459999999999854e+04 5.620621698501437370e-03
1.860790000000000146e+04 5.688695046436058680e-03
1.861120000000000073e+04 5.776006462779046183e-03
1.861450000000000000e+04 5.900190641579672671e-03
1.861779999999999927e+04 5.981588978915217472e-03
1.862109999999999854e+04 6.055720445268959404e-03
1.862440000000000146e+04 6.164106505577004666e-03
1.862770000000000073e+04 6.252745337293813196e-03
1.863100000000000000e+04 6.401263912921869095e-03
1.863429999999999927e+04 6.518874900280030235e-03
1.863759999999999854e+04 6.615588227856489256e-03
1.864090000000000146e+04 6.754650956348886431e-03
1.864420000000000073e+04 6.960186866824967858e-03
1.864740000000000146e+04 7.104668012260883896e-03
1.865070000000000073e+04 7.226750435169807842e-03
1.865400000000000000e+04 7.375704522250892126e-03
1.865729999999999927e+04 7.504452897707351161e-03
1.866059999999999854e+04 7.634403872013773365e-03
1.866390000000000146e+04 7.759101144995056779e-03
1.866720000000000073e+04 7.874510695822182355e-03
1.867050000000000000e+04 7.985024450929094700e-03
1.867379999999999927e+04 8.100806360237675086e-03
1.867709999999999854e+04 8.265438316546412298e-03
1.868040000000000146e+04 8.470786989251157667e-03
1.868370000000000073e+04 8.730872453567704861e-03
1.868700000000000000e+04 8.977957803872851916e-03
1.869029999999999927e+04 9.158605047015747416e-03
1.869359999999999854e+04 9.446011419675062748e-03
1.869690000000000146e+04 9.688838334572281302e-03
1.870020000000000073e+04 9.775592285176696108e-03
1.870350000000000000e+04 9.850897291701984568e-03
1.870679999999999927e+04 1.002231917823541429e-02
1.871000000000000000e+04 1.033138306096752224e-02
1.871329999999999927e+04 1.050372365211162812e-02
1.871659999999999854e+04 1.062772688822792751e-02
1.871990000000000146e+04 1.077507470711097648e-02
1.872320000000000073e+04 1.089933311052784445e-02
1.872650000000000000e+04 1.105285234799499236e-02
1.872979999999999927e+04 1.114720035227305915e-02
1.873309999999999854e+04 1.128093199785894750e-02
1.873640000000000146e+04 1.142730202658821630e-02
1.873970000000000073e+04 1.159365699448595272e-02
1.874300000000000000e+04 1.163296028842137134e-02
1.874629999999999927e+04 1.177391376226115394e-02
1.874959999999999854e+04 1.183486697777592044e-02
1.875290000000000146e+04 1.191879116512570107e-02
1.875620000000000073e+04 1.201132670124381574e-02
1.875950000000000000e+04 1.215725265791058225e-02
1.876279999999999927e+04 1.229395471024009173e-02
1.876609999999999854e+04 1.242279938665183554e-02
1.876940000000000146e+04 1.248233875549584031e-02
1.877270000000000073e+04 1.261681451464501287e-02
1.877590000000000146e+04 1.279723776260916455e-02
1.877920000000000073e+04 1.283568747889064603e-02
1.878250000000000000e+04 1.300591475181783058e-02
1.878579999999999927e+04 1.319269090935583887e-02
1.878909999999999854e+04 1.341481419700710394e-02
1.879240000000000146e+04 1.363843046579437182e-02
1.879570000000000073e+04 1.386419191507525309e-02
1.879900000000000000e+04 1.412313828498557890e-02
1.880229999999999927e+04 1.441706145048472429e-02
1.880559999999999854e+04 1.469001341031600689e-02
1.880890000000000146e+04 1.489487316606475341e-02
1.881220000000000073e+04 1.514807679299391870e-02
1.881550000000000000e+04 1.544652172277331814e-02
1.881879999999999927e+04 1.573020001164142714e-02
1.882209999999999854e+04 1.600907975320214893e-02
1.882540000000000146e+04 1.630748713408320186e-02
1.882870000000000073e+04 1.659290192209738474e-02
1.883200000000000000e+04 1.687083708934167259e-02
1.883529999999999927e+04 1.717590003095653337e-02
1.883859999999999854e+04 1.746920672947593553e-02
1.884179999999999927e+04 1.773859007798016599e-02
1.884509999999999854e+04 1.801026577817075106e-02
1.884840000000000146e+04 1.820941898023593908e-02
1.885170000000000073e+04 1.841259909136710657e-02
1.885500000000000000e+04 1.867563224966965751e-02
1.885829999999999927e+04 1.883808675946375619e-02
1.886159999999999854e+04 1.901512248300310515e-02
1.886490000000000146e+04 1.938102223069943647e-02
1.886820000000000073e+04 1.976452043509957859e-02
1.887150000000000000e+04 2.004851917706381575e-02
1.887479999999999927e+04 2.017466030591666404e-02
1.887809999999999854e+04 2.046154405184519298e-02
1.888140000000000146e+04 2.080352234114113408e-02
1.888470000000000073e+04 2.112080173452509160e-02
1.888800000000000000e+04 2.143048706946577495e-02
1.889129999999999927e+04 2.172881714062914471e-02
1.889459999999999854e+04 2.210182979193449707e-02
1.889790000000000146e+04 2.243960475859445650e-02
1.890120000000000073e+04 2.277913019061848787e-02
1.890440000000000146e+04 2.308240666967725091e-02
1.890770000000000073e+04 2.349828580071777751e-02
1.891100000000000000e+04 2.385729557219017777e-02
1.891429999999999927e+04 2.428529154052556233e-02
1.891759999999999854e+04 2.469080901021592986e-02
1.892090000000000146e+04 2.510379011079328163e-02
1.892420000000000073e+04 2.547722513183310264e-02
1.892750000000000000e+04 2.583890203134836180e-02
1.893079999999999927e+04 2.624686331880130702e-02
1.893409999999999854e+04 2.664263649012119442e-02
1.893740000000000146e+04 2.699735033396028286e-02
1.894070000000000073e+04 2.729308479481200658e-02
1.894400000000000000e+04 2.767381559435978453e-02
1.894729999999999927e+04 2.798459104831644076e-02
1.895059999999999854e+04 2.828751689265196836e-02
1.895390000000000146e+04 2.858653189770074196e-02
1.895720000000000073e+04 2.884297083751195812e-02
1.896050000000000000e+04 2.911549160394954344e-02
1.896379999999999927e+04 2.936755126393039705e-02
1.896709999999999854e+04 2.959017937730219761e-02
1.897029999999999927e+04 2.976848784842541992e-02
1.897359999999999854e+04 2.995482879811050062e-02
1.897690000000000146e+04 3.018876201671737841e-02
1.898020000000000073e+04 3.036674876985115054e-02
1.898350000000000000e+04 3.055978354617348500e-02
1.898679999999999927e+04 3.077679344333158346e-02
1.899009999999999854e+04 3.096041777197790917e-02
1.899340000000000146e+04 3.114598093864454076e-02
1.899670000000000073e+04 3.130537003581088107e-02
1.900000000000000000e+04 3.147740645427703210e-02
1.900329999999999927e+04 3.162548616501778542e-02
1.900659999999999854e+04 3.179024146406329854e-02
1.900990000000000146e+04 3.189206278313373721e-02
1.901320000000000073e+04 3.198860371613507919e-02
1.901650000000000000e+04 3.207815400140201501e-02
1.901979999999999927e+04 3.219578183797845022e-02
1.902309999999999854e+04 3.230292858682227986e-02
1.902640000000000146e+04 3.243649556106006915e-02
1.902970000000000073e+04 3.249906328277155088e-02
1.903290000000000146e+04 3.257109607002929563e-02
1.903620000000000073e+04 3.262477918091300638e-02
1.903950000000000000e+04 3.267613382646984005e-02
1.904279999999999927e+04 3.273715781913236894e-02
1.904609999999999854e+04 3.276661900034660152e-02
1.904940000000000146e+04 3.279469217626414940e-02
1.905270000000000073e+04 3.286327757087641882e-02
1.905600000000000000e+04 3.289584282861336695e-02
1.905929999999999927e+04 3.293684441485536518e-02
1.906259999999999854e+04 3.294203545008374256e-02
1.906590000000000146e+04 3.295441755821958141e-02
1.906920000000000073e+04 3.296890975233812693e-02
1.907250000000000000e+04 3.293013724565007488e-02
1.907579999999999927e+04 3.289819980201262595e-02
1.907909999999999854e+04 3.285636175340222315e-02
1.908240000000000146e+04 3.284329151320644624e-02
1.908570000000000073e+04 3.279665866112931039e-02
1.908900000000000000e+04 3.273060494448116337e-02
1.909229999999999927e+04 3.264344162106534025e-02
1.909559999999999854e+04 3.255916501067852159e-02
1.909879999999999927e+04 3.251411444912071652e-02
1.910209999999999854e+04 3.241226950806368884e-02
1.910540000000000146e+04 3.233086537820011042e-02
1.910870000000000073e+04 3.225732523852187922e-02
1.911200000000000000e+04 3.217802737137093888e-02
1.911529999999999927e+04 3.209059956561464283e-02
1.911859999999999854e+04 3.191834577273138657e-02
1.912190000000000146e+04 3.177943002750440588e-02
1.912520000000000073e+04 3.159481045240201957e-02
1.912850000000000000e+04 3.140531446232586871e-02
1.913179999999999927e+04 3.125410192805432724e-02
1.913509999999999854e+04 3.111546537447543864e-02
1.913840000000000146e+04 3.094494982064632457e-02
1.914170000000000073e+04 3.073588640176548245e-02
1.914500000000000000e+04 3.055345119546886562e-02
1.914829999999999927e+04 3.032829425906821350e-02
1.915159999999999854e+04 3.011667238159340329e-02
1.915490000000000146e+04 2.991393302954407571e-02
1.915820000000000073e+04 2.969501710789028415e-02
1.916140000000000146e+04 2.950603730644204420e-02
1.916470000000000073e+04 2.927866293380798277e-02
1.916800000000000000e+04 2.905650377829228914e-02
1.917129999999999927e+04 2.879951713939258098e-02
1.917459999999999854e+04 2.856476500666477181e-02
1.917790000000000146e+04 2.834610302834636789e-02
1.918120000000000073e+04 2.813353790161864446e-02
1.918450000000000000e+04 2.787443590555636549e-02
1.918779999999999927e+04 2.761346034686942494e-02
1.919109999999999854e+04 2.734849922982924078e-02
1.919440000000000146e+04 2.710981408431444029e-02
1.919770000000000073e+04 2.683470630955298378e-02
1.920100000000000000e+04 2.657641576444849663e-02
1.920429999999999927e+04 2.632953961435873652e-02
1.920759999999999854e+04 2.605113367821916201e-02
1.921090000000000146e+04 2.578346198886083407e-02
1.921420000000000073e+04 2.549634584452956446e-02
1.921750000000000000e+04 2.519445169905295406e-02
1.922079999999999927e+04 2.491339488924999845e-02
1.922409999999999854e+04 2.461998193107698199e-02
1.922729999999999927e+04 2.431590174968765311e-02
1.923059999999999854e+04 2.402309744089494922e-02
1.923390000000000146e+04 2.372106201802698378e-02
1.923720000000000073e+04 2.344166294202860296e-02
1.924050000000000000e+04 2.313379091730457388e-02
1.924379999999999927e+04 2.284012727227649475e-02
1.924709999999999854e+04 2.253472511488363930e-02
1.925040000000000146e+04 2.221491537620778542e-02
1.925370000000000073e+04 2.188542781801136247e-02
1.925700000000000000e+04 2.160839399972189906e-02
1.926029999999999927e+04 2.129097142563249681e-02
1.926359999999999854e+04 2.095907279968507730e-02
1.926690000000000146e+04 2.066446171485047251e-02
1.927020000000000073e+04 2.033521562730033691e-02
1.927350000000000000e+04 2.002522989764273301e-02
1.927679999999999927e+04 1.970279522717467702e-02
1.928009999999999854e+04 1.936696600662201825e-02
1.928340000000000146e+04 1.907246950465482302e-02
1.928670000000000073e+04 1.876226071395169226e-02
1.929000000000000000e+04 1.845569062898770249e-02
1.929320000000000073e+04 1.815292159503515204e-02
1.929650000000000000e+04 1.782762781776352223e-02
1.929979999999999927e+04 1.750383233575994110e-02
1.930309999999999854e+04 1.721378775305154249e-02
1.930640000000000146e+04 1.692140812406196446e-02
1.930970000000000073e+04 1.663403076280072293e-02
1.931300000000000000e+04 1.635693603680594618e-02
1.931629999999999927e+04 1.604273057514539122e-02
1.931959999999999854e+04 1.572981225804831462e-02
1.932290000000000146e+04 1.540964469828928762e-02
1.932620000000000073e+04 1.510115173545163378e-02
1.932950000000000000e+04 1.478807136200535090e-02
1.933279999999999927e+04 1.448549155068171689e-02
1.933609999999999854e+04 1.421015059909102630e-02
1.933940000000000146e+04 1.393443953079027270e-02
1.934270000000000073e+04 1.364241068356829290e-02
1.934600000000000000e+04 1.334045213020148418e-02
1.934929999999999927e+04 1.304325188393167835e-02
1.935259999999999854e+04 1.274961698109102447e-02
1.935579999999999927e+04 1.245897687548295010e-02
1.935909999999999854e+04 1.215803466970432831e-02
1.936240000000000146e+04 1.187143139715325646e-02
1.936570000000000073e+04 1.158618679903344363e-02
1.936900000000000000e+04 1.130661458195655888e-02
1.937229999999999927e+04 1.103381857300694477e-02
1.937559999999999854e+04 1.075701146327392652e-02
1.937890000000000146e+04 1.049329931414461937e-02
1.938220000000000073e+04 1.021929145577808555e-02
1.938550000000000000e+04 9.942634879961331773e-03
1.938879999999999927e+04 9.655435269535456860e-03
1.939209999999999854e+04 9.393208502997338338e-03
1.939540000000000146e+04 9.119204210890628423e-03
1.939870000000000073e+04 8.848614455816397953e-03
1.940200000000000000e+04 8.589683332331798232e-03
1.940529999999999927e+04 8.345203424704166623e-03
1.940859999999999854e+04 8.102349076962183164e-03
1.941190000000000146e+04 7.847215167037548122e-03
1.941520000000000073e+04 7.608843909749527130e-03
1.941850000000000000e+04 7.372165569551021765e-03
1.942170000000000073e+04 7.107491064390552421e-03
1.942500000000000000e+04 6.845888123574915551e-03
1.942829999999999927e+04 6.607121316439455889e-03
1.943159999999999854e+04 6.360891183932368929e-03
1.943490000000000146e+04 6.110282746451784798e-03
1.943820000000000073e+04 5.863338884019723800e-03
1.944150000000000000e+04 5.617279429390945739e-03
1.944479999999999927e+04 5.399668817646792116e-03
1.944809999999999854e+04 5.176481719884764784e-03
1.945140000000000146e+04 4.957179808124434484e-03
1.945470000000000073e+04 4.744123382831227920e-03
1.945800000000000000e+04 4.528781608293263802e-03
1.946129999999999927e+04 4.293953560483047653e-03
1.946459999999999854e+04 4.086768011683186708e-03
1.946790000000000146e+04 3.852740291828492258e-03
1.947120000000000073e+04 3.634451710006004858e-03
1.947450000000000000e+04 3.408723750882231181e-03
1.947779999999999927e+04 3.196068299966722294e-03
1.948109999999999854e+04 2.985386235421527788e-03
1.948429999999999927e+04 2.773334865880159369e-03
1.948759999999999854e+04 2.577928853556154306e-03
1.949090000000000146e+04 2.382105037204810660e-03
1.949420000000000073e+04 2.192909508127699036e-03
1.949750000000000000e+04 1.984188305430958314e-03
1.950079999999999927e+04 1.777683178610509149e-03
1.950409999999999854e+04 1.582465177278759294e-03
1.950740000000000146e+04 1.397840645519115394e-03
1.951070000000000073e+04 1.207506068513845322e-03
1.951400000000000000e+04 1.035853538467494108e-03
1.951729999999999927e+04 8.519837538962605821e-04
1.952059999999999854e+04 6.656639305084524486e-04
1.952390000000000146e+04 5.126075903489837752e-04
1.952720000000000073e+04 3.523091589209587809e-04
1.953050000000000000e+04 1.867043234365862905e-04
1.953379999999999927e+04 1.485375407554891583e-05
1.953709999999999854e+04 -1.634478632667663890e-04
1.954040000000000146e+04 -3.174496818738653981e-04
1.954370000000000073e+04 -4.705602381644620230e-04
1.954700000000000000e+04 -6.140219735760783391e-04
1.955020000000000073e+04 -7.751881454873497121e-04
1.955350000000000000e+04 -9.127747463921526052e-04
1.955679999999999927e+04 -1.057544428969095160e-03
1.956009999999999854e+04 -1.195232354354166734e-03
1.956340000000000146e+04 -1.334176823326599240e-03
1.956670000000000073e+04 -1.474778604637262940e-03
1.957000000000000000e+04 -1.600658026255130260e-03
1.957329999999999927e+04 -1.737651886887345027e-03
1.957659999999999854e+04 -1.858448537394014229e-03
1.957990000000000146e+04 -1.970753837956837166e-03
1.958320000000000073e+04 -2.108814922092931612e-03
1.958650000000000000e+04 -2.245507852367203180e-03
1.958979999999999927e+04 -2.337708626195927984e-03
1.959309999999999854e+04 -2.448806911250368985e-03
1.959640000000000146e+04 -2.544138892818644578e-03
1.959970000000000073e+04 -2.641734422788921677e-03
1.960300000000000000e+04 -2.760494987032882565e-03
1.960629999999999927e+04 -2.883990374195261053e-03
1.960959999999999854e+04 -3.011453269885113262e-03
1.961290000000000146e+04 -3.133784381738700248e-03
1.961609999999999854e+04 -3.254676797115967166e-03
1.961940000000000146e+04 -3.353679420950586489e-03
1.962270000000000073e+04 -3.463254720016643341e-03
1.962600000000000000e+04 -3.552741121503614347e-03
1.962929999999999927e+04 -3.652087530691198493e-03
1.963259999999999854e+04 -3.726732189831319462e-03
1.963590000000000146e+04 -3.780635255471984785e-03
1.963920000000000073e+04 -3.895255638478250116e-03
1.964250000000000000e+04 -3.972554692271353625e-03
1.964579999999999927e+04 -4.080860390858621900e-03
1.964909999999999854e+04 -4.186184003367945591e-03
1.965240000000000146e+04 -4.294487786950718609e-03
1.965570000000000073e+04 -4.405574140087588873e-03
1.965900000000000000e+04 -4.477250762658966689e-03
1.966229999999999927e+04 -4.504691368785475152e-03
1.966559999999999854e+04 -4.559006738494966564e-03
1.966890000000000146e+04 -4.627574780179916948e-03
1.967220000000000073e+04 -4.717749472726794589e-03
1.967550000000000000e+04 -4.775911387147483214e-03
1.967870000000000073e+04 -4.869461907425882974e-03
1.968200000000000000e+04 -4.911643982316147954e-03
1.968529999999999927e+04 -4.960261651924123723e-03
1.968859999999999854e+04 -5.021373383606629083e-03
1.969190000000000146e+04 -5.053099528754901107e-03
1.969520000000000073e+04 -5.112207748096534062e-03
1.969850000000000000e+04 -5.155603486944580066e-03
1.970179999999999927e+04 -5.181000290809439739e-03
1.970509999999999854e+04 -5.269824319869840026e-03
1.970840000000000146e+04 -5.370083580673513067e-03
1.971170000000000073e+04 -5.450770702901555284e-03
1.971500000000000000e+04 -5.488499020208916987e-03
1.971829999999999927e+04 -5.567677547447837973e-03
1.972159999999999854e+04 -5.573266313844240857e-03
1.972490000000000146e+04 -5.588766461243610366e-03
1.972820000000000073e+04 -5.657668042180913522e-03
1.973150000000000000e+04 -5.723449780579279410e-03
1.973479999999999927e+04 -5.789724934944797362e-03
1.973809999999999854e+04 -5.861241097633574509e-03
1.974140000000000146e+04 -5.929832257377426127e-03
1.974459999999999854e+04 -6.023253739492248800e-03
1.974790000000000146e+04 -6.050065065311590641e-03
1.975120000000000073e+04 -6.052890860811752614e-03
1.975450000000000000e+04 -6.092153834502817868e-03
1.975779999999999927e+04 -6.114448327695554478e-03
1.976109999999999854e+04 -6.182780431398133061e-03
1.976440000000000146e+04 -6.239294726336204987e-03
1.976770000000000073e+04 -6.306554166490672617e-03
1.977100000000000000e+04 -6.358021573615613500e-03
1.977429999999999927e+04 -6.381739169564173454e-03
1.977759999999999854e+04 -6.424974687887293097e-03
1.978090000000000146e+04 -6.459868421380879529e-03
1.978420000000000073e+04 -6.522389333809323897e-03
1.978750000000000000e+04 -6.543384561792753122e-03
1.979079999999999927e+04 -6.608857641622015167e-03
1.979409999999999854e+04 -6.628140184525900883e-03
1.979740000000000146e+04 -6.654545936888772717e-03
1.980070000000000073e+04 -6.717837998576145324e-03
1.980400000000000000e+04 -6.731864605947182785e-03
1.980720000000000073e+04 -6.764389314843750889e-03
1.981050000000000000e+04 -6.744788020265936324e-03
1.981379999999999927e+04 -6.713847483260056322e-03
1.981709999999999854e+04 -6.740891687233896250e-03
1.982040000000000146e+04 -6.714728714378698227e-03
1.982370000000000073e+04 -6.717044348599384741e-03
1.982700000000000000e+04 -6.753804280858112345e-03
1.983029999999999927e+04 -6.771192167788018385e-03
1.983359999999999854e+04 -6.766756093934556821e-03
1.983690000000000146e+04 -6.765378184559563655e-03
1.984020000000000073e+04 -6.760191539187753069e-03
1.984350000000000000e+04 -6.780500025785175279e-03
1.984679999999999927e+04 -6.798133527662748171e-03
1.985009999999999854e+04 -6.825971014122678843e-03
1.985340000000000146e+04 -6.862647017345243662e-03
1.985670000000000073e+04 -6.927372636348161014e-03
1.986000000000000000e+04 -6.960308214245778356e-03
1.986329999999999927e+04 -7.015915871256325938e-03
1.986659999999999854e+04 -7.037788115945077874e-03
1.986990000000000146e+04 -7.023017395338795876e-03
1.987309999999999854e+04 -6.986262437404858021e-03
1.987640000000000146e+04 -6.980969302521269383e-03
1.987970000000000073e+04 -7.019920259745696112e-03
1.988300000000000000e+04 -6.996090996786536072e-03
1.988629999999999927e+04 -7.063746078103951345e-03
1.988959999999999854e+04 -7.139280793332279662e-03
1.989290000000000146e+04 -7.139677887356302675e-03
1.989620000000000073e+04 -7.113901585178946697e-03
1.989950000000000000e+04 -7.092029631505146481e-03
1.990279999999999927e+04 -7.061984287333121155e-03
1.990609999999999854e+04 -7.056802006884166888e-03
1.990940000000000146e+04 -7.024724270588436625e-03
1.991270000000000073e+04 -7.041546224813270520e-03
1.991600000000000000e+04 -7.049356020083627147e-03
1.991929999999999927e+04 -7.058891777358376751e-03
1.992259999999999854e+04 -7.077113257489222112e-03
1.992590000000000146e+04 -7.060350205733937658e-03
