1.716800000000000000e+04 4.271821201268665336e-04
1.717129999999999927e+04 4.354783194087898839e-04
1.717459999999999854e+04 4.292561934033059415e-04
1.717790000000000146e+04 4.279438630623145058e-04
1.718120000000000073e+04 4.378857406891287370e-04
1.718450000000000000e+04 4.420089237864706323e-04
1.718779999999999927e+04 4.444087231471599694e-04
1.719109999999999854e+04 4.372170116004773588e-04
1.719440000000000146e+04 4.364029645611588234e-04
1.719770000000000073e+04 4.472768030748609292e-04
1.720100000000000000e+04 4.511233062287587649e-04
1.720429999999999927e+04 4.522185979577187124e-04
1.720759999999999854e+04 4.609181778534126553e-04
1.721090000000000146e+04 4.678021216247713618e-04
1.721420000000000073e+04 4.671840198173336919e-04
1.721750000000000000e+04 4.618392960431850504e-04
1.722079999999999927e+04 4.496299457499850004e-04
1.722409999999999854e+04 4.454519703925475952e-04
1.722729999999999927e+04 4.391526247997198278e-04
1.723059999999999854e+04 4.492645077408192783e-04
1.723390000000000146e+04 4.551959428552135355e-04
1.723720000000000073e+04 4.472787911452137492e-04
1.724050000000000000e+04 4.458366571705053155e-04
1.724379999999999927e+04 4.314966298517024950e-04
1.724709999999999854e+04 4.245608156118925187e-04
1.725040000000000146e+04 4.176122694088760527e-04
1.725370000000000073e+04 4.077488475743222367e-04
1.725700000000000000e+04 4.136518199097605425e-04
1.726029999999999927e+04 4.365646483843998440e-04
1.726359999999999854e+04 4.278006318383163037e-04
1.726690000000000146e+04 4.379635752322616525e-04
1.727020000000000073e+04 4.203260881689461028e-04
1.727350000000000000e+04 4.237399964081362469e-04
1.727679999999999927e+04 4.178007573360785249e-04
1.728009999999999854e+04 4.346951944733469563e-04
1.728340000000000146e+04 4.458366199071524304e-04
1.728670000000000073e+04 4.647962266277386699e-04
1.729000000000000000e+04 4.744005470326753270e-04
1.729320000000000073e+04 4.787625678836790271e-04
1.729650000000000000e+04 4.918291731263342830e-04
1.729979999999999927e+04 5.006717471033138430e-04
1.730309999999999854e+04 4.925711269915189960e-04
1.730640000000000146e+04 5.013381685975436307e-04
1.730970000000000073e+04 5.128462596431734594e-04
1.731300000000000000e+04 5.271264251540004869e-04
1.731629999999999927e+04 5.359643312775631005e-04
1.731959999999999854e+04 5.477260517420509721e-04
1.732290000000000146e+04 5.615504761761995608e-04
1.732620000000000073e+04 5.688652753686267681e-04
1.732950000000000000e+04 5.770932896304523108e-04
1.733279999999999927e+04 5.850309157422069455e-04
1.733609999999999854e+04 5.788459935860883285e-04
1.733940000000000146e+04 5.849062145471182984e-04
1.734270000000000073e+04 5.840052020157124974e-04
1.734600000000000000e+04 5.913237500313257193e-04
1.734929999999999927e+04 5.912848342566420388e-04
1.735259999999999854e+04 5.961446112083217510e-04
1.735579999999999927e+04 6.099808024654715518e-04
1.735909999999999854e+04 6.244281909260362712e-04
1.736240000000000146e+04 6.345398308916000343e-04
1.736570000000000073e+04 6.389066935184085656e-04
1.736900000000000000e+04 6.452772022228125872e-04
1.737229999999999927e+04 6.424833211059647426e-04
1.737559999999999854e+04 6.410389080386798624e-04
1.737890000000000146e+04 6.385127552937642061e-04
1.738220000000000073e+04 6.549523394681221102e-04
1.738550000000000000e+04 6.535048705832480253e-04
1.738879999999999927e+04 6.563284651323479700e-04
1.739209999999999854e+04 6.622727784042557568e-04
1.739540000000000146e+04 6.681787162208169869e-04
1.739870000000000073e+04 6.760867478522235123e-04
1.740200000000000000e+04 6.879784070488889581e-04
1.740529999999999927e+04 6.912721041402071368e-04
1.740859999999999854e+04 6.978651439473893686e-04
1.741190000000000146e+04 7.018018606065188269e-04
1.741520000000000073e+04 7.163161449940659521e-04
1.741850000000000000e+04 7.236898627655246208e-04
1.742170000000000073e+04 7.275886481048501019e-04
1.742500000000000000e+04 7.306340840465831406e-04
1.742829999999999927e+04 7.454457556354188901e-04
1.743159999999999854e+04 7.521795921055166988e-04
1.743490000000000146e+04 7.552238875523073275e-04
1.743820000000000073e+04 7.607115358000593377e-04
1.744150000000000000e+04 7.683738148262426494e-04
1.744479999999999927e+04 7.726814999112727482e-04
1.744809999999999854e+04 7.787306451857621764e-04
1.745140000000000146e+04 7.740904572350835186e-04
1.745470000000000073e+04 7.796535932660786762e-04
1.745800000000000000e+04 7.777527316424270257e-04
1.746129999999999927e+04 7.810193073602484564e-04
1.746459999999999854e+04 7.781939200906914022e-04
1.746790000000000146e+04 7.910302723309247048e-04
1.747120000000000073e+04 7.950743275047342674e-04
1.747450000000000000e+04 7.969648376348170259e-04
1.747779999999999927e+04 8.034258305782916634e-04
1.748109999999999854e+04 8.100553486470066190e-04
1.748429999999999927e+04 8.117182081834149613e-04
1.748759999999999854e+04 8.057756786949699102e-04
1.749090000000000146e+04 8.110268714404365864e-04
1.749420000000000073e+04 8.132536956344277746e-04
1.749750000000000000e+04 8.189261009672391123e-04
1.750079999999999927e+04 8.356111578832253663e-04
1.750409999999999854e+04 8.445363064214979907e-04
1.750740000000000146e+04 8.575310940294166582e-04
1.751070000000000073e+04 8.586640444588001164e-04
1.751400000000000000e+04 8.688311910960860342e-04
1.751729999999999927e+04 8.742444421528971273e-04
1.752059999999999854e+04 8.712926536417184070e-04
1.752390000000000146e+04 8.700620232105777795e-04
1.752720000000000073e+04 8.702427191188754707e-04
1.753050000000000000e+04 8.642900389710529273e-04
1.753379999999999927e+04 8.647175120519156070e-04
1.753709999999999854e+04 8.656444101834557181e-04
1.754040000000000146e+04 8.713653071350173189e-04
1.754370000000000073e+04 8.765085763070609021e-04
1.754700000000000000e+04 8.697848186090814194e-04
1.755020000000000073e+04 8.766244240643683659e-04
1.755350000000000000e+04 8.723272158167996509e-04
1.755679999999999927e+04 8.742488712679734536e-04
1.756009999999999854e+04 8.774759447042823146e-04
1.756340000000000146e+04 8.841833532859367205e-04
1.756670000000000073e+04 8.760880036666014378e-04
1.757000000000000000e+04 8.763263177417701492e-04
1.757329999999999927e+04 8.771373897407460252e-04
1.757659999999999854e+04 8.797720492289600120e-04
1.757990000000000146e+04 8.757828735218383840e-04
1.758320000000000073e+04 8.805892236805684063e-04
1.758650000000000000e+04 8.873797039965084302e-04
1.758979999999999927e+04 8.889814995476254386e-04
1.759309999999999854e+04 8.918149433071106968e-04
1.759640000000000146e+04 8.927112243223546623e-04
1.759970000000000073e+04 8.971062744549725826e-04
1.760300000000000000e+04 9.030321885253647088e-04
1.760629999999999927e+04 8.972632742748387668e-04
1.760959999999999854e+04 8.956076267887328737e-04
1.761290000000000146e+04 8.952899251385845140e-04
1.761609999999999854e+04 8.909298735624112580e-04
1.761940000000000146e+04 8.946803746772511584e-04
1.762270000000000073e+04 9.005773091116499665e-04
1.762600000000000000e+04 8.987302405062405023e-04
1.762929999999999927e+04 9.043872833227041509e-04
1.763259999999999854e+04 9.069699743995102799e-04
1.763590000000000146e+04 9.018397690241773288e-04
1.763920000000000073e+04 9.065575925430164987e-04
1.764250000000000000e+04 9.111971777965139317e-04
1.764579999999999927e+04 9.132028053267035464e-04
1.764909999999999854e+04 9.185577378121714603e-04
1.765240000000000146e+04 9.314733328934167618e-04
1.765570000000000073e+04 9.346103664265740857e-04
1.765900000000000000e+04 9.362775112612669454e-04
1.766229999999999927e+04 9.390057140076101157e-04
1.766559999999999854e+04 9.411764705514425941e-04
1.766890000000000146e+04 9.460160776028545253e-04
1.767220000000000073e+04 9.459126441609827258e-04
1.767550000000000000e+04 9.506319522808742315e-04
1.767870000000000073e+04 9.488109164808089047e-04
1.768200000000000000e+04 9.419755217115561782e-04
1.768529999999999927e+04 9.475662940192536602e-04
1.768859999999999854e+04 9.515656268907501675e-04
1.769190000000000146e+04 9.539671922884802868e-04
1.769520000000000073e+04 9.574565525790008696e-04
1.769850000000000000e+04 9.586059300525421028e-04
1.770179999999999927e+04 9.682759093785219158e-04
1.770509999999999854e+04 9.692615532639263336e-04
1.770840000000000146e+04 9.763131138038130818e-04
1.771170000000000073e+04 9.902419212565361124e-04
1.771500000000000000e+04 9.930486560045953277e-04
1.771829999999999927e+04 9.991311162326267127e-04
1.772159999999999854e+04 9.998972084156755851e-04
1.772490000000000146e+04 1.008411391682088312e-03
1.772820000000000073e+04 1.008069018625578836e-03
1.773150000000000000e+04 1.016841964743202958e-03
1.773479999999999927e+04 1.019516925790821434e-03
1.773809999999999854e+04 1.023600315149939726e-03
1.774140000000000146e+04 1.024944903469618201e-03
1.774459999999999854e+04 1.022580819842211193e-03
1.774790000000000146e+04 1.025847446353457320e-03
1.775120000000000073e+04 1.038381811825046753e-03
1.775450000000000000e+04 1.039885432859079467e-03
1.775779999999999927e+04 1.039052479571799751e-03
1.776109999999999854e+04 1.040317659381979811e-03
1.776440000000000146e+04 1.047675824492527285e-03
1.776770000000000073e+04 1.048867639060906826e-03
1.777100000000000000e+04 1.066045610337141561e-03
1.777429999999999927e+04 1.070455823278782057e-03
1.777759999999999854e+04 1.075116716636118812e-03
1.778090000000000146e+04 1.082552159901706539e-03
1.778420000000000073e+04 1.087107354331104739e-03
1.778750000000000000e+04 1.089976728678131819e-03
1.779079999999999927e+04 1.096581101174624786e-03
1.779409999999999854e+04 1.097914046505104203e-03
1.779740000000000146e+04 1.096194520213192389e-03
1.780070000000000073e+04 1.110987110569183062e-03
1.780400000000000000e+04 1.117729245137558287e-03
1.780720000000000073e+04 1.115968817056479934e-03
1.781050000000000000e+04 1.115292122789124504e-03
1.781379999999999927e+04 1.121373247020319508e-03
1.781709999999999854e+04 1.121471051350169312e-03
1.782040000000000146e+04 1.129991478782269585e-03
1.782370000000000073e+04 1.145427466036443237e-03
1.782700000000000000e+04 1.152517103031046840e-03
1.783029999999999927e+04 1.145623489706354154e-03
1.783359999999999854e+04 1.148184701509346066e-03
1.783690000000000146e+04 1.156193497398844789e-03
1.784020000000000073e+04 1.159769624576851557e-03
1.784350000000000000e+04 1.165744569962186847e-03
1.784679999999999927e+04 1.178446610281575369e-03
1.785009999999999854e+04 1.187324701464790135e-03
1.785340000000000146e+04 1.193558679861614867e-03
1.785670000000000073e+04 1.200029262250970966e-03
1.786000000000000000e+04 1.212810062900589181e-03
1.786329999999999927e+04 1.222573632139578115e-03
1.786659999999999854e+04 1.225175017290235655e-03
1.786990000000000146e+04 1.228284752362655092e-03
1.787309999999999854e+04 1.226803450088258815e-03
1.787640000000000146e+04 1.221881515989120537e-03
1.787970000000000073e+04 1.233766030078966734e-03
1.788300000000000000e+04 1.237372088488435367e-03
1.788629999999999927e+04 1.246243547034718265e-03
1.788959999999999854e+04 1.246972488595680245e-03
1.789290000000000146e+04 1.257537021203420291e-03
1.789620000000000073e+04 1.263102914438665519e-03
1.789950000000000000e+04 1.274710151428722505e-03
1.790279999999999927e+04 1.286839810686068531e-03
1.790609999999999854e+04 1.295270555665077161e-03
1.790940000000000146e+04 1.305028675290058641e-03
1.791270000000000073e+04 1.311026611726313776e-03
1.791600000000000000e+04 1.298951403206914266e-03
1.791929999999999927e+04 1.302035762467860331e-03
1.792259999999999854e+04 1.311374916079116560e-03
1.792590000000000146e+04 1.318512697907496317e-03
1.792920000000000073e+04 1.328299754800806726e-03
1.793250000000000000e+04 1.333868812173000934e-03
1.793570000000000073e+04 1.331484216523319422e-03
1.793900000000000000e+04 1.335007693454066773e-03
1.794229999999999927e+04 1.341493030606670219e-03
1.794559999999999854e+04 1.341221234344467522e-03
1.794890000000000146e+04 1.346691648551344911e-03
1.795220000000000073e+04 1.355673080628136493e-03
1.795550000000000000e+04 1.361756475271938549e-03
1.795879999999999927e+04 1.370053612253806664e-03
1.796209999999999854e+04 1.378269902171845151e-03
1.796540000000000146e+04 1.381367380046556390e-03
1.796870000000000073e+04 1.390669669537454751e-03
1.797200000000000000e+04 1.397118132289120991e-03
1.797529999999999927e+04 1.401864543358481317e-03
1.797859999999999854e+04 1.403781418641574744e-03
1.798190000000000146e+04 1.412245586865236869e-03
1.798520000000000073e+04 1.411191419192740423e-03
1.798850000000000000e+04 1.414562748001929127e-03
1.799179999999999927e+04 1.417272425749178553e-03
1.799509999999999854e+04 1.435171944456969505e-03
1.799840000000000146e+04 1.435159043088916637e-03
1.800159999999999854e+04 1.431426534020447837e-03
1.800490000000000146e+04 1.439258668488547837e-03
1.800820000000000073e+04 1.442829112818000675e-03
1.801150000000000000e+04 1.446152185915402892e-03
1.801479999999999927e+04 1.440237665754518816e-03
1.801809999999999854e+04 1.444409917953334670e-03
1.802140000000000146e+04 1.444376474705202050e-03
1.802470000000000073e+04 1.448164499536296924e-03
1.802800000000000000e+04 1.449502237515471999e-03
1.803129999999999927e+04 1.458407294394434717e-03
1.803459999999999854e+04 1.463751328210464563e-03
1.803790000000000146e+04 1.467803861326466260e-03
1.804120000000000073e+04 1.472984973176666738e-03
1.804450000000000000e+04 1.467461699987986611e-03
1.804779999999999927e+04 1.476224204382459246e-03
1.805109999999999854e+04 1.479261710869410589e-03
1.805440000000000146e+04 1.487076329546072224e-03
1.805770000000000073e+04 1.487206652916037890e-03
1.806100000000000000e+04 1.489437888459636946e-03
1.806429999999999927e+04 1.492071469711992804e-03
1.806750000000000000e+04 1.488841161207002254e-03
1.807079999999999927e+04 1.484635983034120242e-03
1.807409999999999854e+04 1.478071579422509611e-03
1.807740000000000146e+04 1.474335565468842119e-03
1.808070000000000073e+04 1.485441260757443954e-03
1.808400000000000000e+04 1.500510215024374429e-03
1.808729999999999927e+04 1.501653487338645496e-03
1.809059999999999854e+04 1.505850636460495835e-03
1.809390000000000146e+04 1.491187443595959816e-03
1.809720000000000073e+04 1.487411697486007217e-03
1.810050000000000000e+04 1.481452259725770911e-03
1.810379999999999927e+04 1.481638663487442036e-03
1.810709999999999854e+04 1.474330190823183251e-03
1.811040000000000146e+04 1.468056227359436751e-03
1.811370000000000073e+04 1.460558593543005148e-03
1.811700000000000000e+04 1.454954928432020556e-03
1.812029999999999927e+04 1.452776568944350206e-03
1.812359999999999854e+04 1.450359902324462134e-03
1.812690000000000146e+04 1.447495501635369343e-03
1.813009999999999854e+04 1.438816428767584685e-03
1.813340000000000146e+04 1.429560542357061897e-03
1.813670000000000073e+04 1.424108750204455950e-03
1.814000000000000000e+04 1.411865567930798088e-03
1.814329999999999927e+04 1.405545229421284502e-03
1.814659999999999854e+04 1.405521725748463567e-03
1.814990000000000146e+04 1.399608113313509936e-03
1.815320000000000073e+04 1.385976388897949135e-03
1.815650000000000000e+04 1.376613647091642694e-03
1.815979999999999927e+04 1.357450781795608566e-03
1.816309999999999854e+04 1.352257449753492416e-03
1.816640000000000146e+04 1.354697911744187936e-03
1.816970000000000073e+04 1.342970560505029297e-03
1.817300000000000000e+04 1.339358359315575035e-03
1.817629999999999927e+04 1.330134727606786197e-03
1.817959999999999854e+04 1.325301543854183342e-03
1.818290000000000146e+04 1.339028937489334997e-03
1.818620000000000073e+04 1.347474125685999783e-03
1.818950000000000000e+04 1.337350552832505422e-03
1.819279999999999927e+04 1.335484712682646685e-03
1.819600000000000000e+04 1.323299966490251982e-03
1.819929999999999927e+04 1.323541578707312233e-03
1.820259999999999854e+04 1.326226894518608285e-03
1.820590000000000146e+04 1.324147035782003356e-03
1.820920000000000073e+04 1.323444236327361552e-03
1.821250000000000000e+04 1.322322805371031924e-03
1.821579999999999927e+04 1.321812968843816705e-03
1.821909999999999854e+04 1.317802404242072404e-03
1.822240000000000146e+04 1.336066784038236364e-03
1.822570000000000073e+04 1.345019195046966891e-03
1.822900000000000000e+04 1.367345092244890824e-03
1.823229999999999927e+04 1.400544332033158007e-03
1.823559999999999854e+04 1.429376536595913100e-03
1.823890000000000146e+04 1.438572511107991808e-03
1.824220000000000073e+04 1.467285015392812272e-03
1.824550000000000000e+04 1.501401798994799223e-03
1.824879999999999927e+04 1.512429917129164960e-03
1.825209999999999854e+04 1.524087050677023700e-03
1.825540000000000146e+04 1.550186207051795686e-03
1.825859999999999854e+04 1.576619882403842944e-03
1.826190000000000146e+04 1.601342033703446674e-03
1.826520000000000073e+04 1.630533051561890157e-03
1.826850000000000000e+04 1.663123086298221899e-03
1.827179999999999927e+04 1.706925521460390905e-03
1.827509999999999854e+04 1.751046527978296309e-03
1.827840000000000146e+04 1.791398999817125394e-03
1.828170000000000073e+04 1.823301149304424121e-03
1.828500000000000000e+04 1.847506998053248181e-03
1.828829999999999927e+04 1.882721759038234353e-03
1.829159999999999854e+04 1.926724400928007475e-03
1.829490000000000146e+04 1.974492948064908264e-03
1.829820000000000073e+04 2.002222965112495680e-03
1.830150000000000000e+04 2.039071345064552825e-03
1.830479999999999927e+04 2.101752270259747875e-03
1.830809999999999854e+04 2.139953542919881789e-03
1.831140000000000146e+04 2.160579789792267755e-03
1.831470000000000073e+04 2.196895474461009468e-03
1.831800000000000000e+04 2.225079944704238914e-03
1.832129999999999927e+04 2.273285436969468311e-03
1.832450000000000000e+04 2.318411068790292729e-03
1.832779999999999927e+04 2.352968191774511622e-03
1.833109999999999854e+04 2.393127171011523186e-03
1.833440000000000146e+04 2.434094072579706496e-03
1.833770000000000073e+04 2.474256790476642674e-03
1.834100000000000000e+04 2.518054808714572344e-03
1.834429999999999927e+04 2.550730962448302230e-03
1.834759999999999854e+04 2.568739270747906304e-03
1.835090000000000146e+04 2.606560835594276884e-03
1.835420000000000073e+04 2.656090484878942826e-03
1.835750000000000000e+04 2.700043622378136502e-03
1.836079999999999927e+04 2.755215212046924819e-03
1.836409999999999854e+04 2.807525634157149053e-03
1.836740000000000146e+04 2.853070049470600444e-03
1.837070000000000073e+04 2.912798305947991630e-03
1.837400000000000000e+04 2.965103834756680629e-03
1.837729999999999927e+04 3.010273089943240731e-03
1.838059999999999854e+04 3.050626239027776163e-03
1.838390000000000146e+04 3.107371051547267587e-03
1.838709999999999854e+04 3.141156609437670017e-03
1.839040000000000146e+04 3.188338077377924577e-03
1.839370000000000073e+04 3.208404989564634865e-03
1.839700000000000000e+04 3.241486829207452722e-03
1.840029999999999927e+04 3.270837582092686949e-03
1.840359999999999854e+04 3.316672570655506899e-03
1.840690000000000146e+04 3.356048411726928957e-03
1.841020000000000073e+04 3.368988206029588633e-03
1.841350000000000000e+04 3.409900687852022733e-03
1.841679999999999927e+04 3.450529300083380376e-03
1.842009999999999854e+04 3.478750674612593723e-03
1.842340000000000146e+04 3.518308919687679684e-03
1.842670000000000073e+04 3.556675961021377088e-03
1.843000000000000000e+04 3.597922897713691504e-03
1.843329999999999927e+04 3.626507588391336689e-03
1.843659999999999854e+04 3.664856280539456439e-03
1.843990000000000146e+04 3.701574955713720413e-03
1.844320000000000073e+04 3.734576576173390550e-03
1.844650000000000000e+04 3.779454535588420202e-03
1.844979999999999927e+04 3.822446304372958872e-03
1.845300000000000000e+04 3.854661964259785412e-03
1.845629999999999927e+04 3.887778899606795027e-03
1.845959999999999854e+04 3.896604601677522168e-03
1.846290000000000146e+04 3.948160371667590839e-03
1.846620000000000073e+04 3.954401877314453473e-03
1.846950000000000000e+04 3.960841126958492865e-03
1.847279999999999927e+04 3.991497015749092235e-03
1.847609999999999854e+04 4.016452179321981092e-03
1.847940000000000146e+04 4.041556137184627341e-03
1.848270000000000073e+04 4.059933171519000336e-03
1.848600000000000000e+04 4.069840133905497717e-03
1.848929999999999927e+04 4.087411738273751156e-03
1.849259999999999854e+04 4.106019150214440527e-03
1.849590000000000146e+04 4.119972744386419215e-03
1.849920000000000073e+04 4.160591082059276850e-03
1.850250000000000000e+04 4.202487806025113383e-03
1.850579999999999927e+04 4.246220499147443199e-03
1.850909999999999854e+04 4.304573536582734748e-03
1.851240000000000146e+04 4.339393727218240036e-03
1.851570000000000073e+04 4.348505513145882462e-03
1.851890000000000146e+04 4.371956185069109969e-03
1.852220000000000073e+04 4.417142086556829182e-03
1.852550000000000000e+04 4.456446886150021609e-03
1.852879999999999927e+04 4.502934106741490750e-03
1.853209999999999854e+04 4.543444505127290471e-03
1.853540000000000146e+04 4.583349892374243527e-03
1.853870000000000073e+04 4.642226319880083524e-03
1.854200000000000000e+04 4.703102240216363097e-03
1.854529999999999927e+04 4.781665379591129410e-03
1.854859999999999854e+04 4.821559280930622082e-03
1.855190000000000146e+04 4.885214181612021998e-03
1.855520000000000073e+04 4.946949346698694891e-03
1.855850000000000000e+04 5.014141502479670456e-03
1.856179999999999927e+04 5.071642895843842154e-03
1.856509999999999854e+04 5.122798559938806714e-03
1.856840000000000146e+04 5.195868119740485076e-03
1.857170000000000073e+04 5.229140851940295397e-03
1.857500000000000000e+04 5.308469202667457157e-03
1.857829999999999927e+04 5.394155183425360274e-03
1.858150000000000000e+04 5.468789879148746799e-03
1.858479999999999927e+04 5.531848435074684413e-03
1.858809999999999854e+04 5.598868119292730108e-03
1.859140000000000146e+04 5.661271745857694888e-03
1.859470000000000073e+04 5.735253168580664238e-03
1.859800000000000000e+04 5.819764610422748646e-03
1.860129999999999927e+04 5.867768904085814662e-03
1.860459999999999854e+04 5.960116118308648146e-03
1.860790000000000146e+04 6.044229803584079408e-03
1.861120000000000073e+04 6.141482504616254355e-03
1.861450000000000000e+04 6.274374092783099877e-03
1.861779999999999927e+04 6.359785279935772223e-03
1.862109999999999854e+04 6.428928794648978116e-03
1.862440000000000146e+04 6.526040010680226981e-03
1.862770000000000073e+04 6.616658838003720323e-03
1.863100000000000000e+04 6.778328647938588331e-03
1.863429999999999927e+04 6.905549171312372683e-03
1.863759999999999854e+04 6.999265978810483360e-03
1.864090000000000146e+04 7.134528621554885042e-03
1.864420000000000073e+04 7.330382619166676134e-03
1.864740000000000146e+04 7.478550440894117697e-03
1.865070000000000073e+04 7.614801874826360693e-03
1.865400000000000000e+04 7.754738431071584413e-03
1.865729999999999927e+04 7.889889377836091164e-03
1.866059999999999854e+04 8.021092173544130954e-03
1.866390000000000146e+04 8.161477552756757348e-03
1.866720000000000073e+04 8.297741931995193665e-03
1.867050000000000000e+04 8.411551468725698630e-03
1.867379999999999927e+04 8.561645954253802385e-03
1.867709999999999854e+04 8.733243245400005780e-03
1.868040000000000146e+04 8.950889561638765077e-03
1.868370000000000073e+04 9.223199412862799138e-03
1.868700000000000000e+04 9.481770828198669843e-03
1.869029999999999927e+04 9.671752658768685909e-03
1.869359999999999854e+04 9.976800304270920169e-03
1.869690000000000146e+04 1.023459865739623567e-02
1.870020000000000073e+04 1.032195446154003139e-02
1.870350000000000000e+04 1.039765572234697434e-02
1.870679999999999927e+04 1.057345233742834449e-02
1.871000000000000000e+04 1.087224451530096822e-02
1.871329999999999927e+04 1.105223127180792950e-02
1.871659999999999854e+04 1.116666000933257998e-02
1.871990000000000146e+04 1.132249023340157860e-02
1.872320000000000073e+04 1.146012359785457055e-02
1.872650000000000000e+04 1.162480855691031510e-02
1.872979999999999927e+04 1.173353068032023314e-02
1.873309999999999854e+04 1.186860269088409192e-02
1.873640000000000146e+04 1.201740109857395503e-02
1.873970000000000073e+04 1.217720088205869605e-02
1.874300000000000000e+04 1.222539970717089787e-02
1.874629999999999927e+04 1.234380924936302575e-02
1.874959999999999854e+04 1.240529515191338313e-02
1.875290000000000146e+04 1.247164095710526568e-02
1.875620000000000073e+04 1.255779238211248740e-02
1.875950000000000000e+04 1.270601526506881865e-02
1.876279999999999927e+04 1.284567822524166833e-02
1.876609999999999854e+04 1.298014028530767965e-02
1.876940000000000146e+04 1.304247394336345393e-02
1.877270000000000073e+04 1.318418406960693290e-02
1.877590000000000146e+04 1.337390442316893809e-02
1.877920000000000073e+04 1.342560807466186557e-02
1.878250000000000000e+04 1.361775139765950167e-02
1.878579999999999927e+04 1.382220201428567725e-02
1.878909999999999854e+04 1.405742342361075356e-02
1.879240000000000146e+04 1.429479173350198078e-02
1.879570000000000073e+04 1.452257820723303408e-02
1.879900000000000000e+04 1.478102575987633518e-02
1.880229999999999927e+04 1.508958563587399493e-02
1.880559999999999854e+04 1.537221116043328666e-02
1.880890000000000146e+04 1.559950355443305743e-02
1.881220000000000073e+04 1.586484337076555021e-02
1.881550000000000000e+04 1.616692412422194094e-02
1.881879999999999927e+04 1.647901558545842790e-02
1.882209999999999854e+04 1.677682931155493468e-02
1.882540000000000146e+04 1.709388100681676417e-02
1.882870000000000073e+04 1.739590642589372918e-02
1.883200000000000000e+04 1.767348925087784683e-02
1.883529999999999927e+04 1.799561796208756087e-02
1.883859999999999854e+04 1.828118385536118759e-02
1.884179999999999927e+04 1.855228137476375161e-02
1.884509999999999854e+04 1.883727352716979206e-02
1.884840000000000146e+04 1.904893826914856592e-02
1.885170000000000073e+04 1.926105673200357790e-02
1.885500000000000000e+04 1.954858966646337223e-02
1.885829999999999927e+04 1.971294493685064528e-02
1.886159999999999854e+04 1.991062539158745467e-02
1.886490000000000146e+04 2.030149255567828201e-02
1.886820000000000073e+04 2.070585139530298907e-02
1.887150000000000000e+04 2.100964643349454222e-02
1.887479999999999927e+04 2.116672440242300945e-02
1.887809999999999854e+04 2.147469651197605328e-02
1.888140000000000146e+04 2.185640032386430495e-02
1.888470000000000073e+04 2.219896020041087562e-02
1.888800000000000000e+04 2.253745118131682615e-02
1.889129999999999927e+04 2.284511277458050119e-02
1.889459999999999854e+04 2.323185118973873989e-02
1.889790000000000146e+04 2.359805110677162115e-02
1.890120000000000073e+04 2.396065764671373097e-02
1.890440000000000146e+04 2.429913927864473661e-02
1.890770000000000073e+04 2.474049014410217157e-02
1.891100000000000000e+04 2.513815515142330675e-02
1.891429999999999927e+04 2.559220173887678113e-02
1.891759999999999854e+04 2.603317090248062626e-02
1.892090000000000146e+04 2.648324610556998873e-02
1.892420000000000073e+04 2.687663713587467446e-02
1.892750000000000000e+04 2.725412647789460241e-02
1.893079999999999927e+04 2.768108815921760044e-02
1.893409999999999854e+04 2.810677871207405837e-02
1.893740000000000146e+04 2.848914345768394779e-02
1.894070000000000073e+04 2.880578282275408908e-02
1.894400000000000000e+04 2.920665209867943576e-02
1.894729999999999927e+04 2.952055759019647438e-02
1.895059999999999854e+04 2.983777400580585673e-02
1.895390000000000146e+04 3.016008119165141527e-02
1.895720000000000073e+04 3.043022403689983266e-02
1.896050000000000000e+04 3.071916470856812104e-02
1.896379999999999927e+04 3.098422940967015399e-02
1.896709999999999854e+04 3.122046696701358259e-02
1.897029999999999927e+04 3.141050675548395094e-02
1.897359999999999854e+04 3.160142778440599987e-02
1.897690000000000146e+04 3.184622233676270148e-02
1.898020000000000073e+04 3.204499597332321342e-02
1.898350000000000000e+04 3.224900020704268844e-02
1.898679999999999927e+04 3.247799817080872231e-02
1.899009999999999854e+04 3.267184470137510927e-02
1.899340000000000146e+04 3.286047714848827628e-02
1.899670000000000073e+04 3.304003159836461229e-02
1.900000000000000000e+04 3.322884917034565205e-02
1.900329999999999927e+04 3.339791761207022702e-02
1.900659999999999854e+04 3.358509367589499611e-02
1.900990000000000146e+04 3.370134760272287117e-02
1.901320000000000073e+04 3.381233037596385188e-02
1.901650000000000000e+04 3.390576962502871855e-02
1.901979999999999927e+04 3.401603112686538144e-02
1.902309999999999854e+04 3.414236114597838517e-02
1.902640000000000146e+04 3.428576200357346532e-02
1.902970000000000073e+04 3.436258393849647708e-02
1.903290000000000146e+04 3.444759802089822354e-02
1.903620000000000073e+04 3.451274893956549072e-02
1.903950000000000000e+04 3.458493041456441042e-02
1.904279999999999927e+04 3.465268758986055075e-02
1.904609999999999854e+04 3.467452390688159636e-02
1.904940000000000146e+04 3.470133464026991382e-02
1.905270000000000073e+04 3.477005678264549066e-02
1.905600000000000000e+04 3.482404486544303512e-02
1.905929999999999927e+04 3.487105662599601641e-02
1.906259999999999854e+04 3.488277834090877660e-02
1.906590000000000146e+04 3.490604768942358327e-02
1.906920000000000073e+04 3.491117681517786481e-02
1.907250000000000000e+04 3.486838473606453798e-02
1.907579999999999927e+04 3.483129225788259703e-02
1.907909999999999854e+04 3.479881366356315370e-02
1.908240000000000146e+04 3.479332812807953146e-02
1.908570000000000073e+04 3.473401405246547002e-02
1.908900000000000000e+04 3.466726737215447551e-02
1.909229999999999927e+04 3.458508850120191325e-02
1.909559999999999854e+04 3.450111201602467509e-02
1.909879999999999927e+04 3.444432457040379203e-02
1.910209999999999854e+04 3.434373310911192217e-02
1.910540000000000146e+04 3.426299711888521060e-02
1.910870000000000073e+04 3.419689420245607125e-02
1.911200000000000000e+04 3.412294455396246151e-02
1.911529999999999927e+04 3.403240088433709398e-02
1.911859999999999854e+04 3.385400311248015770e-02
1.912190000000000146e+04 3.370469599629115354e-02
1.912520000000000073e+04 3.350851403653518079e-02
1.912850000000000000e+04 3.332712223611315056e-02
1.913179999999999927e+04 3.317520953468841571e-02
1.913509999999999854e+04 3.303247312900245425e-02
1.913840000000000146e+04 3.286541855796971945e-02
1.914170000000000073e+04 3.265791932171530770e-02
1.914500000000000000e+04 3.245856006476897232e-02
1.914829999999999927e+04 3.222442205168877388e-02
1.915159999999999854e+04 3.199189319815113480e-02
1.915490000000000146e+04 3.178487135291597349e-02
1.915820000000000073e+04 3.156767889350702710e-02
1.916140000000000146e+04 3.136510628718623683e-02
1.916470000000000073e+04 3.112310830128120487e-02
1.916800000000000000e+04 3.088546756047621730e-02
1.917129999999999927e+04 3.061427789870722893e-02
1.917459999999999854e+04 3.036676214033061025e-02
1.917790000000000146e+04 3.013485990068567183e-02
1.918120000000000073e+04 2.991775546011334747e-02
1.918450000000000000e+04 2.965308245117236063e-02
1.918779999999999927e+04 2.938055892818582440e-02
1.919109999999999854e+04 2.909806270202072373e-02
1.919440000000000146e+04 2.882947157261070772e-02
1.919770000000000073e+04 2.853681590870644005e-02
1.920100000000000000e+04 2.826596856145603340e-02
1.920429999999999927e+04 2.799560614379270965e-02
1.920759999999999854e+04 2.769949306432525210e-02
1.921090000000000146e+04 2.742749200491139891e-02
1.921420000000000073e+04 2.712871174282812173e-02
1.921750000000000000e+04 2.681435872384699270e-02
1.922079999999999927e+04 2.651821550948729039e-02
1.922409999999999854e+04 2.622015656532920846e-02
1.922729999999999927e+04 2.590464700568249554e-02
1.923059999999999854e+04 2.558409489300709008e-02
1.923390000000000146e+04 2.527166394710839148e-02
1.923720000000000073e+04 2.497690560150403818e-02
1.924050000000000000e+04 2.465335871872731399e-02
1.924379999999999927e+04 2.432270027289508071e-02
1.924709999999999854e+04 2.399068286336643666e-02
1.925040000000000146e+04 2.365874410195772590e-02
1.925370000000000073e+04 2.330104829659019119e-02
1.925700000000000000e+04 2.299870585530774600e-02
1.926029999999999927e+04 2.266564133902764996e-02
1.926359999999999854e+04 2.231954951864120046e-02
1.926690000000000146e+04 2.199994637957324028e-02
1.927020000000000073e+04 2.165538740998045053e-02
1.927350000000000000e+04 2.132193218557489750e-02
1.927679999999999927e+04 2.097644449065021177e-02
1.928009999999999854e+04 2.062668697790547359e-02
1.928340000000000146e+04 2.031362078243074618e-02
1.928670000000000073e+04 1.998223013200606246e-02
1.929000000000000000e+04 1.965452235583278057e-02
1.929320000000000073e+04 1.932108332265925627e-02
1.929650000000000000e+04 1.898041280139408857e-02
1.929979999999999927e+04 1.864644226815731845e-02
1.930309999999999854e+04 1.833307426409025442e-02
1.930640000000000146e+04 1.801152700307089363e-02
1.930970000000000073e+04 1.769750892815027260e-02
1.931300000000000000e+04 1.738792241684947518e-02
1.931629999999999927e+04 1.706955196110886835e-02
1.931959999999999854e+04 1.673635424320718199e-02
1.932290000000000146e+04 1.639365965204016284e-02
1.932620000000000073e+04 1.607173235780853804e-02
1.932950000000000000e+04 1.573007729757030723e-02
1.933279999999999927e+04 1.540225397155724728e-02
1.933609999999999854e+04 1.511274238074080019e-02
1.933940000000000146e+04 1.481762732164351032e-02
1.934270000000000073e+04 1.451348057173853373e-02
1.934600000000000000e+04 1.419826659687021229e-02
1.934929999999999927e+04 1.388779742742509045e-02
1.935259999999999854e+04 1.356970472620912770e-02
1.935579999999999927e+04 1.325918715632364193e-02
1.935909999999999854e+04 1.294936896167575222e-02
1.936240000000000146e+04 1.265071488056306211e-02
1.936570000000000073e+04 1.234569207273523810e-02
1.936900000000000000e+04 1.204508835270923055e-02
1.937229999999999927e+04 1.175905376124079978e-02
1.937559999999999854e+04 1.145802026966562075e-02
1.937890000000000146e+04 1.117812095697309771e-02
1.938220000000000073e+04 1.089139339162449940e-02
1.938550000000000000e+04 1.058442255715310622e-02
1.938879999999999927e+04 1.026906545346987533e-02
1.939209999999999854e+04 9.983319025230310076e-03
1.939540000000000146e+04 9.711402131895233505e-03
1.939870000000000073e+04 9.425405951135145885e-03
1.940200000000000000e+04 9.158617207207699756e-03
1.940529999999999927e+04 8.897656312716882218e-03
1.940859999999999854e+04 8.649251065458900614e-03
1.941190000000000146e+04 8.371564109802324960e-03
1.941520000000000073e+04 8.126033645183813880e-03
1.941850000000000000e+04 7.879863740356901625e-03
1.942170000000000073e+04 7.599576457105071056e-03
1.942500000000000000e+04 7.322060089552608411e-03
1.942829999999999927e+04 7.068922197450211616e-03
1.943159999999999854e+04 6.813833723843774025e-03
1.943490000000000146e+04 6.540475912763166720e-03
1.943820000000000073e+04 6.274524057114196259e-03
1.944150000000000000e+04 6.013519391262095795e-03
1.944479999999999927e+04 5.765978926664744666e-03
1.944809999999999854e+04 5.525612764537929551e-03
1.945140000000000146e+04 5.301442721886888768e-03
1.945470000000000073e+04 5.077845286873381922e-03
1.945800000000000000e+04 4.847964885869492958e-03
1.946129999999999927e+04 4.593345025622645912e-03
1.946459999999999854e+04 4.352009717589417140e-03
1.946790000000000146e+04 4.098732266270035431e-03
1.947120000000000073e+04 3.860776241552464020e-03
1.947450000000000000e+04 3.623088769405193206e-03
1.947779999999999927e+04 3.400031687830803572e-03
1.948109999999999854e+04 3.169530986608816610e-03
1.948429999999999927e+04 2.951136521031630204e-03
1.948759999999999854e+04 2.737652394373216082e-03
1.949090000000000146e+04 2.511262040546964440e-03
1.949420000000000073e+04 2.319361695464174349e-03
1.949750000000000000e+04 2.112054117162961986e-03
1.950079999999999927e+04 1.873765753185015551e-03
1.950409999999999854e+04 1.663907330328936139e-03
1.950740000000000146e+04 1.451587006756528556e-03
1.951070000000000073e+04 1.245160166976826393e-03
1.951400000000000000e+04 1.067193561360796090e-03
1.951729999999999927e+04 8.804870951641288572e-04
1.952059999999999854e+04 6.744963282885133591e-04
1.952390000000000146e+04 4.892257533128532105e-04
1.952720000000000073e+04 3.013815794820997630e-04
1.953050000000000000e+04 1.228622669335363408e-04
1.953379999999999927e+04 -6.019644456750376582e-05
1.953709999999999854e+04 -2.677758484539230488e-04
1.954040000000000146e+04 -4.232222535936443013e-04
1.954370000000000073e+04 -5.820322514546691665e-04
1.954700000000000000e+04 -7.431335026986303233e-04
1.955020000000000073e+04 -9.223347864181650948e-04
1.955350000000000000e+04 -1.058305438709546175e-03
1.955679999999999927e+04 -1.211791236779225390e-03
1.956009999999999854e+04 -1.359842877963747271e-03
1.956340000000000146e+04 -1.496011651711896037e-03
1.956670000000000073e+04 -1.644138550542451538e-03
1.957000000000000000e+04 -1.779844245980000735e-03
1.957329999999999927e+04 -1.917567555466227714e-03
1.957659999999999854e+04 -2.047282029380473409e-03
1.957990000000000146e+04 -2.166788595675064183e-03
1.958320000000000073e+04 -2.321402656313740955e-03
1.958650000000000000e+04 -2.458338952309222815e-03
1.958979999999999927e+04 -2.562809350228596218e-03
1.959309999999999854e+04 -2.679364974350151394e-03
1.959640000000000146e+04 -2.785494705946123944e-03
1.959970000000000073e+04 -2.875629590538000217e-03
1.960300000000000000e+04 -2.994363537811283674e-03
1.960629999999999927e+04 -3.144548588812653631e-03
1.960959999999999854e+04 -3.270301085275320856e-03
1.961290000000000146e+04 -3.413100853935499210e-03
1.961609999999999854e+04 -3.560252783336910389e-03
1.961940000000000146e+04 -3.660313703672609005e-03
1.962270000000000073e+04 -3.798163211394792529e-03
1.962600000000000000e+04 -3.906679084560866697e-03
1.962929999999999927e+04 -4.021462504658903162e-03
1.963259999999999854e+04 -4.100830699441540030e-03
1.963590000000000146e+04 -4.163774496998678618e-03
1.963920000000000073e+04 -4.278607392771277551e-03
1.964250000000000000e+04 -4.360305816863492730e-03
1.964579999999999927e+04 -4.466977728720730040e-03
1.964909999999999854e+04 -4.596904425102363648e-03
1.965240000000000146e+04 -4.711314671990243265e-03
1.965570000000000073e+04 -4.799111789865367558e-03
1.965900000000000000e+04 -4.878588557737068010e-03
1.966229999999999927e+04 -4.917140578178411797e-03
1.966559999999999854e+04 -4.948123385051670688e-03
1.966890000000000146e+04 -5.032845608832727489e-03
1.967220000000000073e+04 -5.126763113383859052e-03
1.967550000000000000e+04 -5.184529369608877579e-03
1.967870000000000073e+04 -5.306396813887893395e-03
1.968200000000000000e+04 -5.369672252815408178e-03
1.968529999999999927e+04 -5.422988192779618771e-03
1.968859999999999854e+04 -5.475119016193363136e-03
1.969190000000000146e+04 -5.496067144136912788e-03
1.969520000000000073e+04 -5.543946733570066787e-03
1.969850000000000000e+04 -5.578054869123721601e-03
1.970179999999999927e+04 -5.594216101515844287e-03
1.970509999999999854e+04 -5.710562648924884070e-03
1.970840000000000146e+04 -5.825874548599709914e-03
1.971170000000000073e+04 -5.913718214256730513e-03
1.971500000000000000e+04 -5.952531623698148304e-03
1.971829999999999927e+04 -6.052782875289903532e-03
1.972159999999999854e+04 -6.066323358938516264e-03
1.972490000000000146e+04 -6.091434805573012548e-03
1.972820000000000073e+04 -6.189680897325938735e-03
1.973150000000000000e+04 -6.283207434950625718e-03
1.973479999999999927e+04 -6.365871275399813574e-03
1.973809999999999854e+04 -6.452318274377023127e-03
1.974140000000000146e+04 -6.540057101699251613e-03
1.974459999999999854e+04 -6.648396659935863762e-03
1.974790000000000146e+04 -6.649125992458499584e-03
1.975120000000000073e+04 -6.665866916486528487e-03
1.975450000000000000e+04 -6.700739487428329297e-03
1.975779999999999927e+04 -6.731840146040133331e-03
1.976109999999999854e+04 -6.810109606225820365e-03
1.976440000000000146e+04 -6.888752535950773935e-03
1.976770000000000073e+04 -6.962367593960218370e-03
1.977100000000000000e+04 -7.002116999691157181e-03
1.977429999999999927e+04 -7.024488240362124040e-03
1.977759999999999854e+04 -7.064418314575832657e-03
1.978090000000000146e+04 -7.097510069611795078e-03
1.978420000000000073e+04 -7.174775287822815484e-03
1.978750000000000000e+04 -7.174903999677751873e-03
1.979079999999999927e+04 -7.236394850094460263e-03
1.979409999999999854e+04 -7.235951662273338615e-03
1.979740000000000146e+04 -7.275498768780920902e-03
1.980070000000000073e+04 -7.313592195852230103e-03
1.980400000000000000e+04 -7.298862319002203704e-03
1.980720000000000073e+04 -7.340003228009093703e-03
1.981050000000000000e+04 -7.321490053386950185e-03
1.981379999999999927e+04 -7.278368091819436073e-03
1.981709999999999854e+04 -7.293335256587467168e-03
1.982040000000000146e+04 -7.288549205900062694e-03
1.982370000000000073e+04 -7.283430855548556071e-03
1.982700000000000000e+04 -7.314407114345238339e-03
1.983029999999999927e+04 -7.353583616275395640e-03
1.983359999999999854e+04 -7.339527053674059325e-03
1.983690000000000146e+04 -7.335493322446438695e-03
1.984020000000000073e+04 -7.327970005059311100e-03
1.984350000000000000e+04 -7.322269927060708755e-03
1.984679999999999927e+04 -7.334657658906148028e-03
1.985009999999999854e+04 -7.348423346344699209e-03
1.985340000000000146e+04 -7.379198820071645147e-03
1.985670000000000073e+04 -7.443748438140385115e-03
1.986000000000000000e+04 -7.492970958496580555e-03
1.986329999999999927e+04 -7.563823641797286224e-03
1.986659999999999854e+04 -7.571405388833682068e-03
1.986990000000000146e+04 -7.528570301443501291e-03
1.987309999999999854e+04 -7.494362148198840425e-03
1.987640000000000146e+04 -7.499625076883575242e-03
1.987970000000000073e+04 -7.528323918222380902e-03
1.988300000000000000e+04 -7.515746775801368691e-03
1.988629999999999927e+04 -7.569737815570082816e-03
1.988959999999999854e+04 -7.660125117612909262e-03
1.989290000000000146e+04 -7.626189079241263089e-03
1.989620000000000073e+04 -7.574284382194152766e-03
1.989950000000000000e+04 -7.534929126416845847e-03
1.990279999999999927e+04 -7.511598371029507004e-03
1.990609999999999854e+04 -7.488833033419845311e-03
1.990940000000000146e+04 -7.450544035845900817e-03
1.991270000000000073e+04 -7.495884865727383412e-03
1.991600000000000000e+04 -7.491986018769676743e-03
1.991929999999999927e+04 -7.518535743186208556e-03
1.992259999999999854e+04 -7.524131990644680745e-03
1.992590000000000146e+04 -7.514072866692525152e-03
