1.716800000000000000e+04 1.135349910602436108e-04
1.717129999999999927e+04 1.139422221873135114e-04
1.717459999999999854e+04 1.043008350111037329e-04
1.717790000000000146e+04 9.473348965800330152e-05
1.718120000000000073e+04 8.895952616486731829e-05
1.718450000000000000e+04 9.583726004337069101e-05
1.718779999999999927e+04 8.736416135804268976e-05
1.719109999999999854e+04 9.049621359370372750e-05
1.719440000000000146e+04 8.574642488051940057e-05
1.719770000000000073e+04 1.090160875247378654e-04
1.720100000000000000e+04 1.046412265872841493e-04
1.720429999999999927e+04 1.027939781841717004e-04
1.720759999999999854e+04 9.931133942243659373e-05
1.721090000000000146e+04 1.028162548260938059e-04
1.721420000000000073e+04 1.075078161517152201e-04
1.721750000000000000e+04 1.034436078551934177e-04
1.722079999999999927e+04 8.456795615497917252e-05
1.722409999999999854e+04 8.607719450514813556e-05
1.722729999999999927e+04 8.413572467982455109e-05
1.723059999999999854e+04 8.121481630166933828e-05
1.723390000000000146e+04 7.023694556233719272e-05
1.723720000000000073e+04 8.042020527248490186e-05
1.724050000000000000e+04 6.866915052170020927e-05
1.724379999999999927e+04 5.535174442860962954e-05
1.724709999999999854e+04 6.024693121007492375e-05
1.725040000000000146e+04 6.291768629173515959e-05
1.725370000000000073e+04 5.657171832562001907e-05
1.725700000000000000e+04 6.432033299883585661e-05
1.726029999999999927e+04 6.822069920444216880e-05
1.726359999999999854e+04 5.637093500306164637e-05
1.726690000000000146e+04 5.395391228862942925e-05
1.727020000000000073e+04 4.515468766241832944e-05
1.727350000000000000e+04 4.246683771236433696e-05
1.727679999999999927e+04 4.354568702409434341e-05
1.728009999999999854e+04 5.152102565061219208e-05
1.728340000000000146e+04 5.244304743695896214e-05
1.728670000000000073e+04 6.076367472940859678e-05
1.729000000000000000e+04 6.414340170122215723e-05
1.729320000000000073e+04 6.395546337296321624e-05
1.729650000000000000e+04 5.812023798357879274e-05
1.729979999999999927e+04 6.370432969133052274e-05
1.730309999999999854e+04 5.913354682841478842e-05
1.730640000000000146e+04 5.676964373006529040e-05
1.730970000000000073e+04 5.288242886271804282e-05
1.731300000000000000e+04 6.278210401372124336e-05
1.731629999999999927e+04 6.138351066645690709e-05
1.731959999999999854e+04 5.276325437818826200e-05
1.732290000000000146e+04 5.399173865235369060e-05
1.732620000000000073e+04 4.645727418589132318e-05
1.732950000000000000e+04 4.727102180868425496e-05
1.733279999999999927e+04 4.523111854440201116e-05
1.733609999999999854e+04 4.715776563829332101e-05
1.733940000000000146e+04 4.877863252682766769e-05
1.734270000000000073e+04 5.038795242880936710e-05
1.734600000000000000e+04 4.740063630362394045e-05
1.734929999999999927e+04 3.665455530229856765e-05
1.735259999999999854e+04 2.384835065924909722e-05
1.735579999999999927e+04 2.045726963839534582e-05
1.735909999999999854e+04 1.368200233720194191e-05
1.736240000000000146e+04 8.856973334141073453e-06
1.736570000000000073e+04 8.157521839943649290e-06
1.736900000000000000e+04 6.019923297839313801e-06
1.737229999999999927e+04 1.882641735558041686e-06
1.737559999999999854e+04 -8.042076622612565493e-06
1.737890000000000146e+04 -1.635938789279084855e-05
1.738220000000000073e+04 -1.700285176005772594e-05
1.738550000000000000e+04 -2.082580623023605335e-05
1.738879999999999927e+04 -3.180862956543012020e-05
1.739209999999999854e+04 -3.664403806194946301e-05
1.739540000000000146e+04 -3.509957883252442314e-05
1.739870000000000073e+04 -3.676012924108279522e-05
1.740200000000000000e+04 -4.640956955617770878e-05
1.740529999999999927e+04 -5.267500157549351270e-05
1.740859999999999854e+04 -5.240441484308111931e-05
1.741190000000000146e+04 -5.590482683297700971e-05
1.741520000000000073e+04 -5.634244832387334980e-05
1.741850000000000000e+04 -6.320526871891956830e-05
1.742170000000000073e+04 -6.722494683692707836e-05
1.742500000000000000e+04 -6.893566837935494434e-05
1.742829999999999927e+04 -6.146388868784755859e-05
1.743159999999999854e+04 -6.329738382561052345e-05
1.743490000000000146e+04 -6.752232549309639218e-05
1.743820000000000073e+04 -7.141667089251185524e-05
1.744150000000000000e+04 -7.257814726046996740e-05
1.744479999999999927e+04 -7.861860648354433267e-05
1.744809999999999854e+04 -8.865571554462426860e-05
1.745140000000000146e+04 -9.837610329960444705e-05
1.745470000000000073e+04 -1.049022738427947193e-04
1.745800000000000000e+04 -1.091307171821001185e-04
1.746129999999999927e+04 -1.131576861874089237e-04
1.746459999999999854e+04 -1.174508741860045451e-04
1.746790000000000146e+04 -1.276652116723388957e-04
1.747120000000000073e+04 -1.293891610328113436e-04
1.747450000000000000e+04 -1.329229726352035507e-04
1.747779999999999927e+04 -1.532011442268680777e-04
1.748109999999999854e+04 -1.646716288407732321e-04
1.748429999999999927e+04 -1.695272721458995573e-04
1.748759999999999854e+04 -1.792693731493870889e-04
1.749090000000000146e+04 -1.813673675233707728e-04
1.749420000000000073e+04 -1.934041974457055037e-04
1.749750000000000000e+04 -2.004097007531086959e-04
1.750079999999999927e+04 -2.089605993046548171e-04
1.750409999999999854e+04 -2.140454415555008232e-04
1.750740000000000146e+04 -2.218201736440047610e-04
1.751070000000000073e+04 -2.283870022504860733e-04
1.751400000000000000e+04 -2.337775647447288001e-04
1.751729999999999927e+04 -2.355881833319781063e-04
1.752059999999999854e+04 -2.445926064067056849e-04
1.752390000000000146e+04 -2.522209045559451693e-04
1.752720000000000073e+04 -2.617386621132948218e-04
1.753050000000000000e+04 -2.807810967905752502e-04
1.753379999999999927e+04 -2.928062863130311737e-04
1.753709999999999854e+04 -2.998952393145745601e-04
1.754040000000000146e+04 -3.061892690495586792e-04
1.754370000000000073e+04 -3.142291919385508444e-04
1.754700000000000000e+04 -3.268307774685245775e-04
1.755020000000000073e+04 -3.366007223697086966e-04
1.755350000000000000e+04 -3.431746906545719085e-04
1.755679999999999927e+04 -3.538299784656829920e-04
1.756009999999999854e+04 -3.691233373908820066e-04
1.756340000000000146e+04 -3.806961178393438350e-04
1.756670000000000073e+04 -3.908786805979436651e-04
1.757000000000000000e+04 -4.017278784849225536e-04
1.757329999999999927e+04 -4.111145751938590355e-04
1.757659999999999854e+04 -4.206171637173031436e-04
1.757990000000000146e+04 -4.297280253593557722e-04
1.758320000000000073e+04 -4.364998654821453388e-04
1.758650000000000000e+04 -4.485986402898530152e-04
1.758979999999999927e+04 -4.560171605080333727e-04
1.759309999999999854e+04 -4.721245766906823852e-04
1.759640000000000146e+04 -4.827192366650667732e-04
1.759970000000000073e+04 -4.928095514623174111e-04
1.760300000000000000e+04 -5.076876894569671509e-04
1.760629999999999927e+04 -5.245852040421368576e-04
1.760959999999999854e+04 -5.399948696255687337e-04
1.761290000000000146e+04 -5.531153115070923301e-04
1.761609999999999854e+04 -5.640366431546951559e-04
1.761940000000000146e+04 -5.747255689265444358e-04
1.762270000000000073e+04 -5.850354622544345169e-04
1.762600000000000000e+04 -5.979039663786694676e-04
1.762929999999999927e+04 -6.085146708351967405e-04
1.763259999999999854e+04 -6.207568612196123119e-04
1.763590000000000146e+04 -6.412995339464131394e-04
1.763920000000000073e+04 -6.505179357786765315e-04
1.764250000000000000e+04 -6.560260686533919824e-04
1.764579999999999927e+04 -6.679116736391583261e-04
1.764909999999999854e+04 -6.759615849610068131e-04
1.765240000000000146e+04 -6.847971553633680139e-04
1.765570000000000073e+04 -7.012648435278794360e-04
1.765900000000000000e+04 -7.145327242464435610e-04
1.766229999999999927e+04 -7.294226326732267118e-04
1.766559999999999854e+04 -7.471374564490247758e-04
1.766890000000000146e+04 -7.580191988129277849e-04
1.767220000000000073e+04 -7.698113340454712083e-04
1.767550000000000000e+04 -7.816865705415207899e-04
1.767870000000000073e+04 -7.931155099754428955e-04
1.768200000000000000e+04 -8.050565205265872853e-04
1.768529999999999927e+04 -8.141522221664181363e-04
1.768859999999999854e+04 -8.266408737661736861e-04
1.769190000000000146e+04 -8.452545623969496841e-04
1.769520000000000073e+04 -8.533137395810689880e-04
1.769850000000000000e+04 -8.650457476969745886e-04
1.770179999999999927e+04 -8.803164858269447741e-04
1.770509999999999854e+04 -8.939361534162562758e-04
1.770840000000000146e+04 -9.110290558276114628e-04
1.771170000000000073e+04 -9.218423302054706879e-04
1.771500000000000000e+04 -9.405974957550131523e-04
1.771829999999999927e+04 -9.617108727874132575e-04
1.772159999999999854e+04 -9.772210484056791102e-04
1.772490000000000146e+04 -9.884929699873735119e-04
1.772820000000000073e+04 -1.002528032754585428e-03
1.773150000000000000e+04 -1.021628180209330434e-03
1.773479999999999927e+04 -1.036457094290232700e-03
1.773809999999999854e+04 -1.054561810350746007e-03
1.774140000000000146e+04 -1.071884929095695722e-03
1.774459999999999854e+04 -1.087682932096267546e-03
1.774790000000000146e+04 -1.108536011298529630e-03
1.775120000000000073e+04 -1.128860617909914184e-03
1.775450000000000000e+04 -1.149904438103119958e-03
1.775779999999999927e+04 -1.163201786463362091e-03
1.776109999999999854e+04 -1.178301975589592706e-03
1.776440000000000146e+04 -1.193689346664849769e-03
1.776770000000000073e+04 -1.211106396436205900e-03
1.777100000000000000e+04 -1.227488880346262355e-03
1.777429999999999927e+04 -1.241737874432526090e-03
1.777759999999999854e+04 -1.261157853903493433e-03
1.778090000000000146e+04 -1.276113499713506629e-03
1.778420000000000073e+04 -1.295475160416473433e-03
1.778750000000000000e+04 -1.314703499448701546e-03
1.779079999999999927e+04 -1.337768337432062573e-03
1.779409999999999854e+04 -1.358662716210411354e-03
1.779740000000000146e+04 -1.375650850605321168e-03
1.780070000000000073e+04 -1.390215874722037625e-03
1.780400000000000000e+04 -1.417037782579128784e-03
1.780720000000000073e+04 -1.434698535544172687e-03
1.781050000000000000e+04 -1.455662534372798326e-03
1.781379999999999927e+04 -1.477721125898701603e-03
1.781709999999999854e+04 -1.495549721145142614e-03
1.782040000000000146e+04 -1.514139347102435836e-03
1.782370000000000073e+04 -1.534992656747153836e-03
1.782700000000000000e+04 -1.556146011855397962e-03
1.783029999999999927e+04 -1.574825359752904949e-03
1.783359999999999854e+04 -1.596464806812850816e-03
1.783690000000000146e+04 -1.626049110657849708e-03
1.784020000000000073e+04 -1.650087095966119117e-03
1.784350000000000000e+04 -1.680869875739112720e-03
1.784679999999999927e+04 -1.706954375561692749e-03
1.785009999999999854e+04 -1.738045843693128509e-03
1.785340000000000146e+04 -1.759999509679472827e-03
1.785670000000000073e+04 -1.787649788936231977e-03
1.786000000000000000e+04 -1.811468090058597404e-03
1.786329999999999927e+04 -1.835214233514718138e-03
1.786659999999999854e+04 -1.861786093732741660e-03
1.786990000000000146e+04 -1.884362159079144708e-03
1.787309999999999854e+04 -1.907217162671952411e-03
1.787640000000000146e+04 -1.928976935322267551e-03
1.787970000000000073e+04 -1.944473693728393038e-03
1.788300000000000000e+04 -1.962369308496172016e-03
1.788629999999999927e+04 -1.992500675242685898e-03
1.788959999999999854e+04 -2.017433899452792962e-03
1.789290000000000146e+04 -2.041955369108795857e-03
1.789620000000000073e+04 -2.057433316991990821e-03
1.789950000000000000e+04 -2.080206460115884438e-03
1.790279999999999927e+04 -2.105168693750960468e-03
1.790609999999999854e+04 -2.129220422552272063e-03
1.790940000000000146e+04 -2.156213779853709094e-03
1.791270000000000073e+04 -2.179735020606094007e-03
1.791600000000000000e+04 -2.205557197977768211e-03
1.791929999999999927e+04 -2.223772790175798653e-03
1.792259999999999854e+04 -2.245027246974304422e-03
1.792590000000000146e+04 -2.276174597422167458e-03
1.792920000000000073e+04 -2.305707253139826964e-03
1.793250000000000000e+04 -2.333695670187823420e-03
1.793570000000000073e+04 -2.358704958306937806e-03
1.793900000000000000e+04 -2.387710006454275835e-03
1.794229999999999927e+04 -2.418676560526384668e-03
1.794559999999999854e+04 -2.454791663587864783e-03
1.794890000000000146e+04 -2.485636417128034639e-03
1.795220000000000073e+04 -2.513793733120908876e-03
1.795550000000000000e+04 -2.536803635386191379e-03
1.795879999999999927e+04 -2.563069553806119304e-03
1.796209999999999854e+04 -2.596952086019811527e-03
1.796540000000000146e+04 -2.632812055887102237e-03
1.796870000000000073e+04 -2.657357196108640560e-03
1.797200000000000000e+04 -2.685098077056912846e-03
1.797529999999999927e+04 -2.712997851817104244e-03
1.797859999999999854e+04 -2.747889726493884903e-03
1.798190000000000146e+04 -2.783147304983626166e-03
1.798520000000000073e+04 -2.818872445016807737e-03
1.798850000000000000e+04 -2.844831410053424298e-03
1.799179999999999927e+04 -2.868760984431198598e-03
1.799509999999999854e+04 -2.893158871950447016e-03
1.799840000000000146e+04 -2.928631896387101814e-03
1.800159999999999854e+04 -2.961305099500547572e-03
1.800490000000000146e+04 -2.989416631967778404e-03
1.800820000000000073e+04 -3.005472152254286353e-03
1.801150000000000000e+04 -3.042346369643219705e-03
1.801479999999999927e+04 -3.072924005176038732e-03
1.801809999999999854e+04 -3.101359740363510663e-03
1.802140000000000146e+04 -3.132491399531113323e-03
1.802470000000000073e+04 -3.164405196242751125e-03
1.802800000000000000e+04 -3.202599214716386582e-03
1.803129999999999927e+04 -3.236074267329533318e-03
1.803459999999999854e+04 -3.267039245511362770e-03
1.803790000000000146e+04 -3.304999287087947036e-03
1.804120000000000073e+04 -3.342294045540165816e-03
1.804450000000000000e+04 -3.382933210340297991e-03
1.804779999999999927e+04 -3.417903878036000591e-03
1.805109999999999854e+04 -3.452504711022433975e-03
1.805440000000000146e+04 -3.483086408286665582e-03
1.805770000000000073e+04 -3.523425044433185164e-03
1.806100000000000000e+04 -3.560619684307023483e-03
1.806429999999999927e+04 -3.591919040965652586e-03
1.806750000000000000e+04 -3.626556595047369415e-03
1.807079999999999927e+04 -3.659576253628491361e-03
1.807409999999999854e+04 -3.689881969256151792e-03
1.807740000000000146e+04 -3.706623553042736208e-03
1.808070000000000073e+04 -3.728369628434631631e-03
1.808400000000000000e+04 -3.772628176830638332e-03
1.808729999999999927e+04 -3.817642378610007492e-03
1.809059999999999854e+04 -3.840268000529568123e-03
1.809390000000000146e+04 -3.858056964443412184e-03
1.809720000000000073e+04 -3.880637051667707154e-03
1.810050000000000000e+04 -3.903234454573520102e-03
1.810379999999999927e+04 -3.918342156569575019e-03
1.810709999999999854e+04 -3.929996963375118231e-03
1.811040000000000146e+04 -3.936431824853182070e-03
1.811370000000000073e+04 -3.950266104117486354e-03
1.811700000000000000e+04 -3.976003192943948668e-03
1.812029999999999927e+04 -4.006705391722900807e-03
1.812359999999999854e+04 -4.034448546294574188e-03
1.812690000000000146e+04 -4.064526478973568870e-03
1.813009999999999854e+04 -4.083074707694428138e-03
1.813340000000000146e+04 -4.126057423254928316e-03
1.813670000000000073e+04 -4.145244588740071637e-03
1.814000000000000000e+04 -4.159599321863142844e-03
1.814329999999999927e+04 -4.176226755285168506e-03
1.814659999999999854e+04 -4.209877366825800528e-03
1.814990000000000146e+04 -4.229161448902439904e-03
1.815320000000000073e+04 -4.251542359954621313e-03
1.815650000000000000e+04 -4.278696224924666801e-03
1.815979999999999927e+04 -4.302146424605430425e-03
1.816309999999999854e+04 -4.330226527810100701e-03
1.816640000000000146e+04 -4.358771943728969103e-03
1.816970000000000073e+04 -4.380600931532420764e-03
1.817300000000000000e+04 -4.412911953290310670e-03
1.817629999999999927e+04 -4.419412490872950960e-03
1.817959999999999854e+04 -4.429572884880442034e-03
1.818290000000000146e+04 -4.479885203867398080e-03
1.818620000000000073e+04 -4.482320427706442886e-03
1.818950000000000000e+04 -4.489136996237367248e-03
1.819279999999999927e+04 -4.494977996618863651e-03
1.819600000000000000e+04 -4.499147460124563666e-03
1.819929999999999927e+04 -4.514182245539760663e-03
1.820259999999999854e+04 -4.535255505402729405e-03
1.820590000000000146e+04 -4.557489949574507204e-03
1.820920000000000073e+04 -4.574469217276769771e-03
1.821250000000000000e+04 -4.595210533493760199e-03
1.821579999999999927e+04 -4.611915990279122878e-03
1.821909999999999854e+04 -4.625254485755414709e-03
1.822240000000000146e+04 -4.638079792744050772e-03
1.822570000000000073e+04 -4.662495617545133961e-03
1.822900000000000000e+04 -4.719598658913121310e-03
1.823229999999999927e+04 -4.767133992358186731e-03
1.823559999999999854e+04 -4.805334517309825700e-03
1.823890000000000146e+04 -4.816598020407206367e-03
1.824220000000000073e+04 -4.861320326357168424e-03
1.824550000000000000e+04 -4.921814836151719962e-03
1.824879999999999927e+04 -4.953578142454228249e-03
1.825209999999999854e+04 -4.959843183558616461e-03
1.825540000000000146e+04 -5.000021983012407911e-03
1.825859999999999854e+04 -5.044668549306542508e-03
1.826190000000000146e+04 -5.075718460918630416e-03
1.826520000000000073e+04 -5.109079421063450477e-03
1.826850000000000000e+04 -5.164586279137508770e-03
1.827179999999999927e+04 -5.260184359854749511e-03
1.827509999999999854e+04 -5.374432024409341035e-03
1.827840000000000146e+04 -5.467069983890133177e-03
1.828170000000000073e+04 -5.562886933584926773e-03
1.828500000000000000e+04 -5.620024761626417689e-03
1.828829999999999927e+04 -5.701854504478602245e-03
1.829159999999999854e+04 -5.759208508920026816e-03
1.829490000000000146e+04 -5.834854926273340577e-03
1.829820000000000073e+04 -5.924234325849936887e-03
1.830150000000000000e+04 -6.034607461246769937e-03
1.830479999999999927e+04 -6.107167603923016781e-03
1.830809999999999854e+04 -6.191223321763581963e-03
1.831140000000000146e+04 -6.263931437294988774e-03
1.831470000000000073e+04 -6.356454373002317498e-03
1.831800000000000000e+04 -6.419712320049518299e-03
1.832129999999999927e+04 -6.492121971338010028e-03
1.832450000000000000e+04 -6.552839657584481198e-03
1.832779999999999927e+04 -6.593165134735482977e-03
1.833109999999999854e+04 -6.658417750533985463e-03
1.833440000000000146e+04 -6.725677170321188794e-03
1.833770000000000073e+04 -6.782902131484389724e-03
1.834100000000000000e+04 -6.875822751415076178e-03
1.834429999999999927e+04 -6.933903075625933408e-03
1.834759999999999854e+04 -6.997986346597962447e-03
1.835090000000000146e+04 -7.093439390406038221e-03
1.835420000000000073e+04 -7.185539851422137990e-03
1.835750000000000000e+04 -7.284072653457375826e-03
1.836079999999999927e+04 -7.385972895604621911e-03
1.836409999999999854e+04 -7.479172250540508556e-03
1.836740000000000146e+04 -7.553810600632876980e-03
1.837070000000000073e+04 -7.632005016762870471e-03
1.837400000000000000e+04 -7.724868698197957968e-03
1.837729999999999927e+04 -7.795742120249616290e-03
1.838059999999999854e+04 -7.861963960700397297e-03
1.838390000000000146e+04 -7.958451867299539545e-03
1.838709999999999854e+04 -8.050903729170715006e-03
1.839040000000000146e+04 -8.134943943930147969e-03
1.839370000000000073e+04 -8.182369101621924518e-03
1.839700000000000000e+04 -8.238845686165452431e-03
1.840029999999999927e+04 -8.308328578779052703e-03
1.840359999999999854e+04 -8.403784483897233995e-03
1.840690000000000146e+04 -8.477149969718768621e-03
1.841020000000000073e+04 -8.513215146059793792e-03
1.841350000000000000e+04 -8.577254479704555026e-03
1.841679999999999927e+04 -8.665014728459593391e-03
1.842009999999999854e+04 -8.695489513866391101e-03
1.842340000000000146e+04 -8.741495806465026872e-03
1.842670000000000073e+04 -8.800099639026530071e-03
1.843000000000000000e+04 -8.853358222247155115e-03
1.843329999999999927e+04 -8.897366995686856184e-03
1.843659999999999854e+04 -8.899567216588032820e-03
1.843990000000000146e+04 -8.878738147103026543e-03
1.844320000000000073e+04 -8.882199582276758404e-03
1.844650000000000000e+04 -8.875127143374747854e-03
1.844979999999999927e+04 -8.910721255606074420e-03
1.845300000000000000e+04 -8.892781623690140108e-03
1.845629999999999927e+04 -8.880030461619078594e-03
1.845959999999999854e+04 -8.841886928195624717e-03
1.846290000000000146e+04 -8.815543900716357739e-03
1.846620000000000073e+04 -8.746905497639782812e-03
1.846950000000000000e+04 -8.712779418260924516e-03
1.847279999999999927e+04 -8.658842039476309302e-03
1.847609999999999854e+04 -8.594938578263197626e-03
1.847940000000000146e+04 -8.523761729735396600e-03
1.848270000000000073e+04 -8.483608598942433965e-03
1.848600000000000000e+04 -8.442404590344477003e-03
1.848929999999999927e+04 -8.404254842032204270e-03
1.849259999999999854e+04 -8.388658842497495605e-03
1.849590000000000146e+04 -8.348380868895452847e-03
1.849920000000000073e+04 -8.321154885581338173e-03
1.850250000000000000e+04 -8.310272230495550222e-03
1.850579999999999927e+04 -8.262925093794556280e-03
1.850909999999999854e+04 -8.246061188954673798e-03
1.851240000000000146e+04 -8.176759209009785631e-03
1.851570000000000073e+04 -8.086424996399910539e-03
1.851890000000000146e+04 -8.018319447707188477e-03
1.852220000000000073e+04 -7.955269681239550070e-03
1.852550000000000000e+04 -7.889704341550863101e-03
1.852879999999999927e+04 -7.827402352495753737e-03
1.853209999999999854e+04 -7.760561639636264983e-03
1.853540000000000146e+04 -7.701535193813249976e-03
1.853870000000000073e+04 -7.614754599512755899e-03
1.854200000000000000e+04 -7.541939377431111646e-03
1.854529999999999927e+04 -7.467754090816607765e-03
1.854859999999999854e+04 -7.374295155423320376e-03
1.855190000000000146e+04 -7.280839293218243843e-03
1.855520000000000073e+04 -7.184362995765137573e-03
1.855850000000000000e+04 -7.079125001507704899e-03
1.856179999999999927e+04 -6.952709120957548290e-03
1.856509999999999854e+04 -6.844024900845947952e-03
1.856840000000000146e+04 -6.728370687299988634e-03
1.857170000000000073e+04 -6.610429644136463917e-03
1.857500000000000000e+04 -6.508382540309345064e-03
1.857829999999999927e+04 -6.391368436973209055e-03
1.858150000000000000e+04 -6.274703942276474260e-03
1.858479999999999927e+04 -6.178491667210377590e-03
1.858809999999999854e+04 -6.048855613032758788e-03
1.859140000000000146e+04 -5.903096145316069979e-03
1.859470000000000073e+04 -5.767412605755539885e-03
1.859800000000000000e+04 -5.622886047818154501e-03
1.860129999999999927e+04 -5.475070408984538360e-03
1.860459999999999854e+04 -5.333650222399796172e-03
1.860790000000000146e+04 -5.170949647893620035e-03
1.861120000000000073e+04 -5.014564293357730469e-03
1.861450000000000000e+04 -4.843722487615977935e-03
1.861779999999999927e+04 -4.689447113652892019e-03
1.862109999999999854e+04 -4.537376614516906194e-03
1.862440000000000146e+04 -4.399402238579106297e-03
1.862770000000000073e+04 -4.205367572475940570e-03
1.863100000000000000e+04 -4.049344299993045022e-03
1.863429999999999927e+04 -3.888577539623268211e-03
1.863759999999999854e+04 -3.729425048549205209e-03
1.864090000000000146e+04 -3.575278895404436236e-03
1.864420000000000073e+04 -3.396676738266437515e-03
1.864740000000000146e+04 -3.222032853718117575e-03
1.865070000000000073e+04 -3.037956329271064050e-03
1.865400000000000000e+04 -2.860907397121790954e-03
1.865729999999999927e+04 -2.668170199274524923e-03
1.866059999999999854e+04 -2.460111559310135601e-03
1.866390000000000146e+04 -2.219233861747329020e-03
1.866720000000000073e+04 -1.955087620863582652e-03
1.867050000000000000e+04 -1.714491357517954539e-03
1.867379999999999927e+04 -1.472111509228481987e-03
1.867709999999999854e+04 -1.219348227280474262e-03
1.868040000000000146e+04 -9.634793920966454577e-04
1.868370000000000073e+04 -6.411905894085020725e-04
1.868700000000000000e+04 -3.073702065568674285e-04
1.869029999999999927e+04 -1.891415151928835638e-05
1.869359999999999854e+04 3.469716487725110375e-04
1.869690000000000146e+04 6.911135781992726757e-04
1.870020000000000073e+04 9.601684474278972085e-04
1.870350000000000000e+04 1.201628547315326465e-03
1.870679999999999927e+04 1.517259608559216226e-03
1.871000000000000000e+04 1.944462513088849719e-03
1.871329999999999927e+04 2.273605378594041691e-03
1.871659999999999854e+04 2.573187883409596994e-03
1.871990000000000146e+04 2.874774699114145560e-03
1.872320000000000073e+04 3.175304369149030675e-03
1.872650000000000000e+04 3.474411465420006086e-03
1.872979999999999927e+04 3.763034165454113254e-03
1.873309999999999854e+04 4.072769035973125909e-03
1.873640000000000146e+04 4.373814786914082681e-03
1.873970000000000073e+04 4.725154493595593724e-03
1.874300000000000000e+04 4.983733358703433883e-03
1.874629999999999927e+04 5.321145444871654487e-03
1.874959999999999854e+04 5.558643435236262226e-03
1.875290000000000146e+04 5.793606016126207764e-03
1.875620000000000073e+04 6.038441353288923584e-03
1.875950000000000000e+04 6.369689504397296059e-03
1.876279999999999927e+04 6.676687178352180840e-03
1.876609999999999854e+04 6.969045103737932408e-03
1.876940000000000146e+04 7.236228754918735094e-03
1.877270000000000073e+04 7.545257944923486337e-03
1.877590000000000146e+04 7.941013528166821281e-03
1.877920000000000073e+04 8.222717346430681931e-03
1.878250000000000000e+04 8.573567478168498540e-03
1.878579999999999927e+04 8.918494294053433413e-03
1.878909999999999854e+04 9.313407873627733632e-03
1.879240000000000146e+04 9.721302927038700387e-03
1.879570000000000073e+04 1.015569336617145636e-02
1.879900000000000000e+04 1.060058414123034136e-02
1.880229999999999927e+04 1.107938821342213664e-02
1.880559999999999854e+04 1.156648889820428676e-02
1.880890000000000146e+04 1.202046542897085117e-02
1.881220000000000073e+04 1.248363551109896684e-02
1.881550000000000000e+04 1.298738826346772755e-02
1.881879999999999927e+04 1.349289579956040527e-02
1.882209999999999854e+04 1.401264598236330941e-02
1.882540000000000146e+04 1.453197290365992878e-02
1.882870000000000073e+04 1.503279228723164440e-02
1.883200000000000000e+04 1.551094552785142570e-02
1.883529999999999927e+04 1.600772163513997787e-02
1.883859999999999854e+04 1.651929516862938457e-02
1.884179999999999927e+04 1.701705572253802215e-02
1.884509999999999854e+04 1.751583435332396133e-02
1.884840000000000146e+04 1.796899517567848714e-02
1.885170000000000073e+04 1.844291698899375165e-02
1.885500000000000000e+04 1.895251224066280341e-02
1.885829999999999927e+04 1.940842486105723644e-02
1.886159999999999854e+04 1.987479454402435453e-02
1.886490000000000146e+04 2.044822784513074948e-02
1.886820000000000073e+04 2.104045616703340699e-02
1.887150000000000000e+04 2.156804830791738542e-02
1.887479999999999927e+04 2.197877846459437776e-02
1.887809999999999854e+04 2.249325133073892119e-02
1.888140000000000146e+04 2.306704629592307848e-02
1.888470000000000073e+04 2.362663374245538989e-02
1.888800000000000000e+04 2.417702699619455470e-02
1.889129999999999927e+04 2.473169932646666208e-02
1.889459999999999854e+04 2.533388970361414097e-02
1.889790000000000146e+04 2.591858072352735617e-02
1.890120000000000073e+04 2.650357677824314445e-02
1.890440000000000146e+04 2.704721726560607026e-02
1.890770000000000073e+04 2.771465108410176362e-02
1.891100000000000000e+04 2.828486018805752289e-02
1.891429999999999927e+04 2.895849470845647533e-02
1.891759999999999854e+04 2.960993429177552136e-02
1.892090000000000146e+04 3.025373019548811479e-02
1.892420000000000073e+04 3.085478297320645713e-02
1.892750000000000000e+04 3.146218285879557458e-02
1.893079999999999927e+04 3.209449402817568520e-02
1.893409999999999854e+04 3.274720894490161516e-02
1.893740000000000146e+04 3.335817522219211573e-02
1.894070000000000073e+04 3.388398687039106960e-02
1.894400000000000000e+04 3.451205028478710607e-02
1.894729999999999927e+04 3.507790085546297343e-02
1.895059999999999854e+04 3.564826499859142378e-02
1.895390000000000146e+04 3.618794507637554392e-02
1.895720000000000073e+04 3.669117721603069177e-02
1.896050000000000000e+04 3.719211929651505127e-02
1.896379999999999927e+04 3.767027213025033600e-02
1.896709999999999854e+04 3.811918630986835949e-02
1.897029999999999927e+04 3.854017062819123374e-02
1.897359999999999854e+04 3.896977854433966021e-02
1.897690000000000146e+04 3.942338183031734999e-02
1.898020000000000073e+04 3.982436304118043557e-02
1.898350000000000000e+04 4.023379095391168420e-02
1.898679999999999927e+04 4.063276917695662210e-02
1.899009999999999854e+04 4.103625498904173163e-02
1.899340000000000146e+04 4.142528630119340916e-02
1.899670000000000073e+04 4.179111819616595364e-02
1.900000000000000000e+04 4.217726616596972899e-02
1.900329999999999927e+04 4.251972008156314209e-02
1.900659999999999854e+04 4.288079219090674271e-02
1.900990000000000146e+04 4.320435781738805187e-02
1.901320000000000073e+04 4.352834019284517603e-02
1.901650000000000000e+04 4.384373685539261906e-02
1.901979999999999927e+04 4.416639966366629755e-02
1.902309999999999854e+04 4.447822009885958605e-02
1.902640000000000146e+04 4.479095708456353603e-02
1.902970000000000073e+04 4.503754658809337036e-02
1.903290000000000146e+04 4.527369132835481341e-02
1.903620000000000073e+04 4.552207547240859353e-02
1.903950000000000000e+04 4.575529747194059804e-02
1.904279999999999927e+04 4.600615935845107918e-02
1.904609999999999854e+04 4.622604138729279749e-02
1.904940000000000146e+04 4.645946363086350672e-02
1.905270000000000073e+04 4.667178672203704110e-02
1.905600000000000000e+04 4.684664127894450081e-02
1.905929999999999927e+04 4.699800256889404004e-02
1.906259999999999854e+04 4.714489757388124619e-02
1.906590000000000146e+04 4.729874825852398157e-02
1.906920000000000073e+04 4.742830687897359870e-02
1.907250000000000000e+04 4.752496785933735257e-02
1.907579999999999927e+04 4.765582066630462410e-02
1.907909999999999854e+04 4.776611150667740835e-02
1.908240000000000146e+04 4.787624458048293785e-02
1.908570000000000073e+04 4.796273540250224621e-02
1.908900000000000000e+04 4.801021002721837100e-02
1.909229999999999927e+04 4.807112783761766095e-02
1.909559999999999854e+04 4.812579289343058703e-02
1.909879999999999927e+04 4.816756170208101595e-02
1.910209999999999854e+04 4.816325965786589364e-02
1.910540000000000146e+04 4.819228556139645847e-02
1.910870000000000073e+04 4.822125163995335390e-02
1.911200000000000000e+04 4.819772004105085661e-02
1.911529999999999927e+04 4.817239707093225187e-02
1.911859999999999854e+04 4.809746139480049199e-02
1.912190000000000146e+04 4.805448695915665730e-02
1.912520000000000073e+04 4.796810846003062706e-02
1.912850000000000000e+04 4.786459132146150819e-02
1.913179999999999927e+04 4.775765856885431926e-02
1.913509999999999854e+04 4.766546738553692486e-02
1.913840000000000146e+04 4.756531293337217664e-02
1.914170000000000073e+04 4.741017500883212832e-02
1.914500000000000000e+04 4.729919710611384109e-02
1.914829999999999927e+04 4.714976555279581927e-02
1.915159999999999854e+04 4.701378088766289265e-02
1.915490000000000146e+04 4.683776435841882635e-02
1.915820000000000073e+04 4.663719860465911915e-02
1.916140000000000146e+04 4.648765299098231440e-02
1.916470000000000073e+04 4.629041729262855370e-02
1.916800000000000000e+04 4.612309968318574482e-02
1.917129999999999927e+04 4.591425547273942503e-02
1.917459999999999854e+04 4.571615763776861602e-02
1.917790000000000146e+04 4.547428763893256176e-02
1.918120000000000073e+04 4.522660991413545578e-02
1.918450000000000000e+04 4.497732289427541774e-02
1.918779999999999927e+04 4.470832138681023887e-02
1.919109999999999854e+04 4.444028330709044045e-02
1.919440000000000146e+04 4.420605157493978643e-02
1.919770000000000073e+04 4.397032953175018799e-02
1.920100000000000000e+04 4.369941157371109997e-02
1.920429999999999927e+04 4.342470218464167947e-02
1.920759999999999854e+04 4.311704342975529458e-02
1.921090000000000146e+04 4.279276114326345526e-02
1.921420000000000073e+04 4.248098438263975263e-02
1.921750000000000000e+04 4.217663509491598184e-02
1.922079999999999927e+04 4.186337371687808701e-02
1.922409999999999854e+04 4.152616327523939860e-02
1.922729999999999927e+04 4.119537602820054489e-02
1.923059999999999854e+04 4.083522652533079500e-02
1.923390000000000146e+04 4.051658607723782057e-02
1.923720000000000073e+04 4.019208426804263962e-02
1.924050000000000000e+04 3.980846753639185470e-02
1.924379999999999927e+04 3.943225290024260365e-02
1.924709999999999854e+04 3.907568044281024139e-02
1.925040000000000146e+04 3.869645300948664629e-02
1.925370000000000073e+04 3.830540486443655829e-02
1.925700000000000000e+04 3.791745147629687479e-02
1.926029999999999927e+04 3.750116983534423909e-02
1.926359999999999854e+04 3.710084944661778961e-02
1.926690000000000146e+04 3.671949190995770634e-02
1.927020000000000073e+04 3.629889091807755180e-02
1.927350000000000000e+04 3.587760841817684565e-02
1.927679999999999927e+04 3.548541909130500938e-02
1.928009999999999854e+04 3.509033677776349919e-02
1.928340000000000146e+04 3.469019642254616426e-02
1.928670000000000073e+04 3.426596653580829543e-02
1.929000000000000000e+04 3.384957925883133600e-02
1.929320000000000073e+04 3.344546857908300280e-02
1.929650000000000000e+04 3.303153322791729102e-02
1.929979999999999927e+04 3.263153017008936507e-02
1.930309999999999854e+04 3.221437622883070034e-02
1.930640000000000146e+04 3.181891562158410680e-02
1.930970000000000073e+04 3.142288977501919711e-02
1.931300000000000000e+04 3.100940000627460183e-02
1.931629999999999927e+04 3.055634150958795245e-02
1.931959999999999854e+04 3.014496513247059278e-02
1.932290000000000146e+04 2.972452448559960089e-02
1.932620000000000073e+04 2.927721302154955713e-02
1.932950000000000000e+04 2.886965980461317707e-02
1.933279999999999927e+04 2.843616925197753331e-02
1.933609999999999854e+04 2.802088377447246176e-02
1.933940000000000146e+04 2.758927390143703709e-02
1.934270000000000073e+04 2.718978673048300099e-02
1.934600000000000000e+04 2.677879709625745341e-02
1.934929999999999927e+04 2.636644094814743350e-02
1.935259999999999854e+04 2.595859964719045981e-02
1.935579999999999927e+04 2.555565155344924691e-02
1.935909999999999854e+04 2.513554824150959419e-02
1.936240000000000146e+04 2.470532673411876545e-02
1.936570000000000073e+04 2.428332527849184908e-02
1.936900000000000000e+04 2.387664499054880859e-02
1.937229999999999927e+04 2.347043285296460807e-02
1.937559999999999854e+04 2.307479029324750394e-02
1.937890000000000146e+04 2.266860037604077546e-02
1.938220000000000073e+04 2.226200508277770967e-02
1.938550000000000000e+04 2.188817352852674702e-02
1.938879999999999927e+04 2.153379801159671994e-02
1.939209999999999854e+04 2.115104304851399275e-02
1.939540000000000146e+04 2.078614742864110659e-02
1.939870000000000073e+04 2.039547551311341606e-02
1.940200000000000000e+04 1.999659097459743559e-02
1.940529999999999927e+04 1.963737810652503579e-02
1.940859999999999854e+04 1.927324428568570960e-02
1.941190000000000146e+04 1.888666664459475591e-02
1.941520000000000073e+04 1.853199655630341849e-02
1.941850000000000000e+04 1.817759684299569481e-02
1.942170000000000073e+04 1.781374139859424541e-02
1.942500000000000000e+04 1.746778877577828334e-02
1.942829999999999927e+04 1.711766009151523618e-02
1.943159999999999854e+04 1.677576044692430726e-02
1.943490000000000146e+04 1.643386975947101064e-02
1.943820000000000073e+04 1.609690576584159316e-02
1.944150000000000000e+04 1.576273942523461966e-02
1.944479999999999927e+04 1.541844447398291358e-02
1.944809999999999854e+04 1.510207937783248494e-02
1.945140000000000146e+04 1.477694268708974919e-02
1.945470000000000073e+04 1.445446238542348778e-02
1.945800000000000000e+04 1.414846842827471862e-02
1.946129999999999927e+04 1.385393060147778639e-02
1.946459999999999854e+04 1.352468405249316642e-02
1.946790000000000146e+04 1.320483573263797096e-02
1.947120000000000073e+04 1.290247255328948184e-02
1.947450000000000000e+04 1.257379097498052996e-02
1.947779999999999927e+04 1.228285033640914847e-02
1.948109999999999854e+04 1.198994095375331345e-02
1.948429999999999927e+04 1.168045659417770062e-02
1.948759999999999854e+04 1.141293356296906904e-02
1.949090000000000146e+04 1.115252429191995569e-02
1.949420000000000073e+04 1.084549104920072733e-02
1.949750000000000000e+04 1.056888161673612790e-02
1.950079999999999927e+04 1.028100307107098453e-02
1.950409999999999854e+04 9.999999425662054950e-03
1.950740000000000146e+04 9.728002233841541099e-03
1.951070000000000073e+04 9.453543121040745151e-03
1.951400000000000000e+04 9.167999192881361517e-03
1.951729999999999927e+04 8.895568282203954180e-03
1.952059999999999854e+04 8.616046485326435758e-03
1.952390000000000146e+04 8.365548016387855043e-03
1.952720000000000073e+04 8.110191464374824286e-03
1.953050000000000000e+04 7.862965278248397819e-03
1.953379999999999927e+04 7.601680205862795109e-03
1.953709999999999854e+04 7.359760383152218199e-03
1.954040000000000146e+04 7.118681727789713011e-03
1.954370000000000073e+04 6.850057057907001784e-03
1.954700000000000000e+04 6.587371892594023719e-03
1.955020000000000073e+04 6.323030435286579667e-03
1.955350000000000000e+04 6.063129678295775885e-03
1.955679999999999927e+04 5.816403116917406683e-03
1.956009999999999854e+04 5.559278237126216195e-03
1.956340000000000146e+04 5.304171012813899133e-03
1.956670000000000073e+04 5.063062314300616033e-03
1.957000000000000000e+04 4.823165919747652956e-03
1.957329999999999927e+04 4.583508277573134643e-03
1.957659999999999854e+04 4.354076897523282384e-03
1.957990000000000146e+04 4.132426663899615646e-03
1.958320000000000073e+04 3.907559111748839902e-03
1.958650000000000000e+04 3.676734556999941041e-03
1.958979999999999927e+04 3.469036267277705605e-03
1.959309999999999854e+04 3.256143947861967706e-03
1.959640000000000146e+04 3.048988732485887355e-03
1.959970000000000073e+04 2.848532743151218054e-03
1.960300000000000000e+04 2.634269291712694212e-03
1.960629999999999927e+04 2.425389848722505487e-03
1.960959999999999854e+04 2.219407223490503078e-03
1.961290000000000146e+04 2.011668945431857244e-03
1.961609999999999854e+04 1.826998951784548995e-03
1.961940000000000146e+04 1.637957852487798883e-03
1.962270000000000073e+04 1.431595065454367970e-03
1.962600000000000000e+04 1.234037579873088894e-03
1.962929999999999927e+04 1.060934954647831411e-03
1.963259999999999854e+04 9.035643190178231556e-04
1.963590000000000146e+04 7.309768695175963144e-04
1.963920000000000073e+04 5.256913701359813319e-04
1.964250000000000000e+04 3.505993358269165637e-04
1.964579999999999927e+04 1.690749020224400459e-04
1.964909999999999854e+04 -7.379172412495050830e-06
1.965240000000000146e+04 -2.085000687611873358e-04
1.965570000000000073e+04 -3.965111176826939922e-04
1.965900000000000000e+04 -5.627006044675777335e-04
1.966229999999999927e+04 -7.301381905687220116e-04
1.966559999999999854e+04 -9.088581520729013818e-04
1.966890000000000146e+04 -1.089697368765408115e-03
1.967220000000000073e+04 -1.260310103804554308e-03
1.967550000000000000e+04 -1.417391757813600767e-03
1.967870000000000073e+04 -1.556494480113163265e-03
1.968200000000000000e+04 -1.689737366537755843e-03
1.968529999999999927e+04 -1.823347551144605116e-03
1.968859999999999854e+04 -1.958759169067983592e-03
1.969190000000000146e+04 -2.093926157555666290e-03
1.969520000000000073e+04 -2.263735071415425015e-03
1.969850000000000000e+04 -2.399047068746277839e-03
1.970179999999999927e+04 -2.520304671900174941e-03
1.970509999999999854e+04 -2.653408201447988394e-03
1.970840000000000146e+04 -2.780181224887422111e-03
1.971170000000000073e+04 -2.913384718866239304e-03
1.971500000000000000e+04 -3.059424251604310994e-03
1.971829999999999927e+04 -3.199596396871800044e-03
1.972159999999999854e+04 -3.287820960340375256e-03
1.972490000000000146e+04 -3.384213121014318423e-03
1.972820000000000073e+04 -3.495472030000617344e-03
1.973150000000000000e+04 -3.601856590291344952e-03
1.973479999999999927e+04 -3.707574463282218950e-03
1.973809999999999854e+04 -3.815417745924840759e-03
1.974140000000000146e+04 -3.917588803566759634e-03
1.974459999999999854e+04 -4.036137315881208748e-03
1.974790000000000146e+04 -4.145054941302078397e-03
1.975120000000000073e+04 -4.223411060495318656e-03
1.975450000000000000e+04 -4.303473788047264097e-03
1.975779999999999927e+04 -4.389104448040168777e-03
1.976109999999999854e+04 -4.470514848073424939e-03
1.976440000000000146e+04 -4.554270261320613605e-03
1.976770000000000073e+04 -4.634239684748617250e-03
1.977100000000000000e+04 -4.734627226874606708e-03
1.977429999999999927e+04 -4.837014546550805205e-03
1.977759999999999854e+04 -4.942151401145855778e-03
1.978090000000000146e+04 -5.052540984500634123e-03
1.978420000000000073e+04 -5.157148228513454107e-03
1.978750000000000000e+04 -5.227182811439768165e-03
1.979079999999999927e+04 -5.320860242007759491e-03
1.979409999999999854e+04 -5.425072773287522958e-03
1.979740000000000146e+04 -5.509985280909285646e-03
1.980070000000000073e+04 -5.638727510480160375e-03
1.980400000000000000e+04 -5.736539545473954768e-03
1.980720000000000073e+04 -5.822443846580326737e-03
1.981050000000000000e+04 -5.889885352207272981e-03
1.981379999999999927e+04 -5.960286870198563784e-03
1.981709999999999854e+04 -6.047977162333041494e-03
1.982040000000000146e+04 -6.103492038957369741e-03
1.982370000000000073e+04 -6.158624285513749491e-03
1.982700000000000000e+04 -6.249911867717005375e-03
1.983029999999999927e+04 -6.272294797472792102e-03
1.983359999999999854e+04 -6.289567406754710023e-03
1.983690000000000146e+04 -6.325889507686351630e-03
1.984020000000000073e+04 -6.354486834809230759e-03
1.984350000000000000e+04 -6.401075477245729041e-03
1.984679999999999927e+04 -6.470842163464083502e-03
1.985009999999999854e+04 -6.534249395804814058e-03
1.985340000000000146e+04 -6.587747556077146703e-03
1.985670000000000073e+04 -6.638389810293093656e-03
1.986000000000000000e+04 -6.658697873000945719e-03
1.986329999999999927e+04 -6.704379502594704464e-03
1.986659999999999854e+04 -6.792492887537072283e-03
1.986990000000000146e+04 -6.865735405250711874e-03
1.987309999999999854e+04 -6.906454592998055413e-03
1.987640000000000146e+04 -6.922222318613668879e-03
1.987970000000000073e+04 -6.944802700113090685e-03
1.988300000000000000e+04 -6.953221536276072041e-03
1.988629999999999927e+04 -7.052140860350093396e-03
1.988959999999999854e+04 -7.113172794661979520e-03
1.989290000000000146e+04 -7.171790668375385355e-03
1.989620000000000073e+04 -7.203734435643645122e-03
1.989950000000000000e+04 -7.235583606533868561e-03
1.990279999999999927e+04 -7.255621784520487061e-03
1.990609999999999854e+04 -7.286361520688250208e-03
1.990940000000000146e+04 -7.325297044566504712e-03
1.991270000000000073e+04 -7.380909640083086962e-03
1.991600000000000000e+04 -7.415065448044216509e-03
1.991929999999999927e+04 -7.462938648897705224e-03
1.992259999999999854e+04 -7.511499947906557541e-03
1.992590000000000146e+04 -7.568578164737639613e-03
