1.716800000000000000e+04 5.468297630138674531e-04
1.717129999999999927e+04 5.416080626014347331e-04
1.717459999999999854e+04 5.342161077071298997e-04
1.717790000000000146e+04 5.294763712190351905e-04
1.718120000000000073e+04 5.416276769239460791e-04
1.718450000000000000e+04 5.365790413735092466e-04
1.718779999999999927e+04 5.274317826454193647e-04
1.719109999999999854e+04 5.153792768050628661e-04
1.719440000000000146e+04 5.155020904105038840e-04
1.719770000000000073e+04 5.368357475480484663e-04
1.720100000000000000e+04 5.521031085270350922e-04
1.720429999999999927e+04 5.437823215060054449e-04
1.720759999999999854e+04 5.369499934102024046e-04
1.721090000000000146e+04 5.197829484285293889e-04
1.721420000000000073e+04 5.302740581018732056e-04
1.721750000000000000e+04 5.205837452097195886e-04
1.722079999999999927e+04 5.264133158933940061e-04
1.722409999999999854e+04 5.263475357835632751e-04
1.722729999999999927e+04 5.224820016730077638e-04
1.723059999999999854e+04 5.198207273583809298e-04
1.723390000000000146e+04 5.402604954910699211e-04
1.723720000000000073e+04 5.531389523512452843e-04
1.724050000000000000e+04 5.629354985134780867e-04
1.724379999999999927e+04 5.605068306310240353e-04
1.724709999999999854e+04 5.625810015008251121e-04
1.725040000000000146e+04 5.420975944477657077e-04
1.725370000000000073e+04 5.435975187121338398e-04
1.725700000000000000e+04 5.514028877672379680e-04
1.726029999999999927e+04 5.562553193968933392e-04
1.726359999999999854e+04 5.564000950224822590e-04
1.726690000000000146e+04 5.724396286358278537e-04
1.727020000000000073e+04 5.650139846776081748e-04
1.727350000000000000e+04 5.518086043057361884e-04
1.727679999999999927e+04 5.491727360385228887e-04
1.728009999999999854e+04 5.556151229241445763e-04
1.728340000000000146e+04 5.476373703732007655e-04
1.728670000000000073e+04 5.510974625619602645e-04
1.729000000000000000e+04 5.546500802986907216e-04
1.729320000000000073e+04 5.463646929859391696e-04
1.729650000000000000e+04 5.504300002790098612e-04
1.729979999999999927e+04 5.428046769903593092e-04
1.730309999999999854e+04 5.388997051061063335e-04
1.730640000000000146e+04 5.242861367801892811e-04
1.730970000000000073e+04 5.127550939101381761e-04
1.731300000000000000e+04 5.101662533094546235e-04
1.731629999999999927e+04 5.039620823266505395e-04
1.731959999999999854e+04 5.079150809489994074e-04
1.732290000000000146e+04 4.923496045449230179e-04
1.732620000000000073e+04 5.095822055859177161e-04
1.732950000000000000e+04 5.117770976177280721e-04
1.733279999999999927e+04 5.209292005122302454e-04
1.733609999999999854e+04 5.138589503304778977e-04
1.733940000000000146e+04 5.153406738312865405e-04
1.734270000000000073e+04 5.184132147613738440e-04
1.734600000000000000e+04 5.181629153550440037e-04
1.734929999999999927e+04 5.195645120182117117e-04
1.735259999999999854e+04 5.279323567424256932e-04
1.735579999999999927e+04 5.208644353175603250e-04
1.735909999999999854e+04 5.213612630979878653e-04
1.736240000000000146e+04 5.115066019066449735e-04
1.736570000000000073e+04 5.016431624621477603e-04
1.736900000000000000e+04 5.000289096903878143e-04
1.737229999999999927e+04 5.020325571427414679e-04
1.737559999999999854e+04 5.099981275140736325e-04
1.737890000000000146e+04 5.078626858864007188e-04
1.738220000000000073e+04 5.083899794702368378e-04
1.738550000000000000e+04 5.081812371116403455e-04
1.738879999999999927e+04 5.095510455092816873e-04
1.739209999999999854e+04 5.153535218745153605e-04
1.739540000000000146e+04 5.191149393835015318e-04
1.739870000000000073e+04 5.174207881285133957e-04
1.740200000000000000e+04 5.108802795483353412e-04
1.740529999999999927e+04 5.011217119076153120e-04
1.740859999999999854e+04 5.002784198157295397e-04
1.741190000000000146e+04 4.965791062842052090e-04
1.741520000000000073e+04 4.936910613415536764e-04
1.741850000000000000e+04 4.890828799976408960e-04
1.742170000000000073e+04 4.845057071575783548e-04
1.742500000000000000e+04 4.848770373179585509e-04
1.742829999999999927e+04 4.792071527957256108e-04
1.743159999999999854e+04 4.834292533903539559e-04
1.743490000000000146e+04 4.961811759397834112e-04
1.743820000000000073e+04 5.016705112096402248e-04
1.744150000000000000e+04 4.991748913688196995e-04
1.744479999999999927e+04 4.899221018249774349e-04
1.744809999999999854e+04 4.941139416382686785e-04
1.745140000000000146e+04 4.926706382914899322e-04
1.745470000000000073e+04 4.894451862991032335e-04
1.745800000000000000e+04 4.855840053290719324e-04
1.746129999999999927e+04 4.858424021510169698e-04
1.746459999999999854e+04 4.796956790288021879e-04
1.746790000000000146e+04 4.815715691001407929e-04
1.747120000000000073e+04 4.784973292616776386e-04
1.747450000000000000e+04 4.763883889973524570e-04
1.747779999999999927e+04 4.778254159599824684e-04
1.748109999999999854e+04 4.839420328585170234e-04
1.748429999999999927e+04 4.804665793361416991e-04
1.748759999999999854e+04 4.803491108124109286e-04
1.749090000000000146e+04 4.702402543371711941e-04
1.749420000000000073e+04 4.808684349178064853e-04
1.749750000000000000e+04 4.864592608983632559e-04
1.750079999999999927e+04 4.877278280885066482e-04
1.750409999999999854e+04 4.871732964138833261e-04
1.750740000000000146e+04 4.883426226015228624e-04
1.751070000000000073e+04 4.820631941955144011e-04
1.751400000000000000e+04 4.831384991023757289e-04
1.751729999999999927e+04 4.813055971943447711e-04
1.752059999999999854e+04 4.880282340271182651e-04
1.752390000000000146e+04 4.843929145284274268e-04
1.752720000000000073e+04 4.893089327118066998e-04
1.753050000000000000e+04 4.975866027509759240e-04
1.753379999999999927e+04 5.021617227835933851e-04
1.753709999999999854e+04 4.996422143087155335e-04
1.754040000000000146e+04 4.953465370313989754e-04
1.754370000000000073e+04 4.974762530383401238e-04
1.754700000000000000e+04 4.944975340758679411e-04
1.755020000000000073e+04 5.019519333975885423e-04
1.755350000000000000e+04 4.991951105092371985e-04
1.755679999999999927e+04 4.952004973745728449e-04
1.756009999999999854e+04 4.998499600941880890e-04
1.756340000000000146e+04 4.926604571433340542e-04
1.756670000000000073e+04 4.976855520476020653e-04
1.757000000000000000e+04 4.988761584202491264e-04
1.757329999999999927e+04 4.955245672993881375e-04
1.757659999999999854e+04 4.929165810693206251e-04
1.757990000000000146e+04 4.933544915206596699e-04
1.758320000000000073e+04 4.970073721564185771e-04
1.758650000000000000e+04 4.903639481702961374e-04
1.758979999999999927e+04 4.786314430661170851e-04
1.759309999999999854e+04 4.799984569027447860e-04
1.759640000000000146e+04 4.701342110362928604e-04
1.759970000000000073e+04 4.573991241718667342e-04
1.760300000000000000e+04 4.519395411620317961e-04
1.760629999999999927e+04 4.481095518916437424e-04
1.760959999999999854e+04 4.525206371558035791e-04
1.761290000000000146e+04 4.500553751187542960e-04
1.761609999999999854e+04 4.483745621234150086e-04
1.761940000000000146e+04 4.455427571761635085e-04
1.762270000000000073e+04 4.487573165160043103e-04
1.762600000000000000e+04 4.517505401406614763e-04
1.762929999999999927e+04 4.551876775543966668e-04
1.763259999999999854e+04 4.506547975844846622e-04
1.763590000000000146e+04 4.415405334783067547e-04
1.763920000000000073e+04 4.423664538171907215e-04
1.764250000000000000e+04 4.441221319202258563e-04
1.764579999999999927e+04 4.457786313806011490e-04
1.764909999999999854e+04 4.556286740050765455e-04
1.765240000000000146e+04 4.629775698431323663e-04
1.765570000000000073e+04 4.656479516854519296e-04
1.765900000000000000e+04 4.620751653741562060e-04
1.766229999999999927e+04 4.562119484580237487e-04
1.766559999999999854e+04 4.576975328797030563e-04
1.766890000000000146e+04 4.605749056689232646e-04
1.767220000000000073e+04 4.623878005739179525e-04
1.767550000000000000e+04 4.663887532649097921e-04
1.767870000000000073e+04 4.707324703775101816e-04
1.768200000000000000e+04 4.663595097037424408e-04
1.768529999999999927e+04 4.639439635193340610e-04
1.768859999999999854e+04 4.710715894559470420e-04
1.769190000000000146e+04 4.752407028435697857e-04
1.769520000000000073e+04 4.722448146519481410e-04
1.769850000000000000e+04 4.710525448863382681e-04
1.770179999999999927e+04 4.704653294197556229e-04
1.770509999999999854e+04 4.777257830665457131e-04
1.770840000000000146e+04 4.829487732225534475e-04
1.771170000000000073e+04 4.876413731933258266e-04
1.771500000000000000e+04 4.858130125399803172e-04
1.771829999999999927e+04 4.957579712534537384e-04
1.772159999999999854e+04 4.963458681720128284e-04
1.772490000000000146e+04 5.028199339575836323e-04
1.772820000000000073e+04 5.141156308843019326e-04
1.773150000000000000e+04 5.263476661225014851e-04
1.773479999999999927e+04 5.359766842272788590e-04
1.773809999999999854e+04 5.438918217038746618e-04
1.774140000000000146e+04 5.509760777784189099e-04
1.774459999999999854e+04 5.595277190973110869e-04
1.774790000000000146e+04 5.575162227335069649e-04
1.775120000000000073e+04 5.701975886077015766e-04
1.775450000000000000e+04 5.751937898131300386e-04
1.775779999999999927e+04 5.836154235566884223e-04
1.776109999999999854e+04 5.926199864341731268e-04
1.776440000000000146e+04 5.988190945625166718e-04
1.776770000000000073e+04 6.038064690516017300e-04
1.777100000000000000e+04 6.192147017667522235e-04
1.777429999999999927e+04 6.233074433268189678e-04
1.777759999999999854e+04 6.264811550444734835e-04
1.778090000000000146e+04 6.300690983404866070e-04
1.778420000000000073e+04 6.303501005657883433e-04
1.778750000000000000e+04 6.415458493460089815e-04
1.779079999999999927e+04 6.439112977448921589e-04
1.779409999999999854e+04 6.549702059738928342e-04
1.779740000000000146e+04 6.706666505179157854e-04
1.780070000000000073e+04 6.822507154769425798e-04
1.780400000000000000e+04 6.868654470711350402e-04
1.780720000000000073e+04 6.906182139469986200e-04
1.781050000000000000e+04 7.007985770251191817e-04
1.781379999999999927e+04 7.079677866870279050e-04
1.781709999999999854e+04 7.031332915232074753e-04
1.782040000000000146e+04 7.040796324143986599e-04
1.782370000000000073e+04 7.087363358457706396e-04
1.782700000000000000e+04 7.193043919752635908e-04
1.783029999999999927e+04 7.267429357845400827e-04
1.783359999999999854e+04 7.351733394236092175e-04
1.783690000000000146e+04 7.475310472491612443e-04
1.784020000000000073e+04 7.593562810775449047e-04
1.784350000000000000e+04 7.662461460337204305e-04
1.784679999999999927e+04 7.764905910054869685e-04
1.785009999999999854e+04 7.863414336455169275e-04
1.785340000000000146e+04 7.803347893267364999e-04
1.785670000000000073e+04 7.844143829728608772e-04
1.786000000000000000e+04 7.922554925882961717e-04
1.786329999999999927e+04 8.029178893922667539e-04
1.786659999999999854e+04 8.120895210156782972e-04
1.786990000000000146e+04 8.134765673080179881e-04
1.787309999999999854e+04 8.177615643683654829e-04
1.787640000000000146e+04 8.215527293432289564e-04
1.787970000000000073e+04 8.254516322366035061e-04
1.788300000000000000e+04 8.335072586138824119e-04
1.788629999999999927e+04 8.375125018789875879e-04
1.788959999999999854e+04 8.410563900735220592e-04
1.789290000000000146e+04 8.426122134005863346e-04
1.789620000000000073e+04 8.437770361898284596e-04
1.789950000000000000e+04 8.528297201823955339e-04
1.790279999999999927e+04 8.561321787094802738e-04
1.790609999999999854e+04 8.594538289751881216e-04
1.790940000000000146e+04 8.664499027898514864e-04
1.791270000000000073e+04 8.784893704959118206e-04
1.791600000000000000e+04 8.914934522392852292e-04
1.791929999999999927e+04 8.960825456487857884e-04
1.792259999999999854e+04 8.985803876359668967e-04
1.792590000000000146e+04 9.026017724203548370e-04
1.792920000000000073e+04 9.061984882728426087e-04
1.793250000000000000e+04 9.119984525110854789e-04
1.793570000000000073e+04 9.165078919750153322e-04
1.793900000000000000e+04 9.305241755995099324e-04
1.794229999999999927e+04 9.445954365933129397e-04
1.794559999999999854e+04 9.615389577243897657e-04
1.794890000000000146e+04 9.739112577669217872e-04
1.795220000000000073e+04 9.728638132440796350e-04
1.795550000000000000e+04 9.821749681746703639e-04
1.795879999999999927e+04 9.847425120822394986e-04
1.796209999999999854e+04 9.778487321236129480e-04
1.796540000000000146e+04 9.839497904690019080e-04
1.796870000000000073e+04 9.937894936259184832e-04
1.797200000000000000e+04 9.987593308209519009e-04
1.797529999999999927e+04 9.951675080972271960e-04
1.797859999999999854e+04 9.884760019168478250e-04
1.798190000000000146e+04 1.002504468692988482e-03
1.798520000000000073e+04 1.010974626672732791e-03
1.798850000000000000e+04 1.013369935328698899e-03
1.799179999999999927e+04 1.007361102011509286e-03
1.799509999999999854e+04 1.009175011652458688e-03
1.799840000000000146e+04 1.015910078113058850e-03
1.800159999999999854e+04 1.002771744620891380e-03
1.800490000000000146e+04 1.002544910346270766e-03
1.800820000000000073e+04 1.009364900334266566e-03
1.801150000000000000e+04 1.006495061742323756e-03
1.801479999999999927e+04 1.001396624698206459e-03
1.801809999999999854e+04 1.010722122292142264e-03
1.802140000000000146e+04 1.007220372392021593e-03
1.802470000000000073e+04 1.021143430365540694e-03
1.802800000000000000e+04 1.020048352528204290e-03
1.803129999999999927e+04 1.019570504361646439e-03
1.803459999999999854e+04 1.017505301217986029e-03
1.803790000000000146e+04 1.012238041576396345e-03
1.804120000000000073e+04 1.011042636747949480e-03
1.804450000000000000e+04 1.013280158926209732e-03
1.804779999999999927e+04 1.006837425260701229e-03
1.805109999999999854e+04 1.012787032466911340e-03
1.805440000000000146e+04 1.006994295087931725e-03
1.805770000000000073e+04 1.007267243941903194e-03
1.806100000000000000e+04 1.007311228137260702e-03
1.806429999999999927e+04 1.002690058418790079e-03
1.806750000000000000e+04 9.978081805136838466e-04
1.807079999999999927e+04 9.958031321660972598e-04
1.807409999999999854e+04 9.857089752994205051e-04
1.807740000000000146e+04 9.803598110443326966e-04
1.808070000000000073e+04 9.704749782923002832e-04
1.808400000000000000e+04 9.726514369487815684e-04
1.808729999999999927e+04 9.755872272433541072e-04
1.809059999999999854e+04 9.712733625369780136e-04
1.809390000000000146e+04 9.674030596347550680e-04
1.809720000000000073e+04 9.637155367994017750e-04
1.810050000000000000e+04 9.551111728486426497e-04
1.810379999999999927e+04 9.446781199677939563e-04
1.810709999999999854e+04 9.397397516053940074e-04
1.811040000000000146e+04 9.291937984194019147e-04
1.811370000000000073e+04 9.267258547008986940e-04
1.811700000000000000e+04 9.190481904207290983e-04
1.812029999999999927e+04 9.226330197862773943e-04
1.812359999999999854e+04 9.276170107291448327e-04
1.812690000000000146e+04 9.344499175440903593e-04
1.813009999999999854e+04 9.383131449061290607e-04
1.813340000000000146e+04 9.420104841421161153e-04
1.813670000000000073e+04 9.384102655384908087e-04
1.814000000000000000e+04 9.410981914401416468e-04
1.814329999999999927e+04 9.467368827461271688e-04
1.814659999999999854e+04 9.407648738926995989e-04
1.814990000000000146e+04 9.343905743946952225e-04
1.815320000000000073e+04 9.290806169506491937e-04
1.815650000000000000e+04 9.351788202810642613e-04
1.815979999999999927e+04 9.349001938113998822e-04
1.816309999999999854e+04 9.219348655577106963e-04
1.816640000000000146e+04 9.268404823177426666e-04
1.816970000000000073e+04 9.245021524296711049e-04
1.817300000000000000e+04 9.134878672578995457e-04
1.817629999999999927e+04 9.259723187656093441e-04
1.817959999999999854e+04 9.291782632102973212e-04
1.818290000000000146e+04 9.356213754839538040e-04
1.818620000000000073e+04 9.390310702544904867e-04
1.818950000000000000e+04 9.322755750325176834e-04
1.819279999999999927e+04 9.338961213329580353e-04
1.819600000000000000e+04 9.395331962957872334e-04
1.819929999999999927e+04 9.498920187744077336e-04
1.820259999999999854e+04 9.584606406065740349e-04
1.820590000000000146e+04 9.639461299595682023e-04
1.820920000000000073e+04 9.630807578613226902e-04
1.821250000000000000e+04 9.622945591425977139e-04
1.821579999999999927e+04 9.604608644326307308e-04
1.821909999999999854e+04 9.697062886491638993e-04
1.822240000000000146e+04 9.820923822994799979e-04
1.822570000000000073e+04 9.910396988128153221e-04
1.822900000000000000e+04 1.009538715168186536e-03
1.823229999999999927e+04 1.033849707718164116e-03
1.823559999999999854e+04 1.046825545711686269e-03
1.823890000000000146e+04 1.056279302660862980e-03
1.824220000000000073e+04 1.072486914775825717e-03
1.824550000000000000e+04 1.091216629581403825e-03
1.824879999999999927e+04 1.097222636400917769e-03
1.825209999999999854e+04 1.098844008476268161e-03
1.825540000000000146e+04 1.112633966860412287e-03
1.825859999999999854e+04 1.143809434594795452e-03
1.826190000000000146e+04 1.172133681378307625e-03
1.826520000000000073e+04 1.191677282007419514e-03
1.826850000000000000e+04 1.206838769814781807e-03
1.827179999999999927e+04 1.219742056884993899e-03
1.827509999999999854e+04 1.233558337128459531e-03
1.827840000000000146e+04 1.252921251811866437e-03
1.828170000000000073e+04 1.274865077840182243e-03
1.828500000000000000e+04 1.293897173939600152e-03
1.828829999999999927e+04 1.313413883096387937e-03
1.829159999999999854e+04 1.336203084908133042e-03
1.829490000000000146e+04 1.351377135865986824e-03
1.829820000000000073e+04 1.350076736710118007e-03
1.830150000000000000e+04 1.373799606500664561e-03
1.830479999999999927e+04 1.401869515325965525e-03
1.830809999999999854e+04 1.413153873371689965e-03
1.831140000000000146e+04 1.420009001681209714e-03
1.831470000000000073e+04 1.444557305522220112e-03
1.831800000000000000e+04 1.457542241710379832e-03
1.832129999999999927e+04 1.477698135562545076e-03
1.832450000000000000e+04 1.487848258566746304e-03
1.832779999999999927e+04 1.505579644183902997e-03
1.833109999999999854e+04 1.533744837799164325e-03
1.833440000000000146e+04 1.553128695948236514e-03
1.833770000000000073e+04 1.575593431389703388e-03
1.834100000000000000e+04 1.594105851250149754e-03
1.834429999999999927e+04 1.600689330598176847e-03
1.834759999999999854e+04 1.616850070432420934e-03
1.835090000000000146e+04 1.648372705200104637e-03
1.835420000000000073e+04 1.666987372183454394e-03
1.835750000000000000e+04 1.697207269297184434e-03
1.836079999999999927e+04 1.726103352006079332e-03
1.836409999999999854e+04 1.753469060946262264e-03
1.836740000000000146e+04 1.781892614490012241e-03
1.837070000000000073e+04 1.805828160130911342e-03
1.837400000000000000e+04 1.841918147573977024e-03
1.837729999999999927e+04 1.862283086733154246e-03
1.838059999999999854e+04 1.879768751917333062e-03
1.838390000000000146e+04 1.909779603636989256e-03
1.838709999999999854e+04 1.931158947843542245e-03
1.839040000000000146e+04 1.954238776683687485e-03
1.839370000000000073e+04 1.964823790665637220e-03
1.839700000000000000e+04 1.975721709373084306e-03
1.840029999999999927e+04 1.997586554927721809e-03
1.840359999999999854e+04 2.032203777948169646e-03
1.840690000000000146e+04 2.059136585865295986e-03
1.841020000000000073e+04 2.077797691370199522e-03
1.841350000000000000e+04 2.103596417224230103e-03
1.841679999999999927e+04 2.124404796221195622e-03
1.842009999999999854e+04 2.131599650718253233e-03
1.842340000000000146e+04 2.135632537436223718e-03
1.842670000000000073e+04 2.145605029767621175e-03
1.843000000000000000e+04 2.165600153818982455e-03
1.843329999999999927e+04 2.190056629375297659e-03
1.843659999999999854e+04 2.223018385734882620e-03
1.843990000000000146e+04 2.252202881432106146e-03
1.844320000000000073e+04 2.282602294282983727e-03
1.844650000000000000e+04 2.315555621072711446e-03
1.844979999999999927e+04 2.338712266550931236e-03
1.845300000000000000e+04 2.348252563890176631e-03
1.845629999999999927e+04 2.357146890337464412e-03
1.845959999999999854e+04 2.358988249682298938e-03
1.846290000000000146e+04 2.399691369284440504e-03
1.846620000000000073e+04 2.393501399775688817e-03
1.846950000000000000e+04 2.389202102528107090e-03
1.847279999999999927e+04 2.403611295707595939e-03
1.847609999999999854e+04 2.413914218957300718e-03
1.847940000000000146e+04 2.408392003289117327e-03
1.848270000000000073e+04 2.420050831545548543e-03
1.848600000000000000e+04 2.426487628117624060e-03
1.848929999999999927e+04 2.441971628861194701e-03
1.849259999999999854e+04 2.464861754293850085e-03
1.849590000000000146e+04 2.477426775316787354e-03
1.849920000000000073e+04 2.503119967577966364e-03
1.850250000000000000e+04 2.522631498931394035e-03
1.850579999999999927e+04 2.552689960394089689e-03
1.850909999999999854e+04 2.609172606756921496e-03
1.851240000000000146e+04 2.621981339577938042e-03
1.851570000000000073e+04 2.610613359900278325e-03
1.851890000000000146e+04 2.632265509806280910e-03
1.852220000000000073e+04 2.648989335348702831e-03
1.852550000000000000e+04 2.681059913420841528e-03
1.852879999999999927e+04 2.708765592226339714e-03
1.853209999999999854e+04 2.740971375823522509e-03
1.853540000000000146e+04 2.774867821481881089e-03
1.853870000000000073e+04 2.804223623940595156e-03
1.854200000000000000e+04 2.849340195904859294e-03
1.854529999999999927e+04 2.901588573471532932e-03
1.854859999999999854e+04 2.922567466691486284e-03
1.855190000000000146e+04 2.956715489074831799e-03
1.855520000000000073e+04 2.996068919251653698e-03
1.855850000000000000e+04 3.044986642993238474e-03
1.856179999999999927e+04 3.095770630877941326e-03
1.856509999999999854e+04 3.130377042940528463e-03
1.856840000000000146e+04 3.168079008200897287e-03
1.857170000000000073e+04 3.182352075637407633e-03
1.857500000000000000e+04 3.228826624283045142e-03
1.857829999999999927e+04 3.285169971282526739e-03
1.858150000000000000e+04 3.333817144285466591e-03
1.858479999999999927e+04 3.378406786632464059e-03
1.858809999999999854e+04 3.411179533345361226e-03
1.859140000000000146e+04 3.446423964473067057e-03
1.859470000000000073e+04 3.494313638879479895e-03
1.859800000000000000e+04 3.535839236703830837e-03
1.860129999999999927e+04 3.566453206771673379e-03
1.860459999999999854e+04 3.620778166656390355e-03
1.860790000000000146e+04 3.664177577741130776e-03
1.861120000000000073e+04 3.725963805263026070e-03
1.861450000000000000e+04 3.809549393582100686e-03
1.861779999999999927e+04 3.875994966226547350e-03
1.862109999999999854e+04 3.928298178780823685e-03
1.862440000000000146e+04 3.999673312455788270e-03
1.862770000000000073e+04 4.069559434718288647e-03
1.863100000000000000e+04 4.176627281020163333e-03
1.863429999999999927e+04 4.267536821546268240e-03
1.863759999999999854e+04 4.341816378420021959e-03
1.864090000000000146e+04 4.444232673188780978e-03
1.864420000000000073e+04 4.595447874951854791e-03
1.864740000000000146e+04 4.695039289524481456e-03
1.865070000000000073e+04 4.784865864572988847e-03
1.865400000000000000e+04 4.865899534729680592e-03
1.865729999999999927e+04 4.939006994036344682e-03
1.866059999999999854e+04 5.018558102296840490e-03
1.866390000000000146e+04 5.120095395601566117e-03
1.866720000000000073e+04 5.210081589643209346e-03
1.867050000000000000e+04 5.279846937536895705e-03
1.867379999999999927e+04 5.351838746215974683e-03
1.867709999999999854e+04 5.462115150226321859e-03
1.868040000000000146e+04 5.611079451300977211e-03
1.868370000000000073e+04 5.790002259681232069e-03
1.868700000000000000e+04 5.961686463699471944e-03
1.869029999999999927e+04 6.075505316147255218e-03
1.869359999999999854e+04 6.269434523976090759e-03
1.869690000000000146e+04 6.416190914437510523e-03
1.870020000000000073e+04 6.472132786005322692e-03
1.870350000000000000e+04 6.512299745027644651e-03
1.870679999999999927e+04 6.632410018488168503e-03
1.871000000000000000e+04 6.838547580555352431e-03
1.871329999999999927e+04 6.952785029437974149e-03
1.871659999999999854e+04 7.030998844620441404e-03
1.871990000000000146e+04 7.115862881308390557e-03
1.872320000000000073e+04 7.202673458029361549e-03
1.872650000000000000e+04 7.297770683105097959e-03
1.872979999999999927e+04 7.360739905437304817e-03
1.873309999999999854e+04 7.443178278885207409e-03
1.873640000000000146e+04 7.539358498079444353e-03
1.873970000000000073e+04 7.623962013494968784e-03
1.874300000000000000e+04 7.657059474578373041e-03
1.874629999999999927e+04 7.738363093123304913e-03
1.874959999999999854e+04 7.792066602644023496e-03
1.875290000000000146e+04 7.859995817126000373e-03
1.875620000000000073e+04 7.933664839250937836e-03
1.875950000000000000e+04 8.047866846435569946e-03
1.876279999999999927e+04 8.153262109585725573e-03
1.876609999999999854e+04 8.252687962020185605e-03
1.876940000000000146e+04 8.301247661064034555e-03
1.877270000000000073e+04 8.402416986844856925e-03
1.877590000000000146e+04 8.537250027147126261e-03
1.877920000000000073e+04 8.580018665719422316e-03
1.878250000000000000e+04 8.713253402194301098e-03
1.878579999999999927e+04 8.860795413578061858e-03
1.878909999999999854e+04 9.025132409673501666e-03
1.879240000000000146e+04 9.180646135061741944e-03
1.879570000000000073e+04 9.349246174315737484e-03
1.879900000000000000e+04 9.543512202147916984e-03
1.880229999999999927e+04 9.751277911714739330e-03
1.880559999999999854e+04 9.944114459083296109e-03
1.880890000000000146e+04 1.009189931630117588e-02
1.881220000000000073e+04 1.027122112230180982e-02
1.881550000000000000e+04 1.047954377125024684e-02
1.881879999999999927e+04 1.070285339813995158e-02
1.882209999999999854e+04 1.090845052705475410e-02
1.882540000000000146e+04 1.113831907733283354e-02
1.882870000000000073e+04 1.134295892059623660e-02
1.883200000000000000e+04 1.154665125578899915e-02
1.883529999999999927e+04 1.176421803410564182e-02
1.883859999999999854e+04 1.198034824077986657e-02
1.884179999999999927e+04 1.218145394777801760e-02
1.884509999999999854e+04 1.238410001269202483e-02
1.884840000000000146e+04 1.252590337007310380e-02
1.885170000000000073e+04 1.267908067677850706e-02
1.885500000000000000e+04 1.288380574304285979e-02
1.885829999999999927e+04 1.301808139164328630e-02
1.886159999999999854e+04 1.317058415116151293e-02
1.886490000000000146e+04 1.344046945603175232e-02
1.886820000000000073e+04 1.373932416650642564e-02
1.887150000000000000e+04 1.395813035224794003e-02
1.887479999999999927e+04 1.408217235899545533e-02
1.887809999999999854e+04 1.431366409754249516e-02
1.888140000000000146e+04 1.457957223600415964e-02
1.888470000000000073e+04 1.483634722544964132e-02
1.888800000000000000e+04 1.507182523503822896e-02
1.889129999999999927e+04 1.530632011942177455e-02
1.889459999999999854e+04 1.558724779409154625e-02
1.889790000000000146e+04 1.585399091628447374e-02
1.890120000000000073e+04 1.612479533534210557e-02
1.890440000000000146e+04 1.639566872699110833e-02
1.890770000000000073e+04 1.671191515919652135e-02
1.891100000000000000e+04 1.700672250990786089e-02
1.891429999999999927e+04 1.732464354806092025e-02
1.891759999999999854e+04 1.763294959809057899e-02
1.892090000000000146e+04 1.796001084701731934e-02
1.892420000000000073e+04 1.824201434131837718e-02
1.892750000000000000e+04 1.852256410575095491e-02
1.893079999999999927e+04 1.882528667374865419e-02
1.893409999999999854e+04 1.912446161380383994e-02
1.893740000000000146e+04 1.940668474144138095e-02
1.894070000000000073e+04 1.963172001251617046e-02
1.894400000000000000e+04 1.990716251049716445e-02
1.894729999999999927e+04 2.013046243806103017e-02
1.895059999999999854e+04 2.035923755442999028e-02
1.895390000000000146e+04 2.058865250976954150e-02
1.895720000000000073e+04 2.079578127616683175e-02
1.896050000000000000e+04 2.100299486731531037e-02
1.896379999999999927e+04 2.119769576294781160e-02
1.896709999999999854e+04 2.137986509526410353e-02
1.897029999999999927e+04 2.152627940609011178e-02
1.897359999999999854e+04 2.168736883439168275e-02
1.897690000000000146e+04 2.187745821601961432e-02
1.898020000000000073e+04 2.203674713143248184e-02
1.898350000000000000e+04 2.220054235243699645e-02
1.898679999999999927e+04 2.237819969683808863e-02
1.899009999999999854e+04 2.251655513175158246e-02
1.899340000000000146e+04 2.265668360403659889e-02
1.899670000000000073e+04 2.280723192319319623e-02
1.900000000000000000e+04 2.296001711285943284e-02
1.900329999999999927e+04 2.310838137686662547e-02
1.900659999999999854e+04 2.324972224669657681e-02
1.900990000000000146e+04 2.334820983344455467e-02
1.901320000000000073e+04 2.344784345583303398e-02
1.901650000000000000e+04 2.353351273316371672e-02
1.901979999999999927e+04 2.362574644528863538e-02
1.902309999999999854e+04 2.372198283068460700e-02
1.902640000000000146e+04 2.383389302628279721e-02
1.902970000000000073e+04 2.391998819655413028e-02
1.903290000000000146e+04 2.399612294561543485e-02
1.903620000000000073e+04 2.405238284744186036e-02
1.903950000000000000e+04 2.411188513319785856e-02
1.904279999999999927e+04 2.417359334409836802e-02
1.904609999999999854e+04 2.420565447278263255e-02
1.904940000000000146e+04 2.424553174767703906e-02
1.905270000000000073e+04 2.431568385732575666e-02
1.905600000000000000e+04 2.436893561413266962e-02
1.905929999999999927e+04 2.443086005351871592e-02
1.906259999999999854e+04 2.445660811253399722e-02
1.906590000000000146e+04 2.447171008322404293e-02
1.906920000000000073e+04 2.448669020466465521e-02
1.907250000000000000e+04 2.447804286203814766e-02
1.907579999999999927e+04 2.446129952413714226e-02
1.907909999999999854e+04 2.444611561411266787e-02
1.908240000000000146e+04 2.444477841924000069e-02
1.908570000000000073e+04 2.439917345745862623e-02
1.908900000000000000e+04 2.436157291524203641e-02
1.909229999999999927e+04 2.430281473032034484e-02
1.909559999999999854e+04 2.423856856889735484e-02
1.909879999999999927e+04 2.421587266790094228e-02
1.910209999999999854e+04 2.415329204235963645e-02
1.910540000000000146e+04 2.410368866525428727e-02
1.910870000000000073e+04 2.407332493603323714e-02
1.911200000000000000e+04 2.403375420382023245e-02
1.911529999999999927e+04 2.398332837207226703e-02
1.911859999999999854e+04 2.387199561388104671e-02
1.912190000000000146e+04 2.376971847567294419e-02
1.912520000000000073e+04 2.364598438268573910e-02
1.912850000000000000e+04 2.351561081364569872e-02
1.913179999999999927e+04 2.341148673141249179e-02
1.913509999999999854e+04 2.332072089510592652e-02
1.913840000000000146e+04 2.320323745217036174e-02
1.914170000000000073e+04 2.306251197394823538e-02
1.914500000000000000e+04 2.292997632590140084e-02
1.914829999999999927e+04 2.278048617015557276e-02
1.915159999999999854e+04 2.263100484691123182e-02
1.915490000000000146e+04 2.250225746170544244e-02
1.915820000000000073e+04 2.236021886503020487e-02
1.916140000000000146e+04 2.221770718926479107e-02
1.916470000000000073e+04 2.205053587149948327e-02
1.916800000000000000e+04 2.187009158771325776e-02
1.917129999999999927e+04 2.168795693815523881e-02
1.917459999999999854e+04 2.151444828921681568e-02
1.917790000000000146e+04 2.136358443400220714e-02
1.918120000000000073e+04 2.121289393162795883e-02
1.918450000000000000e+04 2.103456773183862843e-02
1.918779999999999927e+04 2.085279304539198672e-02
1.919109999999999854e+04 2.066810764347743259e-02
1.919440000000000146e+04 2.048030422926036542e-02
1.919770000000000073e+04 2.027658048683657691e-02
1.920100000000000000e+04 2.008955635024910202e-02
1.920429999999999927e+04 1.989419589682575942e-02
1.920759999999999854e+04 1.969357718612759975e-02
1.921090000000000146e+04 1.951969915573279271e-02
1.921420000000000073e+04 1.931953707867348560e-02
1.921750000000000000e+04 1.909552681651954104e-02
1.922079999999999927e+04 1.888456946017975230e-02
1.922409999999999854e+04 1.867317354091410989e-02
1.922729999999999927e+04 1.845162230799277797e-02
1.923059999999999854e+04 1.824504924993648400e-02
1.923390000000000146e+04 1.802550410757849247e-02
1.923720000000000073e+04 1.782574879159084733e-02
1.924050000000000000e+04 1.761009661437705834e-02
1.924379999999999927e+04 1.739892259335253447e-02
1.924709999999999854e+04 1.717419360244656565e-02
1.925040000000000146e+04 1.694192812078757979e-02
1.925370000000000073e+04 1.670299715550736114e-02
1.925700000000000000e+04 1.650889448814233870e-02
1.926029999999999927e+04 1.628806295250283601e-02
1.926359999999999854e+04 1.604783352199937868e-02
1.926690000000000146e+04 1.582400160546864124e-02
1.927020000000000073e+04 1.558761341089005825e-02
1.927350000000000000e+04 1.535344586040031031e-02
1.927679999999999927e+04 1.511033785277023783e-02
1.928009999999999854e+04 1.485617149670619315e-02
1.928340000000000146e+04 1.463099003466103616e-02
1.928670000000000073e+04 1.440024291755153882e-02
1.929000000000000000e+04 1.416491469095857922e-02
1.929320000000000073e+04 1.393240927171791876e-02
1.929650000000000000e+04 1.369273885685833025e-02
1.929979999999999927e+04 1.346204852071473772e-02
1.930309999999999854e+04 1.324167980968242626e-02
1.930640000000000146e+04 1.301778514041223092e-02
1.930970000000000073e+04 1.280195580148777226e-02
1.931300000000000000e+04 1.258523434540627546e-02
1.931629999999999927e+04 1.236774933855563398e-02
1.931959999999999854e+04 1.212338827832621160e-02
1.932290000000000146e+04 1.188488576935457439e-02
1.932620000000000073e+04 1.164970133060386041e-02
1.932950000000000000e+04 1.141086400733222830e-02
1.933279999999999927e+04 1.118081334741880678e-02
1.933609999999999854e+04 1.097017271820675995e-02
1.933940000000000146e+04 1.076524084071966807e-02
1.934270000000000073e+04 1.054500587426116139e-02
1.934600000000000000e+04 1.032737237856390551e-02
1.934929999999999927e+04 1.010833986285678693e-02
1.935259999999999854e+04 9.884395257739481480e-03
1.935579999999999927e+04 9.674624013879366130e-03
1.935909999999999854e+04 9.455747954282613457e-03
1.936240000000000146e+04 9.241760279831076619e-03
1.936570000000000073e+04 9.036493407920832138e-03
1.936900000000000000e+04 8.830626382651890482e-03
1.937229999999999927e+04 8.622438074913332112e-03
1.937559999999999854e+04 8.401903224631735584e-03
1.937890000000000146e+04 8.197995450592339070e-03
1.938220000000000073e+04 7.994137952731407773e-03
1.938550000000000000e+04 7.777051851824878098e-03
1.938879999999999927e+04 7.553589474254221274e-03
1.939209999999999854e+04 7.356755212869678026e-03
1.939540000000000146e+04 7.152956627635990300e-03
1.939870000000000073e+04 6.947844138723211632e-03
1.940200000000000000e+04 6.751371755094292583e-03
1.940529999999999927e+04 6.561702313260586727e-03
1.940859999999999854e+04 6.369194485328239300e-03
1.941190000000000146e+04 6.175818867326356154e-03
1.941520000000000073e+04 5.999884257495962520e-03
1.941850000000000000e+04 5.811163524340626739e-03
1.942170000000000073e+04 5.608019748920552855e-03
1.942500000000000000e+04 5.419361178079046444e-03
1.942829999999999927e+04 5.236404256663877710e-03
1.943159999999999854e+04 5.052382890482288828e-03
1.943490000000000146e+04 4.868837311472006164e-03
1.943820000000000073e+04 4.677903088211409280e-03
1.944150000000000000e+04 4.482603830941819627e-03
1.944479999999999927e+04 4.311143967138378851e-03
1.944809999999999854e+04 4.140042431862246512e-03
1.945140000000000146e+04 3.979705771808573697e-03
1.945470000000000073e+04 3.824447055227265385e-03
1.945800000000000000e+04 3.663086682362778120e-03
1.946129999999999927e+04 3.489268433929227850e-03
1.946459999999999854e+04 3.315258979836718887e-03
1.946790000000000146e+04 3.137736500536597323e-03
1.947120000000000073e+04 2.966689430122141681e-03
1.947450000000000000e+04 2.793584721989339405e-03
1.947779999999999927e+04 2.630039813377379587e-03
1.948109999999999854e+04 2.462468157622574490e-03
1.948429999999999927e+04 2.316057384217496632e-03
1.948759999999999854e+04 2.157987560780530185e-03
1.949090000000000146e+04 2.022457091885976766e-03
1.949420000000000073e+04 1.883019936625311480e-03
1.949750000000000000e+04 1.746111233867393177e-03
1.950079999999999927e+04 1.587502679245203670e-03
1.950409999999999854e+04 1.435473233491031892e-03
1.950740000000000146e+04 1.286679567485753692e-03
1.951070000000000073e+04 1.124948226910896069e-03
1.951400000000000000e+04 9.995171618156434637e-04
1.951729999999999927e+04 8.588071889476685521e-04
1.952059999999999854e+04 7.033779215104349466e-04
1.952390000000000146e+04 5.685487358588532268e-04
1.952720000000000073e+04 4.403991371714935203e-04
1.953050000000000000e+04 3.075982237483712491e-04
1.953379999999999927e+04 1.807578694677653677e-04
1.953709999999999854e+04 4.734778288881441778e-05
1.954040000000000146e+04 -8.625379042862076540e-05
1.954370000000000073e+04 -2.002325903915085797e-04
1.954700000000000000e+04 -2.978656620815962755e-04
1.955020000000000073e+04 -4.108304421083241206e-04
1.955350000000000000e+04 -5.228656786565066047e-04
1.955679999999999927e+04 -6.326361083009427637e-04
1.956009999999999854e+04 -7.259243920227641559e-04
1.956340000000000146e+04 -8.246525208141619167e-04
1.956670000000000073e+04 -9.253552950995517752e-04
1.957000000000000000e+04 -1.022575664898235604e-03
1.957329999999999927e+04 -1.138461698592439005e-03
1.957659999999999854e+04 -1.228521370641391490e-03
1.957990000000000146e+04 -1.319036108764501522e-03
1.958320000000000073e+04 -1.426943069118986320e-03
1.958650000000000000e+04 -1.540668040976702095e-03
1.958979999999999927e+04 -1.608738016533187978e-03
1.959309999999999854e+04 -1.682458428825284917e-03
1.959640000000000146e+04 -1.764385501298651937e-03
1.959970000000000073e+04 -1.845433683739243448e-03
1.960300000000000000e+04 -1.924919641954947296e-03
1.960629999999999927e+04 -2.003517768242664161e-03
1.960959999999999854e+04 -2.069690606792201886e-03
1.961290000000000146e+04 -2.147168652859768063e-03
1.961609999999999854e+04 -2.233686190587199152e-03
1.961940000000000146e+04 -2.305758348754411401e-03
1.962270000000000073e+04 -2.388003725671251042e-03
1.962600000000000000e+04 -2.462169124587115093e-03
1.962929999999999927e+04 -2.528130588508844048e-03
1.963259999999999854e+04 -2.582140397300600534e-03
1.963590000000000146e+04 -2.624917026198552491e-03
1.963920000000000073e+04 -2.710398073243555465e-03
1.964250000000000000e+04 -2.766048698301993170e-03
1.964579999999999927e+04 -2.843267343364047281e-03
1.964909999999999854e+04 -2.921067315750886222e-03
1.965240000000000146e+04 -3.000333607957877177e-03
1.965570000000000073e+04 -3.094254360883663506e-03
1.965900000000000000e+04 -3.147733932926010964e-03
1.966229999999999927e+04 -3.182717615387965250e-03
1.966559999999999854e+04 -3.221010400225870953e-03
1.966890000000000146e+04 -3.285562051594324851e-03
1.967220000000000073e+04 -3.345696788140401900e-03
1.967550000000000000e+04 -3.391090131042632724e-03
1.967870000000000073e+04 -3.469060691581803482e-03
1.968200000000000000e+04 -3.504691087441631075e-03
1.968529999999999927e+04 -3.544843667742221104e-03
1.968859999999999854e+04 -3.583092472941894809e-03
1.969190000000000146e+04 -3.607966271193765572e-03
1.969520000000000073e+04 -3.648014670152963275e-03
1.969850000000000000e+04 -3.687456656145296930e-03
1.970179999999999927e+04 -3.712566553761901828e-03
1.970509999999999854e+04 -3.752440159245841456e-03
1.970840000000000146e+04 -3.829297042057757186e-03
1.971170000000000073e+04 -3.903836973860595402e-03
1.971500000000000000e+04 -3.942046709589719714e-03
1.971829999999999927e+04 -3.993736450320267521e-03
1.972159999999999854e+04 -4.005325383902003621e-03
1.972490000000000146e+04 -4.027535495539077276e-03
1.972820000000000073e+04 -4.079398800151490777e-03
1.973150000000000000e+04 -4.134637961108461081e-03
1.973479999999999927e+04 -4.181227916997758143e-03
1.973809999999999854e+04 -4.209066707194241558e-03
1.974140000000000146e+04 -4.263885313086372177e-03
1.974459999999999854e+04 -4.324872393170212971e-03
1.974790000000000146e+04 -4.346062893107040075e-03
1.975120000000000073e+04 -4.338328064955077577e-03
1.975450000000000000e+04 -4.384690672984233560e-03
1.975779999999999927e+04 -4.418834830951651194e-03
1.976109999999999854e+04 -4.462809223626302245e-03
1.976440000000000146e+04 -4.510423921638305120e-03
1.976770000000000073e+04 -4.576142346700701191e-03
1.977100000000000000e+04 -4.619831221464801817e-03
1.977429999999999927e+04 -4.654070668333902712e-03
1.977759999999999854e+04 -4.694904065308070328e-03
1.978090000000000146e+04 -4.734173603034397097e-03
1.978420000000000073e+04 -4.782836694309776718e-03
1.978750000000000000e+04 -4.796423343316085809e-03
1.979079999999999927e+04 -4.839377533582189458e-03
1.979409999999999854e+04 -4.856742987731787684e-03
1.979740000000000146e+04 -4.887483613804613665e-03
1.980070000000000073e+04 -4.930084987412694519e-03
1.980400000000000000e+04 -4.944105974426417881e-03
1.980720000000000073e+04 -4.979045754012666192e-03
1.981050000000000000e+04 -4.983027683914940421e-03
1.981379999999999927e+04 -4.990233861903527017e-03
1.981709999999999854e+04 -4.995243738107112662e-03
1.982040000000000146e+04 -4.988646139161440410e-03
1.982370000000000073e+04 -5.001104377197859892e-03
1.982700000000000000e+04 -5.035566897664844367e-03
1.983029999999999927e+04 -5.052105779450191334e-03
1.983359999999999854e+04 -5.046088474127103686e-03
1.983690000000000146e+04 -5.042260194611609611e-03
1.984020000000000073e+04 -5.042925242466893970e-03
1.984350000000000000e+04 -5.056420042044401653e-03
1.984679999999999927e+04 -5.063148686504538067e-03
1.985009999999999854e+04 -5.071044997302286139e-03
1.985340000000000146e+04 -5.100396709691643223e-03
1.985670000000000073e+04 -5.154740345397220043e-03
1.986000000000000000e+04 -5.188447483010012740e-03
1.986329999999999927e+04 -5.224679991879999444e-03
1.986659999999999854e+04 -5.241205304564920675e-03
1.986990000000000146e+04 -5.247936741451139989e-03
1.987309999999999854e+04 -5.226614786831106432e-03
1.987640000000000146e+04 -5.234647166702450713e-03
1.987970000000000073e+04 -5.246516056490295628e-03
1.988300000000000000e+04 -5.258204850941740512e-03
1.988629999999999927e+04 -5.297478900579199318e-03
1.988959999999999854e+04 -5.359567599894453534e-03
1.989290000000000146e+04 -5.364823526100848984e-03
1.989620000000000073e+04 -5.362875137218939790e-03
1.989950000000000000e+04 -5.371575714630586439e-03
1.990279999999999927e+04 -5.366137060145566469e-03
1.990609999999999854e+04 -5.366375511717757195e-03
1.990940000000000146e+04 -5.348070430786294564e-03
1.991270000000000073e+04 -5.361447187296699939e-03
1.991600000000000000e+04 -5.363915516341797793e-03
1.991929999999999927e+04 -5.371597784330271394e-03
1.992259999999999854e+04 -5.368811476088126630e-03
1.992590000000000146e+04 -5.361524886027133931e-03
