1.716800000000000000e+04 3.558830372473157267e-04
1.717129999999999927e+04 3.672006670027386666e-04
1.717459999999999854e+04 3.538482963741045430e-04
1.717790000000000146e+04 3.494563299253697895e-04
1.718120000000000073e+04 3.518464860507576446e-04
1.718450000000000000e+04 3.549804152156232429e-04
1.718779999999999927e+04 3.439244723663935138e-04
1.719109999999999854e+04 3.390606515426888563e-04
1.719440000000000146e+04 3.560698749491130887e-04
1.719770000000000073e+04 3.488679240239592823e-04
1.720100000000000000e+04 3.476213795856591265e-04
1.720429999999999927e+04 3.461579657182117646e-04
1.720759999999999854e+04 3.407692975896370585e-04
1.721090000000000146e+04 3.380941697192369204e-04
1.721420000000000073e+04 3.443027087838739842e-04
1.721750000000000000e+04 3.364270853664402990e-04
1.722079999999999927e+04 3.366893202536715515e-04
1.722409999999999854e+04 3.295621329004303391e-04
1.722729999999999927e+04 3.293035237456433460e-04
1.723059999999999854e+04 3.321774384247357125e-04
1.723390000000000146e+04 3.300676725206629341e-04
1.723720000000000073e+04 3.289091544403690811e-04
1.724050000000000000e+04 3.362282872370784626e-04
1.724379999999999927e+04 3.205324445866663098e-04
1.724709999999999854e+04 3.203970051698181755e-04
1.725040000000000146e+04 3.165517344483994352e-04
1.725370000000000073e+04 3.282282085702798238e-04
1.725700000000000000e+04 3.308673250340957096e-04
1.726029999999999927e+04 3.274763403025373362e-04
1.726359999999999854e+04 3.354811930581203753e-04
1.726690000000000146e+04 3.347211485260882476e-04
1.727020000000000073e+04 3.308474681891000638e-04
1.727350000000000000e+04 3.377165848908404624e-04
1.727679999999999927e+04 3.298691652580880798e-04
1.728009999999999854e+04 3.316199305440615218e-04
1.728340000000000146e+04 3.426641880239650610e-04
1.728670000000000073e+04 3.303830990794722313e-04
1.729000000000000000e+04 3.404266980234677041e-04
1.729320000000000073e+04 3.385943998193388822e-04
1.729650000000000000e+04 3.481949837749638023e-04
1.729979999999999927e+04 3.471909730698072272e-04
1.730309999999999854e+04 3.508952744333574889e-04
1.730640000000000146e+04 3.485331723189804198e-04
1.730970000000000073e+04 3.492270425814583473e-04
1.731300000000000000e+04 3.476869213440468369e-04
1.731629999999999927e+04 3.577103826057563378e-04
1.731959999999999854e+04 3.593344827396986914e-04
1.732290000000000146e+04 3.660829608739498472e-04
1.732620000000000073e+04 3.795703491460876650e-04
1.732950000000000000e+04 3.807937669684141103e-04
1.733279999999999927e+04 3.892746764070695699e-04
1.733609999999999854e+04 3.842853874191023847e-04
1.733940000000000146e+04 3.905815950142260749e-04
1.734270000000000073e+04 3.913545274280523035e-04
1.734600000000000000e+04 3.931686539749067264e-04
1.734929999999999927e+04 3.998335302589193932e-04
1.735259999999999854e+04 4.038074881956768146e-04
1.735579999999999927e+04 4.042769946185277466e-04
1.735909999999999854e+04 3.907020061893843872e-04
1.736240000000000146e+04 3.969931594326340856e-04
1.736570000000000073e+04 3.923289822505209392e-04
1.736900000000000000e+04 3.993145723144809686e-04
1.737229999999999927e+04 4.024726639270514300e-04
1.737559999999999854e+04 4.091451439414939511e-04
1.737890000000000146e+04 4.170623992362769037e-04
1.738220000000000073e+04 4.253485644008662470e-04
1.738550000000000000e+04 4.197613582268327407e-04
1.738879999999999927e+04 4.291834519573666873e-04
1.739209999999999854e+04 4.367158293861224524e-04
1.739540000000000146e+04 4.482813148866957921e-04
1.739870000000000073e+04 4.568570718280638623e-04
1.740200000000000000e+04 4.589915577551379844e-04
1.740529999999999927e+04 4.628050922427014310e-04
1.740859999999999854e+04 4.694160665002680265e-04
1.741190000000000146e+04 4.830033636502345691e-04
1.741520000000000073e+04 4.950948440595460661e-04
1.741850000000000000e+04 4.973041783007499861e-04
1.742170000000000073e+04 5.056943130221211360e-04
1.742500000000000000e+04 5.073864355412431235e-04
1.742829999999999927e+04 5.146236444178073875e-04
1.743159999999999854e+04 5.243563249235614915e-04
1.743490000000000146e+04 5.303095125603167481e-04
1.743820000000000073e+04 5.298008784952827881e-04
1.744150000000000000e+04 5.360261249212947650e-04
1.744479999999999927e+04 5.399103308092536874e-04
1.744809999999999854e+04 5.451332680379305552e-04
1.745140000000000146e+04 5.534269402015671918e-04
1.745470000000000073e+04 5.552574649005761250e-04
1.745800000000000000e+04 5.629502808647339181e-04
1.746129999999999927e+04 5.600653024753001223e-04
1.746459999999999854e+04 5.626792496841327013e-04
1.746790000000000146e+04 5.631257110914137656e-04
1.747120000000000073e+04 5.691438603692664270e-04
1.747450000000000000e+04 5.791612029239725677e-04
1.747779999999999927e+04 5.907004577417198461e-04
1.748109999999999854e+04 5.934610693306465725e-04
1.748429999999999927e+04 6.049580232537753741e-04
1.748759999999999854e+04 6.056742916677938142e-04
1.749090000000000146e+04 6.111973709692746773e-04
1.749420000000000073e+04 6.165169337125367627e-04
1.749750000000000000e+04 6.239246185572034894e-04
1.750079999999999927e+04 6.239343240329574009e-04
1.750409999999999854e+04 6.278034724382694064e-04
1.750740000000000146e+04 6.255231080983081988e-04
1.751070000000000073e+04 6.275617302471745828e-04
1.751400000000000000e+04 6.199269467030250284e-04
1.751729999999999927e+04 6.135869156714637319e-04
1.752059999999999854e+04 6.174809289811322580e-04
1.752390000000000146e+04 6.282856857174154864e-04
1.752720000000000073e+04 6.310679890059809737e-04
1.753050000000000000e+04 6.344281488555417485e-04
1.753379999999999927e+04 6.366786977292485149e-04
1.753709999999999854e+04 6.327155139168529237e-04
1.754040000000000146e+04 6.279653390076077616e-04
1.754370000000000073e+04 6.236626969774519691e-04
1.754700000000000000e+04 6.259460460847219221e-04
1.755020000000000073e+04 6.339981367668196411e-04
1.755350000000000000e+04 6.396501018798198641e-04
1.755679999999999927e+04 6.401607911079667569e-04
1.756009999999999854e+04 6.382455441743406380e-04
1.756340000000000146e+04 6.372408868765093697e-04
1.756670000000000073e+04 6.390237764491729254e-04
1.757000000000000000e+04 6.439912064769846064e-04
1.757329999999999927e+04 6.416363485090525705e-04
1.757659999999999854e+04 6.410924953886807135e-04
1.757990000000000146e+04 6.337841142017014559e-04
1.758320000000000073e+04 6.400562156375416353e-04
1.758650000000000000e+04 6.400764429152512982e-04
1.758979999999999927e+04 6.452708406303976282e-04
1.759309999999999854e+04 6.426048427387838838e-04
1.759640000000000146e+04 6.434083940893857347e-04
1.759970000000000073e+04 6.462649621434777550e-04
1.760300000000000000e+04 6.494129574478405562e-04
1.760629999999999927e+04 6.487049699861513518e-04
1.760959999999999854e+04 6.497086477787132998e-04
1.761290000000000146e+04 6.445621057124257917e-04
1.761609999999999854e+04 6.432796842794308257e-04
1.761940000000000146e+04 6.440373721582874503e-04
1.762270000000000073e+04 6.476010187027910880e-04
1.762600000000000000e+04 6.523667217734308802e-04
1.762929999999999927e+04 6.628025586887129018e-04
1.763259999999999854e+04 6.703355342102053534e-04
1.763590000000000146e+04 6.701917055392830240e-04
1.763920000000000073e+04 6.716541581551808363e-04
1.764250000000000000e+04 6.698741023982867802e-04
1.764579999999999927e+04 6.762215223341276268e-04
1.764909999999999854e+04 6.778566435172964262e-04
1.765240000000000146e+04 6.797703376277487892e-04
1.765570000000000073e+04 6.752752555064652981e-04
1.765900000000000000e+04 6.765176276988328673e-04
1.766229999999999927e+04 6.762845680813566731e-04
1.766559999999999854e+04 6.806134310844850002e-04
1.766890000000000146e+04 6.909199617219321425e-04
1.767220000000000073e+04 7.031680428650134056e-04
1.767550000000000000e+04 7.097526919304379851e-04
1.767870000000000073e+04 7.213128676143438622e-04
1.768200000000000000e+04 7.290093331202775369e-04
1.768529999999999927e+04 7.265894706748647841e-04
1.768859999999999854e+04 7.287769139028651586e-04
1.769190000000000146e+04 7.253499869951712722e-04
1.769520000000000073e+04 7.298548730980907286e-04
1.769850000000000000e+04 7.306231737460349351e-04
1.770179999999999927e+04 7.324575725633403244e-04
1.770509999999999854e+04 7.394837096080453731e-04
1.770840000000000146e+04 7.449311356327622917e-04
1.771170000000000073e+04 7.489582684872444617e-04
1.771500000000000000e+04 7.482407863226362950e-04
1.771829999999999927e+04 7.408292623589394013e-04
1.772159999999999854e+04 7.487319092678693154e-04
1.772490000000000146e+04 7.510465703547182124e-04
1.772820000000000073e+04 7.581887002442735078e-04
1.773150000000000000e+04 7.641469040457713477e-04
1.773479999999999927e+04 7.642266330478004977e-04
1.773809999999999854e+04 7.656130016985516215e-04
1.774140000000000146e+04 7.669583598785436164e-04
1.774459999999999854e+04 7.747543154509417378e-04
1.774790000000000146e+04 7.760391672773940454e-04
1.775120000000000073e+04 7.826852964532337925e-04
1.775450000000000000e+04 7.851070304572271841e-04
1.775779999999999927e+04 7.973413752358064245e-04
1.776109999999999854e+04 8.027414322863873951e-04
1.776440000000000146e+04 8.083542353054511825e-04
1.776770000000000073e+04 8.125184410150667258e-04
1.777100000000000000e+04 8.188473355806288661e-04
1.777429999999999927e+04 8.206163335618055958e-04
1.777759999999999854e+04 8.265870689906051590e-04
1.778090000000000146e+04 8.337541092838545624e-04
1.778420000000000073e+04 8.422244577963273549e-04
1.778750000000000000e+04 8.408433975482154567e-04
1.779079999999999927e+04 8.520821277420481590e-04
1.779409999999999854e+04 8.536540577239589908e-04
1.779740000000000146e+04 8.627445444958255216e-04
1.780070000000000073e+04 8.687130395693864115e-04
1.780400000000000000e+04 8.699017204307046402e-04
1.780720000000000073e+04 8.752851958601054298e-04
1.781050000000000000e+04 8.772587613048089166e-04
1.781379999999999927e+04 8.812677935311029461e-04
1.781709999999999854e+04 8.833361956823690452e-04
1.782040000000000146e+04 8.917569128545656514e-04
1.782370000000000073e+04 8.976478946153568445e-04
1.782700000000000000e+04 8.964035089156974960e-04
1.783029999999999927e+04 9.003763498329402180e-04
1.783359999999999854e+04 8.969106380391632816e-04
1.783690000000000146e+04 9.043070079918411573e-04
1.784020000000000073e+04 9.041536689035681567e-04
1.784350000000000000e+04 9.124502785649433361e-04
1.784679999999999927e+04 9.234645621190494752e-04
1.785009999999999854e+04 9.369458839219549535e-04
1.785340000000000146e+04 9.410436695083593652e-04
1.785670000000000073e+04 9.510959596313285028e-04
1.786000000000000000e+04 9.576349510341308552e-04
1.786329999999999927e+04 9.600522697415429883e-04
1.786659999999999854e+04 9.759121225666962706e-04
1.786990000000000146e+04 9.850763293072337026e-04
1.787309999999999854e+04 9.889845183704553278e-04
1.787640000000000146e+04 9.918207900363731552e-04
1.787970000000000073e+04 1.000867037744426410e-03
1.788300000000000000e+04 1.011084257164410411e-03
1.788629999999999927e+04 1.014891496163633803e-03
1.788959999999999854e+04 1.016478025430046653e-03
1.789290000000000146e+04 1.021498547688497660e-03
1.789620000000000073e+04 1.024001808592698301e-03
1.789950000000000000e+04 1.029231445451295668e-03
1.790279999999999927e+04 1.037753098643902925e-03
1.790609999999999854e+04 1.040394622746670895e-03
1.790940000000000146e+04 1.045237458789669525e-03
1.791270000000000073e+04 1.051462294221360352e-03
1.791600000000000000e+04 1.053298759684684989e-03
1.791929999999999927e+04 1.056526597377811186e-03
1.792259999999999854e+04 1.060780719258500081e-03
1.792590000000000146e+04 1.062680321378727541e-03
1.792920000000000073e+04 1.061999969848675431e-03
1.793250000000000000e+04 1.065693379811518326e-03
1.793570000000000073e+04 1.075883826001176012e-03
1.793900000000000000e+04 1.083621759387008244e-03
1.794229999999999927e+04 1.083619141141288836e-03
1.794559999999999854e+04 1.082705765378271607e-03
1.794890000000000146e+04 1.085344102665946296e-03
1.795220000000000073e+04 1.091235569688263005e-03
1.795550000000000000e+04 1.087309107727417543e-03
1.795879999999999927e+04 1.082288028459608628e-03
1.796209999999999854e+04 1.081213961971989618e-03
1.796540000000000146e+04 1.085174546882751922e-03
1.796870000000000073e+04 1.092782553516719046e-03
1.797200000000000000e+04 1.094643552061606026e-03
1.797529999999999927e+04 1.098335179960669827e-03
1.797859999999999854e+04 1.097386494792229649e-03
1.798190000000000146e+04 1.105918501679975345e-03
1.798520000000000073e+04 1.112959614701297196e-03
1.798850000000000000e+04 1.109704175925417882e-03
1.799179999999999927e+04 1.113230541985174397e-03
1.799509999999999854e+04 1.117902705196250398e-03
1.799840000000000146e+04 1.117991094528204311e-03
1.800159999999999854e+04 1.118087221004412934e-03
1.800490000000000146e+04 1.121212255437299037e-03
1.800820000000000073e+04 1.114462334384584349e-03
1.801150000000000000e+04 1.105776924214454471e-03
1.801479999999999927e+04 1.103611234679544245e-03
1.801809999999999854e+04 1.110202571196240284e-03
1.802140000000000146e+04 1.109136588084597445e-03
1.802470000000000073e+04 1.106084655007355446e-03
1.802800000000000000e+04 1.120714696890323745e-03
1.803129999999999927e+04 1.121812153145766277e-03
1.803459999999999854e+04 1.118207819490208517e-03
1.803790000000000146e+04 1.112291567668352056e-03
1.804120000000000073e+04 1.111431792876925104e-03
1.804450000000000000e+04 1.108256896614870628e-03
1.804779999999999927e+04 1.096864668584040040e-03
1.805109999999999854e+04 1.093296613289338045e-03
1.805440000000000146e+04 1.103186127440473896e-03
1.805770000000000073e+04 1.095158442617390811e-03
1.806100000000000000e+04 1.086877199497887810e-03
1.806429999999999927e+04 1.075936874399527820e-03
1.806750000000000000e+04 1.069809991486052889e-03
1.807079999999999927e+04 1.059466106684102751e-03
1.807409999999999854e+04 1.045037447662360052e-03
1.807740000000000146e+04 1.040798696378422272e-03
1.808070000000000073e+04 1.035855765966259192e-03
1.808400000000000000e+04 1.036901672712551041e-03
1.808729999999999927e+04 1.029693321339539541e-03
1.809059999999999854e+04 1.025848475545622406e-03
1.809390000000000146e+04 1.019874714556918884e-03
1.809720000000000073e+04 1.015076975226487195e-03
1.810050000000000000e+04 1.000881180807442492e-03
1.810379999999999927e+04 9.959740429963373411e-04
1.810709999999999854e+04 1.000069543224463156e-03
1.811040000000000146e+04 1.000771675725743498e-03
1.811370000000000073e+04 9.973950966113093262e-04
1.811700000000000000e+04 9.938865923148527959e-04
1.812029999999999927e+04 9.966537948350459933e-04
1.812359999999999854e+04 9.989097129250727909e-04
1.812690000000000146e+04 9.928496743173064951e-04
1.813009999999999854e+04 9.814277829252866618e-04
1.813340000000000146e+04 9.789421811845229037e-04
1.813670000000000073e+04 9.743622958773203585e-04
1.814000000000000000e+04 9.765103360533396561e-04
1.814329999999999927e+04 9.670125941027285510e-04
1.814659999999999854e+04 9.532177466404207324e-04
1.814990000000000146e+04 9.422392414182546253e-04
1.815320000000000073e+04 9.417484780444934861e-04
1.815650000000000000e+04 9.376197843176283095e-04
1.815979999999999927e+04 9.332742041866660520e-04
1.816309999999999854e+04 9.330691042976224257e-04
1.816640000000000146e+04 9.251315997785918531e-04
1.816970000000000073e+04 9.231669565367832701e-04
1.817300000000000000e+04 9.257343700646643476e-04
1.817629999999999927e+04 9.267492749086633655e-04
1.817959999999999854e+04 9.249590934615313119e-04
1.818290000000000146e+04 9.292008741077695992e-04
1.818620000000000073e+04 9.480807940830088916e-04
1.818950000000000000e+04 9.559952933164790265e-04
1.819279999999999927e+04 9.554246057705886039e-04
1.819600000000000000e+04 9.565217528512571371e-04
1.819929999999999927e+04 9.628960805109493390e-04
1.820259999999999854e+04 9.687983097800451386e-04
1.820590000000000146e+04 9.730645912821531693e-04
1.820920000000000073e+04 9.760129503470449342e-04
1.821250000000000000e+04 9.811316807967161973e-04
1.821579999999999927e+04 9.839322547147910051e-04
1.821909999999999854e+04 9.845472651673805708e-04
1.822240000000000146e+04 1.000281007551478757e-03
1.822570000000000073e+04 1.019636838905996733e-03
1.822900000000000000e+04 1.041982642929217134e-03
1.823229999999999927e+04 1.061093839100660415e-03
1.823559999999999854e+04 1.090439177527470710e-03
1.823890000000000146e+04 1.106743203012581665e-03
1.824220000000000073e+04 1.131875416809309575e-03
1.824550000000000000e+04 1.154013179360225847e-03
1.824879999999999927e+04 1.168388407237470113e-03
1.825209999999999854e+04 1.178278212238670483e-03
1.825540000000000146e+04 1.194504130058462576e-03
1.825859999999999854e+04 1.210634150051701895e-03
1.826190000000000146e+04 1.232694807990940972e-03
1.826520000000000073e+04 1.256946377253648347e-03
1.826850000000000000e+04 1.275824960924535094e-03
1.827179999999999927e+04 1.281065204593102511e-03
1.827509999999999854e+04 1.290632423899578957e-03
1.827840000000000146e+04 1.299526752820112738e-03
1.828170000000000073e+04 1.314461511085845144e-03
1.828500000000000000e+04 1.317533908072660541e-03
1.828829999999999927e+04 1.337668143981077685e-03
1.829159999999999854e+04 1.354484918888796199e-03
1.829490000000000146e+04 1.380610609394042820e-03
1.829820000000000073e+04 1.387214021442739406e-03
1.830150000000000000e+04 1.392616322460718883e-03
1.830479999999999927e+04 1.411509345842791498e-03
1.830809999999999854e+04 1.441763883095690093e-03
1.831140000000000146e+04 1.463180466829569048e-03
1.831470000000000073e+04 1.485108466579205568e-03
1.831800000000000000e+04 1.503132908745143060e-03
1.832129999999999927e+04 1.530327926607314261e-03
1.832450000000000000e+04 1.543527845261158642e-03
1.832779999999999927e+04 1.555619041465867687e-03
1.833109999999999854e+04 1.578600626734919920e-03
1.833440000000000146e+04 1.600847847902286437e-03
1.833770000000000073e+04 1.615576367135650735e-03
1.834100000000000000e+04 1.651235711654976297e-03
1.834429999999999927e+04 1.664498178162321634e-03
1.834759999999999854e+04 1.686892042186208035e-03
1.835090000000000146e+04 1.701572787576851545e-03
1.835420000000000073e+04 1.725794947300072048e-03
1.835750000000000000e+04 1.747399466006420692e-03
1.836079999999999927e+04 1.778616228696078792e-03
1.836409999999999854e+04 1.807724766382218674e-03
1.836740000000000146e+04 1.830200732543292661e-03
1.837070000000000073e+04 1.855553857937651497e-03
1.837400000000000000e+04 1.892444896691728752e-03
1.837729999999999927e+04 1.923408979556181977e-03
1.838059999999999854e+04 1.946646203318624533e-03
1.838390000000000146e+04 1.980038245102860688e-03
1.838709999999999854e+04 1.995630408399094897e-03
1.839040000000000146e+04 2.024056160809284063e-03
1.839370000000000073e+04 2.037250849156619151e-03
1.839700000000000000e+04 2.062100241457929042e-03
1.840029999999999927e+04 2.077599731885103156e-03
1.840359999999999854e+04 2.110268139931092968e-03
1.840690000000000146e+04 2.121435845727277347e-03
1.841020000000000073e+04 2.137122051929866203e-03
1.841350000000000000e+04 2.166819555376831713e-03
1.841679999999999927e+04 2.193241788928360428e-03
1.842009999999999854e+04 2.213248248198747270e-03
1.842340000000000146e+04 2.246817140944368067e-03
1.842670000000000073e+04 2.269023026828484099e-03
1.843000000000000000e+04 2.293992965113606994e-03
1.843329999999999927e+04 2.311301092054263498e-03
1.843659999999999854e+04 2.354027023777642905e-03
1.843990000000000146e+04 2.387543007707577849e-03
1.844320000000000073e+04 2.426526711730142734e-03
1.844650000000000000e+04 2.462779299170289246e-03
1.844979999999999927e+04 2.507699707503988941e-03
1.845300000000000000e+04 2.541528957451037220e-03
1.845629999999999927e+04 2.577391019758966222e-03
1.845959999999999854e+04 2.590211700122573447e-03
1.846290000000000146e+04 2.636785142451169781e-03
1.846620000000000073e+04 2.662903682123944019e-03
1.846950000000000000e+04 2.679956250579906482e-03
1.847279999999999927e+04 2.708773744236550683e-03
1.847609999999999854e+04 2.735527437936713553e-03
1.847940000000000146e+04 2.754276704720092124e-03
1.848270000000000073e+04 2.777659711150225978e-03
1.848600000000000000e+04 2.794250184800395765e-03
1.848929999999999927e+04 2.822481415925690972e-03
1.849259999999999854e+04 2.853655105225380139e-03
1.849590000000000146e+04 2.867528461337916050e-03
1.849920000000000073e+04 2.900189213876921881e-03
1.850250000000000000e+04 2.943005921155009315e-03
1.850579999999999927e+04 2.980284322113814933e-03
1.850909999999999854e+04 3.033847645226579303e-03
1.851240000000000146e+04 3.057288358597970348e-03
1.851570000000000073e+04 3.068334497708880004e-03
1.851890000000000146e+04 3.084067773128384461e-03
1.852220000000000073e+04 3.109731236286771526e-03
1.852550000000000000e+04 3.139446441410480380e-03
1.852879999999999927e+04 3.169697211777152638e-03
1.853209999999999854e+04 3.220223576348548670e-03
1.853540000000000146e+04 3.263786481922694750e-03
1.853870000000000073e+04 3.321032948129514373e-03
1.854200000000000000e+04 3.377646443864418084e-03
1.854529999999999927e+04 3.448436135519694027e-03
1.854859999999999854e+04 3.481434095740915894e-03
1.855190000000000146e+04 3.537621556699484162e-03
1.855520000000000073e+04 3.592876844252313948e-03
1.855850000000000000e+04 3.662697481804982110e-03
1.856179999999999927e+04 3.737130887375519819e-03
1.856509999999999854e+04 3.784678901881759466e-03
1.856840000000000146e+04 3.856114061307956871e-03
1.857170000000000073e+04 3.919181710852363831e-03
1.857500000000000000e+04 3.984287188828585131e-03
1.857829999999999927e+04 4.048476616998347884e-03
1.858150000000000000e+04 4.125330477312061372e-03
1.858479999999999927e+04 4.194073944573478881e-03
1.858809999999999854e+04 4.265761849983332708e-03
1.859140000000000146e+04 4.355120583947362338e-03
1.859470000000000073e+04 4.432781579982988072e-03
1.859800000000000000e+04 4.523724792952413601e-03
1.860129999999999927e+04 4.595070568634716281e-03
1.860459999999999854e+04 4.683927937767832193e-03
1.860790000000000146e+04 4.769627905532755792e-03
1.861120000000000073e+04 4.864547435896834568e-03
1.861450000000000000e+04 4.986298284269585421e-03
1.861779999999999927e+04 5.074773900956538845e-03
1.862109999999999854e+04 5.171110848297457048e-03
1.862440000000000146e+04 5.284279397261010779e-03
1.862770000000000073e+04 5.390133339978554067e-03
1.863100000000000000e+04 5.525338765660610732e-03
1.863429999999999927e+04 5.659788395458166879e-03
1.863759999999999854e+04 5.783795534669952838e-03
1.864090000000000146e+04 5.903641444398178249e-03
1.864420000000000073e+04 6.077638141739126303e-03
1.864740000000000146e+04 6.226324774714721288e-03
1.865070000000000073e+04 6.377718273400110813e-03
1.865400000000000000e+04 6.554901666957422580e-03
1.865729999999999927e+04 6.722769271726347119e-03
1.866059999999999854e+04 6.896808702103931349e-03
1.866390000000000146e+04 7.054806552987940432e-03
1.866720000000000073e+04 7.211503997671513295e-03
1.867050000000000000e+04 7.358477776691367024e-03
1.867379999999999927e+04 7.519365505296958865e-03
1.867709999999999854e+04 7.690404043650899378e-03
1.868040000000000146e+04 7.898509355890634409e-03
1.868370000000000073e+04 8.151535611310652824e-03
1.868700000000000000e+04 8.372148567616716913e-03
1.869029999999999927e+04 8.553667728727790825e-03
1.869359999999999854e+04 8.798404778310571495e-03
1.869690000000000146e+04 9.019088632630987284e-03
1.870020000000000073e+04 9.133670387193400589e-03
1.870350000000000000e+04 9.230148172738560086e-03
1.870679999999999927e+04 9.400096637170755540e-03
1.871000000000000000e+04 9.659059003752279091e-03
1.871329999999999927e+04 9.856720575001209211e-03
1.871659999999999854e+04 1.000081820152343842e-02
1.871990000000000146e+04 1.015448942198692375e-02
1.872320000000000073e+04 1.029541828354235342e-02
1.872650000000000000e+04 1.044735894461822773e-02
1.872979999999999927e+04 1.059480094610079810e-02
1.873309999999999854e+04 1.074195460724650629e-02
1.873640000000000146e+04 1.088563455145556864e-02
1.873970000000000073e+04 1.106191798552912109e-02
1.874300000000000000e+04 1.116680660698483353e-02
1.874629999999999927e+04 1.131218640619451217e-02
1.874959999999999854e+04 1.142303753344855143e-02
1.875290000000000146e+04 1.152854857873197858e-02
1.875620000000000073e+04 1.163833273435102046e-02
1.875950000000000000e+04 1.181761325365437466e-02
1.876279999999999927e+04 1.198700398940903342e-02
1.876609999999999854e+04 1.214495592081707258e-02
1.876940000000000146e+04 1.227398662038989806e-02
1.877270000000000073e+04 1.245346265526318941e-02
1.877590000000000146e+04 1.267447669609667038e-02
1.877920000000000073e+04 1.278269280899258821e-02
1.878250000000000000e+04 1.298911152794617573e-02
1.878579999999999927e+04 1.319854299111799731e-02
1.878909999999999854e+04 1.344101511047613579e-02
1.879240000000000146e+04 1.369443952229702256e-02
1.879570000000000073e+04 1.395590347237131261e-02
1.879900000000000000e+04 1.422922285554770010e-02
1.880229999999999927e+04 1.450607741485410683e-02
1.880559999999999854e+04 1.481138464162185149e-02
1.880890000000000146e+04 1.506353056929283368e-02
1.881220000000000073e+04 1.534167032289983704e-02
1.881550000000000000e+04 1.563318180605778249e-02
1.881879999999999927e+04 1.591040665667852252e-02
1.882209999999999854e+04 1.618833529293454629e-02
1.882540000000000146e+04 1.648042943535419497e-02
1.882870000000000073e+04 1.677501363666166617e-02
1.883200000000000000e+04 1.706968725191082559e-02
1.883529999999999927e+04 1.736865077027198792e-02
1.883859999999999854e+04 1.766296868683078780e-02
1.884179999999999927e+04 1.795567162449182227e-02
1.884509999999999854e+04 1.824658166657950470e-02
1.884840000000000146e+04 1.849080688634751821e-02
1.885170000000000073e+04 1.876855431967375254e-02
1.885500000000000000e+04 1.908961413209435409e-02
1.885829999999999927e+04 1.934109239385950474e-02
1.886159999999999854e+04 1.960438424377221323e-02
1.886490000000000146e+04 1.999535055383273169e-02
1.886820000000000073e+04 2.040007755668498193e-02
1.887150000000000000e+04 2.073567723879505761e-02
1.887479999999999927e+04 2.097897777819226692e-02
1.887809999999999854e+04 2.131421546181096888e-02
1.888140000000000146e+04 2.170525285505121513e-02
1.888470000000000073e+04 2.207709325977747980e-02
1.888800000000000000e+04 2.244950494315560083e-02
1.889129999999999927e+04 2.281504906297882745e-02
1.889459999999999854e+04 2.321324228523596531e-02
1.889790000000000146e+04 2.359185207108372220e-02
1.890120000000000073e+04 2.398113083273916216e-02
1.890440000000000146e+04 2.435107244521830805e-02
1.890770000000000073e+04 2.478286643660940203e-02
1.891100000000000000e+04 2.518428990667471654e-02
1.891429999999999927e+04 2.562410031640927066e-02
1.891759999999999854e+04 2.606261930230082194e-02
1.892090000000000146e+04 2.649826486665782938e-02
1.892420000000000073e+04 2.689194707753706642e-02
1.892750000000000000e+04 2.727258352298587984e-02
1.893079999999999927e+04 2.769182774112001477e-02
1.893409999999999854e+04 2.810463318395112556e-02
1.893740000000000146e+04 2.848745998249072389e-02
1.894070000000000073e+04 2.881793362351048327e-02
1.894400000000000000e+04 2.920963378853515605e-02
1.894729999999999927e+04 2.954181871418889299e-02
1.895059999999999854e+04 2.986704055135954924e-02
1.895390000000000146e+04 3.019659494134219538e-02
1.895720000000000073e+04 3.047845067506646521e-02
1.896050000000000000e+04 3.078037317717494462e-02
1.896379999999999927e+04 3.105419163544581584e-02
1.896709999999999854e+04 3.132155285150228785e-02
1.897029999999999927e+04 3.155175553043666065e-02
1.897359999999999854e+04 3.178565994822616508e-02
1.897690000000000146e+04 3.203788414737424733e-02
1.898020000000000073e+04 3.227283739561353365e-02
1.898350000000000000e+04 3.250385571293008813e-02
1.898679999999999927e+04 3.273669919581070897e-02
1.899009999999999854e+04 3.295760335420805376e-02
1.899340000000000146e+04 3.317732056379237016e-02
1.899670000000000073e+04 3.336620268648080728e-02
1.900000000000000000e+04 3.357339623252994509e-02
1.900329999999999927e+04 3.376172257421646700e-02
1.900659999999999854e+04 3.396437494932795509e-02
1.900990000000000146e+04 3.412491922419166879e-02
1.901320000000000073e+04 3.426938808188580154e-02
1.901650000000000000e+04 3.440154858134032018e-02
1.901979999999999927e+04 3.454164138197378386e-02
1.902309999999999854e+04 3.469176846239736822e-02
1.902640000000000146e+04 3.484995179638482321e-02
1.902970000000000073e+04 3.496562005304219845e-02
1.903290000000000146e+04 3.506520551987787199e-02
1.903620000000000073e+04 3.515846616459116641e-02
1.903950000000000000e+04 3.524208663913315498e-02
1.904279999999999927e+04 3.532002228759015261e-02
1.904609999999999854e+04 3.537918142917741843e-02
1.904940000000000146e+04 3.544298382337496278e-02
1.905270000000000073e+04 3.552425046354364124e-02
1.905600000000000000e+04 3.557365818542566893e-02
1.905929999999999927e+04 3.562356716281792068e-02
1.906259999999999854e+04 3.565345045652244804e-02
1.906590000000000146e+04 3.568449603786471441e-02
1.906920000000000073e+04 3.571487308542917877e-02
1.907250000000000000e+04 3.571405504186087737e-02
1.907579999999999927e+04 3.570914816408263248e-02
1.907909999999999854e+04 3.569665702796386009e-02
1.908240000000000146e+04 3.568281934351184154e-02
1.908570000000000073e+04 3.564635699537567481e-02
1.908900000000000000e+04 3.559289877899664972e-02
1.909229999999999927e+04 3.553968983073178128e-02
1.909559999999999854e+04 3.547095128779736289e-02
1.909879999999999927e+04 3.542524539315384385e-02
1.910209999999999854e+04 3.534171460569932727e-02
1.910540000000000146e+04 3.527012434815075120e-02
1.910870000000000073e+04 3.521103400087341462e-02
1.911200000000000000e+04 3.514746256856501883e-02
1.911529999999999927e+04 3.507295895183316914e-02
1.911859999999999854e+04 3.492412565685217712e-02
1.912190000000000146e+04 3.480539459277316727e-02
1.912520000000000073e+04 3.464332932878238375e-02
1.912850000000000000e+04 3.448875005656139303e-02
1.913179999999999927e+04 3.434487595616086270e-02
1.913509999999999854e+04 3.420717658091220609e-02
1.913840000000000146e+04 3.406386300787934973e-02
1.914170000000000073e+04 3.387932332207588271e-02
1.914500000000000000e+04 3.368944364809596526e-02
1.914829999999999927e+04 3.348468742389146963e-02
1.915159999999999854e+04 3.329244276522616564e-02
1.915490000000000146e+04 3.309558721870462655e-02
1.915820000000000073e+04 3.290708856265656124e-02
1.916140000000000146e+04 3.271507967541581463e-02
1.916470000000000073e+04 3.249318625551229911e-02
1.916800000000000000e+04 3.227461529622677877e-02
1.917129999999999927e+04 3.203532627012829065e-02
1.917459999999999854e+04 3.179533447136880658e-02
1.917790000000000146e+04 3.157537012636400797e-02
1.918120000000000073e+04 3.136351118129412224e-02
1.918450000000000000e+04 3.110694338522670965e-02
1.918779999999999927e+04 3.085067689800292251e-02
1.919109999999999854e+04 3.058645343418029544e-02
1.919440000000000146e+04 3.033106814821152214e-02
1.919770000000000073e+04 3.006786143350634669e-02
1.920100000000000000e+04 2.981279172836314231e-02
1.920429999999999927e+04 2.954960129465060426e-02
1.920759999999999854e+04 2.926711476997582648e-02
1.921090000000000146e+04 2.899589990976851953e-02
1.921420000000000073e+04 2.869710358720952217e-02
1.921750000000000000e+04 2.838638749157698996e-02
1.922079999999999927e+04 2.809006024832971793e-02
1.922409999999999854e+04 2.780204545716408876e-02
1.922729999999999927e+04 2.749512596209757048e-02
1.923059999999999854e+04 2.719785941268117180e-02
1.923390000000000146e+04 2.687724199863346028e-02
1.923720000000000073e+04 2.657753613706278356e-02
1.924050000000000000e+04 2.625727187114953662e-02
1.924379999999999927e+04 2.594510838521199916e-02
1.924709999999999854e+04 2.563701590826024737e-02
1.925040000000000146e+04 2.530909169667654515e-02
1.925370000000000073e+04 2.497210850938038143e-02
1.925700000000000000e+04 2.466138134403568841e-02
1.926029999999999927e+04 2.434387933114234501e-02
1.926359999999999854e+04 2.400643476578148694e-02
1.926690000000000146e+04 2.369156394000837898e-02
1.927020000000000073e+04 2.336061014488915663e-02
1.927350000000000000e+04 2.303699121347301329e-02
1.927679999999999927e+04 2.270444290369748319e-02
1.928009999999999854e+04 2.235421342645359591e-02
1.928340000000000146e+04 2.204041812736108608e-02
1.928670000000000073e+04 2.170572746243324899e-02
1.929000000000000000e+04 2.136818203382452597e-02
1.929320000000000073e+04 2.103982319533249934e-02
1.929650000000000000e+04 2.070420276107804575e-02
1.929979999999999927e+04 2.036886133237003974e-02
1.930309999999999854e+04 2.004370319836838721e-02
1.930640000000000146e+04 1.972430682081773370e-02
1.930970000000000073e+04 1.941092625294122548e-02
1.931300000000000000e+04 1.910261848029837228e-02
1.931629999999999927e+04 1.877407876814328122e-02
1.931959999999999854e+04 1.844859018358525893e-02
1.932290000000000146e+04 1.809335237127960433e-02
1.932620000000000073e+04 1.776404130414423535e-02
1.932950000000000000e+04 1.742507352361808912e-02
1.933279999999999927e+04 1.709596237077854256e-02
1.933609999999999854e+04 1.678349176527241596e-02
1.933940000000000146e+04 1.648060745480548622e-02
1.934270000000000073e+04 1.616676256433249512e-02
1.934600000000000000e+04 1.584018726082584566e-02
1.934929999999999927e+04 1.552182651342231406e-02
1.935259999999999854e+04 1.520328011088113718e-02
1.935579999999999927e+04 1.489210201058824116e-02
1.935909999999999854e+04 1.456692591265364156e-02
1.936240000000000146e+04 1.425142960720622229e-02
1.936570000000000073e+04 1.394025580243750916e-02
1.936900000000000000e+04 1.363299962594063074e-02
1.937229999999999927e+04 1.333385624201243597e-02
1.937559999999999854e+04 1.302505828438326255e-02
1.937890000000000146e+04 1.273908547834339509e-02
1.938220000000000073e+04 1.244989478323620807e-02
1.938550000000000000e+04 1.215328555421708173e-02
1.938879999999999927e+04 1.183903064773610819e-02
1.939209999999999854e+04 1.155154573512974167e-02
1.939540000000000146e+04 1.125241508328316334e-02
1.939870000000000073e+04 1.096097307832076886e-02
1.940200000000000000e+04 1.067870673579033106e-02
1.940529999999999927e+04 1.040138445328529608e-02
1.940859999999999854e+04 1.012944401209643283e-02
1.941190000000000146e+04 9.843395272024000123e-03
1.941520000000000073e+04 9.583082387642260017e-03
1.941850000000000000e+04 9.317795270245033193e-03
1.942170000000000073e+04 9.027349218704938325e-03
1.942500000000000000e+04 8.741764453808555796e-03
1.942829999999999927e+04 8.475717626603993318e-03
1.943159999999999854e+04 8.205423154840435496e-03
1.943490000000000146e+04 7.925290075938165243e-03
1.943820000000000073e+04 7.643938888123169052e-03
1.944150000000000000e+04 7.370345554369456958e-03
1.944479999999999927e+04 7.126523713474825286e-03
1.944809999999999854e+04 6.880466631645043574e-03
1.945140000000000146e+04 6.633094415760297687e-03
1.945470000000000073e+04 6.403119705386376564e-03
1.945800000000000000e+04 6.160827008190719600e-03
1.946129999999999927e+04 5.908297756298484631e-03
1.946459999999999854e+04 5.662373442792507580e-03
1.946790000000000146e+04 5.397586112368795916e-03
1.947120000000000073e+04 5.153806127993534533e-03
1.947450000000000000e+04 4.908309171574718431e-03
1.947779999999999927e+04 4.665785018425991186e-03
1.948109999999999854e+04 4.428967483950472378e-03
1.948429999999999927e+04 4.190659969295561574e-03
1.948759999999999854e+04 3.959794465579994684e-03
1.949090000000000146e+04 3.740141796473946904e-03
1.949420000000000073e+04 3.531671607913340009e-03
1.949750000000000000e+04 3.312994461393985179e-03
1.950079999999999927e+04 3.081858553191776495e-03
1.950409999999999854e+04 2.874061829316622123e-03
1.950740000000000146e+04 2.663360454168432496e-03
1.951070000000000073e+04 2.444613364156021738e-03
1.951400000000000000e+04 2.257125303500454386e-03
1.951729999999999927e+04 2.049417427936333063e-03
1.952059999999999854e+04 1.822341243541382915e-03
1.952390000000000146e+04 1.622394320461555822e-03
1.952720000000000073e+04 1.428408664003582955e-03
1.953050000000000000e+04 1.232774988497376033e-03
1.953379999999999927e+04 1.038947163313789709e-03
1.953709999999999854e+04 8.401248252421124199e-04
1.954040000000000146e+04 6.605464345336827187e-04
1.954370000000000073e+04 4.822845639852872701e-04
1.954700000000000000e+04 3.055892932346833792e-04
1.955020000000000073e+04 1.105104932772338084e-04
1.955350000000000000e+04 -4.911484806239967452e-05
1.955679999999999927e+04 -2.076315495158097052e-04
1.956009999999999854e+04 -3.610040234727973293e-04
1.956340000000000146e+04 -5.145961480007215727e-04
1.956670000000000073e+04 -6.681737615593136455e-04
1.957000000000000000e+04 -8.075743792666316943e-04
1.957329999999999927e+04 -9.688159701390156031e-04
1.957659999999999854e+04 -1.109895693130511386e-03
1.957990000000000146e+04 -1.252814240091914763e-03
1.958320000000000073e+04 -1.408750271379891278e-03
1.958650000000000000e+04 -1.550432082041115897e-03
1.958979999999999927e+04 -1.682492109306349621e-03
1.959309999999999854e+04 -1.816713762924050506e-03
1.959640000000000146e+04 -1.944206201555432039e-03
1.959970000000000073e+04 -2.047511299506537315e-03
1.960300000000000000e+04 -2.165291960336683183e-03
1.960629999999999927e+04 -2.318049497777586922e-03
1.960959999999999854e+04 -2.454934552078975613e-03
1.961290000000000146e+04 -2.620717881058776989e-03
1.961609999999999854e+04 -2.748603932722369896e-03
1.961940000000000146e+04 -2.854719836859757626e-03
1.962270000000000073e+04 -2.989343980566466774e-03
1.962600000000000000e+04 -3.109397396424131224e-03
1.962929999999999927e+04 -3.222438404107576173e-03
1.963259999999999854e+04 -3.310966326126748259e-03
1.963590000000000146e+04 -3.406503510443104413e-03
1.963920000000000073e+04 -3.538660188485575567e-03
1.964250000000000000e+04 -3.634559022108688892e-03
1.964579999999999927e+04 -3.753949130178665071e-03
1.964909999999999854e+04 -3.882441468644654697e-03
1.965240000000000146e+04 -4.003673608797841260e-03
1.965570000000000073e+04 -4.130023421041233156e-03
1.965900000000000000e+04 -4.215419551130633082e-03
1.966229999999999927e+04 -4.271836409189771686e-03
1.966559999999999854e+04 -4.331817930509512284e-03
1.966890000000000146e+04 -4.459537190803003134e-03
1.967220000000000073e+04 -4.575758295232150441e-03
1.967550000000000000e+04 -4.664806017697800331e-03
1.967870000000000073e+04 -4.786012668157629997e-03
1.968200000000000000e+04 -4.843645007308809529e-03
1.968529999999999927e+04 -4.898605689147830268e-03
1.968859999999999854e+04 -4.956747109576819035e-03
1.969190000000000146e+04 -4.998750264710415635e-03
1.969520000000000073e+04 -5.061146013014094017e-03
1.969850000000000000e+04 -5.108429588785779081e-03
1.970179999999999927e+04 -5.168765703761428985e-03
1.970509999999999854e+04 -5.287809770482100949e-03
1.970840000000000146e+04 -5.403880930519076517e-03
1.971170000000000073e+04 -5.494021084211025280e-03
1.971500000000000000e+04 -5.532093551192844919e-03
1.971829999999999927e+04 -5.628132329604797549e-03
1.972159999999999854e+04 -5.659720442121964068e-03
1.972490000000000146e+04 -5.693569079334747859e-03
1.972820000000000073e+04 -5.789236801844689292e-03
1.973150000000000000e+04 -5.889670542887787304e-03
1.973479999999999927e+04 -5.981298726446762463e-03
1.973809999999999854e+04 -6.061439083634265375e-03
1.974140000000000146e+04 -6.161857680440327965e-03
1.974459999999999854e+04 -6.265773070997945893e-03
1.974790000000000146e+04 -6.300824600490678891e-03
1.975120000000000073e+04 -6.334519810327641186e-03
1.975450000000000000e+04 -6.377525437541034861e-03
1.975779999999999927e+04 -6.427673256941046631e-03
1.976109999999999854e+04 -6.500410347263710711e-03
1.976440000000000146e+04 -6.592765571074907412e-03
1.976770000000000073e+04 -6.673971469746319864e-03
1.977100000000000000e+04 -6.726270802957796946e-03
1.977429999999999927e+04 -6.774921809055533227e-03
1.977759999999999854e+04 -6.809174713645043536e-03
1.978090000000000146e+04 -6.877368398558172599e-03
1.978420000000000073e+04 -6.967421011603159089e-03
1.978750000000000000e+04 -6.986137349896809345e-03
1.979079999999999927e+04 -7.058343049767184206e-03
1.979409999999999854e+04 -7.074510903637057542e-03
1.979740000000000146e+04 -7.103129904490330417e-03
1.980070000000000073e+04 -7.154874278977848071e-03
1.980400000000000000e+04 -7.170995945075909345e-03
1.980720000000000073e+04 -7.206086377514783758e-03
1.981050000000000000e+04 -7.191293093125709912e-03
1.981379999999999927e+04 -7.166394021222871093e-03
1.981709999999999854e+04 -7.189812598207288678e-03
1.982040000000000146e+04 -7.180880046361340710e-03
1.982370000000000073e+04 -7.202506139671782832e-03
1.982700000000000000e+04 -7.244105682691686851e-03
1.983029999999999927e+04 -7.293061568787756466e-03
1.983359999999999854e+04 -7.272244465127111063e-03
1.983690000000000146e+04 -7.280917082188717235e-03
1.984020000000000073e+04 -7.259327533417843197e-03
1.984350000000000000e+04 -7.276150338749978047e-03
1.984679999999999927e+04 -7.289399447602251496e-03
1.985009999999999854e+04 -7.308712502565843303e-03
1.985340000000000146e+04 -7.353065091869341770e-03
1.985670000000000073e+04 -7.427228157690776364e-03
1.986000000000000000e+04 -7.476182101848427748e-03
1.986329999999999927e+04 -7.547009725631057334e-03
1.986659999999999854e+04 -7.546220898927234917e-03
1.986990000000000146e+04 -7.506039636157530240e-03
1.987309999999999854e+04 -7.460028448246014583e-03
1.987640000000000146e+04 -7.457249781808817334e-03
1.987970000000000073e+04 -7.517322093600230758e-03
1.988300000000000000e+04 -7.511581601044605393e-03
1.988629999999999927e+04 -7.586068222112048870e-03
1.988959999999999854e+04 -7.674981920524785728e-03
1.989290000000000146e+04 -7.661475263728015177e-03
1.989620000000000073e+04 -7.631415912239149571e-03
1.989950000000000000e+04 -7.619151864822476007e-03
1.990279999999999927e+04 -7.603469705094506072e-03
1.990609999999999854e+04 -7.588163630874994806e-03
1.990940000000000146e+04 -7.545930478164670357e-03
1.991270000000000073e+04 -7.565293107939249397e-03
1.991600000000000000e+04 -7.552752770300689804e-03
1.991929999999999927e+04 -7.569015359302282489e-03
1.992259999999999854e+04 -7.553418768063663129e-03
1.992590000000000146e+04 -7.531107033734949288e-03
