1.716800000000000000e+04 6.274526583118669558e-04
1.717129999999999927e+04 6.222672064095679557e-04
1.717459999999999854e+04 6.219020767275822105e-04
1.717790000000000146e+04 6.312669297748571594e-04
1.718120000000000073e+04 6.198042900873713913e-04
1.718450000000000000e+04 6.165532003444564556e-04
1.718779999999999927e+04 6.238008902716519555e-04
1.719109999999999854e+04 6.274117052664203789e-04
1.719440000000000146e+04 6.164301109006226206e-04
1.719770000000000073e+04 6.118654766759425980e-04
1.720100000000000000e+04 6.073729195248125327e-04
1.720429999999999927e+04 6.110777405825186135e-04
1.720759999999999854e+04 6.073474303421382784e-04
1.721090000000000146e+04 6.052269883368796176e-04
1.721420000000000073e+04 5.898787000779579046e-04
1.721750000000000000e+04 5.738965067347216297e-04
1.722079999999999927e+04 5.692812307944262540e-04
1.722409999999999854e+04 5.680888629378983432e-04
1.722729999999999927e+04 5.663121640511013929e-04
1.723059999999999854e+04 5.633017164467313612e-04
1.723390000000000146e+04 5.595752580655776777e-04
1.723720000000000073e+04 5.474129714261312092e-04
1.724050000000000000e+04 5.550143684667734187e-04
1.724379999999999927e+04 5.368791074127438273e-04
1.724709999999999854e+04 5.277711112250621592e-04
1.725040000000000146e+04 5.302253692591156345e-04
1.725370000000000073e+04 5.364231140221201524e-04
1.725700000000000000e+04 5.391603186942284590e-04
1.726029999999999927e+04 5.311274154022025979e-04
1.726359999999999854e+04 5.345849403813710292e-04
1.726690000000000146e+04 5.364609152163423789e-04
1.727020000000000073e+04 5.244573447806152823e-04
1.727350000000000000e+04 5.208931463593905646e-04
1.727679999999999927e+04 5.245025688559365722e-04
1.728009999999999854e+04 5.242075269937963161e-04
1.728340000000000146e+04 5.298732026092771615e-04
1.728670000000000073e+04 5.298361067613004301e-04
1.729000000000000000e+04 5.223221150350566529e-04
1.729320000000000073e+04 5.166357665652547299e-04
1.729650000000000000e+04 5.095219947834570820e-04
1.729979999999999927e+04 5.052828686942402578e-04
1.730309999999999854e+04 5.116087953024500744e-04
1.730640000000000146e+04 5.163310571655281437e-04
1.730970000000000073e+04 5.321185001332322901e-04
1.731300000000000000e+04 5.197657285676040824e-04
1.731629999999999927e+04 5.407838711484347230e-04
1.731959999999999854e+04 5.364401467073283674e-04
1.732290000000000146e+04 5.377315778478669464e-04
1.732620000000000073e+04 5.335186048267189516e-04
1.732950000000000000e+04 5.404235965349492039e-04
1.733279999999999927e+04 5.489385706202680590e-04
1.733609999999999854e+04 5.653230088804872284e-04
1.733940000000000146e+04 5.792012694796853109e-04
1.734270000000000073e+04 5.912768408632733874e-04
1.734600000000000000e+04 5.941834228954067081e-04
1.734929999999999927e+04 5.990698504261795978e-04
1.735259999999999854e+04 5.987155168764422440e-04
1.735579999999999927e+04 5.992175150615941569e-04
1.735909999999999854e+04 6.052942625939256981e-04
1.736240000000000146e+04 6.139691502787140770e-04
1.736570000000000073e+04 6.175294623785797764e-04
1.736900000000000000e+04 6.291541481487200041e-04
1.737229999999999927e+04 6.326692425895948796e-04
1.737559999999999854e+04 6.315577414520219968e-04
1.737890000000000146e+04 6.366245056811535488e-04
1.738220000000000073e+04 6.477413888331583431e-04
1.738550000000000000e+04 6.559732648365089675e-04
1.738879999999999927e+04 6.720775591968529764e-04
1.739209999999999854e+04 6.754127898450099435e-04
1.739540000000000146e+04 6.772388270559110985e-04
1.739870000000000073e+04 6.846320798323058190e-04
1.740200000000000000e+04 6.896992476213637327e-04
1.740529999999999927e+04 6.803900040773286535e-04
1.740859999999999854e+04 6.901060194400182894e-04
1.741190000000000146e+04 6.920294191804361684e-04
1.741520000000000073e+04 6.912515956643514340e-04
1.741850000000000000e+04 6.860840867227133199e-04
1.742170000000000073e+04 6.943914066949926104e-04
1.742500000000000000e+04 7.031265465798148184e-04
1.742829999999999927e+04 7.073657436309700080e-04
1.743159999999999854e+04 7.190375507514209846e-04
1.743490000000000146e+04 7.288211446637115048e-04
1.743820000000000073e+04 7.342826587072496082e-04
1.744150000000000000e+04 7.355498220337482011e-04
1.744479999999999927e+04 7.367585798465114185e-04
1.744809999999999854e+04 7.350463097695167283e-04
1.745140000000000146e+04 7.490905156044224376e-04
1.745470000000000073e+04 7.513054229226979108e-04
1.745800000000000000e+04 7.653026008452714713e-04
1.746129999999999927e+04 7.701874692167707745e-04
1.746459999999999854e+04 7.765372810534317168e-04
1.746790000000000146e+04 7.785367925826535080e-04
1.747120000000000073e+04 7.856161428549207583e-04
1.747450000000000000e+04 7.871138399160072796e-04
1.747779999999999927e+04 7.987989438794649080e-04
1.748109999999999854e+04 8.042706063495240259e-04
1.748429999999999927e+04 8.075686573199005944e-04
1.748759999999999854e+04 8.065106720683209995e-04
1.749090000000000146e+04 8.236882377585894466e-04
1.749420000000000073e+04 8.226505519064659152e-04
1.749750000000000000e+04 8.272194237163233354e-04
1.750079999999999927e+04 8.225135295968977796e-04
1.750409999999999854e+04 8.212266813582841255e-04
1.750740000000000146e+04 8.242405414451532079e-04
1.751070000000000073e+04 8.271950171863038910e-04
1.751400000000000000e+04 8.336095276313805567e-04
1.751729999999999927e+04 8.420773572429419290e-04
1.752059999999999854e+04 8.440319723655158746e-04
1.752390000000000146e+04 8.492645490930468208e-04
1.752720000000000073e+04 8.409963570068789166e-04
1.753050000000000000e+04 8.478419759550483333e-04
1.753379999999999927e+04 8.430420165015031905e-04
1.753709999999999854e+04 8.365039252074635365e-04
1.754040000000000146e+04 8.355734954274499776e-04
1.754370000000000073e+04 8.350170844519461599e-04
1.754700000000000000e+04 8.304357156895768571e-04
1.755020000000000073e+04 8.295764984417121129e-04
1.755350000000000000e+04 8.282064691583188075e-04
1.755679999999999927e+04 8.253667392651144142e-04
1.756009999999999854e+04 8.344594575930569394e-04
1.756340000000000146e+04 8.376877436245044667e-04
1.756670000000000073e+04 8.387925211950677780e-04
1.757000000000000000e+04 8.473059162001481039e-04
1.757329999999999927e+04 8.552178213108120250e-04
1.757659999999999854e+04 8.570639737328118605e-04
1.757990000000000146e+04 8.512431014803632920e-04
1.758320000000000073e+04 8.615988899651248019e-04
1.758650000000000000e+04 8.650199830094428000e-04
1.758979999999999927e+04 8.664296752102121184e-04
1.759309999999999854e+04 8.674578135515485832e-04
1.759640000000000146e+04 8.647928771310641480e-04
1.759970000000000073e+04 8.627128022183809877e-04
1.760300000000000000e+04 8.622145236495246026e-04
1.760629999999999927e+04 8.669282727996878869e-04
1.760959999999999854e+04 8.705016443139564422e-04
1.761290000000000146e+04 8.742015702105161885e-04
1.761609999999999854e+04 8.715712728462674105e-04
1.761940000000000146e+04 8.724398220810204718e-04
1.762270000000000073e+04 8.784796122117514983e-04
1.762600000000000000e+04 8.827655636917165500e-04
1.762929999999999927e+04 8.831761416131211342e-04
1.763259999999999854e+04 8.755545567829669130e-04
1.763590000000000146e+04 8.756642343559225368e-04
1.763920000000000073e+04 8.783879088543096328e-04
1.764250000000000000e+04 8.758948027722714006e-04
1.764579999999999927e+04 8.730461367750777437e-04
1.764909999999999854e+04 8.780454236618289669e-04
1.765240000000000146e+04 8.916236343390390034e-04
1.765570000000000073e+04 8.852690072400639602e-04
1.765900000000000000e+04 8.896500308678589094e-04
1.766229999999999927e+04 8.907959694586494240e-04
1.766559999999999854e+04 8.952865283265919140e-04
1.766890000000000146e+04 8.982634122760482093e-04
1.767220000000000073e+04 9.008418049990125345e-04
1.767550000000000000e+04 9.039104669645341627e-04
1.767870000000000073e+04 9.034595884482503163e-04
1.768200000000000000e+04 8.994963641929875709e-04
1.768529999999999927e+04 9.060754674461053704e-04
1.768859999999999854e+04 9.142054073293823203e-04
1.769190000000000146e+04 9.221678040918272973e-04
1.769520000000000073e+04 9.272915552736212550e-04
1.769850000000000000e+04 9.215269838591580833e-04
1.770179999999999927e+04 9.320612733688264694e-04
1.770509999999999854e+04 9.383025905866799457e-04
1.770840000000000146e+04 9.479102410485718867e-04
1.771170000000000073e+04 9.580398773220747365e-04
1.771500000000000000e+04 9.668985495218580285e-04
1.771829999999999927e+04 9.627165155870274615e-04
1.772159999999999854e+04 9.688547365870412570e-04
1.772490000000000146e+04 9.660674149936881007e-04
1.772820000000000073e+04 9.616981186771106534e-04
1.773150000000000000e+04 9.609182074976665685e-04
1.773479999999999927e+04 9.650360704214873886e-04
1.773809999999999854e+04 9.635304690048616255e-04
1.774140000000000146e+04 9.677775791325456990e-04
1.774459999999999854e+04 9.745399231485571238e-04
1.774790000000000146e+04 9.703875551502883336e-04
1.775120000000000073e+04 9.718418578042420071e-04
1.775450000000000000e+04 9.787511816284628473e-04
1.775779999999999927e+04 9.836448782720266012e-04
1.776109999999999854e+04 9.835459977806549226e-04
1.776440000000000146e+04 9.913328152860454226e-04
1.776770000000000073e+04 9.979100554076314640e-04
1.777100000000000000e+04 1.001277599416055923e-03
1.777429999999999927e+04 1.006119617958922078e-03
1.777759999999999854e+04 1.008544609434223896e-03
1.778090000000000146e+04 1.015283576008424622e-03
1.778420000000000073e+04 1.016844721300248300e-03
1.778750000000000000e+04 1.018271720999479584e-03
1.779079999999999927e+04 1.019814297441497177e-03
1.779409999999999854e+04 1.025284793119991128e-03
1.779740000000000146e+04 1.039664496113875064e-03
1.780070000000000073e+04 1.042788168386973423e-03
1.780400000000000000e+04 1.051121423590291445e-03
1.780720000000000073e+04 1.056565544301196324e-03
1.781050000000000000e+04 1.065682855444773048e-03
1.781379999999999927e+04 1.070772497808095093e-03
1.781709999999999854e+04 1.066798883725344734e-03
1.782040000000000146e+04 1.066409761551584965e-03
1.782370000000000073e+04 1.074121705407194609e-03
1.782700000000000000e+04 1.079104526661545538e-03
1.783029999999999927e+04 1.077607023104740084e-03
1.783359999999999854e+04 1.076711237931138061e-03
1.783690000000000146e+04 1.080621637062856820e-03
1.784020000000000073e+04 1.084137972754792940e-03
1.784350000000000000e+04 1.095967445988190380e-03
1.784679999999999927e+04 1.107627867529926936e-03
1.785009999999999854e+04 1.110644642321859154e-03
1.785340000000000146e+04 1.109155560064173547e-03
1.785670000000000073e+04 1.117083161718813306e-03
1.786000000000000000e+04 1.120741814259451283e-03
1.786329999999999927e+04 1.133852917599953132e-03
1.786659999999999854e+04 1.134032385541456495e-03
1.786990000000000146e+04 1.134753891709802632e-03
1.787309999999999854e+04 1.134793301245809157e-03
1.787640000000000146e+04 1.132538123902473558e-03
1.787970000000000073e+04 1.132822290138505578e-03
1.788300000000000000e+04 1.136606868584690141e-03
1.788629999999999927e+04 1.142277899511344669e-03
1.788959999999999854e+04 1.148510941042032866e-03
1.789290000000000146e+04 1.158128949143470221e-03
1.789620000000000073e+04 1.168218442874464913e-03
1.789950000000000000e+04 1.176957838221841506e-03
1.790279999999999927e+04 1.186694651734383982e-03
1.790609999999999854e+04 1.189949070469440004e-03
1.790940000000000146e+04 1.197930493523464979e-03
1.791270000000000073e+04 1.203162861982553719e-03
1.791600000000000000e+04 1.204820231394174330e-03
1.791929999999999927e+04 1.206993141292737447e-03
1.792259999999999854e+04 1.211486104356055814e-03
1.792590000000000146e+04 1.217969264823100251e-03
1.792920000000000073e+04 1.221745389845776747e-03
1.793250000000000000e+04 1.226161082142079297e-03
1.793570000000000073e+04 1.229905632516737441e-03
1.793900000000000000e+04 1.235494182764291723e-03
1.794229999999999927e+04 1.237487668845369719e-03
1.794559999999999854e+04 1.242400331007804124e-03
1.794890000000000146e+04 1.251905221545041198e-03
1.795220000000000073e+04 1.244178151805231227e-03
1.795550000000000000e+04 1.244567445431952199e-03
1.795879999999999927e+04 1.248744437059814971e-03
1.796209999999999854e+04 1.250113977682307254e-03
1.796540000000000146e+04 1.252042390391602160e-03
1.796870000000000073e+04 1.251277738236460102e-03
1.797200000000000000e+04 1.259198650651163808e-03
1.797529999999999927e+04 1.257616013752702998e-03
1.797859999999999854e+04 1.262487656217888259e-03
1.798190000000000146e+04 1.269916988095984214e-03
1.798520000000000073e+04 1.276403099392424368e-03
1.798850000000000000e+04 1.279768696231825802e-03
1.799179999999999927e+04 1.287848982402210003e-03
1.799509999999999854e+04 1.297601898339748082e-03
1.799840000000000146e+04 1.303174493512849119e-03
1.800159999999999854e+04 1.300201297075247392e-03
1.800490000000000146e+04 1.303190276071243417e-03
1.800820000000000073e+04 1.304031121798636264e-03
1.801150000000000000e+04 1.312717804830037605e-03
1.801479999999999927e+04 1.317432415108694055e-03
1.801809999999999854e+04 1.324337004147104185e-03
1.802140000000000146e+04 1.322032292158050034e-03
1.802470000000000073e+04 1.322995045962112358e-03
1.802800000000000000e+04 1.319134210982798091e-03
1.803129999999999927e+04 1.328324584688963996e-03
1.803459999999999854e+04 1.337182619634631493e-03
1.803790000000000146e+04 1.342831848247108681e-03
1.804120000000000073e+04 1.344139669429994131e-03
1.804450000000000000e+04 1.346445552937661086e-03
1.804779999999999927e+04 1.359935903660569601e-03
1.805109999999999854e+04 1.367653291917670082e-03
1.805440000000000146e+04 1.362643362541537994e-03
1.805770000000000073e+04 1.367897123685549946e-03
1.806100000000000000e+04 1.366086028392488093e-03
1.806429999999999927e+04 1.367440083438892879e-03
1.806750000000000000e+04 1.363992148116562704e-03
1.807079999999999927e+04 1.362022669735803333e-03
1.807409999999999854e+04 1.356329072618112997e-03
1.807740000000000146e+04 1.349154426688961485e-03
1.808070000000000073e+04 1.362554969860801457e-03
1.808400000000000000e+04 1.363218179320322939e-03
1.808729999999999927e+04 1.368474080155852391e-03
1.809059999999999854e+04 1.376367365402243054e-03
1.809390000000000146e+04 1.374747378420755183e-03
1.809720000000000073e+04 1.365970461994712656e-03
1.810050000000000000e+04 1.360303671664420686e-03
1.810379999999999927e+04 1.356202684388091266e-03
1.810709999999999854e+04 1.351205729935057564e-03
1.811040000000000146e+04 1.343509127974472708e-03
1.811370000000000073e+04 1.334568437737873028e-03
1.811700000000000000e+04 1.342159164907154008e-03
1.812029999999999927e+04 1.346510876416572543e-03
1.812359999999999854e+04 1.346636130662402786e-03
1.812690000000000146e+04 1.340792767050606130e-03
1.813009999999999854e+04 1.344468494206230982e-03
1.813340000000000146e+04 1.344810450556340169e-03
1.813670000000000073e+04 1.331881418727183823e-03
1.814000000000000000e+04 1.326844719707731979e-03
1.814329999999999927e+04 1.325109244431736883e-03
1.814659999999999854e+04 1.327472643812099016e-03
1.814990000000000146e+04 1.321988548829657354e-03
1.815320000000000073e+04 1.311889005707648007e-03
1.815650000000000000e+04 1.303601542143102915e-03
1.815979999999999927e+04 1.297548201311537466e-03
1.816309999999999854e+04 1.296392490547448526e-03
1.816640000000000146e+04 1.298667398677716802e-03
1.816970000000000073e+04 1.291981217008166850e-03
1.817300000000000000e+04 1.285831240162386155e-03
1.817629999999999927e+04 1.275136654381343231e-03
1.817959999999999854e+04 1.263017221817669877e-03
1.818290000000000146e+04 1.278351239478722279e-03
1.818620000000000073e+04 1.286498284752075503e-03
1.818950000000000000e+04 1.289751001545632767e-03
1.819279999999999927e+04 1.293129443591571962e-03
1.819600000000000000e+04 1.290374108590663319e-03
1.819929999999999927e+04 1.293578616957999534e-03
1.820259999999999854e+04 1.292504221739813669e-03
1.820590000000000146e+04 1.297703185379791039e-03
1.820920000000000073e+04 1.296553438805548089e-03
1.821250000000000000e+04 1.292371098303632870e-03
1.821579999999999927e+04 1.294170039311231656e-03
1.821909999999999854e+04 1.297999540166036234e-03
1.822240000000000146e+04 1.304842947861195417e-03
1.822570000000000073e+04 1.322803221843630488e-03
1.822900000000000000e+04 1.344235775737284569e-03
1.823229999999999927e+04 1.368670942542723340e-03
1.823559999999999854e+04 1.388320786633502439e-03
1.823890000000000146e+04 1.403132608644484282e-03
1.824220000000000073e+04 1.438452640611312698e-03
1.824550000000000000e+04 1.454108055717014732e-03
1.824879999999999927e+04 1.482664069468421974e-03
1.825209999999999854e+04 1.491095082743373141e-03
1.825540000000000146e+04 1.510479303074419846e-03
1.825859999999999854e+04 1.528095253875705979e-03
1.826190000000000146e+04 1.555851056162332619e-03
1.826520000000000073e+04 1.580238514698599364e-03
1.826850000000000000e+04 1.609827579978069783e-03
1.827179999999999927e+04 1.645775213602634207e-03
1.827509999999999854e+04 1.673062417591840998e-03
1.827840000000000146e+04 1.714653693885920737e-03
1.828170000000000073e+04 1.729692998848325136e-03
1.828500000000000000e+04 1.752959665000933991e-03
1.828829999999999927e+04 1.780630478864159974e-03
1.829159999999999854e+04 1.813347985348805246e-03
1.829490000000000146e+04 1.841046173922768377e-03
1.829820000000000073e+04 1.867777493552654194e-03
1.830150000000000000e+04 1.901937934620180539e-03
1.830479999999999927e+04 1.937099262829235441e-03
1.830809999999999854e+04 1.960140991334809353e-03
1.831140000000000146e+04 1.976320070372999255e-03
1.831470000000000073e+04 2.006531715113724947e-03
1.831800000000000000e+04 2.032867089114973914e-03
1.832129999999999927e+04 2.066715177853554585e-03
1.832450000000000000e+04 2.095659448924593396e-03
1.832779999999999927e+04 2.121253589417705643e-03
1.833109999999999854e+04 2.156481025060484960e-03
1.833440000000000146e+04 2.191677720950736125e-03
1.833770000000000073e+04 2.220459642186588776e-03
1.834100000000000000e+04 2.253464825065138333e-03
1.834429999999999927e+04 2.284777110376152651e-03
1.834759999999999854e+04 2.298008639917979105e-03
1.835090000000000146e+04 2.330185207346986611e-03
1.835420000000000073e+04 2.361066913696884418e-03
1.835750000000000000e+04 2.399562613416401056e-03
1.836079999999999927e+04 2.428609888062059630e-03
1.836409999999999854e+04 2.456383124338042817e-03
1.836740000000000146e+04 2.479014330069730966e-03
1.837070000000000073e+04 2.511342281275006933e-03
1.837400000000000000e+04 2.545517271079988063e-03
1.837729999999999927e+04 2.579972718421625830e-03
1.838059999999999854e+04 2.608737831076295751e-03
1.838390000000000146e+04 2.651622879908711612e-03
1.838709999999999854e+04 2.671038487307524772e-03
1.839040000000000146e+04 2.698982872490464369e-03
1.839370000000000073e+04 2.706649163800211449e-03
1.839700000000000000e+04 2.723358099448252526e-03
1.840029999999999927e+04 2.744154131713094375e-03
1.840359999999999854e+04 2.782934477918354559e-03
1.840690000000000146e+04 2.801195996808206971e-03
1.841020000000000073e+04 2.816011479341541061e-03
1.841350000000000000e+04 2.828596278285369636e-03
1.841679999999999927e+04 2.851438663742066927e-03
1.842009999999999854e+04 2.870819501195896132e-03
1.842340000000000146e+04 2.903585302967336742e-03
1.842670000000000073e+04 2.931149782821282704e-03
1.843000000000000000e+04 2.966353512684358640e-03
1.843329999999999927e+04 2.985829403900175198e-03
1.843659999999999854e+04 3.012684385574267241e-03
1.843990000000000146e+04 3.046787894677892121e-03
1.844320000000000073e+04 3.074539407295893891e-03
1.844650000000000000e+04 3.118211789106024954e-03
1.844979999999999927e+04 3.153530628402604567e-03
1.845300000000000000e+04 3.182709208652664302e-03
1.845629999999999927e+04 3.214497650929344467e-03
1.845959999999999854e+04 3.226700094680334200e-03
1.846290000000000146e+04 3.255863518957553045e-03
1.846620000000000073e+04 3.247846286166841505e-03
1.846950000000000000e+04 3.268140216866569515e-03
1.847279999999999927e+04 3.296295155386897661e-03
1.847609999999999854e+04 3.317225258451570076e-03
1.847940000000000146e+04 3.321839474910650344e-03
1.848270000000000073e+04 3.333394889156310152e-03
1.848600000000000000e+04 3.330502343127362836e-03
1.848929999999999927e+04 3.334831874408641754e-03
1.849259999999999854e+04 3.342125138130362660e-03
1.849590000000000146e+04 3.340020364878008418e-03
1.849920000000000073e+04 3.355702924105801333e-03
1.850250000000000000e+04 3.377390448296710163e-03
1.850579999999999927e+04 3.418112113907702775e-03
1.850909999999999854e+04 3.461353227831327067e-03
1.851240000000000146e+04 3.472059877790316124e-03
1.851570000000000073e+04 3.471668953843683961e-03
1.851890000000000146e+04 3.477950641829552665e-03
1.852220000000000073e+04 3.498936636035935958e-03
1.852550000000000000e+04 3.532703073459931165e-03
1.852879999999999927e+04 3.572796354569710876e-03
1.853209999999999854e+04 3.614088406752760056e-03
1.853540000000000146e+04 3.649862152349671318e-03
1.853870000000000073e+04 3.700339186212649005e-03
1.854200000000000000e+04 3.746586617886972590e-03
1.854529999999999927e+04 3.801411299541996441e-03
1.854859999999999854e+04 3.823315156855520633e-03
1.855190000000000146e+04 3.877822061219212378e-03
1.855520000000000073e+04 3.928258315134955034e-03
1.855850000000000000e+04 3.991157889815204543e-03
1.856179999999999927e+04 4.062840245548022741e-03
1.856509999999999854e+04 4.109902305285349430e-03
1.856840000000000146e+04 4.169520085593967154e-03
1.857170000000000073e+04 4.211807004336006084e-03
1.857500000000000000e+04 4.264198707524415217e-03
1.857829999999999927e+04 4.332861563523871147e-03
1.858150000000000000e+04 4.389583348903818884e-03
1.858479999999999927e+04 4.440805288091568756e-03
1.858809999999999854e+04 4.490824219241784480e-03
1.859140000000000146e+04 4.550174348082417636e-03
1.859470000000000073e+04 4.598105148280278581e-03
1.859800000000000000e+04 4.651522239679703116e-03
1.860129999999999927e+04 4.693376776190938751e-03
1.860459999999999854e+04 4.753504698510086120e-03
1.860790000000000146e+04 4.801300019230203900e-03
1.861120000000000073e+04 4.871955168836305042e-03
1.861450000000000000e+04 4.968428130508820324e-03
1.861779999999999927e+04 5.032308126526087444e-03
1.862109999999999854e+04 5.089598104169710917e-03
1.862440000000000146e+04 5.168125881322860153e-03
1.862770000000000073e+04 5.243246365962339443e-03
1.863100000000000000e+04 5.372701494405623772e-03
1.863429999999999927e+04 5.457779609173186129e-03
1.863759999999999854e+04 5.542466749243749741e-03
1.864090000000000146e+04 5.639161676614325505e-03
1.864420000000000073e+04 5.811603500512492818e-03
1.864740000000000146e+04 5.931435359252337607e-03
1.865070000000000073e+04 6.056960423159464188e-03
1.865400000000000000e+04 6.220956824292247014e-03
1.865729999999999927e+04 6.363474422320269074e-03
1.866059999999999854e+04 6.510898816253723673e-03
1.866390000000000146e+04 6.633130543272875573e-03
1.866720000000000073e+04 6.752742642924554686e-03
1.867050000000000000e+04 6.844571995044018350e-03
1.867379999999999927e+04 6.954930000124696053e-03
1.867709999999999854e+04 7.103270717321110567e-03
1.868040000000000146e+04 7.286475125346756135e-03
1.868370000000000073e+04 7.520512476678267201e-03
1.868700000000000000e+04 7.759920383645799169e-03
1.869029999999999927e+04 7.987025295781918083e-03
1.869359999999999854e+04 8.261315170506834324e-03
1.869690000000000146e+04 8.540363807293742740e-03
1.870020000000000073e+04 8.660911772747921511e-03
1.870350000000000000e+04 8.760294101841476291e-03
1.870679999999999927e+04 8.971515502062347644e-03
1.871000000000000000e+04 9.275043736163966768e-03
1.871329999999999927e+04 9.509537598965131164e-03
1.871659999999999854e+04 9.674233074669535276e-03
1.871990000000000146e+04 9.845993101376340415e-03
1.872320000000000073e+04 1.001254628227969852e-02
1.872650000000000000e+04 1.019906319489496428e-02
1.872979999999999927e+04 1.034468689114514950e-02
1.873309999999999854e+04 1.051936597328280952e-02
1.873640000000000146e+04 1.068933306015186838e-02
1.873970000000000073e+04 1.090299011492654874e-02
1.874300000000000000e+04 1.097195739928829260e-02
1.874629999999999927e+04 1.115577434479383435e-02
1.874959999999999854e+04 1.122471521678978547e-02
1.875290000000000146e+04 1.130122650336153056e-02
1.875620000000000073e+04 1.137544741841890750e-02
1.875950000000000000e+04 1.152835974107413106e-02
1.876279999999999927e+04 1.167171925766798471e-02
1.876609999999999854e+04 1.180372237019328314e-02
1.876940000000000146e+04 1.188836094105202856e-02
1.877270000000000073e+04 1.203132891612789662e-02
1.877590000000000146e+04 1.223206670338391339e-02
1.877920000000000073e+04 1.229238194671196209e-02
1.878250000000000000e+04 1.246327070749360041e-02
1.878579999999999927e+04 1.263757307573212980e-02
1.878909999999999854e+04 1.285982803658986852e-02
1.879240000000000146e+04 1.309706302257957443e-02
1.879570000000000073e+04 1.334208116001350981e-02
1.879900000000000000e+04 1.361391275567004622e-02
1.880229999999999927e+04 1.390164441582308723e-02
1.880559999999999854e+04 1.419981351492367698e-02
1.880890000000000146e+04 1.443170889781547964e-02
1.881220000000000073e+04 1.470318247518265925e-02
1.881550000000000000e+04 1.500636340909782679e-02
1.881879999999999927e+04 1.527723073094789004e-02
1.882209999999999854e+04 1.556159513250401742e-02
1.882540000000000146e+04 1.585313987213433917e-02
1.882870000000000073e+04 1.617225687499542625e-02
1.883200000000000000e+04 1.646745038562965474e-02
1.883529999999999927e+04 1.678277882400887322e-02
1.883859999999999854e+04 1.709192822812527490e-02
1.884179999999999927e+04 1.739546136996502484e-02
1.884509999999999854e+04 1.769135382824320313e-02
1.884840000000000146e+04 1.793444231881087883e-02
1.885170000000000073e+04 1.816515037431500404e-02
1.885500000000000000e+04 1.840299989202898862e-02
1.885829999999999927e+04 1.859565879091737081e-02
1.886159999999999854e+04 1.876683483545305703e-02
1.886490000000000146e+04 1.911986523398823828e-02
1.886820000000000073e+04 1.948942441868064396e-02
1.887150000000000000e+04 1.976192409406583861e-02
1.887479999999999927e+04 1.991882638377167475e-02
1.887809999999999854e+04 2.017108046519647258e-02
1.888140000000000146e+04 2.049053707493612292e-02
1.888470000000000073e+04 2.078819694916193839e-02
1.888800000000000000e+04 2.108001722898274893e-02
1.889129999999999927e+04 2.135334268257976439e-02
1.889459999999999854e+04 2.171025883507116463e-02
1.889790000000000146e+04 2.203181089763237704e-02
1.890120000000000073e+04 2.235414861039055831e-02
1.890440000000000146e+04 2.263277416006242992e-02
1.890770000000000073e+04 2.306979051579059400e-02
1.891100000000000000e+04 2.339748862784605740e-02
1.891429999999999927e+04 2.383609260595727711e-02
1.891759999999999854e+04 2.426331202791206718e-02
1.892090000000000146e+04 2.470334590529361593e-02
1.892420000000000073e+04 2.509879026218200457e-02
1.892750000000000000e+04 2.547356069590232808e-02
1.893079999999999927e+04 2.588566557770482363e-02
1.893409999999999854e+04 2.630293033108636186e-02
1.893740000000000146e+04 2.668110200007178454e-02
1.894070000000000073e+04 2.698698377846877813e-02
1.894400000000000000e+04 2.738890262078710891e-02
1.894729999999999927e+04 2.772954397816223063e-02
1.895059999999999854e+04 2.806632744776845281e-02
1.895390000000000146e+04 2.839432392131247332e-02
1.895720000000000073e+04 2.866459522492963499e-02
1.896050000000000000e+04 2.896350738620799212e-02
1.896379999999999927e+04 2.923022519816636036e-02
1.896709999999999854e+04 2.947519814432794649e-02
1.897029999999999927e+04 2.967493192539625776e-02
1.897359999999999854e+04 2.988233881481611176e-02
1.897690000000000146e+04 3.013418346296072373e-02
1.898020000000000073e+04 3.033125459975893889e-02
1.898350000000000000e+04 3.053568754730494328e-02
1.898679999999999927e+04 3.075652211847225079e-02
1.899009999999999854e+04 3.096153138855305478e-02
1.899340000000000146e+04 3.115452106864971191e-02
1.899670000000000073e+04 3.132669367812140199e-02
1.900000000000000000e+04 3.152195367156707811e-02
1.900329999999999927e+04 3.168905845222196732e-02
1.900659999999999854e+04 3.186426080658138343e-02
1.900990000000000146e+04 3.199418739758166930e-02
1.901320000000000073e+04 3.211333683038954112e-02
1.901650000000000000e+04 3.222862711445761974e-02
1.901979999999999927e+04 3.236427738996507097e-02
1.902309999999999854e+04 3.249584037152941640e-02
1.902640000000000146e+04 3.264817192844676752e-02
1.902970000000000073e+04 3.272301993370470979e-02
1.903290000000000146e+04 3.280707977058879010e-02
1.903620000000000073e+04 3.286753889743962431e-02
1.903950000000000000e+04 3.292967442634488900e-02
1.904279999999999927e+04 3.301703980777679487e-02
1.904609999999999854e+04 3.306372648579729984e-02
1.904940000000000146e+04 3.314028984621016083e-02
1.905270000000000073e+04 3.322440585111661321e-02
1.905600000000000000e+04 3.327747479758906557e-02
1.905929999999999927e+04 3.331771146425917263e-02
1.906259999999999854e+04 3.332970883985943850e-02
1.906590000000000146e+04 3.336238296144941606e-02
1.906920000000000073e+04 3.337486234725139944e-02
1.907250000000000000e+04 3.333770360501255720e-02
1.907579999999999927e+04 3.332073516533406998e-02
1.907909999999999854e+04 3.329604285350350884e-02
1.908240000000000146e+04 3.329389195074312219e-02
1.908570000000000073e+04 3.325689914895769983e-02
1.908900000000000000e+04 3.320828140457769695e-02
1.909229999999999927e+04 3.315115833464184203e-02
1.909559999999999854e+04 3.309794092951447164e-02
1.909879999999999927e+04 3.306199485553117795e-02
1.910209999999999854e+04 3.297759712731137410e-02
1.910540000000000146e+04 3.291991733536365344e-02
1.910870000000000073e+04 3.286728914410057961e-02
1.911200000000000000e+04 3.279298496867785045e-02
1.911529999999999927e+04 3.272055184678577394e-02
1.911859999999999854e+04 3.255462238783344425e-02
1.912190000000000146e+04 3.243462272093734777e-02
1.912520000000000073e+04 3.225979507908720983e-02
1.912850000000000000e+04 3.208848736781461097e-02
1.913179999999999927e+04 3.194639969456900680e-02
1.913509999999999854e+04 3.181651393630734875e-02
1.913840000000000146e+04 3.166244623105975153e-02
1.914170000000000073e+04 3.146227536967583643e-02
1.914500000000000000e+04 3.129039298835713939e-02
1.914829999999999927e+04 3.108841399667517519e-02
1.915159999999999854e+04 3.089486221997982118e-02
1.915490000000000146e+04 3.070294291597382846e-02
1.915820000000000073e+04 3.048961140201321418e-02
1.916140000000000146e+04 3.032010889374514920e-02
1.916470000000000073e+04 3.010108476953952256e-02
1.916800000000000000e+04 2.988931387012659299e-02
1.917129999999999927e+04 2.965031756573961383e-02
1.917459999999999854e+04 2.942706985403634179e-02
1.917790000000000146e+04 2.920698324476647678e-02
1.918120000000000073e+04 2.899051600672493401e-02
1.918450000000000000e+04 2.873683525354601628e-02
1.918779999999999927e+04 2.847483009925564149e-02
1.919109999999999854e+04 2.821700434354631679e-02
1.919440000000000146e+04 2.798903715481156074e-02
1.919770000000000073e+04 2.773351340007352769e-02
1.920100000000000000e+04 2.747955769511443297e-02
1.920429999999999927e+04 2.723115256087776243e-02
1.920759999999999854e+04 2.696191177325260244e-02
1.921090000000000146e+04 2.670361988804033013e-02
1.921420000000000073e+04 2.641614915679018141e-02
1.921750000000000000e+04 2.613400651444657691e-02
1.922079999999999927e+04 2.585618825883677016e-02
1.922409999999999854e+04 2.557046026023122864e-02
1.922729999999999927e+04 2.526987238793829485e-02
1.923059999999999854e+04 2.496131307347070408e-02
1.923390000000000146e+04 2.468187857959656256e-02
1.923720000000000073e+04 2.440643152546172895e-02
1.924050000000000000e+04 2.409824643694681925e-02
1.924379999999999927e+04 2.380319869722853990e-02
1.924709999999999854e+04 2.351017331856659204e-02
1.925040000000000146e+04 2.319391435021385742e-02
1.925370000000000073e+04 2.285959566274451543e-02
1.925700000000000000e+04 2.257956020698607610e-02
1.926029999999999927e+04 2.225774354104256142e-02
1.926359999999999854e+04 2.192476991997694552e-02
1.926690000000000146e+04 2.163341468251642544e-02
1.927020000000000073e+04 2.130028360636603349e-02
1.927350000000000000e+04 2.098574933915768603e-02
1.927679999999999927e+04 2.066014009574310140e-02
1.928009999999999854e+04 2.033487793734930701e-02
1.928340000000000146e+04 2.004230003258139492e-02
1.928670000000000073e+04 1.972608045691716383e-02
1.929000000000000000e+04 1.940564482334623808e-02
1.929320000000000073e+04 1.910750722019958353e-02
1.929650000000000000e+04 1.878882232238500427e-02
1.929979999999999927e+04 1.847895336123803536e-02
1.930309999999999854e+04 1.817740335041196156e-02
1.930640000000000146e+04 1.787877631825371058e-02
1.930970000000000073e+04 1.758886350123383194e-02
1.931300000000000000e+04 1.729993860237648631e-02
1.931629999999999927e+04 1.697967365712966734e-02
1.931959999999999854e+04 1.666962874325280536e-02
1.932290000000000146e+04 1.634741257692133229e-02
1.932620000000000073e+04 1.603034829437816056e-02
1.932950000000000000e+04 1.571852075094093762e-02
1.933279999999999927e+04 1.540911011282819834e-02
1.933609999999999854e+04 1.512900929349620185e-02
1.933940000000000146e+04 1.484604499012614695e-02
1.934270000000000073e+04 1.455706234063072757e-02
1.934600000000000000e+04 1.425842623111373865e-02
1.934929999999999927e+04 1.396013058048035070e-02
1.935259999999999854e+04 1.366399842261651655e-02
1.935579999999999927e+04 1.336846496163668699e-02
1.935909999999999854e+04 1.306396417999107322e-02
1.936240000000000146e+04 1.276874460547868483e-02
1.936570000000000073e+04 1.248416694429900324e-02
1.936900000000000000e+04 1.220435022010270612e-02
1.937229999999999927e+04 1.191889645504853358e-02
1.937559999999999854e+04 1.163640326472719505e-02
1.937890000000000146e+04 1.135974570434010976e-02
1.938220000000000073e+04 1.107342172906494379e-02
1.938550000000000000e+04 1.079253793579275714e-02
1.938879999999999927e+04 1.051227718507740348e-02
1.939209999999999854e+04 1.025108059574428992e-02
1.939540000000000146e+04 9.993902200981435308e-03
1.939870000000000073e+04 9.720953217058479756e-03
1.940200000000000000e+04 9.458588617250176730e-03
1.940529999999999927e+04 9.218900886897706676e-03
1.940859999999999854e+04 8.973365639085777862e-03
1.941190000000000146e+04 8.698862980195865360e-03
1.941520000000000073e+04 8.456981904643227216e-03
1.941850000000000000e+04 8.210937686390393925e-03
1.942170000000000073e+04 7.940650931949691516e-03
1.942500000000000000e+04 7.685806717048862882e-03
1.942829999999999927e+04 7.441317778182542086e-03
1.943159999999999854e+04 7.191484070007252323e-03
1.943490000000000146e+04 6.942224806896967089e-03
1.943820000000000073e+04 6.693003294372384428e-03
1.944150000000000000e+04 6.453729991017342037e-03
1.944479999999999927e+04 6.219918649518815963e-03
1.944809999999999854e+04 6.000879185240861474e-03
1.945140000000000146e+04 5.783503456706587213e-03
1.945470000000000073e+04 5.574527601548324302e-03
1.945800000000000000e+04 5.347324936047172586e-03
1.946129999999999927e+04 5.115791905322383641e-03
1.946459999999999854e+04 4.882920733408025946e-03
1.946790000000000146e+04 4.655555208118144703e-03
1.947120000000000073e+04 4.420749723120575431e-03
1.947450000000000000e+04 4.185123294614157517e-03
1.947779999999999927e+04 3.962210390099607862e-03
1.948109999999999854e+04 3.745241293943488321e-03
1.948429999999999927e+04 3.524754691920997662e-03
1.948759999999999854e+04 3.321650944797899414e-03
1.949090000000000146e+04 3.124935936293531114e-03
1.949420000000000073e+04 2.923366852656243946e-03
1.949750000000000000e+04 2.730873870921949123e-03
1.950079999999999927e+04 2.513405846635338899e-03
1.950409999999999854e+04 2.312281485852031148e-03
1.950740000000000146e+04 2.124238041815849475e-03
1.951070000000000073e+04 1.915202787277729300e-03
1.951400000000000000e+04 1.731669527344353214e-03
1.951729999999999927e+04 1.537836149154646640e-03
1.952059999999999854e+04 1.328964061267566945e-03
1.952390000000000146e+04 1.147735082907662277e-03
1.952720000000000073e+04 9.844648259726422775e-04
1.953050000000000000e+04 8.043553763380661579e-04
1.953379999999999927e+04 6.297811088811391782e-04
1.953709999999999854e+04 4.537134348164867555e-04
1.954040000000000146e+04 2.844502359960321262e-04
1.954370000000000073e+04 1.337556788264995919e-04
1.954700000000000000e+04 -1.965498314568764847e-05
1.955020000000000073e+04 -1.804937329602224042e-04
1.955350000000000000e+04 -3.209111249595685217e-04
1.955679999999999927e+04 -4.623271380584613173e-04
1.956009999999999854e+04 -5.901841663269243466e-04
1.956340000000000146e+04 -7.314773788953443700e-04
1.956670000000000073e+04 -8.567611186630102365e-04
1.957000000000000000e+04 -9.892121800358481560e-04
1.957329999999999927e+04 -1.142834325993589886e-03
1.957659999999999854e+04 -1.269708990452822440e-03
1.957990000000000146e+04 -1.391571693576274405e-03
1.958320000000000073e+04 -1.541369661751497465e-03
1.958650000000000000e+04 -1.692439624769218791e-03
1.958979999999999927e+04 -1.796670820679175220e-03
1.959309999999999854e+04 -1.901423802652794232e-03
1.959640000000000146e+04 -2.020160103649030776e-03
1.959970000000000073e+04 -2.121974268638715001e-03
1.960300000000000000e+04 -2.231227419177576020e-03
1.960629999999999927e+04 -2.361190514928641817e-03
1.960959999999999854e+04 -2.477850975278544313e-03
1.961290000000000146e+04 -2.606859124670725999e-03
1.961609999999999854e+04 -2.724903658342733067e-03
1.961940000000000146e+04 -2.823325174044474806e-03
1.962270000000000073e+04 -2.941105673281259585e-03
1.962600000000000000e+04 -3.041099963668354982e-03
1.962929999999999927e+04 -3.136156764389361456e-03
1.963259999999999854e+04 -3.202660148573571817e-03
1.963590000000000146e+04 -3.242770058717982153e-03
1.963920000000000073e+04 -3.362781707321127467e-03
1.964250000000000000e+04 -3.431450681619479127e-03
1.964579999999999927e+04 -3.551258209329665426e-03
1.964909999999999854e+04 -3.672442476575422075e-03
1.965240000000000146e+04 -3.778194887581156486e-03
1.965570000000000073e+04 -3.911406225599803679e-03
1.965900000000000000e+04 -3.987415621849128844e-03
1.966229999999999927e+04 -4.050490944264562715e-03
1.966559999999999854e+04 -4.124669677813869346e-03
1.966890000000000146e+04 -4.216456773885409251e-03
1.967220000000000073e+04 -4.323362536812701794e-03
1.967550000000000000e+04 -4.398883079887601875e-03
1.967870000000000073e+04 -4.494693328355589372e-03
1.968200000000000000e+04 -4.536825777711410435e-03
1.968529999999999927e+04 -4.570937065679177985e-03
1.968859999999999854e+04 -4.613387149269877752e-03
1.969190000000000146e+04 -4.671279232496010694e-03
1.969520000000000073e+04 -4.745609900279984701e-03
1.969850000000000000e+04 -4.803113671136598033e-03
1.970179999999999927e+04 -4.839899949427377800e-03
1.970509999999999854e+04 -4.932293715055102723e-03
1.970840000000000146e+04 -5.047198636475424584e-03
1.971170000000000073e+04 -5.152181483597136763e-03
1.971500000000000000e+04 -5.226694517333472546e-03
1.971829999999999927e+04 -5.330705170141291499e-03
1.972159999999999854e+04 -5.361701823373265369e-03
1.972490000000000146e+04 -5.413902988069528056e-03
1.972820000000000073e+04 -5.498539395568312685e-03
1.973150000000000000e+04 -5.597454932329321356e-03
1.973479999999999927e+04 -5.682413851207077787e-03
1.973809999999999854e+04 -5.751707018583722235e-03
1.974140000000000146e+04 -5.834293724085680248e-03
1.974459999999999854e+04 -5.925548901861386018e-03
1.974790000000000146e+04 -5.955066361084651073e-03
1.975120000000000073e+04 -5.967239455946910485e-03
1.975450000000000000e+04 -6.011993005850699463e-03
1.975779999999999927e+04 -6.055670673150883969e-03
1.976109999999999854e+04 -6.112933157187122775e-03
1.976440000000000146e+04 -6.171639288587302957e-03
1.976770000000000073e+04 -6.249028007222356615e-03
1.977100000000000000e+04 -6.318113536197367958e-03
1.977429999999999927e+04 -6.370009360250145948e-03
1.977759999999999854e+04 -6.432506952540626398e-03
1.978090000000000146e+04 -6.494176065163099684e-03
1.978420000000000073e+04 -6.564857841932369639e-03
1.978750000000000000e+04 -6.589858482487249459e-03
1.979079999999999927e+04 -6.672450906664711967e-03
1.979409999999999854e+04 -6.701163094762116121e-03
1.979740000000000146e+04 -6.751803309212171290e-03
1.980070000000000073e+04 -6.829109800870234587e-03
1.980400000000000000e+04 -6.839465478795374309e-03
1.980720000000000073e+04 -6.893700655690730011e-03
1.981050000000000000e+04 -6.885943691883135258e-03
1.981379999999999927e+04 -6.864879302372185396e-03
1.981709999999999854e+04 -6.906672749185422018e-03
1.982040000000000146e+04 -6.877882786540460459e-03
1.982370000000000073e+04 -6.894382425475580230e-03
1.982700000000000000e+04 -6.937204524644981739e-03
1.983029999999999927e+04 -6.944945722056279462e-03
1.983359999999999854e+04 -6.939004206328009718e-03
1.983690000000000146e+04 -6.930462761907318567e-03
1.984020000000000073e+04 -6.917427039325017499e-03
1.984350000000000000e+04 -6.924265638797656892e-03
1.984679999999999927e+04 -6.944537585949773703e-03
1.985009999999999854e+04 -6.979868376860121418e-03
1.985340000000000146e+04 -7.014390326281602119e-03
1.985670000000000073e+04 -7.070416087265365447e-03
1.986000000000000000e+04 -7.081012157920960406e-03
1.986329999999999927e+04 -7.126278158921067925e-03
1.986659999999999854e+04 -7.160395869472960598e-03
1.986990000000000146e+04 -7.139784446041511599e-03
1.987309999999999854e+04 -7.115169882526386352e-03
1.987640000000000146e+04 -7.106196482359124385e-03
1.987970000000000073e+04 -7.119823391666492592e-03
1.988300000000000000e+04 -7.093719068547875775e-03
1.988629999999999927e+04 -7.164145156846269714e-03
1.988959999999999854e+04 -7.230135724744367332e-03
1.989290000000000146e+04 -7.231793543663755756e-03
1.989620000000000073e+04 -7.203018579835069983e-03
1.989950000000000000e+04 -7.172888565678986819e-03
1.990279999999999927e+04 -7.145746579218264193e-03
1.990609999999999854e+04 -7.134998079919360227e-03
1.990940000000000146e+04 -7.111916947117452419e-03
1.991270000000000073e+04 -7.131452210111451605e-03
1.991600000000000000e+04 -7.128562010741430928e-03
1.991929999999999927e+04 -7.148231769980008254e-03
1.992259999999999854e+04 -7.162317533261017451e-03
1.992590000000000146e+04 -7.158064713162977030e-03
