1.716800000000000000e+04 4.494138810536241159e-04
1.717129999999999927e+04 4.454063710532633891e-04
1.717459999999999854e+04 4.411428914795998291e-04
1.717790000000000146e+04 4.549426267758684118e-04
1.718120000000000073e+04 4.616905907643287384e-04
1.718450000000000000e+04 4.530492767599193630e-04
1.718779999999999927e+04 4.628768618557546014e-04
1.719109999999999854e+04 4.678157818150568731e-04
1.719440000000000146e+04 4.610291604618281850e-04
1.719770000000000073e+04 4.711815483772462685e-04
1.720100000000000000e+04 4.746099760478056980e-04
1.720429999999999927e+04 4.739905051664222366e-04
1.720759999999999854e+04 4.715171103806287014e-04
1.721090000000000146e+04 4.718398527526467554e-04
1.721420000000000073e+04 4.781027173354971522e-04
1.721750000000000000e+04 4.676075388294010575e-04
1.722079999999999927e+04 4.706336303570678452e-04
1.722409999999999854e+04 4.708776336014352864e-04
1.722729999999999927e+04 4.767004513433031041e-04
1.723059999999999854e+04 4.793689753505304659e-04
1.723390000000000146e+04 4.910152443924942255e-04
1.723720000000000073e+04 5.026158193080628930e-04
1.724050000000000000e+04 5.148318971162931358e-04
1.724379999999999927e+04 5.198959150023121272e-04
1.724709999999999854e+04 5.195913883738591341e-04
1.725040000000000146e+04 5.190314322171039971e-04
1.725370000000000073e+04 5.285742635596483606e-04
1.725700000000000000e+04 5.317136611765590961e-04
1.726029999999999927e+04 5.361188796804917858e-04
1.726359999999999854e+04 5.423902005202882156e-04
1.726690000000000146e+04 5.417727891516698358e-04
1.727020000000000073e+04 5.448621887643793600e-04
1.727350000000000000e+04 5.552403421917887156e-04
1.727679999999999927e+04 5.499329645232645808e-04
1.728009999999999854e+04 5.646635513499050464e-04
1.728340000000000146e+04 5.677217724831405861e-04
1.728670000000000073e+04 5.799672820276005180e-04
1.729000000000000000e+04 5.921493122029997114e-04
1.729320000000000073e+04 5.985478157971119931e-04
1.729650000000000000e+04 6.186575908647243315e-04
1.729979999999999927e+04 6.283099589077006030e-04
1.730309999999999854e+04 6.199748898898846785e-04
1.730640000000000146e+04 6.250594841662014548e-04
1.730970000000000073e+04 6.241815209355384324e-04
1.731300000000000000e+04 6.238637337363648521e-04
1.731629999999999927e+04 6.173596845008575210e-04
1.731959999999999854e+04 6.201853411825994106e-04
1.732290000000000146e+04 6.404503585116372430e-04
1.732620000000000073e+04 6.372402789030945933e-04
1.732950000000000000e+04 6.311894080851160370e-04
1.733279999999999927e+04 6.417381235924939737e-04
1.733609999999999854e+04 6.467766510539819415e-04
1.733940000000000146e+04 6.452374269517339523e-04
1.734270000000000073e+04 6.484792907448531972e-04
1.734600000000000000e+04 6.534722298442435665e-04
1.734929999999999927e+04 6.626250196775743681e-04
1.735259999999999854e+04 6.639227300086744448e-04
1.735579999999999927e+04 6.722739278978569991e-04
1.735909999999999854e+04 6.747136042771264544e-04
1.736240000000000146e+04 6.819763781390393315e-04
1.736570000000000073e+04 6.850382775017916292e-04
1.736900000000000000e+04 6.893794140874028769e-04
1.737229999999999927e+04 6.952989143996532277e-04
1.737559999999999854e+04 7.035685169188012848e-04
1.737890000000000146e+04 7.043200319087199483e-04
1.738220000000000073e+04 7.201815126315264971e-04
1.738550000000000000e+04 7.257939499738336143e-04
1.738879999999999927e+04 7.288351140767995989e-04
1.739209999999999854e+04 7.329651193609594030e-04
1.739540000000000146e+04 7.393895133611775878e-04
1.739870000000000073e+04 7.415086061126804342e-04
1.740200000000000000e+04 7.433827023179854577e-04
1.740529999999999927e+04 7.500530468597600871e-04
1.740859999999999854e+04 7.550458067298972727e-04
1.741190000000000146e+04 7.654570222494918403e-04
1.741520000000000073e+04 7.710841576732434992e-04
1.741850000000000000e+04 7.729991297395982048e-04
1.742170000000000073e+04 7.786626168848661666e-04
1.742500000000000000e+04 7.831151289664899659e-04
1.742829999999999927e+04 7.874007664883055004e-04
1.743159999999999854e+04 7.909268890356121193e-04
1.743490000000000146e+04 8.049050825010655146e-04
1.743820000000000073e+04 8.106955313373000616e-04
1.744150000000000000e+04 8.121682697025942900e-04
1.744479999999999927e+04 8.005629301838549598e-04
1.744809999999999854e+04 8.048488540001029912e-04
1.745140000000000146e+04 8.042699265320480588e-04
1.745470000000000073e+04 7.984737360120547529e-04
1.745800000000000000e+04 8.038210044716263304e-04
1.746129999999999927e+04 8.034582693135506855e-04
1.746459999999999854e+04 8.034255977980640610e-04
1.746790000000000146e+04 8.071850749968099547e-04
1.747120000000000073e+04 8.083654631705805733e-04
1.747450000000000000e+04 8.123336252418707996e-04
1.747779999999999927e+04 8.175611525825972337e-04
1.748109999999999854e+04 8.186557975882937516e-04
1.748429999999999927e+04 8.153460069633434179e-04
1.748759999999999854e+04 8.139598288864039084e-04
1.749090000000000146e+04 8.136647304823854850e-04
1.749420000000000073e+04 8.224150070910005899e-04
1.749750000000000000e+04 8.235526719015080288e-04
1.750079999999999927e+04 8.228721463306112481e-04
1.750409999999999854e+04 8.221410552440794675e-04
1.750740000000000146e+04 8.164615080765994437e-04
1.751070000000000073e+04 8.210702066801870954e-04
1.751400000000000000e+04 8.180604377688081939e-04
1.751729999999999927e+04 8.175619760450177726e-04
1.752059999999999854e+04 8.167968077013595214e-04
1.752390000000000146e+04 8.201173978635153353e-04
1.752720000000000073e+04 8.267214260256163568e-04
1.753050000000000000e+04 8.362015011234436978e-04
1.753379999999999927e+04 8.345028727985824178e-04
1.753709999999999854e+04 8.367874970975542779e-04
1.754040000000000146e+04 8.254670514226265495e-04
1.754370000000000073e+04 8.257683435141029583e-04
1.754700000000000000e+04 8.191024022653157219e-04
1.755020000000000073e+04 8.224618758991996586e-04
1.755350000000000000e+04 8.300879339042398263e-04
1.755679999999999927e+04 8.365506418563275603e-04
1.756009999999999854e+04 8.398656096703247193e-04
1.756340000000000146e+04 8.351521126579814977e-04
1.756670000000000073e+04 8.346224368691682613e-04
1.757000000000000000e+04 8.313925846732608945e-04
1.757329999999999927e+04 8.316452617703360903e-04
1.757659999999999854e+04 8.293477440106671213e-04
1.757990000000000146e+04 8.227611202487349930e-04
1.758320000000000073e+04 8.249232635710614363e-04
1.758650000000000000e+04 8.275609234757627360e-04
1.758979999999999927e+04 8.235927182762844230e-04
1.759309999999999854e+04 8.277235864671434471e-04
1.759640000000000146e+04 8.244679611760220806e-04
1.759970000000000073e+04 8.177366917501268035e-04
1.760300000000000000e+04 8.170696969520757158e-04
1.760629999999999927e+04 8.278535637465803728e-04
1.760959999999999854e+04 8.435166715385955570e-04
1.761290000000000146e+04 8.496879470315196227e-04
1.761609999999999854e+04 8.537521502945988631e-04
1.761940000000000146e+04 8.548388477587004963e-04
1.762270000000000073e+04 8.544577881339201954e-04
1.762600000000000000e+04 8.615150723935380847e-04
1.762929999999999927e+04 8.593417774644743212e-04
1.763259999999999854e+04 8.645977862450880680e-04
1.763590000000000146e+04 8.690836888217700089e-04
1.763920000000000073e+04 8.735631592465543634e-04
1.764250000000000000e+04 8.731039836243461097e-04
1.764579999999999927e+04 8.771284987893697470e-04
1.764909999999999854e+04 8.835746274366920467e-04
1.765240000000000146e+04 8.862056703865744218e-04
1.765570000000000073e+04 8.846995591864441864e-04
1.765900000000000000e+04 8.819787249990234399e-04
1.766229999999999927e+04 8.849167864985553250e-04
1.766559999999999854e+04 8.844981737093993504e-04
1.766890000000000146e+04 8.936607214102557572e-04
1.767220000000000073e+04 9.015621595129929416e-04
1.767550000000000000e+04 9.024077285646793251e-04
1.767870000000000073e+04 9.042377347017517032e-04
1.768200000000000000e+04 9.089050220550744545e-04
1.768529999999999927e+04 9.148662611415187473e-04
1.768859999999999854e+04 9.134461009641667642e-04
1.769190000000000146e+04 9.093120779226432837e-04
1.769520000000000073e+04 9.014075464099741359e-04
1.769850000000000000e+04 9.051375157634491790e-04
1.770179999999999927e+04 9.018819342835193579e-04
1.770509999999999854e+04 9.115635637935503655e-04
1.770840000000000146e+04 9.129434086915604561e-04
1.771170000000000073e+04 9.163191147547743338e-04
1.771500000000000000e+04 9.175122220910044346e-04
1.771829999999999927e+04 9.188150676689658264e-04
1.772159999999999854e+04 9.210572889618242774e-04
1.772490000000000146e+04 9.263475833047298208e-04
1.772820000000000073e+04 9.302630513619004849e-04
1.773150000000000000e+04 9.328931146900867064e-04
1.773479999999999927e+04 9.334787694665363416e-04
1.773809999999999854e+04 9.296579549888057742e-04
1.774140000000000146e+04 9.301210447539006798e-04
1.774459999999999854e+04 9.345999887353930802e-04
1.774790000000000146e+04 9.362688624374403395e-04
1.775120000000000073e+04 9.373792440021916188e-04
1.775450000000000000e+04 9.379009359010055408e-04
1.775779999999999927e+04 9.369828345864096878e-04
1.776109999999999854e+04 9.457635334984706250e-04
1.776440000000000146e+04 9.464237303359522525e-04
1.776770000000000073e+04 9.476635710317950472e-04
1.777100000000000000e+04 9.423268398838841780e-04
1.777429999999999927e+04 9.381982280329007268e-04
1.777759999999999854e+04 9.288231378080497556e-04
1.778090000000000146e+04 9.355333013930373746e-04
1.778420000000000073e+04 9.385123555699518075e-04
1.778750000000000000e+04 9.411604559329454995e-04
1.779079999999999927e+04 9.360766766203464356e-04
1.779409999999999854e+04 9.423213577813580131e-04
1.779740000000000146e+04 9.486483791218628791e-04
1.780070000000000073e+04 9.455255266918479156e-04
1.780400000000000000e+04 9.475351481870093219e-04
1.780720000000000073e+04 9.513825265224674097e-04
1.781050000000000000e+04 9.552094010094547500e-04
1.781379999999999927e+04 9.651715505634535707e-04
1.781709999999999854e+04 9.609005416278915091e-04
1.782040000000000146e+04 9.661400664521910698e-04
1.782370000000000073e+04 9.654877861814441719e-04
1.782700000000000000e+04 9.666263254492714254e-04
1.783029999999999927e+04 9.660035452813249763e-04
1.783359999999999854e+04 9.612991647315948874e-04
1.783690000000000146e+04 9.617108222910120347e-04
1.784020000000000073e+04 9.643066832855783522e-04
1.784350000000000000e+04 9.718363490656498765e-04
1.784679999999999927e+04 9.738979426250145462e-04
1.785009999999999854e+04 9.751698241268844797e-04
1.785340000000000146e+04 9.770337914010501432e-04
1.785670000000000073e+04 9.818358197673040817e-04
1.786000000000000000e+04 9.865336634814695759e-04
1.786329999999999927e+04 9.836210900089827503e-04
1.786659999999999854e+04 9.893236242301762986e-04
1.786990000000000146e+04 9.902250556081877188e-04
1.787309999999999854e+04 9.949443041160136152e-04
1.787640000000000146e+04 9.984250875894645945e-04
1.787970000000000073e+04 1.001406130978183201e-03
1.788300000000000000e+04 1.005767812351917364e-03
1.788629999999999927e+04 1.009492329650704808e-03
1.788959999999999854e+04 1.003898706874517500e-03
1.789290000000000146e+04 1.012796581284875755e-03
1.789620000000000073e+04 1.020676904626455651e-03
1.789950000000000000e+04 1.031536908847137304e-03
1.790279999999999927e+04 1.041801641671237164e-03
1.790609999999999854e+04 1.049392791740880442e-03
1.790940000000000146e+04 1.057274862886661186e-03
1.791270000000000073e+04 1.057616954790602205e-03
1.791600000000000000e+04 1.059096532008034237e-03
1.791929999999999927e+04 1.064088968917558959e-03
1.792259999999999854e+04 1.063902276952819652e-03
1.792590000000000146e+04 1.061518081884767423e-03
1.792920000000000073e+04 1.071673553490802436e-03
1.793250000000000000e+04 1.076597724036031101e-03
1.793570000000000073e+04 1.081557380773074013e-03
1.793900000000000000e+04 1.084917623423037498e-03
1.794229999999999927e+04 1.093354865515416656e-03
1.794559999999999854e+04 1.098992830899786933e-03
1.794890000000000146e+04 1.103147324593061482e-03
1.795220000000000073e+04 1.109046458411025319e-03
1.795550000000000000e+04 1.113686192224552481e-03
1.795879999999999927e+04 1.122102067583140728e-03
1.796209999999999854e+04 1.122059479995410726e-03
1.796540000000000146e+04 1.123951691472877858e-03
1.796870000000000073e+04 1.127841019050517327e-03
1.797200000000000000e+04 1.132349084875784078e-03
1.797529999999999927e+04 1.133724252154875772e-03
1.797859999999999854e+04 1.133910188832608747e-03
1.798190000000000146e+04 1.147329420706434417e-03
1.798520000000000073e+04 1.147852839802604615e-03
1.798850000000000000e+04 1.153386193917729265e-03
1.799179999999999927e+04 1.161665463421516749e-03
1.799509999999999854e+04 1.173207026004814300e-03
1.799840000000000146e+04 1.186201675011366473e-03
1.800159999999999854e+04 1.186117021210286119e-03
1.800490000000000146e+04 1.194246709308236214e-03
1.800820000000000073e+04 1.196786202947375732e-03
1.801150000000000000e+04 1.201946020192286605e-03
1.801479999999999927e+04 1.208361784208898150e-03
1.801809999999999854e+04 1.217172722297324905e-03
1.802140000000000146e+04 1.224424988748768406e-03
1.802470000000000073e+04 1.229646100653908423e-03
1.802800000000000000e+04 1.241478567920422998e-03
1.803129999999999927e+04 1.241547444995365606e-03
1.803459999999999854e+04 1.248633521473374326e-03
1.803790000000000146e+04 1.250928284765879389e-03
1.804120000000000073e+04 1.240418409729370734e-03
1.804450000000000000e+04 1.248090410375397169e-03
1.804779999999999927e+04 1.256703579813591527e-03
1.805109999999999854e+04 1.254823839871183847e-03
1.805440000000000146e+04 1.262846524064922945e-03
1.805770000000000073e+04 1.267948482456125693e-03
1.806100000000000000e+04 1.270541077396241791e-03
1.806429999999999927e+04 1.273214971191717051e-03
1.806750000000000000e+04 1.276223771192338879e-03
1.807079999999999927e+04 1.268112843983739075e-03
1.807409999999999854e+04 1.261462025218487324e-03
1.807740000000000146e+04 1.258672589159105359e-03
1.808070000000000073e+04 1.263454938867305090e-03
1.808400000000000000e+04 1.275365777755537800e-03
1.808729999999999927e+04 1.281579732024099028e-03
1.809059999999999854e+04 1.286408699206154299e-03
1.809390000000000146e+04 1.284210591593441374e-03
1.809720000000000073e+04 1.282373343746613052e-03
1.810050000000000000e+04 1.286142661228566143e-03
1.810379999999999927e+04 1.286569976593359560e-03
1.810709999999999854e+04 1.284898353228047753e-03
1.811040000000000146e+04 1.278627679685388763e-03
1.811370000000000073e+04 1.285383929246987052e-03
1.811700000000000000e+04 1.288827691671450785e-03
1.812029999999999927e+04 1.289751330124006695e-03
1.812359999999999854e+04 1.282825854616767352e-03
1.812690000000000146e+04 1.280446761687123718e-03
1.813009999999999854e+04 1.286984646897555403e-03
1.813340000000000146e+04 1.285544150254044242e-03
1.813670000000000073e+04 1.275670171962017992e-03
1.814000000000000000e+04 1.280742848518461952e-03
1.814329999999999927e+04 1.279378071154648648e-03
1.814659999999999854e+04 1.281326434031289374e-03
1.814990000000000146e+04 1.286784329548433916e-03
1.815320000000000073e+04 1.286578911455521328e-03
1.815650000000000000e+04 1.281150531981311213e-03
1.815979999999999927e+04 1.281775850244976827e-03
1.816309999999999854e+04 1.277641962369560711e-03
1.816640000000000146e+04 1.279377402673102489e-03
1.816970000000000073e+04 1.275502271158342497e-03
1.817300000000000000e+04 1.277765721964762213e-03
1.817629999999999927e+04 1.279175716899110405e-03
1.817959999999999854e+04 1.273155240730059791e-03
1.818290000000000146e+04 1.293334977965623347e-03
1.818620000000000073e+04 1.308166094964054128e-03
1.818950000000000000e+04 1.318417791097185052e-03
1.819279999999999927e+04 1.322584261865626101e-03
1.819600000000000000e+04 1.335589986372638389e-03
1.819929999999999927e+04 1.340383633638659667e-03
1.820259999999999854e+04 1.347674134724072487e-03
1.820590000000000146e+04 1.359463249741092164e-03
1.820920000000000073e+04 1.358192482453809578e-03
1.821250000000000000e+04 1.351192629103813506e-03
1.821579999999999927e+04 1.353344473924490612e-03
1.821909999999999854e+04 1.355778238271109631e-03
1.822240000000000146e+04 1.374119072839162905e-03
1.822570000000000073e+04 1.388306813970847497e-03
1.822900000000000000e+04 1.406130863330914147e-03
1.823229999999999927e+04 1.440372752000600772e-03
1.823559999999999854e+04 1.469867061894515907e-03
1.823890000000000146e+04 1.482848072833761960e-03
1.824220000000000073e+04 1.520754328398862387e-03
1.824550000000000000e+04 1.555163313855427573e-03
1.824879999999999927e+04 1.566147674710584217e-03
1.825209999999999854e+04 1.581048619094262446e-03
1.825540000000000146e+04 1.605410990878149103e-03
1.825859999999999854e+04 1.639394682104805328e-03
1.826190000000000146e+04 1.668994495234079473e-03
1.826520000000000073e+04 1.684443883762318413e-03
1.826850000000000000e+04 1.710721889992948379e-03
1.827179999999999927e+04 1.747276456366928920e-03
1.827509999999999854e+04 1.774126498601272684e-03
1.827840000000000146e+04 1.795077642461225670e-03
1.828170000000000073e+04 1.818184819828168926e-03
1.828500000000000000e+04 1.841695844474973420e-03
1.828829999999999927e+04 1.867144958704390883e-03
1.829159999999999854e+04 1.897408378224605882e-03
1.829490000000000146e+04 1.934589488891111419e-03
1.829820000000000073e+04 1.961390164073809582e-03
1.830150000000000000e+04 2.001975262514080374e-03
1.830479999999999927e+04 2.036068004384365086e-03
1.830809999999999854e+04 2.078710642705807517e-03
1.831140000000000146e+04 2.105746254074912505e-03
1.831470000000000073e+04 2.129828282733839222e-03
1.831800000000000000e+04 2.167852449322007612e-03
1.832129999999999927e+04 2.219503389933013236e-03
1.832450000000000000e+04 2.254506724109191750e-03
1.832779999999999927e+04 2.288944354515644059e-03
1.833109999999999854e+04 2.333071721977572274e-03
1.833440000000000146e+04 2.376973814872098290e-03
1.833770000000000073e+04 2.415377820179037769e-03
1.834100000000000000e+04 2.457174928592333572e-03
1.834429999999999927e+04 2.486821516360655793e-03
1.834759999999999854e+04 2.506915295862678725e-03
1.835090000000000146e+04 2.532779935872322540e-03
1.835420000000000073e+04 2.574108161315268300e-03
1.835750000000000000e+04 2.610542436174919951e-03
1.836079999999999927e+04 2.638466571398557711e-03
1.836409999999999854e+04 2.664963790597599767e-03
1.836740000000000146e+04 2.687067857545128672e-03
1.837070000000000073e+04 2.730024009100214238e-03
1.837400000000000000e+04 2.765928856764568976e-03
1.837729999999999927e+04 2.817318314282434358e-03
1.838059999999999854e+04 2.870229333886397012e-03
1.838390000000000146e+04 2.926228084050866863e-03
1.838709999999999854e+04 2.941378265042105585e-03
1.839040000000000146e+04 2.982620207358278180e-03
1.839370000000000073e+04 2.996553382485175800e-03
1.839700000000000000e+04 3.005379383612293703e-03
1.840029999999999927e+04 3.025772723890547689e-03
1.840359999999999854e+04 3.073815998852406309e-03
1.840690000000000146e+04 3.098935771243043098e-03
1.841020000000000073e+04 3.124719939827967381e-03
1.841350000000000000e+04 3.162140515842553484e-03
1.841679999999999927e+04 3.201727430449038524e-03
1.842009999999999854e+04 3.237602180619167640e-03
1.842340000000000146e+04 3.263483159389284939e-03
1.842670000000000073e+04 3.298105820415641633e-03
1.843000000000000000e+04 3.348848429247632420e-03
1.843329999999999927e+04 3.378409764368186120e-03
1.843659999999999854e+04 3.410297220529641491e-03
1.843990000000000146e+04 3.452177328414001139e-03
1.844320000000000073e+04 3.495717477762468224e-03
1.844650000000000000e+04 3.538035230297761468e-03
1.844979999999999927e+04 3.585045440593721041e-03
1.845300000000000000e+04 3.635347158032562441e-03
1.845629999999999927e+04 3.678494780573051976e-03
1.845959999999999854e+04 3.693810802735399482e-03
1.846290000000000146e+04 3.743066792398745332e-03
1.846620000000000073e+04 3.740185834566612036e-03
1.846950000000000000e+04 3.763911519581648532e-03
1.847279999999999927e+04 3.785387948685547954e-03
1.847609999999999854e+04 3.805018817703649438e-03
1.847940000000000146e+04 3.825584196440275867e-03
1.848270000000000073e+04 3.829224239617106101e-03
1.848600000000000000e+04 3.816019698056735601e-03
1.848929999999999927e+04 3.820434186514454645e-03
1.849259999999999854e+04 3.830035371558669112e-03
1.849590000000000146e+04 3.826215249330864113e-03
1.849920000000000073e+04 3.836323619865727313e-03
1.850250000000000000e+04 3.849899340298692813e-03
1.850579999999999927e+04 3.887378644235735432e-03
1.850909999999999854e+04 3.938178721396809120e-03
1.851240000000000146e+04 3.944949998011353792e-03
1.851570000000000073e+04 3.947917024961845531e-03
1.851890000000000146e+04 3.941663277521718911e-03
1.852220000000000073e+04 3.956311497042689675e-03
1.852550000000000000e+04 3.989984670911305917e-03
1.852879999999999927e+04 4.033633106556097289e-03
1.853209999999999854e+04 4.080101248212031698e-03
1.853540000000000146e+04 4.115043406969714525e-03
1.853870000000000073e+04 4.173233327736789247e-03
1.854200000000000000e+04 4.212320274265948794e-03
1.854529999999999927e+04 4.256419255127037553e-03
1.854859999999999854e+04 4.266572306378797058e-03
1.855190000000000146e+04 4.320970150952742860e-03
1.855520000000000073e+04 4.369603155110845724e-03
1.855850000000000000e+04 4.428227253899063957e-03
1.856179999999999927e+04 4.490836930739098426e-03
1.856509999999999854e+04 4.537971064559272009e-03
1.856840000000000146e+04 4.601712154360696090e-03
1.857170000000000073e+04 4.633931348383208554e-03
1.857500000000000000e+04 4.674586430283076202e-03
1.857829999999999927e+04 4.744166065928454717e-03
1.858150000000000000e+04 4.791323366091428983e-03
1.858479999999999927e+04 4.831788107415218268e-03
1.858809999999999854e+04 4.874973327657380721e-03
1.859140000000000146e+04 4.921133101483168501e-03
1.859470000000000073e+04 4.963565752728772186e-03
1.859800000000000000e+04 5.029133489611824041e-03
1.860129999999999927e+04 5.071973291213710718e-03
1.860459999999999854e+04 5.130122185589037175e-03
1.860790000000000146e+04 5.180856856504376280e-03
1.861120000000000073e+04 5.258480640696143113e-03
1.861450000000000000e+04 5.355767515573174424e-03
1.861779999999999927e+04 5.417399407789458277e-03
1.862109999999999854e+04 5.467409176659644710e-03
1.862440000000000146e+04 5.536306581109519398e-03
1.862770000000000073e+04 5.592752733203467004e-03
1.863100000000000000e+04 5.717312447250794127e-03
1.863429999999999927e+04 5.792425078464054182e-03
1.863759999999999854e+04 5.876151372557888650e-03
1.864090000000000146e+04 5.970130392794125926e-03
1.864420000000000073e+04 6.128672189640665957e-03
1.864740000000000146e+04 6.245979826507632761e-03
1.865070000000000073e+04 6.367332342177197888e-03
1.865400000000000000e+04 6.515260253314031358e-03
1.865729999999999927e+04 6.653999140731597234e-03
1.866059999999999854e+04 6.799126390608964399e-03
1.866390000000000146e+04 6.922237470409895420e-03
1.866720000000000073e+04 7.045462659176291408e-03
1.867050000000000000e+04 7.142498493589687081e-03
1.867379999999999927e+04 7.259798414633317730e-03
1.867709999999999854e+04 7.407452954753247949e-03
1.868040000000000146e+04 7.583975610496139497e-03
1.868370000000000073e+04 7.821570793641078115e-03
1.868700000000000000e+04 8.059858450500145474e-03
1.869029999999999927e+04 8.262500709292349560e-03
1.869359999999999854e+04 8.538926601346266687e-03
1.869690000000000146e+04 8.792950644670990967e-03
1.870020000000000073e+04 8.902776400906985826e-03
1.870350000000000000e+04 8.994303526808210270e-03
1.870679999999999927e+04 9.183863313539467402e-03
1.871000000000000000e+04 9.473856152294575506e-03
1.871329999999999927e+04 9.694963193399658286e-03
1.871659999999999854e+04 9.842588057196925352e-03
1.871990000000000146e+04 1.000310662710193060e-02
1.872320000000000073e+04 1.014661827088623666e-02
1.872650000000000000e+04 1.032858733638514041e-02
1.872979999999999927e+04 1.045582587705269975e-02
1.873309999999999854e+04 1.060144960649483936e-02
1.873640000000000146e+04 1.075493980849193121e-02
1.873970000000000073e+04 1.094996361315397383e-02
1.874300000000000000e+04 1.100172135509417705e-02
1.874629999999999927e+04 1.115252557245537991e-02
1.874959999999999854e+04 1.121965451790544153e-02
1.875290000000000146e+04 1.129118943630098848e-02
1.875620000000000073e+04 1.137031735951548120e-02
1.875950000000000000e+04 1.151803259782435175e-02
1.876279999999999927e+04 1.164881054585346735e-02
1.876609999999999854e+04 1.176678033904578029e-02
1.876940000000000146e+04 1.184155572327339964e-02
1.877270000000000073e+04 1.197285509706053422e-02
1.877590000000000146e+04 1.215086527629720588e-02
1.877920000000000073e+04 1.221250038051557331e-02
1.878250000000000000e+04 1.237276737539928610e-02
1.878579999999999927e+04 1.254944498385448561e-02
1.878909999999999854e+04 1.276021586358118583e-02
1.879240000000000146e+04 1.299127396976137300e-02
1.879570000000000073e+04 1.322296637090854439e-02
1.879900000000000000e+04 1.349056649253081719e-02
1.880229999999999927e+04 1.376492768452754027e-02
1.880559999999999854e+04 1.404260978951932942e-02
1.880890000000000146e+04 1.426562754042645480e-02
1.881220000000000073e+04 1.452396653460752592e-02
1.881550000000000000e+04 1.481192045859338127e-02
1.881879999999999927e+04 1.507121993160905234e-02
1.882209999999999854e+04 1.533102502201898719e-02
1.882540000000000146e+04 1.560931999923556059e-02
1.882870000000000073e+04 1.590653263616219684e-02
1.883200000000000000e+04 1.617967651004913188e-02
1.883529999999999927e+04 1.646992548961166702e-02
1.883859999999999854e+04 1.675765386256018730e-02
1.884179999999999927e+04 1.703987868888744150e-02
1.884509999999999854e+04 1.731620168247180111e-02
1.884840000000000146e+04 1.753719565964862587e-02
1.885170000000000073e+04 1.775385491334986049e-02
1.885500000000000000e+04 1.799769766678243482e-02
1.885829999999999927e+04 1.816038138617890457e-02
1.886159999999999854e+04 1.832729969761110259e-02
1.886490000000000146e+04 1.866501570332146018e-02
1.886820000000000073e+04 1.901569101403433742e-02
1.887150000000000000e+04 1.927997069199454544e-02
1.887479999999999927e+04 1.943034416975370632e-02
1.887809999999999854e+04 1.967051735508236129e-02
1.888140000000000146e+04 1.998735663251403200e-02
1.888470000000000073e+04 2.027744318157162495e-02
1.888800000000000000e+04 2.057778550572927218e-02
1.889129999999999927e+04 2.084206083952450106e-02
1.889459999999999854e+04 2.119060982702532583e-02
1.889790000000000146e+04 2.150174886851152767e-02
1.890120000000000073e+04 2.182422548624318379e-02
1.890440000000000146e+04 2.209728843552326294e-02
1.890770000000000073e+04 2.250789287004201222e-02
1.891100000000000000e+04 2.284082324150117985e-02
1.891429999999999927e+04 2.324956547106046129e-02
1.891759999999999854e+04 2.365691931399496739e-02
1.892090000000000146e+04 2.407434938530019636e-02
1.892420000000000073e+04 2.444693346960163591e-02
1.892750000000000000e+04 2.479752376210516210e-02
1.893079999999999927e+04 2.519912816935704694e-02
1.893409999999999854e+04 2.559813045416722832e-02
1.893740000000000146e+04 2.597029901245799868e-02
1.894070000000000073e+04 2.626441742206585273e-02
1.894400000000000000e+04 2.663550731108401542e-02
1.894729999999999927e+04 2.694892202549630314e-02
1.895059999999999854e+04 2.725463676035203356e-02
1.895390000000000146e+04 2.756321756565265763e-02
1.895720000000000073e+04 2.782130698701803725e-02
1.896050000000000000e+04 2.809151564844923274e-02
1.896379999999999927e+04 2.833357209437608812e-02
1.896709999999999854e+04 2.855457426496450790e-02
1.897029999999999927e+04 2.874330679637942393e-02
1.897359999999999854e+04 2.893257641814940204e-02
1.897690000000000146e+04 2.916196162266875350e-02
1.898020000000000073e+04 2.935589645338632092e-02
1.898350000000000000e+04 2.955481501040897394e-02
1.898679999999999927e+04 2.976189953985392336e-02
1.899009999999999854e+04 2.994208206428101982e-02
1.899340000000000146e+04 3.012243529482389742e-02
1.899670000000000073e+04 3.028980541688316638e-02
1.900000000000000000e+04 3.047855928064207090e-02
1.900329999999999927e+04 3.063524080228535729e-02
1.900659999999999854e+04 3.079885480429951639e-02
1.900990000000000146e+04 3.091839184214946468e-02
1.901320000000000073e+04 3.101878689418753263e-02
1.901650000000000000e+04 3.111193056762798920e-02
1.901979999999999927e+04 3.122972326106871616e-02
1.902309999999999854e+04 3.135273947795094718e-02
1.902640000000000146e+04 3.149385875932205620e-02
1.902970000000000073e+04 3.157176381419463107e-02
1.903290000000000146e+04 3.164527063192948408e-02
1.903620000000000073e+04 3.170296348631254646e-02
1.903950000000000000e+04 3.175888274158425451e-02
1.904279999999999927e+04 3.183378991337986602e-02
1.904609999999999854e+04 3.187216998259850831e-02
1.904940000000000146e+04 3.191941292699525951e-02
1.905270000000000073e+04 3.199870753411278995e-02
1.905600000000000000e+04 3.204051273654640736e-02
1.905929999999999927e+04 3.207827292901396093e-02
1.906259999999999854e+04 3.209122089412359130e-02
1.906590000000000146e+04 3.211031037999964588e-02
1.906920000000000073e+04 3.212616937240841963e-02
1.907250000000000000e+04 3.209155052547301573e-02
1.907579999999999927e+04 3.207412068747090422e-02
1.907909999999999854e+04 3.205630627217126438e-02
1.908240000000000146e+04 3.204668695621582658e-02
1.908570000000000073e+04 3.199846803333851464e-02
1.908900000000000000e+04 3.193579920775464071e-02
1.909229999999999927e+04 3.186130201556681973e-02
1.909559999999999854e+04 3.179123344332030615e-02
1.909879999999999927e+04 3.175342181548444775e-02
1.910209999999999854e+04 3.166023433892967837e-02
1.910540000000000146e+04 3.159791092315977074e-02
1.910870000000000073e+04 3.153400661095937668e-02
1.911200000000000000e+04 3.146336785499190963e-02
1.911529999999999927e+04 3.138698185446407024e-02
1.911859999999999854e+04 3.123103525751759479e-02
1.912190000000000146e+04 3.109714606306253001e-02
1.912520000000000073e+04 3.092530685459542183e-02
1.912850000000000000e+04 3.074910069542344596e-02
1.913179999999999927e+04 3.060650472124457414e-02
1.913509999999999854e+04 3.047556186618589555e-02
1.913840000000000146e+04 3.032510777491870604e-02
1.914170000000000073e+04 3.013066867418923503e-02
1.914500000000000000e+04 2.994229579520489223e-02
1.914829999999999927e+04 2.973135360839627983e-02
1.915159999999999854e+04 2.953018695454777062e-02
1.915490000000000146e+04 2.934463275711843636e-02
1.915820000000000073e+04 2.914446000756102870e-02
1.916140000000000146e+04 2.896561325348916832e-02
1.916470000000000073e+04 2.873762575199863278e-02
1.916800000000000000e+04 2.851362554025657636e-02
1.917129999999999927e+04 2.827204131275871946e-02
1.917459999999999854e+04 2.804171364263526034e-02
1.917790000000000146e+04 2.783098814704607418e-02
1.918120000000000073e+04 2.763298368306787642e-02
1.918450000000000000e+04 2.737732485246588757e-02
1.918779999999999927e+04 2.712307929944763815e-02
1.919109999999999854e+04 2.686751852449885056e-02
1.919440000000000146e+04 2.663583950334844075e-02
1.919770000000000073e+04 2.637652484662065741e-02
1.920100000000000000e+04 2.612373541011216507e-02
1.920429999999999927e+04 2.587348495501532938e-02
1.920759999999999854e+04 2.560124608989400308e-02
1.921090000000000146e+04 2.534555033396970053e-02
1.921420000000000073e+04 2.506641176836031312e-02
1.921750000000000000e+04 2.477149649582556165e-02
1.922079999999999927e+04 2.449742934883842108e-02
1.922409999999999854e+04 2.421610947006054559e-02
1.922729999999999927e+04 2.392237129178371655e-02
1.923059999999999854e+04 2.363019364740362449e-02
1.923390000000000146e+04 2.333409843319456806e-02
1.923720000000000073e+04 2.305881225913460064e-02
1.924050000000000000e+04 2.275426490867045112e-02
1.924379999999999927e+04 2.245301248988183784e-02
1.924709999999999854e+04 2.215292219856238032e-02
1.925040000000000146e+04 2.184776553889855935e-02
1.925370000000000073e+04 2.152592922126024197e-02
1.925700000000000000e+04 2.125629258056042914e-02
1.926029999999999927e+04 2.094547060149455978e-02
1.926359999999999854e+04 2.061564246799499345e-02
1.926690000000000146e+04 2.032722224256601484e-02
1.927020000000000073e+04 2.000437623327868536e-02
1.927350000000000000e+04 1.970774410983926195e-02
1.927679999999999927e+04 1.939335671489443927e-02
1.928009999999999854e+04 1.907410780223662075e-02
1.928340000000000146e+04 1.878770264534402809e-02
1.928670000000000073e+04 1.848328638940275465e-02
1.929000000000000000e+04 1.817918963506517938e-02
1.929320000000000073e+04 1.789100059104553955e-02
1.929650000000000000e+04 1.758547530059207872e-02
1.929979999999999927e+04 1.727738395313268768e-02
1.930309999999999854e+04 1.698557601719074758e-02
1.930640000000000146e+04 1.669590288425599686e-02
1.930970000000000073e+04 1.640697154124394833e-02
1.931300000000000000e+04 1.612967240960085091e-02
1.931629999999999927e+04 1.582735421775226248e-02
1.931959999999999854e+04 1.551760086610693215e-02
1.932290000000000146e+04 1.519515456020552324e-02
1.932620000000000073e+04 1.488902661311542960e-02
1.932950000000000000e+04 1.457388993891453079e-02
1.933279999999999927e+04 1.427979952468578541e-02
1.933609999999999854e+04 1.400319160280355003e-02
1.933940000000000146e+04 1.373075151415075433e-02
1.934270000000000073e+04 1.344153471261091623e-02
1.934600000000000000e+04 1.313473597710199982e-02
1.934929999999999927e+04 1.285297024523461042e-02
1.935259999999999854e+04 1.255427251598722517e-02
1.935579999999999927e+04 1.226657107054086523e-02
1.935909999999999854e+04 1.197057521944508082e-02
1.936240000000000146e+04 1.169441499251816334e-02
1.936570000000000073e+04 1.142224599191807993e-02
1.936900000000000000e+04 1.115390875649448048e-02
1.937229999999999927e+04 1.089057901083101583e-02
1.937559999999999854e+04 1.060595587040309533e-02
1.937890000000000146e+04 1.034055069536482692e-02
1.938220000000000073e+04 1.007331169700539063e-02
1.938550000000000000e+04 9.804133482979364433e-03
1.938879999999999927e+04 9.521418710665786878e-03
1.939209999999999854e+04 9.263081975677255400e-03
1.939540000000000146e+04 9.005336016289632040e-03
1.939870000000000073e+04 8.748367328588029998e-03
1.940200000000000000e+04 8.504573213392456130e-03
1.940529999999999927e+04 8.269466503021844286e-03
1.940859999999999854e+04 8.035953630370653439e-03
1.941190000000000146e+04 7.787671100691607312e-03
1.941520000000000073e+04 7.549375262505293206e-03
1.941850000000000000e+04 7.317776188506682281e-03
1.942170000000000073e+04 7.053066996566912522e-03
1.942500000000000000e+04 6.799355516180241761e-03
1.942829999999999927e+04 6.565259714614782652e-03
1.943159999999999854e+04 6.312969536107025832e-03
1.943490000000000146e+04 6.064500821475591989e-03
1.943820000000000073e+04 5.816155444144894410e-03
1.944150000000000000e+04 5.573740281883710589e-03
1.944479999999999927e+04 5.350873558010000967e-03
1.944809999999999854e+04 5.122175734037136274e-03
1.945140000000000146e+04 4.918220671416491038e-03
1.945470000000000073e+04 4.710671690060177011e-03
1.945800000000000000e+04 4.494966707315170389e-03
1.946129999999999927e+04 4.266366309319528927e-03
1.946459999999999854e+04 4.047046942111568769e-03
1.946790000000000146e+04 3.813548838221031152e-03
1.947120000000000073e+04 3.601839484637923017e-03
1.947450000000000000e+04 3.380648862175858471e-03
1.947779999999999927e+04 3.162852908800769299e-03
1.948109999999999854e+04 2.958686237532314866e-03
1.948429999999999927e+04 2.759408191556110470e-03
1.948759999999999854e+04 2.572091863477533272e-03
1.949090000000000146e+04 2.375789014879454552e-03
1.949420000000000073e+04 2.187710028236197930e-03
1.949750000000000000e+04 2.000667345354660478e-03
1.950079999999999927e+04 1.807399202563314978e-03
1.950409999999999854e+04 1.618681315985146972e-03
1.950740000000000146e+04 1.438879749069771384e-03
1.951070000000000073e+04 1.254935710970077941e-03
1.951400000000000000e+04 1.087860336032118536e-03
1.951729999999999927e+04 9.195160176817575304e-04
1.952059999999999854e+04 7.280875340615219861e-04
1.952390000000000146e+04 5.619945738196708293e-04
1.952720000000000073e+04 3.881209710373962067e-04
1.953050000000000000e+04 2.135646547771808974e-04
1.953379999999999927e+04 4.686333714942942947e-05
1.953709999999999854e+04 -1.330437611871760142e-04
1.954040000000000146e+04 -2.713703605380483083e-04
1.954370000000000073e+04 -4.171534451934165509e-04
1.954700000000000000e+04 -5.748833619343920618e-04
1.955020000000000073e+04 -7.471326171610567042e-04
1.955350000000000000e+04 -8.806513400313478951e-04
1.955679999999999927e+04 -1.017520984415469986e-03
1.956009999999999854e+04 -1.147668064754702160e-03
1.956340000000000146e+04 -1.278756865724999317e-03
1.956670000000000073e+04 -1.414921299718193163e-03
1.957000000000000000e+04 -1.540924965426852117e-03
1.957329999999999927e+04 -1.670683280148367242e-03
1.957659999999999854e+04 -1.785828545622656369e-03
1.957990000000000146e+04 -1.890969541036945653e-03
1.958320000000000073e+04 -2.022418949232813231e-03
1.958650000000000000e+04 -2.141643119682080151e-03
1.958979999999999927e+04 -2.230602978311515498e-03
1.959309999999999854e+04 -2.337866008566001283e-03
1.959640000000000146e+04 -2.425766267976323630e-03
1.959970000000000073e+04 -2.508616064667861748e-03
1.960300000000000000e+04 -2.617983403512851547e-03
1.960629999999999927e+04 -2.745148498479461040e-03
1.960959999999999854e+04 -2.864582882859758890e-03
1.961290000000000146e+04 -2.989287365244050042e-03
1.961609999999999854e+04 -3.112892673519713008e-03
1.961940000000000146e+04 -3.195614541167281827e-03
1.962270000000000073e+04 -3.317775858633545145e-03
1.962600000000000000e+04 -3.416587182127354440e-03
1.962929999999999927e+04 -3.512302351534561575e-03
1.963259999999999854e+04 -3.578533282140723606e-03
1.963590000000000146e+04 -3.636005431239482371e-03
1.963920000000000073e+04 -3.733166551977025720e-03
1.964250000000000000e+04 -3.796708435525253215e-03
1.964579999999999927e+04 -3.901414882362587693e-03
1.964909999999999854e+04 -4.017939463602827888e-03
1.965240000000000146e+04 -4.126622746022618610e-03
1.965570000000000073e+04 -4.233295522591048327e-03
1.965900000000000000e+04 -4.288134534180873883e-03
1.966229999999999927e+04 -4.326569743707753962e-03
1.966559999999999854e+04 -4.374834758952519075e-03
1.966890000000000146e+04 -4.441374236483844329e-03
1.967220000000000073e+04 -4.536436770027396474e-03
1.967550000000000000e+04 -4.601463431319086431e-03
1.967870000000000073e+04 -4.707718066044095165e-03
1.968200000000000000e+04 -4.749196831685276871e-03
1.968529999999999927e+04 -4.795174313057668468e-03
1.968859999999999854e+04 -4.839062107311831173e-03
1.969190000000000146e+04 -4.861692027291543081e-03
1.969520000000000073e+04 -4.905544400779944351e-03
1.969850000000000000e+04 -4.949385037823054306e-03
1.970179999999999927e+04 -4.977985274284463073e-03
1.970509999999999854e+04 -5.091152807808798850e-03
1.970840000000000146e+04 -5.202664745233276204e-03
1.971170000000000073e+04 -5.279163277828795471e-03
1.971500000000000000e+04 -5.294009768788762380e-03
1.971829999999999927e+04 -5.372838529422749136e-03
1.972159999999999854e+04 -5.388093903693850703e-03
1.972490000000000146e+04 -5.417441481273756361e-03
1.972820000000000073e+04 -5.490702628557221111e-03
1.973150000000000000e+04 -5.582281119053961703e-03
1.973479999999999927e+04 -5.654736709860241385e-03
1.973809999999999854e+04 -5.725287853280079317e-03
1.974140000000000146e+04 -5.815214190795550339e-03
1.974459999999999854e+04 -5.908957657602229886e-03
1.974790000000000146e+04 -5.938501800496083158e-03
1.975120000000000073e+04 -5.951278593969004140e-03
1.975450000000000000e+04 -5.996371255049190441e-03
1.975779999999999927e+04 -6.026946088519126964e-03
1.976109999999999854e+04 -6.101506130492523501e-03
1.976440000000000146e+04 -6.187026650618893814e-03
1.976770000000000073e+04 -6.259465015773797714e-03
1.977100000000000000e+04 -6.302982864638513073e-03
1.977429999999999927e+04 -6.322704439057180541e-03
1.977759999999999854e+04 -6.365969710736696895e-03
1.978090000000000146e+04 -6.408206270863163988e-03
1.978420000000000073e+04 -6.492939239923728109e-03
1.978750000000000000e+04 -6.493503023945934073e-03
1.979079999999999927e+04 -6.566335044726485937e-03
1.979409999999999854e+04 -6.571230340884479451e-03
1.979740000000000146e+04 -6.598713768222840351e-03
1.980070000000000073e+04 -6.658481707183722988e-03
1.980400000000000000e+04 -6.667930731988720369e-03
1.980720000000000073e+04 -6.701920251704904415e-03
1.981050000000000000e+04 -6.676606042889419307e-03
1.981379999999999927e+04 -6.641518597628852556e-03
1.981709999999999854e+04 -6.679308869911141505e-03
1.982040000000000146e+04 -6.661905132471715972e-03
1.982370000000000073e+04 -6.665714333442152896e-03
1.982700000000000000e+04 -6.701259299713611776e-03
1.983029999999999927e+04 -6.733855024453993046e-03
1.983359999999999854e+04 -6.746571533509230535e-03
1.983690000000000146e+04 -6.740822848710953559e-03
1.984020000000000073e+04 -6.732753299520673196e-03
1.984350000000000000e+04 -6.743815097586674211e-03
1.984679999999999927e+04 -6.761419194798033890e-03
1.985009999999999854e+04 -6.788474356295422056e-03
1.985340000000000146e+04 -6.833030077441256886e-03
1.985670000000000073e+04 -6.910822292173902752e-03
1.986000000000000000e+04 -6.949686598919719432e-03
1.986329999999999927e+04 -7.009062838491030012e-03
1.986659999999999854e+04 -7.009674844108145821e-03
1.986990000000000146e+04 -6.966464259001525425e-03
1.987309999999999854e+04 -6.920899321235050167e-03
1.987640000000000146e+04 -6.917748091996473413e-03
1.987970000000000073e+04 -6.972825612118767336e-03
1.988300000000000000e+04 -6.951444126409849801e-03
1.988629999999999927e+04 -7.020896524716001980e-03
1.988959999999999854e+04 -7.093567072138914041e-03
1.989290000000000146e+04 -7.088252067145854596e-03
1.989620000000000073e+04 -7.038921314865604142e-03
1.989950000000000000e+04 -7.002865767800083539e-03
1.990279999999999927e+04 -6.992502862456478029e-03
1.990609999999999854e+04 -6.981747446226694437e-03
1.990940000000000146e+04 -6.946488780905197939e-03
1.991270000000000073e+04 -6.953691674593402532e-03
1.991600000000000000e+04 -6.965278159467245926e-03
1.991929999999999927e+04 -6.982532184011894759e-03
1.992259999999999854e+04 -6.983440383635630688e-03
1.992590000000000146e+04 -6.966382724789100395e-03
