1.716800000000000000e+04 3.294493257072977173e-04
1.717129999999999927e+04 3.348293225302948731e-04
1.717459999999999854e+04 3.373394479469835733e-04
1.717790000000000146e+04 3.434046490872179011e-04
1.718120000000000073e+04 3.545472145737680204e-04
1.718450000000000000e+04 3.425675853260581319e-04
1.718779999999999927e+04 3.473266052356946930e-04
1.719109999999999854e+04 3.437973821909453566e-04
1.719440000000000146e+04 3.545612111545776916e-04
1.719770000000000073e+04 3.363373107952855328e-04
1.720100000000000000e+04 3.267101036834337132e-04
1.720429999999999927e+04 3.199216549853426306e-04
1.720759999999999854e+04 3.292334501654477349e-04
1.721090000000000146e+04 3.356690146835809851e-04
1.721420000000000073e+04 3.499932438740310987e-04
1.721750000000000000e+04 3.481087293181170427e-04
1.722079999999999927e+04 3.552326960604025976e-04
1.722409999999999854e+04 3.528578910968247872e-04
1.722729999999999927e+04 3.433156976488906044e-04
1.723059999999999854e+04 3.482208347276755946e-04
1.723390000000000146e+04 3.576745287285963779e-04
1.723720000000000073e+04 3.460624584384861826e-04
1.724050000000000000e+04 3.464787642674136770e-04
1.724379999999999927e+04 3.376421417337778486e-04
1.724709999999999854e+04 3.353423925941153953e-04
1.725040000000000146e+04 3.426183626879630959e-04
1.725370000000000073e+04 3.507205391798015582e-04
1.725700000000000000e+04 3.507139734113117889e-04
1.726029999999999927e+04 3.388127306637135822e-04
1.726359999999999854e+04 3.391395912702121194e-04
1.726690000000000146e+04 3.484247955049776021e-04
1.727020000000000073e+04 3.432527581088807385e-04
1.727350000000000000e+04 3.505579568702977167e-04
1.727679999999999927e+04 3.485331976720498900e-04
1.728009999999999854e+04 3.609141334697123812e-04
1.728340000000000146e+04 3.609741838173014580e-04
1.728670000000000073e+04 3.614582015531577841e-04
1.729000000000000000e+04 3.701681084613332685e-04
1.729320000000000073e+04 3.784963424000812996e-04
1.729650000000000000e+04 3.791553300251631199e-04
1.729979999999999927e+04 3.771806399324786614e-04
1.730309999999999854e+04 3.780441263046469317e-04
1.730640000000000146e+04 3.744864433275635080e-04
1.730970000000000073e+04 3.798713839223289822e-04
1.731300000000000000e+04 3.804743887018054464e-04
1.731629999999999927e+04 3.847976093783687110e-04
1.731959999999999854e+04 3.911561158950389882e-04
1.732290000000000146e+04 4.008136088217274882e-04
1.732620000000000073e+04 3.942069690146130976e-04
1.732950000000000000e+04 4.021170144940193329e-04
1.733279999999999927e+04 4.023970492351764587e-04
1.733609999999999854e+04 4.086066749447599101e-04
1.733940000000000146e+04 4.097612452867817941e-04
1.734270000000000073e+04 4.134671618764135768e-04
1.734600000000000000e+04 4.173079920624933603e-04
1.734929999999999927e+04 4.212838660490198233e-04
1.735259999999999854e+04 4.110945753452783960e-04
1.735579999999999927e+04 4.049542341053778910e-04
1.735909999999999854e+04 3.918438848518107556e-04
1.736240000000000146e+04 3.914503014975822723e-04
1.736570000000000073e+04 3.974743533463700497e-04
1.736900000000000000e+04 4.005680493886565395e-04
1.737229999999999927e+04 3.906724185183147336e-04
1.737559999999999854e+04 3.866122243842841475e-04
1.737890000000000146e+04 3.854955916446953343e-04
1.738220000000000073e+04 3.932716404860441342e-04
1.738550000000000000e+04 3.824936115289839442e-04
1.738879999999999927e+04 3.746253311503181709e-04
1.739209999999999854e+04 3.733877151915696848e-04
1.739540000000000146e+04 3.824442177521342081e-04
1.739870000000000073e+04 3.810404292989623431e-04
1.740200000000000000e+04 3.821769724431483260e-04
1.740529999999999927e+04 3.762758910927439977e-04
1.740859999999999854e+04 3.770730467011746247e-04
1.741190000000000146e+04 3.789027886623574514e-04
1.741520000000000073e+04 3.811002008039395504e-04
1.741850000000000000e+04 3.824787403174620707e-04
1.742170000000000073e+04 3.799226388488915790e-04
1.742500000000000000e+04 3.841223333407002907e-04
1.742829999999999927e+04 3.903030495785201020e-04
1.743159999999999854e+04 3.930542139799108247e-04
1.743490000000000146e+04 3.856305456578667970e-04
1.743820000000000073e+04 3.792768719858346724e-04
1.744150000000000000e+04 3.817665067333525617e-04
1.744479999999999927e+04 3.719807549467711669e-04
1.744809999999999854e+04 3.662935998635204128e-04
1.745140000000000146e+04 3.670009609348010536e-04
1.745470000000000073e+04 3.630797200717976914e-04
1.745800000000000000e+04 3.604847112534593405e-04
1.746129999999999927e+04 3.530855957333989162e-04
1.746459999999999854e+04 3.562722962132129005e-04
1.746790000000000146e+04 3.578724731164288652e-04
1.747120000000000073e+04 3.599525514357645897e-04
1.747450000000000000e+04 3.548545314037609890e-04
1.747779999999999927e+04 3.533187790247467640e-04
1.748109999999999854e+04 3.468849683111733715e-04
1.748429999999999927e+04 3.393586099934975528e-04
1.748759999999999854e+04 3.345481429924478480e-04
1.749090000000000146e+04 3.312839821165324472e-04
1.749420000000000073e+04 3.265201676026088318e-04
1.749750000000000000e+04 3.223892593940717801e-04
1.750079999999999927e+04 3.182767862015499212e-04
1.750409999999999854e+04 3.261400161748965370e-04
1.750740000000000146e+04 3.226253012188520482e-04
1.751070000000000073e+04 3.209432292148086123e-04
1.751400000000000000e+04 3.205696553390131854e-04
1.751729999999999927e+04 3.238950450086502779e-04
1.752059999999999854e+04 3.282807019179348755e-04
1.752390000000000146e+04 3.352473861897490139e-04
1.752720000000000073e+04 3.295873555717407258e-04
1.753050000000000000e+04 3.246360443323104464e-04
1.753379999999999927e+04 3.200280929877489904e-04
1.753709999999999854e+04 3.114352441078891104e-04
1.754040000000000146e+04 3.178422288991122131e-04
1.754370000000000073e+04 3.128538538687361146e-04
1.754700000000000000e+04 3.085887328520347476e-04
1.755020000000000073e+04 3.153249408745228423e-04
1.755350000000000000e+04 3.184555419344709719e-04
1.755679999999999927e+04 3.224936064733867867e-04
1.756009999999999854e+04 3.195167474733326277e-04
1.756340000000000146e+04 3.136262464102732169e-04
1.756670000000000073e+04 3.096162216083485591e-04
1.757000000000000000e+04 3.155446275272647569e-04
1.757329999999999927e+04 3.126877723831519807e-04
1.757659999999999854e+04 3.082540032981909779e-04
1.757990000000000146e+04 3.067155216481818377e-04
1.758320000000000073e+04 2.966488255969756548e-04
1.758650000000000000e+04 2.962145802385323452e-04
1.758979999999999927e+04 2.908567823075106909e-04
1.759309999999999854e+04 2.920095265745355239e-04
1.759640000000000146e+04 2.918546500689465093e-04
1.759970000000000073e+04 2.936615755368256284e-04
1.760300000000000000e+04 2.923509249862506036e-04
1.760629999999999927e+04 2.805978954259531625e-04
1.760959999999999854e+04 2.762199817518964863e-04
1.761290000000000146e+04 2.803943985881057711e-04
1.761609999999999854e+04 2.766211669607971367e-04
1.761940000000000146e+04 2.713839474839303844e-04
1.762270000000000073e+04 2.672153948593259634e-04
1.762600000000000000e+04 2.629240665719809926e-04
1.762929999999999927e+04 2.537656126090225722e-04
1.763259999999999854e+04 2.484589194571773995e-04
1.763590000000000146e+04 2.453996621124003206e-04
1.763920000000000073e+04 2.402734579220326173e-04
1.764250000000000000e+04 2.370362728132300808e-04
1.764579999999999927e+04 2.396277170249584655e-04
1.764909999999999854e+04 2.412072236621006231e-04
1.765240000000000146e+04 2.436037737794882155e-04
1.765570000000000073e+04 2.410810332259154861e-04
1.765900000000000000e+04 2.380349366964931886e-04
1.766229999999999927e+04 2.384228123276384390e-04
1.766559999999999854e+04 2.407996661900830887e-04
1.766890000000000146e+04 2.352664265575455857e-04
1.767220000000000073e+04 2.336852145165183416e-04
1.767550000000000000e+04 2.218457748940554173e-04
1.767870000000000073e+04 2.119035140960626976e-04
1.768200000000000000e+04 2.048268282051464114e-04
1.768529999999999927e+04 2.025467049245822026e-04
1.768859999999999854e+04 1.979255181917855422e-04
1.769190000000000146e+04 1.876162499354493314e-04
1.769520000000000073e+04 1.860393074152255036e-04
1.769850000000000000e+04 1.836329916572019985e-04
1.770179999999999927e+04 1.888045693551423140e-04
1.770509999999999854e+04 1.830990629529654213e-04
1.770840000000000146e+04 1.810818137245222357e-04
1.771170000000000073e+04 1.777216415872563194e-04
1.771500000000000000e+04 1.703949460788092699e-04
1.771829999999999927e+04 1.686714700633776655e-04
1.772159999999999854e+04 1.667873605391970496e-04
1.772490000000000146e+04 1.553899464447973974e-04
1.772820000000000073e+04 1.532203795424682278e-04
1.773150000000000000e+04 1.495293309022154840e-04
1.773479999999999927e+04 1.430334037260688632e-04
1.773809999999999854e+04 1.387400402657451277e-04
1.774140000000000146e+04 1.358031662267553564e-04
1.774459999999999854e+04 1.321592530556243267e-04
1.774790000000000146e+04 1.305689190289111468e-04
1.775120000000000073e+04 1.216387005736026733e-04
1.775450000000000000e+04 1.190417050890565589e-04
1.775779999999999927e+04 1.090330978072831037e-04
1.776109999999999854e+04 1.010046612030867188e-04
1.776440000000000146e+04 9.120412630894946795e-05
1.776770000000000073e+04 9.256460813422584164e-05
1.777100000000000000e+04 9.495999781403811099e-05
1.777429999999999927e+04 9.341974845917055763e-05
1.777759999999999854e+04 8.577328216855088794e-05
1.778090000000000146e+04 8.308320804354393048e-05
1.778420000000000073e+04 7.727247591083294691e-05
1.778750000000000000e+04 7.001157348929276138e-05
1.779079999999999927e+04 6.692423788992246723e-05
1.779409999999999854e+04 6.091021933011535366e-05
1.779740000000000146e+04 6.441459409110402638e-05
1.780070000000000073e+04 6.115791479511285421e-05
1.780400000000000000e+04 5.869528308550259611e-05
1.780720000000000073e+04 5.502669080577117939e-05
1.781050000000000000e+04 4.894178839948687404e-05
1.781379999999999927e+04 4.706930945626308389e-05
1.781709999999999854e+04 3.432680834265807823e-05
1.782040000000000146e+04 2.883003139669431975e-05
1.782370000000000073e+04 2.425654917173017156e-05
1.782700000000000000e+04 2.036565915247912222e-05
1.783029999999999927e+04 1.292723857706815412e-05
1.783359999999999854e+04 2.714308190768047399e-06
1.783690000000000146e+04 3.267087289198860017e-06
1.784020000000000073e+04 -4.330739939502454786e-07
1.784350000000000000e+04 -1.881706363526302038e-06
1.784679999999999927e+04 -4.719144259570336071e-06
1.785009999999999854e+04 -1.280829148004397568e-05
1.785340000000000146e+04 -1.596777425842892418e-05
1.785670000000000073e+04 -1.325647019287683614e-05
1.786000000000000000e+04 -1.833453334803057346e-05
1.786329999999999927e+04 -2.218854798410091787e-05
1.786659999999999854e+04 -2.562957167443951498e-05
1.786990000000000146e+04 -3.362370678405265717e-05
1.787309999999999854e+04 -3.972879422717366226e-05
1.787640000000000146e+04 -4.791569038218003793e-05
1.787970000000000073e+04 -5.198696473594179490e-05
1.788300000000000000e+04 -6.298270563514376890e-05
1.788629999999999927e+04 -6.640770160577735782e-05
1.788959999999999854e+04 -6.983834542456300815e-05
1.789290000000000146e+04 -7.490193146524790318e-05
1.789620000000000073e+04 -7.267183940416588165e-05
1.789950000000000000e+04 -7.788084133342230238e-05
1.790279999999999927e+04 -8.354474556301693484e-05
1.790609999999999854e+04 -9.123071116841649324e-05
1.790940000000000146e+04 -1.007425946403733375e-04
1.791270000000000073e+04 -1.079101931732892562e-04
1.791600000000000000e+04 -1.086384598701121908e-04
1.791929999999999927e+04 -1.179979337510546691e-04
1.792259999999999854e+04 -1.206253567889247033e-04
1.792590000000000146e+04 -1.291503781645566033e-04
1.792920000000000073e+04 -1.312303438030365521e-04
1.793250000000000000e+04 -1.377079477500983869e-04
1.793570000000000073e+04 -1.467721263965462617e-04
1.793900000000000000e+04 -1.513538709743028382e-04
1.794229999999999927e+04 -1.604325716280041389e-04
1.794559999999999854e+04 -1.718169763541635702e-04
1.794890000000000146e+04 -1.793763986338586683e-04
1.795220000000000073e+04 -1.839294925412637090e-04
1.795550000000000000e+04 -1.928079261020363658e-04
1.795879999999999927e+04 -2.012529689305604230e-04
1.796209999999999854e+04 -2.166196294582987784e-04
1.796540000000000146e+04 -2.307547301224215672e-04
1.796870000000000073e+04 -2.391888789270387762e-04
1.797200000000000000e+04 -2.499908590489444029e-04
1.797529999999999927e+04 -2.597678673920407293e-04
1.797859999999999854e+04 -2.735604530276039320e-04
1.798190000000000146e+04 -2.814579825539864546e-04
1.798520000000000073e+04 -2.913035177108992961e-04
1.798850000000000000e+04 -2.951692552149757999e-04
1.799179999999999927e+04 -3.147661640518246572e-04
1.799509999999999854e+04 -3.280056695608382796e-04
1.799840000000000146e+04 -3.356192994834337659e-04
1.800159999999999854e+04 -3.498001734052555325e-04
1.800490000000000146e+04 -3.513299319435189889e-04
1.800820000000000073e+04 -3.633677351405611294e-04
1.801150000000000000e+04 -3.777912815789703067e-04
1.801479999999999927e+04 -3.933208070660139085e-04
1.801809999999999854e+04 -4.083161823155354833e-04
1.802140000000000146e+04 -4.198600895501647368e-04
1.802470000000000073e+04 -4.346140670751838368e-04
1.802800000000000000e+04 -4.425572554049189461e-04
1.803129999999999927e+04 -4.632042391631386127e-04
1.803459999999999854e+04 -4.738891655420454738e-04
1.803790000000000146e+04 -4.837551967851266518e-04
1.804120000000000073e+04 -4.815655520823061285e-04
1.804450000000000000e+04 -4.914867779594720874e-04
1.804779999999999927e+04 -5.010757574552899196e-04
1.805109999999999854e+04 -5.218448205442311263e-04
1.805440000000000146e+04 -5.367863851694847739e-04
1.805770000000000073e+04 -5.487203778754911427e-04
1.806100000000000000e+04 -5.683971061831108061e-04
1.806429999999999927e+04 -5.927347101365266569e-04
1.806750000000000000e+04 -6.073297828264990301e-04
1.807079999999999927e+04 -6.197675175451310093e-04
1.807409999999999854e+04 -6.259854431968984697e-04
1.807740000000000146e+04 -6.361031717196497350e-04
1.808070000000000073e+04 -6.483861296142782223e-04
1.808400000000000000e+04 -6.575669752895753903e-04
1.808729999999999927e+04 -6.695023353158656649e-04
1.809059999999999854e+04 -6.785303092558340457e-04
1.809390000000000146e+04 -6.907594501228269150e-04
1.809720000000000073e+04 -7.020629689150404730e-04
1.810050000000000000e+04 -7.066961454781411824e-04
1.810379999999999927e+04 -7.200267716876707080e-04
1.810709999999999854e+04 -7.320747647300411033e-04
1.811040000000000146e+04 -7.439561245170140400e-04
1.811370000000000073e+04 -7.579006105422501569e-04
1.811700000000000000e+04 -7.710034281456144790e-04
1.812029999999999927e+04 -7.830955616666667720e-04
1.812359999999999854e+04 -7.919806908989053236e-04
1.812690000000000146e+04 -8.045182164537570966e-04
1.813009999999999854e+04 -8.122113656566353618e-04
1.813340000000000146e+04 -8.241492199888573577e-04
1.813670000000000073e+04 -8.358483818588260646e-04
1.814000000000000000e+04 -8.556880481636005599e-04
1.814329999999999927e+04 -8.694792787554126746e-04
1.814659999999999854e+04 -8.778440380032189730e-04
1.814990000000000146e+04 -8.910753408257617806e-04
1.815320000000000073e+04 -9.082912323893844097e-04
1.815650000000000000e+04 -9.141119514372655647e-04
1.815979999999999927e+04 -9.258121899323689102e-04
1.816309999999999854e+04 -9.358330709753773322e-04
1.816640000000000146e+04 -9.439124103604526342e-04
1.816970000000000073e+04 -9.606193010525048781e-04
1.817300000000000000e+04 -9.709768755172440121e-04
1.817629999999999927e+04 -9.802494844265833597e-04
1.817959999999999854e+04 -9.907936580103428401e-04
1.818290000000000146e+04 -1.018351275129819123e-03
1.818620000000000073e+04 -1.044022490280590350e-03
1.818950000000000000e+04 -1.064922790639223843e-03
1.819279999999999927e+04 -1.095770525330980356e-03
1.819600000000000000e+04 -1.107652879907691399e-03
1.819929999999999927e+04 -1.127340574803049455e-03
1.820259999999999854e+04 -1.138611759090114644e-03
1.820590000000000146e+04 -1.164811164961455708e-03
1.820920000000000073e+04 -1.189051525646447373e-03
1.821250000000000000e+04 -1.202162734344535810e-03
1.821579999999999927e+04 -1.223135052361381484e-03
1.821909999999999854e+04 -1.237036328749527769e-03
1.822240000000000146e+04 -1.274701487399168814e-03
1.822570000000000073e+04 -1.315305587437430200e-03
1.822900000000000000e+04 -1.341720290308457200e-03
1.823229999999999927e+04 -1.371190216356118563e-03
1.823559999999999854e+04 -1.407741764054619166e-03
1.823890000000000146e+04 -1.440217772409269287e-03
1.824220000000000073e+04 -1.458540157682239151e-03
1.824550000000000000e+04 -1.493115494845367961e-03
1.824879999999999927e+04 -1.529485288686338639e-03
1.825209999999999854e+04 -1.557883878120507439e-03
1.825540000000000146e+04 -1.592041188545458529e-03
1.825859999999999854e+04 -1.625349976538972840e-03
1.826190000000000146e+04 -1.656355415815503971e-03
1.826520000000000073e+04 -1.697893042807583231e-03
1.826850000000000000e+04 -1.734832743670973497e-03
1.827179999999999927e+04 -1.773235059538056518e-03
1.827509999999999854e+04 -1.802157242775457484e-03
1.827840000000000146e+04 -1.832495184674606294e-03
1.828170000000000073e+04 -1.870728307156515171e-03
1.828500000000000000e+04 -1.904742662726251548e-03
1.828829999999999927e+04 -1.953020814255705803e-03
1.829159999999999854e+04 -1.992064692568620930e-03
1.829490000000000146e+04 -2.028904555838323496e-03
1.829820000000000073e+04 -2.058019884878400062e-03
1.830150000000000000e+04 -2.091957891007705742e-03
1.830479999999999927e+04 -2.124649369355928810e-03
1.830809999999999854e+04 -2.166441957789410136e-03
1.831140000000000146e+04 -2.198056647767601159e-03
1.831470000000000073e+04 -2.238912303659115668e-03
1.831800000000000000e+04 -2.274159888260227080e-03
1.832129999999999927e+04 -2.319003274985831017e-03
1.832450000000000000e+04 -2.352604414816081551e-03
1.832779999999999927e+04 -2.389589662726786332e-03
1.833109999999999854e+04 -2.453286074299221558e-03
1.833440000000000146e+04 -2.491566728527890972e-03
1.833770000000000073e+04 -2.533103859638268212e-03
1.834100000000000000e+04 -2.589779873094319885e-03
1.834429999999999927e+04 -2.619093132589724645e-03
1.834759999999999854e+04 -2.655622670136789654e-03
1.835090000000000146e+04 -2.689823016818513202e-03
1.835420000000000073e+04 -2.729551895476335210e-03
1.835750000000000000e+04 -2.767352170495308676e-03
1.836079999999999927e+04 -2.795689718687653300e-03
1.836409999999999854e+04 -2.824618437077474568e-03
1.836740000000000146e+04 -2.861116696822439513e-03
1.837070000000000073e+04 -2.906045524439731121e-03
1.837400000000000000e+04 -2.946639363617693710e-03
1.837729999999999927e+04 -2.993949581925064649e-03
1.838059999999999854e+04 -3.028421179602087867e-03
1.838390000000000146e+04 -3.073459648997462282e-03
1.838709999999999854e+04 -3.100003466289014391e-03
1.839040000000000146e+04 -3.120424076921662297e-03
1.839370000000000073e+04 -3.140327618402721874e-03
1.839700000000000000e+04 -3.163937452389672077e-03
1.840029999999999927e+04 -3.176519268798960564e-03
1.840359999999999854e+04 -3.212358053080190210e-03
1.840690000000000146e+04 -3.247949805496249537e-03
1.841020000000000073e+04 -3.278036079902232197e-03
1.841350000000000000e+04 -3.306115971876906305e-03
1.841679999999999927e+04 -3.343052603768955407e-03
1.842009999999999854e+04 -3.357042364229187361e-03
1.842340000000000146e+04 -3.376881661288331799e-03
1.842670000000000073e+04 -3.402258590458514999e-03
1.843000000000000000e+04 -3.415788068851595763e-03
1.843329999999999927e+04 -3.432300391052581050e-03
1.843659999999999854e+04 -3.444450830580769469e-03
1.843990000000000146e+04 -3.459974488440533021e-03
1.844320000000000073e+04 -3.478246673713724941e-03
1.844650000000000000e+04 -3.488227593393521814e-03
1.844979999999999927e+04 -3.506135398456204297e-03
1.845300000000000000e+04 -3.502386471272205416e-03
1.845629999999999927e+04 -3.505300469085873265e-03
1.845959999999999854e+04 -3.494214997157447152e-03
1.846290000000000146e+04 -3.514815364106503755e-03
1.846620000000000073e+04 -3.496788292534532428e-03
1.846950000000000000e+04 -3.472860244551682646e-03
1.847279999999999927e+04 -3.446870753357380267e-03
1.847609999999999854e+04 -3.429445276133376297e-03
1.847940000000000146e+04 -3.397059438909826468e-03
1.848270000000000073e+04 -3.368807786912580808e-03
1.848600000000000000e+04 -3.331331351849165564e-03
1.848929999999999927e+04 -3.300628238620906350e-03
1.849259999999999854e+04 -3.271092280686549707e-03
1.849590000000000146e+04 -3.221314422615664981e-03
1.849920000000000073e+04 -3.194843212368565170e-03
1.850250000000000000e+04 -3.162772904548345840e-03
1.850579999999999927e+04 -3.116046820757231630e-03
1.850909999999999854e+04 -3.091181710914420785e-03
1.851240000000000146e+04 -3.033905320286617909e-03
1.851570000000000073e+04 -2.975618814997387038e-03
1.851890000000000146e+04 -2.923926055060826860e-03
1.852220000000000073e+04 -2.865219793030923928e-03
1.852550000000000000e+04 -2.828496452013136778e-03
1.852879999999999927e+04 -2.792488791537402117e-03
1.853209999999999854e+04 -2.748709986792764043e-03
1.853540000000000146e+04 -2.693517652116737653e-03
1.853870000000000073e+04 -2.636377596402041546e-03
1.854200000000000000e+04 -2.570034113447446002e-03
1.854529999999999927e+04 -2.503616200841966930e-03
1.854859999999999854e+04 -2.425569925269362680e-03
1.855190000000000146e+04 -2.352033086865189856e-03
1.855520000000000073e+04 -2.277553977325460881e-03
1.855850000000000000e+04 -2.195905430699808449e-03
1.856179999999999927e+04 -2.109146605882517012e-03
1.856509999999999854e+04 -2.036777480311899660e-03
1.856840000000000146e+04 -1.943614504906951293e-03
1.857170000000000073e+04 -1.859636961497443961e-03
1.857500000000000000e+04 -1.757405503141703292e-03
1.857829999999999927e+04 -1.647782070624658228e-03
1.858150000000000000e+04 -1.543568498028653844e-03
1.858479999999999927e+04 -1.449454319725785971e-03
1.858809999999999854e+04 -1.346435206724391070e-03
1.859140000000000146e+04 -1.230093045780514174e-03
1.859470000000000073e+04 -1.113999989072443587e-03
1.859800000000000000e+04 -9.929735294106165500e-04
1.860129999999999927e+04 -8.769069497956624715e-04
1.860459999999999854e+04 -7.585242810084329981e-04
1.860790000000000146e+04 -6.308102493570665568e-04
1.861120000000000073e+04 -4.979184490534733056e-04
1.861450000000000000e+04 -3.457629317633758204e-04
1.861779999999999927e+04 -2.121364359485139993e-04
1.862109999999999854e+04 -7.524482002508186835e-05
1.862440000000000146e+04 4.751189523977755264e-05
1.862770000000000073e+04 2.029854247095309535e-04
1.863100000000000000e+04 3.333078003774415411e-04
1.863429999999999927e+04 4.649519956392316107e-04
1.863759999999999854e+04 6.079898388845206281e-04
1.864090000000000146e+04 7.417770706051625548e-04
1.864420000000000073e+04 9.118919498241627496e-04
1.864740000000000146e+04 1.057308736825964901e-03
1.865070000000000073e+04 1.202378550456268064e-03
1.865400000000000000e+04 1.363366108218285865e-03
1.865729999999999927e+04 1.517482620661835197e-03
1.866059999999999854e+04 1.686932258974133732e-03
1.866390000000000146e+04 1.868499474702505631e-03
1.866720000000000073e+04 2.056287524915830379e-03
1.867050000000000000e+04 2.241692978906501422e-03
1.867379999999999927e+04 2.425839033289726391e-03
1.867709999999999854e+04 2.620783829210206802e-03
1.868040000000000146e+04 2.838141255427409013e-03
1.868370000000000073e+04 3.114060056967995517e-03
1.868700000000000000e+04 3.387192233239404160e-03
1.869029999999999927e+04 3.641228340599876254e-03
1.869359999999999854e+04 3.963928253648774103e-03
1.869690000000000146e+04 4.276019053469613113e-03
1.870020000000000073e+04 4.479707501268570362e-03
1.870350000000000000e+04 4.678399980393979293e-03
1.870679999999999927e+04 4.954769136037041367e-03
1.871000000000000000e+04 5.325997578465174916e-03
1.871329999999999927e+04 5.603179382089719905e-03
1.871659999999999854e+04 5.848847591551845602e-03
1.871990000000000146e+04 6.106293487234579556e-03
1.872320000000000073e+04 6.355484318334177381e-03
1.872650000000000000e+04 6.632786192350715107e-03
1.872979999999999927e+04 6.859776318578123672e-03
1.873309999999999854e+04 7.128176494014868900e-03
1.873640000000000146e+04 7.373665045834525145e-03
1.873970000000000073e+04 7.672304288413787227e-03
1.874300000000000000e+04 7.839242593509052406e-03
1.874629999999999927e+04 8.113591703455895823e-03
1.874959999999999854e+04 8.278122211948249487e-03
1.875290000000000146e+04 8.451435455114290202e-03
1.875620000000000073e+04 8.621823571428500685e-03
1.875950000000000000e+04 8.867753358380782436e-03
1.876279999999999927e+04 9.096054959707031845e-03
1.876609999999999854e+04 9.318299443611692892e-03
1.876940000000000146e+04 9.507466714278794973e-03
1.877270000000000073e+04 9.740930095768330840e-03
1.877590000000000146e+04 1.004841918976681972e-02
1.877920000000000073e+04 1.023177666708632687e-02
1.878250000000000000e+04 1.050539369262678234e-02
1.878579999999999927e+04 1.077649970292077902e-02
1.878909999999999854e+04 1.109632376057923496e-02
1.879240000000000146e+04 1.144604113836729907e-02
1.879570000000000073e+04 1.180488397874073815e-02
1.879900000000000000e+04 1.218676292279265681e-02
1.880229999999999927e+04 1.258029836389674104e-02
1.880559999999999854e+04 1.299266265481353010e-02
1.880890000000000146e+04 1.336381229808186397e-02
1.881220000000000073e+04 1.375839527794323058e-02
1.881550000000000000e+04 1.418706587426816872e-02
1.881879999999999927e+04 1.460041070274368386e-02
1.882209999999999854e+04 1.502806628277102846e-02
1.882540000000000146e+04 1.545202607265055983e-02
1.882870000000000073e+04 1.588087960114071759e-02
1.883200000000000000e+04 1.629213633458153135e-02
1.883529999999999927e+04 1.671664683481540598e-02
1.883859999999999854e+04 1.715018003294573740e-02
1.884179999999999927e+04 1.757072182297978943e-02
1.884509999999999854e+04 1.799465745172401654e-02
1.884840000000000146e+04 1.837110020958941659e-02
1.885170000000000073e+04 1.875839182735352870e-02
1.885500000000000000e+04 1.917092297059540609e-02
1.885829999999999927e+04 1.953380897658071186e-02
1.886159999999999854e+04 1.987828315858969699e-02
1.886490000000000146e+04 2.037307664810803290e-02
1.886820000000000073e+04 2.087785909845425031e-02
1.887150000000000000e+04 2.130604649909950341e-02
1.887479999999999927e+04 2.162994781372323816e-02
1.887809999999999854e+04 2.204195769027391880e-02
1.888140000000000146e+04 2.251345229106449866e-02
1.888470000000000073e+04 2.297699399480787261e-02
1.888800000000000000e+04 2.342205023883576001e-02
1.889129999999999927e+04 2.385179539003173463e-02
1.889459999999999854e+04 2.435527396406943212e-02
1.889790000000000146e+04 2.482682193172323915e-02
1.890120000000000073e+04 2.531432347979866576e-02
1.890440000000000146e+04 2.573819189075878672e-02
1.890770000000000073e+04 2.632062538318466136e-02
1.891100000000000000e+04 2.679212675776964162e-02
1.891429999999999927e+04 2.736899196865731632e-02
1.891759999999999854e+04 2.793644186889297429e-02
1.892090000000000146e+04 2.851366927818049443e-02
1.892420000000000073e+04 2.904926113391024384e-02
1.892750000000000000e+04 2.957389056194999546e-02
1.893079999999999927e+04 3.013103151259742193e-02
1.893409999999999854e+04 3.069344544387548127e-02
1.893740000000000146e+04 3.122515165005097099e-02
1.894070000000000073e+04 3.167274969786957467e-02
1.894400000000000000e+04 3.222252358738908473e-02
1.894729999999999927e+04 3.270791776806996481e-02
1.895059999999999854e+04 3.318657600589507845e-02
1.895390000000000146e+04 3.364898817743494641e-02
1.895720000000000073e+04 3.405225635428894143e-02
1.896050000000000000e+04 3.447998802870624185e-02
1.896379999999999927e+04 3.487919289012157698e-02
1.896709999999999854e+04 3.525887092530027855e-02
1.897029999999999927e+04 3.559277735303546797e-02
1.897359999999999854e+04 3.592801533932007269e-02
1.897690000000000146e+04 3.631004308064057773e-02
1.898020000000000073e+04 3.662726389041127267e-02
1.898350000000000000e+04 3.696186399618391072e-02
1.898679999999999927e+04 3.730196710893825263e-02
1.899009999999999854e+04 3.764083968189160800e-02
1.899340000000000146e+04 3.796452675855093578e-02
1.899670000000000073e+04 3.825802103225701273e-02
1.900000000000000000e+04 3.856645386765441413e-02
1.900329999999999927e+04 3.884234937188501408e-02
1.900659999999999854e+04 3.914353801521237852e-02
1.900990000000000146e+04 3.939122173397347632e-02
1.901320000000000073e+04 3.963105361725493408e-02
1.901650000000000000e+04 3.986663475709222026e-02
1.901979999999999927e+04 4.011678914145849068e-02
1.902309999999999854e+04 4.036459510944600398e-02
1.902640000000000146e+04 4.062934237907135648e-02
1.902970000000000073e+04 4.079911456929276314e-02
1.903290000000000146e+04 4.097199252339950304e-02
1.903620000000000073e+04 4.113741460722897952e-02
1.903950000000000000e+04 4.129775030163942984e-02
1.904279999999999927e+04 4.148450476121694902e-02
1.904609999999999854e+04 4.163484121046846786e-02
1.904940000000000146e+04 4.180147631169034428e-02
1.905270000000000073e+04 4.196952803220291989e-02
1.905600000000000000e+04 4.209526558738429375e-02
1.905929999999999927e+04 4.220265830737177787e-02
1.906259999999999854e+04 4.230515114089611339e-02
1.906590000000000146e+04 4.240158503487977126e-02
1.906920000000000073e+04 4.247893541829723257e-02
1.907250000000000000e+04 4.251674718454111906e-02
1.907579999999999927e+04 4.258309362106944135e-02
1.907909999999999854e+04 4.263464148438962653e-02
1.908240000000000146e+04 4.270272241122650275e-02
1.908570000000000073e+04 4.273529603781654057e-02
1.908900000000000000e+04 4.274198280769665043e-02
1.909229999999999927e+04 4.275126235222465737e-02
1.909559999999999854e+04 4.275543163716254841e-02
1.909879999999999927e+04 4.276396660457826293e-02
1.910209999999999854e+04 4.272172590439798912e-02
1.910540000000000146e+04 4.271815538435739384e-02
1.910870000000000073e+04 4.271668258974172655e-02
1.911200000000000000e+04 4.267107249965951254e-02
1.911529999999999927e+04 4.264304916017928188e-02
1.911859999999999854e+04 4.252897257120230590e-02
1.912190000000000146e+04 4.245483116648772481e-02
1.912520000000000073e+04 4.232678382614810109e-02
1.912850000000000000e+04 4.218211627016363319e-02
1.913179999999999927e+04 4.205635688347754420e-02
1.913509999999999854e+04 4.196129726467853066e-02
1.913840000000000146e+04 4.183449232670650997e-02
1.914170000000000073e+04 4.164943161458139337e-02
1.914500000000000000e+04 4.151334164915412156e-02
1.914829999999999927e+04 4.133452849905012300e-02
1.915159999999999854e+04 4.116343311847694281e-02
1.915490000000000146e+04 4.096525729227691592e-02
1.915820000000000073e+04 4.074658281281003797e-02
1.916140000000000146e+04 4.058122015166534119e-02
1.916470000000000073e+04 4.037523261770131072e-02
1.916800000000000000e+04 4.018704195304981241e-02
1.917129999999999927e+04 3.995195926811340864e-02
1.917459999999999854e+04 3.973334126398302829e-02
1.917790000000000146e+04 3.949836272555422301e-02
1.918120000000000073e+04 3.926456520081594848e-02
1.918450000000000000e+04 3.900896691773015484e-02
1.918779999999999927e+04 3.872955920031535132e-02
1.919109999999999854e+04 3.845398799484799762e-02
1.919440000000000146e+04 3.821986885920860416e-02
1.919770000000000073e+04 3.796916771697568527e-02
1.920100000000000000e+04 3.770184553281586554e-02
1.920429999999999927e+04 3.742569869463526627e-02
1.920759999999999854e+04 3.713070660321352717e-02
1.921090000000000146e+04 3.683660318297093950e-02
1.921420000000000073e+04 3.652359740686672573e-02
1.921750000000000000e+04 3.620915477800848437e-02
1.922079999999999927e+04 3.590783840888959327e-02
1.922409999999999854e+04 3.558693835590587967e-02
1.922729999999999927e+04 3.524629774478313382e-02
1.923059999999999854e+04 3.490376368028817733e-02
1.923390000000000146e+04 3.459679029835343450e-02
1.923720000000000073e+04 3.429093777963018730e-02
1.924050000000000000e+04 3.392563527475174479e-02
1.924379999999999927e+04 3.357775395332953522e-02
1.924709999999999854e+04 3.323437115154265903e-02
1.925040000000000146e+04 3.286734490368707629e-02
1.925370000000000073e+04 3.248354017059970622e-02
1.925700000000000000e+04 3.213740128571387911e-02
1.926029999999999927e+04 3.174770120787526878e-02
1.926359999999999854e+04 3.136855495807844979e-02
1.926690000000000146e+04 3.101737609640101839e-02
1.927020000000000073e+04 3.061636948815111073e-02
1.927350000000000000e+04 3.022538802991765750e-02
1.927679999999999927e+04 2.984766285903944771e-02
1.928009999999999854e+04 2.944796525560131745e-02
1.928340000000000146e+04 2.908075984161548680e-02
1.928670000000000073e+04 2.868614475627035559e-02
1.929000000000000000e+04 2.830276073027391745e-02
1.929320000000000073e+04 2.793825939418753332e-02
1.929650000000000000e+04 2.756283064618920975e-02
1.929979999999999927e+04 2.717128313491154815e-02
1.930309999999999854e+04 2.680031856773450183e-02
1.930640000000000146e+04 2.643416378696653024e-02
1.930970000000000073e+04 2.607714171506691700e-02
1.931300000000000000e+04 2.571020311286728935e-02
1.931629999999999927e+04 2.531010557657471793e-02
1.931959999999999854e+04 2.494310353467257824e-02
1.932290000000000146e+04 2.455579190751813745e-02
1.932620000000000073e+04 2.415399798097673731e-02
1.932950000000000000e+04 2.377299991717662930e-02
1.933279999999999927e+04 2.338821196522422943e-02
1.933609999999999854e+04 2.302478796880906911e-02
1.933940000000000146e+04 2.265225309747606955e-02
1.934270000000000073e+04 2.228950383373948241e-02
1.934600000000000000e+04 2.191248207926067837e-02
1.934929999999999927e+04 2.153035990944896644e-02
1.935259999999999854e+04 2.115208677177019339e-02
1.935579999999999927e+04 2.079152489748718052e-02
1.935909999999999854e+04 2.040541993611141164e-02
1.936240000000000146e+04 2.002286818179684416e-02
1.936570000000000073e+04 1.965534714591703550e-02
1.936900000000000000e+04 1.930241900704725289e-02
1.937229999999999927e+04 1.893334415588074013e-02
1.937559999999999854e+04 1.856521280597018403e-02
1.937890000000000146e+04 1.820657125330827839e-02
1.938220000000000073e+04 1.784845246918431369e-02
1.938550000000000000e+04 1.749721469638120322e-02
1.938879999999999927e+04 1.716126231795268159e-02
1.939209999999999854e+04 1.681979525926637076e-02
1.939540000000000146e+04 1.648528364993274292e-02
1.939870000000000073e+04 1.614377005634926379e-02
1.940200000000000000e+04 1.578598022367575307e-02
1.940529999999999927e+04 1.547272269873157038e-02
1.940859999999999854e+04 1.514750895217669563e-02
1.941190000000000146e+04 1.479536099194340287e-02
1.941520000000000073e+04 1.448277370447534178e-02
1.941850000000000000e+04 1.415989009549999469e-02
1.942170000000000073e+04 1.381832260197492224e-02
1.942500000000000000e+04 1.350597803564503388e-02
1.942829999999999927e+04 1.318623528420965509e-02
1.943159999999999854e+04 1.288339776824640528e-02
1.943490000000000146e+04 1.256726500434575747e-02
1.943820000000000073e+04 1.225663048889469829e-02
1.944150000000000000e+04 1.194611018958623670e-02
1.944479999999999927e+04 1.165103538458077403e-02
1.944809999999999854e+04 1.136060247427918279e-02
1.945140000000000146e+04 1.107535082247565125e-02
1.945470000000000073e+04 1.079783143990843859e-02
1.945800000000000000e+04 1.052163509634603672e-02
1.946129999999999927e+04 1.024663793017370483e-02
1.946459999999999854e+04 9.965066325077877665e-03
1.946790000000000146e+04 9.682200265543955062e-03
1.947120000000000073e+04 9.406179785958382333e-03
1.947450000000000000e+04 9.098792553890445306e-03
1.947779999999999927e+04 8.826041154421190860e-03
1.948109999999999854e+04 8.552079010778050952e-03
1.948429999999999927e+04 8.271381628530853625e-03
1.948759999999999854e+04 8.032460227850451995e-03
1.949090000000000146e+04 7.794203291885820617e-03
1.949420000000000073e+04 7.527206485211376114e-03
1.949750000000000000e+04 7.265710970808826434e-03
1.950079999999999927e+04 6.999082854025413976e-03
1.950409999999999854e+04 6.731488697242517076e-03
1.950740000000000146e+04 6.480547128102712162e-03
1.951070000000000073e+04 6.219989138386659323e-03
1.951400000000000000e+04 5.971423850911950285e-03
1.951729999999999927e+04 5.719996485404350156e-03
1.952059999999999854e+04 5.460633003311017586e-03
1.952390000000000146e+04 5.233180100940759694e-03
1.952720000000000073e+04 4.999989011122877615e-03
1.953050000000000000e+04 4.763955473452481486e-03
1.953379999999999927e+04 4.527668126412570833e-03
1.953709999999999854e+04 4.309103220202813340e-03
1.954040000000000146e+04 4.088492026724537508e-03
1.954370000000000073e+04 3.857295713188944701e-03
1.954700000000000000e+04 3.640757777141184412e-03
1.955020000000000073e+04 3.411855055461435887e-03
1.955350000000000000e+04 3.196061449094943132e-03
1.955679999999999927e+04 2.984562352610038456e-03
1.956009999999999854e+04 2.784284087039740584e-03
1.956340000000000146e+04 2.556724892184585995e-03
1.956670000000000073e+04 2.367522755777245851e-03
1.957000000000000000e+04 2.174238845178244443e-03
1.957329999999999927e+04 1.967131225711602621e-03
1.957659999999999854e+04 1.779340324299324939e-03
1.957990000000000146e+04 1.593548264739571381e-03
1.958320000000000073e+04 1.403973903014187931e-03
1.958650000000000000e+04 1.201495229798343672e-03
1.958979999999999927e+04 1.034715030440773453e-03
1.959309999999999854e+04 8.750912997979631890e-04
1.959640000000000146e+04 6.840039205764379725e-04
1.959970000000000073e+04 5.348827279973714576e-04
1.960300000000000000e+04 3.685096353225925407e-04
1.960629999999999927e+04 1.930112529088745467e-04
1.960959999999999854e+04 1.783636713427712845e-05
1.961290000000000146e+04 -1.563356829744928919e-04
1.961609999999999854e+04 -3.257566709564849411e-04
1.961940000000000146e+04 -4.946322298411484500e-04
1.962270000000000073e+04 -6.751036331006639388e-04
1.962600000000000000e+04 -8.563675042374974816e-04
1.962929999999999927e+04 -1.015951967224363499e-03
1.963259999999999854e+04 -1.147732219086058806e-03
1.963590000000000146e+04 -1.270289561434118347e-03
1.963920000000000073e+04 -1.449564918955622509e-03
1.964250000000000000e+04 -1.587038036269985746e-03
1.964579999999999927e+04 -1.753999206735979257e-03
1.964909999999999854e+04 -1.933319203465817078e-03
1.965240000000000146e+04 -2.111651754133415416e-03
1.965570000000000073e+04 -2.284598579812058272e-03
1.965900000000000000e+04 -2.412772822092814490e-03
1.966229999999999927e+04 -2.531069592080417621e-03
1.966559999999999854e+04 -2.650682548699436272e-03
1.966890000000000146e+04 -2.770879845136928719e-03
1.967220000000000073e+04 -2.925870972790148902e-03
1.967550000000000000e+04 -3.046503238901439314e-03
1.967870000000000073e+04 -3.182442788017680792e-03
1.968200000000000000e+04 -3.267713383815874263e-03
1.968529999999999927e+04 -3.362469615614008429e-03
1.968859999999999854e+04 -3.459335524700381682e-03
1.969190000000000146e+04 -3.551609481392495587e-03
1.969520000000000073e+04 -3.675480349211408121e-03
1.969850000000000000e+04 -3.765776233616661365e-03
1.970179999999999927e+04 -3.845228509601429211e-03
1.970509999999999854e+04 -3.969692320945957670e-03
1.970840000000000146e+04 -4.094954766833892000e-03
1.971170000000000073e+04 -4.231558247454865473e-03
1.971500000000000000e+04 -4.333728622091997072e-03
1.971829999999999927e+04 -4.462918944749601213e-03
1.972159999999999854e+04 -4.514236428895114332e-03
1.972490000000000146e+04 -4.580886109670249604e-03
1.972820000000000073e+04 -4.677024895246356326e-03
1.973150000000000000e+04 -4.796174962401638688e-03
1.973479999999999927e+04 -4.915237574118469163e-03
1.973809999999999854e+04 -5.008281727390042140e-03
1.974140000000000146e+04 -5.112551759636776126e-03
1.974459999999999854e+04 -5.229602450492024622e-03
1.974790000000000146e+04 -5.307835548763776071e-03
1.975120000000000073e+04 -5.349597930656593663e-03
1.975450000000000000e+04 -5.415315393405297460e-03
1.975779999999999927e+04 -5.479615977021788306e-03
1.976109999999999854e+04 -5.540949825133526484e-03
1.976440000000000146e+04 -5.632179308888827021e-03
1.976770000000000073e+04 -5.745811870025105753e-03
1.977100000000000000e+04 -5.847372486036804540e-03
1.977429999999999927e+04 -5.917428759281162867e-03
1.977759999999999854e+04 -5.999983556231471872e-03
1.978090000000000146e+04 -6.079310723958317869e-03
1.978420000000000073e+04 -6.168947295345553715e-03
1.978750000000000000e+04 -6.220395313308330759e-03
1.979079999999999927e+04 -6.316095420573069295e-03
1.979409999999999854e+04 -6.374998232724361259e-03
1.979740000000000146e+04 -6.443163960717978277e-03
1.980070000000000073e+04 -6.546190395667380278e-03
1.980400000000000000e+04 -6.594989145858909038e-03
1.980720000000000073e+04 -6.661274849587538356e-03
1.981050000000000000e+04 -6.675960804446707045e-03
1.981379999999999927e+04 -6.682909668876686575e-03
1.981709999999999854e+04 -6.747423280630283557e-03
1.982040000000000146e+04 -6.760685268469180699e-03
1.982370000000000073e+04 -6.795383135758586123e-03
1.982700000000000000e+04 -6.854863741054480035e-03
1.983029999999999927e+04 -6.889084432276250565e-03
1.983359999999999854e+04 -6.912165182693338385e-03
1.983690000000000146e+04 -6.907963163105895581e-03
1.984020000000000073e+04 -6.917673950170179567e-03
1.984350000000000000e+04 -6.942643214247811410e-03
1.984679999999999927e+04 -6.979714555935425009e-03
1.985009999999999854e+04 -7.048210141341521018e-03
1.985340000000000146e+04 -7.101573979383056338e-03
1.985670000000000073e+04 -7.181140776186886385e-03
1.986000000000000000e+04 -7.219119643859925849e-03
1.986329999999999927e+04 -7.300367233492128724e-03
1.986659999999999854e+04 -7.358266005528439277e-03
1.986990000000000146e+04 -7.364281863181498800e-03
1.987309999999999854e+04 -7.364424303973347852e-03
1.987640000000000146e+04 -7.374748747360280847e-03
1.987970000000000073e+04 -7.413333371010980867e-03
1.988300000000000000e+04 -7.401434542021006341e-03
1.988629999999999927e+04 -7.482319435257857830e-03
1.988959999999999854e+04 -7.563228058350738268e-03
1.989290000000000146e+04 -7.587073245809084626e-03
1.989620000000000073e+04 -7.570156270169893162e-03
1.989950000000000000e+04 -7.554699924332971932e-03
1.990279999999999927e+04 -7.541692959193673287e-03
1.990609999999999854e+04 -7.538627789718232650e-03
1.990940000000000146e+04 -7.531917310709591688e-03
1.991270000000000073e+04 -7.570134646283669007e-03
1.991600000000000000e+04 -7.584918108097999691e-03
1.991929999999999927e+04 -7.620246646729685221e-03
1.992259999999999854e+04 -7.654812237516983933e-03
1.992590000000000146e+04 -7.681014361326011543e-03
