1.716800000000000000e+04 5.743074589493853610e-04
1.717129999999999927e+04 5.828672271514077517e-04
1.717459999999999854e+04 5.736261306130897202e-04
1.717790000000000146e+04 5.761750902241781231e-04
1.718120000000000073e+04 5.997131187273302497e-04
1.718450000000000000e+04 5.998329164760378678e-04
1.718779999999999927e+04 5.852203324406522744e-04
1.719109999999999854e+04 5.873228977085263695e-04
1.719440000000000146e+04 5.861930243113964729e-04
1.719770000000000073e+04 5.876188776865367679e-04
1.720100000000000000e+04 5.931993285690562775e-04
1.720429999999999927e+04 5.986527694037403454e-04
1.720759999999999854e+04 6.026318076521750217e-04
1.721090000000000146e+04 6.072710429506442825e-04
1.721420000000000073e+04 6.218196375010841661e-04
1.721750000000000000e+04 6.249928724523495099e-04
1.722079999999999927e+04 6.218437349398756291e-04
1.722409999999999854e+04 6.237013140745628495e-04
1.722729999999999927e+04 6.356713254451009688e-04
1.723059999999999854e+04 6.437360454092098169e-04
1.723390000000000146e+04 6.510049401256553332e-04
1.723720000000000073e+04 6.618406480894986448e-04
1.724050000000000000e+04 6.630188460799264164e-04
1.724379999999999927e+04 6.526802307218064524e-04
1.724709999999999854e+04 6.474120003861829351e-04
1.725040000000000146e+04 6.428041644431934038e-04
1.725370000000000073e+04 6.501332459701242641e-04
1.725700000000000000e+04 6.616792411869054950e-04
1.726029999999999927e+04 6.496949539757877192e-04
1.726359999999999854e+04 6.494687900014801908e-04
1.726690000000000146e+04 6.447987922577430543e-04
1.727020000000000073e+04 6.384790711535302896e-04
1.727350000000000000e+04 6.346607179265843909e-04
1.727679999999999927e+04 6.332461189130387733e-04
1.728009999999999854e+04 6.385631815722057078e-04
1.728340000000000146e+04 6.357046474329604985e-04
1.728670000000000073e+04 6.317203988245987832e-04
1.729000000000000000e+04 6.401730605890934870e-04
1.729320000000000073e+04 6.330227752376066516e-04
1.729650000000000000e+04 6.371486892932509824e-04
1.729979999999999927e+04 6.444971868674000863e-04
1.730309999999999854e+04 6.432747092734013988e-04
1.730640000000000146e+04 6.454863984023212443e-04
1.730970000000000073e+04 6.490185568978787357e-04
1.731300000000000000e+04 6.488216164827161677e-04
1.731629999999999927e+04 6.542358359995773713e-04
1.731959999999999854e+04 6.643032697706285645e-04
1.732290000000000146e+04 6.786488121409573609e-04
1.732620000000000073e+04 6.796421032048248359e-04
1.732950000000000000e+04 6.828353120479922810e-04
1.733279999999999927e+04 6.769666113056713218e-04
1.733609999999999854e+04 6.749657352000176455e-04
1.733940000000000146e+04 6.796385274317153684e-04
1.734270000000000073e+04 6.768762309423969085e-04
1.734600000000000000e+04 6.783338355850730694e-04
1.734929999999999927e+04 6.881680700994097450e-04
1.735259999999999854e+04 6.945723226531750824e-04
1.735579999999999927e+04 6.935829524602010829e-04
1.735909999999999854e+04 7.008174580157098404e-04
1.736240000000000146e+04 6.984171096940430248e-04
1.736570000000000073e+04 6.953849980438315615e-04
1.736900000000000000e+04 7.016745575780382153e-04
1.737229999999999927e+04 7.063388882257666318e-04
1.737559999999999854e+04 7.042836312977585273e-04
1.737890000000000146e+04 7.147181780109817520e-04
1.738220000000000073e+04 7.177891542944210253e-04
1.738550000000000000e+04 7.200109940520528972e-04
1.738879999999999927e+04 7.159087897842522294e-04
1.739209999999999854e+04 7.225886950202744336e-04
1.739540000000000146e+04 7.295502745350999820e-04
1.739870000000000073e+04 7.288197936814139015e-04
1.740200000000000000e+04 7.215669226137540410e-04
1.740529999999999927e+04 7.174564922556911752e-04
1.740859999999999854e+04 7.192520974110506657e-04
1.741190000000000146e+04 7.210529678751857264e-04
1.741520000000000073e+04 7.138500045509305189e-04
1.741850000000000000e+04 7.087933582087777322e-04
1.742170000000000073e+04 7.068089900936023323e-04
1.742500000000000000e+04 7.048860519254743912e-04
1.742829999999999927e+04 7.094519367198083223e-04
1.743159999999999854e+04 7.142775918365619958e-04
1.743490000000000146e+04 7.137101115870639117e-04
1.743820000000000073e+04 7.168573564799355204e-04
1.744150000000000000e+04 7.220216069932574058e-04
1.744479999999999927e+04 7.201599502975869873e-04
1.744809999999999854e+04 7.218956951744431427e-04
1.745140000000000146e+04 7.173321580986600273e-04
1.745470000000000073e+04 7.211248405136426974e-04
1.745800000000000000e+04 7.283873442329732257e-04
1.746129999999999927e+04 7.255908730446227308e-04
1.746459999999999854e+04 7.170556746363087024e-04
1.746790000000000146e+04 7.192905875482668004e-04
1.747120000000000073e+04 7.155151095064762705e-04
1.747450000000000000e+04 7.149565990171781894e-04
1.747779999999999927e+04 7.181722037647965884e-04
1.748109999999999854e+04 7.244248718341843698e-04
1.748429999999999927e+04 7.242278077798013037e-04
1.748759999999999854e+04 7.207499699470387234e-04
1.749090000000000146e+04 7.271158972374722196e-04
1.749420000000000073e+04 7.228449725030566472e-04
1.749750000000000000e+04 7.231274418622440090e-04
1.750079999999999927e+04 7.236518163818309122e-04
1.750409999999999854e+04 7.243632672685238307e-04
1.750740000000000146e+04 7.242266961404056434e-04
1.751070000000000073e+04 7.163869201555065399e-04
1.751400000000000000e+04 7.087040620600475269e-04
1.751729999999999927e+04 7.109125604423220668e-04
1.752059999999999854e+04 7.083546181180718241e-04
1.752390000000000146e+04 7.047469337120079030e-04
1.752720000000000073e+04 7.090493742237323049e-04
1.753050000000000000e+04 7.077054128144853826e-04
1.753379999999999927e+04 7.037685259382979192e-04
1.753709999999999854e+04 7.068814858541611805e-04
1.754040000000000146e+04 7.090590447144208075e-04
1.754370000000000073e+04 7.023106111696697127e-04
1.754700000000000000e+04 7.029587829639172801e-04
1.755020000000000073e+04 7.141494066443072799e-04
1.755350000000000000e+04 7.159540993488400099e-04
1.755679999999999927e+04 7.146926290695021717e-04
1.756009999999999854e+04 7.076726417895788483e-04
1.756340000000000146e+04 7.099315642621293341e-04
1.756670000000000073e+04 7.116974271850971508e-04
1.757000000000000000e+04 7.161624826757623198e-04
1.757329999999999927e+04 7.115869898701750315e-04
1.757659999999999854e+04 7.089525462246533969e-04
1.757990000000000146e+04 7.178086337320042747e-04
1.758320000000000073e+04 7.234056610196999042e-04
1.758650000000000000e+04 7.279621307870834954e-04
1.758979999999999927e+04 7.371156480878079129e-04
1.759309999999999854e+04 7.427560312541019692e-04
1.759640000000000146e+04 7.419391866022273215e-04
1.759970000000000073e+04 7.410339453594365572e-04
1.760300000000000000e+04 7.444835533248655209e-04
1.760629999999999927e+04 7.443390381673240137e-04
1.760959999999999854e+04 7.488138854368906654e-04
1.761290000000000146e+04 7.453251202748582393e-04
1.761609999999999854e+04 7.535316404498173040e-04
1.761940000000000146e+04 7.563396400015532425e-04
1.762270000000000073e+04 7.555511442173034947e-04
1.762600000000000000e+04 7.598963774849283289e-04
1.762929999999999927e+04 7.673744077484383414e-04
1.763259999999999854e+04 7.737006682989395123e-04
1.763590000000000146e+04 7.794497610485095693e-04
1.763920000000000073e+04 7.875944665737053116e-04
1.764250000000000000e+04 7.886124618550720408e-04
1.764579999999999927e+04 7.930819222078637357e-04
1.764909999999999854e+04 7.978325170118615462e-04
1.765240000000000146e+04 8.038615779064469877e-04
1.765570000000000073e+04 8.071799412548668999e-04
1.765900000000000000e+04 8.195373410314355780e-04
1.766229999999999927e+04 8.285233482952870975e-04
1.766559999999999854e+04 8.306115779038969167e-04
1.766890000000000146e+04 8.354629722521139190e-04
1.767220000000000073e+04 8.414101890811958055e-04
1.767550000000000000e+04 8.476028709529135566e-04
1.767870000000000073e+04 8.543196324020479147e-04
1.768200000000000000e+04 8.579772652886478220e-04
1.768529999999999927e+04 8.660775634487773633e-04
1.768859999999999854e+04 8.779615250890662140e-04
1.769190000000000146e+04 8.790588928107793531e-04
1.769520000000000073e+04 8.830853527390807077e-04
1.769850000000000000e+04 8.863993844721903669e-04
1.770179999999999927e+04 8.835389472425627180e-04
1.770509999999999854e+04 8.910995270165984533e-04
1.770840000000000146e+04 9.032410828768101720e-04
1.771170000000000073e+04 9.058224918631705563e-04
1.771500000000000000e+04 9.055617756767115950e-04
1.771829999999999927e+04 9.055652705920969004e-04
1.772159999999999854e+04 9.099614126986733421e-04
1.772490000000000146e+04 9.180386972116310208e-04
1.772820000000000073e+04 9.168010719747582589e-04
1.773150000000000000e+04 9.277518024472293122e-04
1.773479999999999927e+04 9.352491065685664476e-04
1.773809999999999854e+04 9.420685296803505858e-04
1.774140000000000146e+04 9.483133618375163285e-04
1.774459999999999854e+04 9.545833811486197779e-04
1.774790000000000146e+04 9.585609066116197730e-04
1.775120000000000073e+04 9.615714797397739884e-04
1.775450000000000000e+04 9.612387562829006723e-04
1.775779999999999927e+04 9.621496365688626514e-04
1.776109999999999854e+04 9.702812590349084616e-04
1.776440000000000146e+04 9.758852923394133226e-04
1.776770000000000073e+04 9.800995548314302662e-04
1.777100000000000000e+04 9.845377161200885314e-04
1.777429999999999927e+04 9.852679003535360410e-04
1.777759999999999854e+04 9.926608099635905822e-04
1.778090000000000146e+04 9.970512647272773091e-04
1.778420000000000073e+04 9.991439170395964662e-04
1.778750000000000000e+04 1.001465724698322613e-03
1.779079999999999927e+04 1.002143886643536630e-03
1.779409999999999854e+04 1.010464688949162240e-03
1.779740000000000146e+04 1.015464156466944863e-03
1.780070000000000073e+04 1.019874494484260870e-03
1.780400000000000000e+04 1.025984523482952483e-03
1.780720000000000073e+04 1.032653907361918153e-03
1.781050000000000000e+04 1.034252732626408369e-03
1.781379999999999927e+04 1.038121265345554912e-03
1.781709999999999854e+04 1.037359404645003987e-03
1.782040000000000146e+04 1.038730001044909030e-03
1.782370000000000073e+04 1.042780673045407046e-03
1.782700000000000000e+04 1.043993569256858886e-03
1.783029999999999927e+04 1.050505570803051715e-03
1.783359999999999854e+04 1.055071783999920630e-03
1.783690000000000146e+04 1.059643705969657819e-03
1.784020000000000073e+04 1.064626254228424711e-03
1.784350000000000000e+04 1.074712376002193593e-03
1.784679999999999927e+04 1.082070719020515734e-03
1.785009999999999854e+04 1.083704798998081677e-03
1.785340000000000146e+04 1.082726790586282638e-03
1.785670000000000073e+04 1.094933998371503498e-03
1.786000000000000000e+04 1.103895508647846201e-03
1.786329999999999927e+04 1.108736193862689496e-03
1.786659999999999854e+04 1.117897430020900040e-03
1.786990000000000146e+04 1.124153509682787426e-03
1.787309999999999854e+04 1.124333617715202486e-03
1.787640000000000146e+04 1.132852492002751205e-03
1.787970000000000073e+04 1.136854897956254135e-03
1.788300000000000000e+04 1.146866065300880663e-03
1.788629999999999927e+04 1.151231127164035334e-03
1.788959999999999854e+04 1.158171297816044769e-03
1.789290000000000146e+04 1.173047591405395771e-03
1.789620000000000073e+04 1.182823702989182872e-03
1.789950000000000000e+04 1.192667376157931095e-03
1.790279999999999927e+04 1.202284584307583516e-03
1.790609999999999854e+04 1.210872757915318386e-03
1.790940000000000146e+04 1.218112129579686318e-03
1.791270000000000073e+04 1.228021203908782151e-03
1.791600000000000000e+04 1.237757192646631857e-03
1.791929999999999927e+04 1.242375350517612104e-03
1.792259999999999854e+04 1.251071422990324708e-03
1.792590000000000146e+04 1.257586710258184288e-03
1.792920000000000073e+04 1.264901965474707476e-03
1.793250000000000000e+04 1.268534884504645289e-03
1.793570000000000073e+04 1.273283733832639673e-03
1.793900000000000000e+04 1.276966784841589327e-03
1.794229999999999927e+04 1.279979607330650280e-03
1.794559999999999854e+04 1.289242583084889739e-03
1.794890000000000146e+04 1.300415266387205341e-03
1.795220000000000073e+04 1.311651621830589457e-03
1.795550000000000000e+04 1.318618580371196331e-03
1.795879999999999927e+04 1.321370521969005658e-03
1.796209999999999854e+04 1.327755562439744425e-03
1.796540000000000146e+04 1.333161949383290324e-03
1.796870000000000073e+04 1.328682393506556416e-03
1.797200000000000000e+04 1.331190840601547245e-03
1.797529999999999927e+04 1.338187450102432119e-03
1.797859999999999854e+04 1.343670609966072810e-03
1.798190000000000146e+04 1.358514657746612720e-03
1.798520000000000073e+04 1.370258559339025900e-03
1.798850000000000000e+04 1.375319174787878679e-03
1.799179999999999927e+04 1.380201329374202129e-03
1.799509999999999854e+04 1.385113839209083835e-03
1.799840000000000146e+04 1.384866992792106342e-03
1.800159999999999854e+04 1.388831680577879519e-03
1.800490000000000146e+04 1.393126728251175249e-03
1.800820000000000073e+04 1.400707846438276841e-03
1.801150000000000000e+04 1.412965229289268746e-03
1.801479999999999927e+04 1.425269971350210177e-03
1.801809999999999854e+04 1.436036636615978810e-03
1.802140000000000146e+04 1.442922984408276594e-03
1.802470000000000073e+04 1.446823701516724778e-03
1.802800000000000000e+04 1.448378466628402967e-03
1.803129999999999927e+04 1.449957610549450606e-03
1.803459999999999854e+04 1.454121743382516844e-03
1.803790000000000146e+04 1.454444194324248582e-03
1.804120000000000073e+04 1.459174772633216885e-03
1.804450000000000000e+04 1.462372743210970825e-03
1.804779999999999927e+04 1.460003664604344513e-03
1.805109999999999854e+04 1.461141749441512540e-03
1.805440000000000146e+04 1.464282285209566161e-03
1.805770000000000073e+04 1.460988304751260989e-03
1.806100000000000000e+04 1.461261107176586556e-03
1.806429999999999927e+04 1.458016942013274590e-03
1.806750000000000000e+04 1.458257816861008868e-03
1.807079999999999927e+04 1.455580738005942320e-03
1.807409999999999854e+04 1.452244546035935972e-03
1.807740000000000146e+04 1.449928090008547991e-03
1.808070000000000073e+04 1.449423290709105474e-03
1.808400000000000000e+04 1.448695762866583116e-03
1.808729999999999927e+04 1.450378977412136684e-03
1.809059999999999854e+04 1.452542660972005236e-03
1.809390000000000146e+04 1.452296071787810778e-03
1.809720000000000073e+04 1.451315471192064430e-03
1.810050000000000000e+04 1.449220613035048484e-03
1.810379999999999927e+04 1.446440927348180460e-03
1.810709999999999854e+04 1.440710191479185800e-03
1.811040000000000146e+04 1.433689043831073463e-03
1.811370000000000073e+04 1.425816952820697014e-03
1.811700000000000000e+04 1.413865885860994195e-03
1.812029999999999927e+04 1.412086584061388993e-03
1.812359999999999854e+04 1.412989569855709407e-03
1.812690000000000146e+04 1.411873623833751271e-03
1.813009999999999854e+04 1.407786438794306075e-03
1.813340000000000146e+04 1.419174243922271964e-03
1.813670000000000073e+04 1.414606866810552699e-03
1.814000000000000000e+04 1.410548614510123960e-03
1.814329999999999927e+04 1.403387909978835203e-03
1.814659999999999854e+04 1.401635847692820269e-03
1.814990000000000146e+04 1.390101604918737421e-03
1.815320000000000073e+04 1.383798732078097247e-03
1.815650000000000000e+04 1.380467380207099550e-03
1.815979999999999927e+04 1.378492619621234788e-03
1.816309999999999854e+04 1.376422181893911367e-03
1.816640000000000146e+04 1.368056701268525544e-03
1.816970000000000073e+04 1.362821997448088705e-03
1.817300000000000000e+04 1.354652671528036112e-03
1.817629999999999927e+04 1.343995689793813170e-03
1.817959999999999854e+04 1.335738283014485921e-03
1.818290000000000146e+04 1.354892587858163092e-03
1.818620000000000073e+04 1.361286066846432866e-03
1.818950000000000000e+04 1.355602005797045375e-03
1.819279999999999927e+04 1.355778575880921483e-03
1.819600000000000000e+04 1.354267137273171273e-03
1.819929999999999927e+04 1.354414140123485696e-03
1.820259999999999854e+04 1.362348756761304217e-03
1.820590000000000146e+04 1.347443480728544680e-03
1.820920000000000073e+04 1.344284362436880915e-03
1.821250000000000000e+04 1.344119564146850502e-03
1.821579999999999927e+04 1.339610098069234784e-03
1.821909999999999854e+04 1.342573081653284945e-03
1.822240000000000146e+04 1.364386630270194526e-03
1.822570000000000073e+04 1.390715455917773203e-03
1.822900000000000000e+04 1.419529833180620086e-03
1.823229999999999927e+04 1.444193553096605274e-03
1.823559999999999854e+04 1.474930925606031222e-03
1.823890000000000146e+04 1.481242131737840056e-03
1.824220000000000073e+04 1.507926475367554276e-03
1.824550000000000000e+04 1.539903798777038238e-03
1.824879999999999927e+04 1.566914068125164995e-03
1.825209999999999854e+04 1.575190410824305531e-03
1.825540000000000146e+04 1.595747930844094086e-03
1.825859999999999854e+04 1.618801046026133433e-03
1.826190000000000146e+04 1.648523732844287253e-03
1.826520000000000073e+04 1.675637737650985219e-03
1.826850000000000000e+04 1.712905574932356090e-03
1.827179999999999927e+04 1.738751786970478119e-03
1.827509999999999854e+04 1.756060103743367238e-03
1.827840000000000146e+04 1.779854423434929249e-03
1.828170000000000073e+04 1.817448664112420809e-03
1.828500000000000000e+04 1.846832692316390922e-03
1.828829999999999927e+04 1.870375778959721237e-03
1.829159999999999854e+04 1.900320232939125935e-03
1.829490000000000146e+04 1.939290679769775389e-03
1.829820000000000073e+04 1.952795367267874107e-03
1.830150000000000000e+04 1.986730206151403593e-03
1.830479999999999927e+04 2.030203233204926679e-03
1.830809999999999854e+04 2.074708168698260850e-03
1.831140000000000146e+04 2.092547518618374531e-03
1.831470000000000073e+04 2.125076489122092703e-03
1.831800000000000000e+04 2.158322278254222026e-03
1.832129999999999927e+04 2.213430961193734586e-03
1.832450000000000000e+04 2.248787147571375180e-03
1.832779999999999927e+04 2.282046855170818522e-03
1.833109999999999854e+04 2.332508965340140353e-03
1.833440000000000146e+04 2.378708324824214612e-03
1.833770000000000073e+04 2.416872679890637744e-03
1.834100000000000000e+04 2.471767446380077147e-03
1.834429999999999927e+04 2.499713800702243853e-03
1.834759999999999854e+04 2.519618659205862150e-03
1.835090000000000146e+04 2.560738987470574397e-03
1.835420000000000073e+04 2.614863945134997866e-03
1.835750000000000000e+04 2.662596088103018517e-03
1.836079999999999927e+04 2.705710356853709836e-03
1.836409999999999854e+04 2.739174782664275439e-03
1.836740000000000146e+04 2.765595334279489104e-03
1.837070000000000073e+04 2.822513923855160794e-03
1.837400000000000000e+04 2.869645960753639501e-03
1.837729999999999927e+04 2.919101300387071021e-03
1.838059999999999854e+04 2.974111517963505622e-03
1.838390000000000146e+04 3.025402869624548973e-03
1.838709999999999854e+04 3.050123463696755976e-03
1.839040000000000146e+04 3.077790027805037305e-03
1.839370000000000073e+04 3.082135196316487108e-03
1.839700000000000000e+04 3.107857161211440358e-03
1.840029999999999927e+04 3.119263179704871367e-03
1.840359999999999854e+04 3.174514558418854368e-03
1.840690000000000146e+04 3.208824525144682391e-03
1.841020000000000073e+04 3.233963992967465919e-03
1.841350000000000000e+04 3.262881099391162429e-03
1.841679999999999927e+04 3.315212043265126397e-03
1.842009999999999854e+04 3.342312138133113515e-03
1.842340000000000146e+04 3.383144494237445062e-03
1.842670000000000073e+04 3.416613086675279569e-03
1.843000000000000000e+04 3.451414255510648968e-03
1.843329999999999927e+04 3.478418686820025814e-03
1.843659999999999854e+04 3.532030342925765280e-03
1.843990000000000146e+04 3.582074993236122450e-03
1.844320000000000073e+04 3.638933881400875908e-03
1.844650000000000000e+04 3.683303107589819617e-03
1.844979999999999927e+04 3.725558878459342936e-03
1.845300000000000000e+04 3.778449756168119136e-03
1.845629999999999927e+04 3.824234096290579383e-03
1.845959999999999854e+04 3.838702804423602642e-03
1.846290000000000146e+04 3.900606858285540768e-03
1.846620000000000073e+04 3.895640135665385303e-03
1.846950000000000000e+04 3.909086619319390894e-03
1.847279999999999927e+04 3.930821588975274075e-03
1.847609999999999854e+04 3.955263517164344864e-03
1.847940000000000146e+04 3.968013897175253629e-03
1.848270000000000073e+04 3.975947524306132873e-03
1.848600000000000000e+04 3.958856737519502247e-03
1.848929999999999927e+04 3.963371943981780152e-03
1.849259999999999854e+04 3.977490715586131341e-03
1.849590000000000146e+04 3.975960520040382022e-03
1.849920000000000073e+04 3.992389075120221509e-03
1.850250000000000000e+04 4.019325428176930351e-03
1.850579999999999927e+04 4.052833822047145242e-03
1.850909999999999854e+04 4.102457904031141939e-03
1.851240000000000146e+04 4.106138644891251140e-03
1.851570000000000073e+04 4.093039581742099510e-03
1.851890000000000146e+04 4.091208152886975473e-03
1.852220000000000073e+04 4.113119896638812827e-03
1.852550000000000000e+04 4.148729271292369084e-03
1.852879999999999927e+04 4.197619734467802205e-03
1.853209999999999854e+04 4.244100748225226351e-03
1.853540000000000146e+04 4.286339693706506422e-03
1.853870000000000073e+04 4.344760703296588096e-03
1.854200000000000000e+04 4.400895410150090260e-03
1.854529999999999927e+04 4.456638091200975337e-03
1.854859999999999854e+04 4.477919388806210661e-03
1.855190000000000146e+04 4.530674140455130325e-03
1.855520000000000073e+04 4.578381602421049967e-03
1.855850000000000000e+04 4.656054159179141838e-03
1.856179999999999927e+04 4.726368945086195823e-03
1.856509999999999854e+04 4.789304886282726333e-03
1.856840000000000146e+04 4.854111346318517629e-03
1.857170000000000073e+04 4.891188844900827559e-03
1.857500000000000000e+04 4.936181184977297791e-03
1.857829999999999927e+04 5.014251453217026359e-03
1.858150000000000000e+04 5.058135599669629986e-03
1.858479999999999927e+04 5.104076597613559259e-03
1.858809999999999854e+04 5.151285277223307917e-03
1.859140000000000146e+04 5.214932170405456487e-03
1.859470000000000073e+04 5.272008517796688241e-03
1.859800000000000000e+04 5.327005657804201842e-03
1.860129999999999927e+04 5.361730096688963575e-03
1.860459999999999854e+04 5.423015410728843078e-03
1.860790000000000146e+04 5.473628400556677584e-03
1.861120000000000073e+04 5.545192473058221071e-03
1.861450000000000000e+04 5.655331384252001298e-03
1.861779999999999927e+04 5.706372253316855693e-03
1.862109999999999854e+04 5.752163719923762339e-03
1.862440000000000146e+04 5.836429087518716849e-03
1.862770000000000073e+04 5.893110619477185709e-03
1.863100000000000000e+04 6.033044285167345894e-03
1.863429999999999927e+04 6.125976107309335887e-03
1.863759999999999854e+04 6.209123112820749690e-03
1.864090000000000146e+04 6.313710244993139646e-03
1.864420000000000073e+04 6.504437788074917022e-03
1.864740000000000146e+04 6.631361871637683585e-03
1.865070000000000073e+04 6.761850744396403698e-03
1.865400000000000000e+04 6.923862697394213804e-03
1.865729999999999927e+04 7.067833936501010349e-03
1.866059999999999854e+04 7.214705593444941702e-03
1.866390000000000146e+04 7.341540160656640467e-03
1.866720000000000073e+04 7.463678125990826778e-03
1.867050000000000000e+04 7.551676600405283872e-03
1.867379999999999927e+04 7.668728661391620814e-03
1.867709999999999854e+04 7.826151510152215551e-03
1.868040000000000146e+04 8.025732716102561629e-03
1.868370000000000073e+04 8.285913217896631947e-03
1.868700000000000000e+04 8.539244693562795391e-03
1.869029999999999927e+04 8.731723741887584614e-03
1.869359999999999854e+04 9.016665401960648890e-03
1.869690000000000146e+04 9.283765898368797134e-03
1.870020000000000073e+04 9.384612415901799620e-03
1.870350000000000000e+04 9.460377014469268514e-03
1.870679999999999927e+04 9.639232274717420001e-03
1.871000000000000000e+04 9.947890333518356193e-03
1.871329999999999927e+04 1.015242714305096897e-02
1.871659999999999854e+04 1.029415710141703445e-02
1.871990000000000146e+04 1.045528662876624507e-02
1.872320000000000073e+04 1.058657515839321953e-02
1.872650000000000000e+04 1.074811336918646103e-02
1.872979999999999927e+04 1.086068129341816180e-02
1.873309999999999854e+04 1.100594833750347286e-02
1.873640000000000146e+04 1.115492029125351135e-02
1.873970000000000073e+04 1.134412379817382154e-02
1.874300000000000000e+04 1.139428665945290721e-02
1.874629999999999927e+04 1.154474680014280254e-02
1.874959999999999854e+04 1.161801443506019563e-02
1.875290000000000146e+04 1.168932482406469936e-02
1.875620000000000073e+04 1.176015218748675123e-02
1.875950000000000000e+04 1.192191652489577210e-02
1.876279999999999927e+04 1.206819970931724550e-02
1.876609999999999854e+04 1.219916362430554894e-02
1.876940000000000146e+04 1.228149894049799899e-02
1.877270000000000073e+04 1.242529123575530046e-02
1.877590000000000146e+04 1.262359365647822661e-02
1.877920000000000073e+04 1.267862764493543279e-02
1.878250000000000000e+04 1.286195900982440264e-02
1.878579999999999927e+04 1.305977203080472757e-02
1.878909999999999854e+04 1.328229612452805873e-02
1.879240000000000146e+04 1.352345198649236926e-02
1.879570000000000073e+04 1.376165210835279297e-02
1.879900000000000000e+04 1.403657313939441799e-02
1.880229999999999927e+04 1.433609675287745439e-02
1.880559999999999854e+04 1.463620212169296567e-02
1.880890000000000146e+04 1.485751044087614200e-02
1.881220000000000073e+04 1.512661102252685526e-02
1.881550000000000000e+04 1.542655914974835028e-02
1.881879999999999927e+04 1.570225267703838704e-02
1.882209999999999854e+04 1.597674874905800207e-02
1.882540000000000146e+04 1.626426129260861303e-02
1.882870000000000073e+04 1.657877344770337241e-02
1.883200000000000000e+04 1.686637019777244284e-02
1.883529999999999927e+04 1.718215470931120162e-02
1.883859999999999854e+04 1.748302011228722308e-02
1.884179999999999927e+04 1.776757479236172957e-02
1.884509999999999854e+04 1.805087250506876018e-02
1.884840000000000146e+04 1.827272903052085812e-02
1.885170000000000073e+04 1.848755138639175330e-02
1.885500000000000000e+04 1.875934110883811096e-02
1.885829999999999927e+04 1.892819690187892701e-02
1.886159999999999854e+04 1.909930660744664499e-02
1.886490000000000146e+04 1.946146186210682971e-02
1.886820000000000073e+04 1.984963038646189032e-02
1.887150000000000000e+04 2.013919128913868248e-02
1.887479999999999927e+04 2.028092673304776952e-02
1.887809999999999854e+04 2.055460551689289664e-02
1.888140000000000146e+04 2.089062886408914188e-02
1.888470000000000073e+04 2.120973837062749973e-02
1.888800000000000000e+04 2.152885617286586298e-02
1.889129999999999927e+04 2.182145949655903139e-02
1.889459999999999854e+04 2.218737137611852955e-02
1.889790000000000146e+04 2.252064616405181560e-02
1.890120000000000073e+04 2.285981601706138511e-02
1.890440000000000146e+04 2.316223708533476575e-02
1.890770000000000073e+04 2.359048834476775922e-02
1.891100000000000000e+04 2.394899253781108961e-02
1.891429999999999927e+04 2.438668121847518966e-02
1.891759999999999854e+04 2.480373179800711425e-02
1.892090000000000146e+04 2.523701388299583875e-02
1.892420000000000073e+04 2.561221291269311431e-02
1.892750000000000000e+04 2.598521687605889405e-02
1.893079999999999927e+04 2.640448839250742960e-02
1.893409999999999854e+04 2.681496311702284349e-02
1.893740000000000146e+04 2.718535398812696458e-02
1.894070000000000073e+04 2.748781590665069080e-02
1.894400000000000000e+04 2.787496940141906063e-02
1.894729999999999927e+04 2.819001809956976981e-02
1.895059999999999854e+04 2.849716476142403337e-02
1.895390000000000146e+04 2.881941554831126892e-02
1.895720000000000073e+04 2.908691588150469007e-02
1.896050000000000000e+04 2.937048636465113688e-02
1.896379999999999927e+04 2.962848807103944312e-02
1.896709999999999854e+04 2.985785618178143225e-02
1.897029999999999927e+04 3.004312879865246935e-02
1.897359999999999854e+04 3.023848139053755824e-02
1.897690000000000146e+04 3.048053715713729128e-02
1.898020000000000073e+04 3.067274400566709011e-02
1.898350000000000000e+04 3.087133666578363231e-02
1.898679999999999927e+04 3.108840268437011375e-02
1.899009999999999854e+04 3.127648379211282748e-02
1.899340000000000146e+04 3.145787194062075326e-02
1.899670000000000073e+04 3.162412901706204010e-02
1.900000000000000000e+04 3.180869221838233257e-02
1.900329999999999927e+04 3.196986526088708286e-02
1.900659999999999854e+04 3.214441393675291497e-02
1.900990000000000146e+04 3.225692552638879940e-02
1.901320000000000073e+04 3.235431037836183216e-02
1.901650000000000000e+04 3.244551066244299314e-02
1.901979999999999927e+04 3.256281047081499569e-02
1.902309999999999854e+04 3.268903321294494568e-02
1.902640000000000146e+04 3.282833606035327756e-02
1.902970000000000073e+04 3.290431597994566276e-02
1.903290000000000146e+04 3.298065892014712813e-02
1.903620000000000073e+04 3.303542544627174199e-02
1.903950000000000000e+04 3.309008426873631670e-02
1.904279999999999927e+04 3.316065379203927965e-02
1.904609999999999854e+04 3.320042804816338011e-02
1.904940000000000146e+04 3.323888333150550739e-02
1.905270000000000073e+04 3.331452498779621796e-02
1.905600000000000000e+04 3.336007612600886546e-02
1.905929999999999927e+04 3.340782743341189076e-02
1.906259999999999854e+04 3.341800861970266323e-02
1.906590000000000146e+04 3.343969965904131092e-02
1.906920000000000073e+04 3.345019812620105004e-02
1.907250000000000000e+04 3.341254932416479195e-02
1.907579999999999927e+04 3.338110149591747705e-02
1.907909999999999854e+04 3.335128733396473810e-02
1.908240000000000146e+04 3.334602395698499366e-02
1.908570000000000073e+04 3.329299644020306675e-02
1.908900000000000000e+04 3.322234030066766736e-02
1.909229999999999927e+04 3.314208600988574616e-02
1.909559999999999854e+04 3.305248183921500466e-02
1.909879999999999927e+04 3.300183576659210943e-02
1.910209999999999854e+04 3.290840540379167539e-02
1.910540000000000146e+04 3.283412162759742625e-02
1.910870000000000073e+04 3.277001192932743612e-02
1.911200000000000000e+04 3.270751552208110008e-02
1.911529999999999927e+04 3.262886018111708919e-02
1.911859999999999854e+04 3.245572113084983779e-02
1.912190000000000146e+04 3.231342570449114576e-02
1.912520000000000073e+04 3.212583471651584560e-02
1.912850000000000000e+04 3.194168299656870852e-02
1.913179999999999927e+04 3.179218212899443535e-02
1.913509999999999854e+04 3.165074640088576946e-02
1.913840000000000146e+04 3.148220925954466065e-02
1.914170000000000073e+04 3.127353762834381157e-02
1.914500000000000000e+04 3.107988698616528239e-02
1.914829999999999927e+04 3.084777374718045487e-02
1.915159999999999854e+04 3.063043971062847162e-02
1.915490000000000146e+04 3.044432034033429588e-02
1.915820000000000073e+04 3.024209016896943145e-02
1.916140000000000146e+04 3.005505749507489041e-02
1.916470000000000073e+04 2.982387179747479286e-02
1.916800000000000000e+04 2.959694637889243377e-02
1.917129999999999927e+04 2.933867638772739636e-02
1.917459999999999854e+04 2.909663166677843929e-02
1.917790000000000146e+04 2.888190063459515622e-02
1.918120000000000073e+04 2.867394943086673878e-02
1.918450000000000000e+04 2.841065199114899131e-02
1.918779999999999927e+04 2.814665046136842139e-02
1.919109999999999854e+04 2.788561067551629385e-02
1.919440000000000146e+04 2.763631273774034419e-02
1.919770000000000073e+04 2.735641062773842488e-02
1.920100000000000000e+04 2.709088669935746582e-02
1.920429999999999927e+04 2.683335782738285533e-02
1.920759999999999854e+04 2.654894709240197825e-02
1.921090000000000146e+04 2.629224891148802465e-02
1.921420000000000073e+04 2.600173770155838476e-02
1.921750000000000000e+04 2.569820197859140967e-02
1.922079999999999927e+04 2.541639198321353141e-02
1.922409999999999854e+04 2.512622103491859993e-02
1.922729999999999927e+04 2.482060472299209633e-02
1.923059999999999854e+04 2.451869828539557719e-02
1.923390000000000146e+04 2.421095454045200587e-02
1.923720000000000073e+04 2.392630317469603141e-02
1.924050000000000000e+04 2.362326922344484131e-02
1.924379999999999927e+04 2.332083507098571540e-02
1.924709999999999854e+04 2.300582941903899989e-02
1.925040000000000146e+04 2.268714129818717729e-02
1.925370000000000073e+04 2.235666864507296001e-02
1.925700000000000000e+04 2.206659077702254057e-02
1.926029999999999927e+04 2.175334609903072786e-02
1.926359999999999854e+04 2.142849554287649949e-02
1.926690000000000146e+04 2.113877968416744135e-02
1.927020000000000073e+04 2.082000736350981401e-02
1.927350000000000000e+04 2.051188041332641099e-02
1.927679999999999927e+04 2.017878647792221980e-02
1.928009999999999854e+04 1.984389424865706103e-02
1.928340000000000146e+04 1.954441415937555049e-02
1.928670000000000073e+04 1.922783788020137816e-02
1.929000000000000000e+04 1.891993195537810049e-02
1.929320000000000073e+04 1.861016018136799066e-02
1.929650000000000000e+04 1.828713169510809075e-02
1.929979999999999927e+04 1.796562556076218564e-02
1.930309999999999854e+04 1.767244563559476622e-02
1.930640000000000146e+04 1.737897574593295913e-02
1.930970000000000073e+04 1.708616078399207219e-02
1.931300000000000000e+04 1.681564382196360646e-02
1.931629999999999927e+04 1.651172164956351759e-02
1.931959999999999854e+04 1.618244689193272176e-02
1.932290000000000146e+04 1.584148343137179935e-02
1.932620000000000073e+04 1.552864004086411398e-02
1.932950000000000000e+04 1.520752752243402506e-02
1.933279999999999927e+04 1.490375708433694379e-02
1.933609999999999854e+04 1.462932551143237940e-02
1.933940000000000146e+04 1.436927967543803232e-02
1.934270000000000073e+04 1.408050947307716398e-02
1.934600000000000000e+04 1.377878216372014492e-02
1.934929999999999927e+04 1.348535929129090344e-02
1.935259999999999854e+04 1.318206417915748253e-02
1.935579999999999927e+04 1.288846637680059540e-02
1.935909999999999854e+04 1.258873209678014471e-02
1.936240000000000146e+04 1.231191353896817463e-02
1.936570000000000073e+04 1.203681958839660816e-02
1.936900000000000000e+04 1.176088340140836637e-02
1.937229999999999927e+04 1.149606021736045147e-02
1.937559999999999854e+04 1.120516633143957622e-02
1.937890000000000146e+04 1.094136858332913319e-02
1.938220000000000073e+04 1.066901634914148474e-02
1.938550000000000000e+04 1.038486113555453332e-02
1.938879999999999927e+04 1.009397139705300525e-02
1.939209999999999854e+04 9.823530849569817730e-03
1.939540000000000146e+04 9.561378722571694036e-03
1.939870000000000073e+04 9.299865457901641125e-03
1.940200000000000000e+04 9.047654198580794629e-03
1.940529999999999927e+04 8.796932921729149965e-03
1.940859999999999854e+04 8.553611642181010652e-03
1.941190000000000146e+04 8.302440861619710816e-03
1.941520000000000073e+04 8.065543664790539996e-03
1.941850000000000000e+04 7.827269190377563954e-03
1.942170000000000073e+04 7.572068813471826733e-03
1.942500000000000000e+04 7.316522640724390861e-03
1.942829999999999927e+04 7.059977989757905241e-03
1.943159999999999854e+04 6.798961466570514929e-03
1.943490000000000146e+04 6.548395846213495367e-03
1.943820000000000073e+04 6.295849647170379849e-03
1.944150000000000000e+04 6.049544062383667258e-03
1.944479999999999927e+04 5.815505721407424576e-03
1.944809999999999854e+04 5.590099935557011485e-03
1.945140000000000146e+04 5.377621176984275289e-03
1.945470000000000073e+04 5.164541398140364351e-03
1.945800000000000000e+04 4.938300029691148479e-03
1.946129999999999927e+04 4.705430823262052309e-03
1.946459999999999854e+04 4.481885958153701902e-03
1.946790000000000146e+04 4.237144723897662280e-03
1.947120000000000073e+04 3.997018168648602647e-03
1.947450000000000000e+04 3.773139217641456079e-03
1.947779999999999927e+04 3.550481532398366141e-03
1.948109999999999854e+04 3.335247814133021800e-03
1.948429999999999927e+04 3.132606900284729597e-03
1.948759999999999854e+04 2.933560876667453462e-03
1.949090000000000146e+04 2.737903888022722061e-03
1.949420000000000073e+04 2.543524561926864547e-03
1.949750000000000000e+04 2.342797353521057675e-03
1.950079999999999927e+04 2.131916200909892648e-03
1.950409999999999854e+04 1.923805602255924604e-03
1.950740000000000146e+04 1.724339050874578502e-03
1.951070000000000073e+04 1.526827601433917991e-03
1.951400000000000000e+04 1.362810197845855040e-03
1.951729999999999927e+04 1.197038457561474048e-03
1.952059999999999854e+04 1.005320381061991942e-03
1.952390000000000146e+04 8.323445525091031916e-04
1.952720000000000073e+04 6.567068532948242953e-04
1.953050000000000000e+04 4.800538778368883914e-04
1.953379999999999927e+04 3.014655057351349780e-04
1.953709999999999854e+04 1.028211142496999753e-04
1.954040000000000146e+04 -4.665781006735819425e-05
1.954370000000000073e+04 -2.021440592162343139e-04
1.954700000000000000e+04 -3.658212744241276342e-04
1.955020000000000073e+04 -5.544703556036193002e-04
1.955350000000000000e+04 -7.007641007444405552e-04
1.955679999999999927e+04 -8.453015577846333855e-04
1.956009999999999854e+04 -9.937210742752575297e-04
1.956340000000000146e+04 -1.126775178290414115e-03
1.956670000000000073e+04 -1.275465363709318888e-03
1.957000000000000000e+04 -1.410240532308406659e-03
1.957329999999999927e+04 -1.534766607689351655e-03
1.957659999999999854e+04 -1.660013352117973998e-03
1.957990000000000146e+04 -1.771983366355565003e-03
1.958320000000000073e+04 -1.907997644483187122e-03
1.958650000000000000e+04 -2.040770743264101652e-03
1.958979999999999927e+04 -2.141551515655466028e-03
1.959309999999999854e+04 -2.249797915610905665e-03
1.959640000000000146e+04 -2.344855035429829499e-03
1.959970000000000073e+04 -2.456345620597680419e-03
1.960300000000000000e+04 -2.590855705001638646e-03
1.960629999999999927e+04 -2.747369749799015350e-03
1.960959999999999854e+04 -2.872685440746668151e-03
1.961290000000000146e+04 -3.005955733238413388e-03
1.961609999999999854e+04 -3.135486873440877613e-03
1.961940000000000146e+04 -3.233616277187839876e-03
1.962270000000000073e+04 -3.352346857790238985e-03
1.962600000000000000e+04 -3.468279346268898430e-03
1.962929999999999927e+04 -3.564886629948486787e-03
1.963259999999999854e+04 -3.640676004583747686e-03
1.963590000000000146e+04 -3.684633760151372495e-03
1.963920000000000073e+04 -3.801666545006300059e-03
1.964250000000000000e+04 -3.883328321507338674e-03
1.964579999999999927e+04 -3.993694511956156178e-03
1.964909999999999854e+04 -4.113389417846197160e-03
1.965240000000000146e+04 -4.211823245244578941e-03
1.965570000000000073e+04 -4.325600850871537048e-03
1.965900000000000000e+04 -4.384480807219766352e-03
1.966229999999999927e+04 -4.413426951640430328e-03
1.966559999999999854e+04 -4.450469092716214346e-03
1.966890000000000146e+04 -4.508232903780877432e-03
1.967220000000000073e+04 -4.594521182636316509e-03
1.967550000000000000e+04 -4.648645414914340593e-03
1.967870000000000073e+04 -4.765167475971075761e-03
1.968200000000000000e+04 -4.838432698034179219e-03
1.968529999999999927e+04 -4.902705323391771085e-03
1.968859999999999854e+04 -4.963762796020283578e-03
1.969190000000000146e+04 -4.989466249858114794e-03
1.969520000000000073e+04 -5.042704271516242065e-03
1.969850000000000000e+04 -5.071104300470159927e-03
1.970179999999999927e+04 -5.092364725023472947e-03
1.970509999999999854e+04 -5.200985901236205439e-03
1.970840000000000146e+04 -5.316791038689747985e-03
1.971170000000000073e+04 -5.389753745382426520e-03
1.971500000000000000e+04 -5.384373681872212797e-03
1.971829999999999927e+04 -5.456108032794124499e-03
1.972159999999999854e+04 -5.465778376732505564e-03
1.972490000000000146e+04 -5.478783210866746897e-03
1.972820000000000073e+04 -5.565845987367507887e-03
1.973150000000000000e+04 -5.646419791877287445e-03
1.973479999999999927e+04 -5.726219508933550958e-03
1.973809999999999854e+04 -5.823622356813766554e-03
1.974140000000000146e+04 -5.923064745990900583e-03
1.974459999999999854e+04 -6.024125336859282621e-03
1.974790000000000146e+04 -6.041586805471818415e-03
1.975120000000000073e+04 -6.061073940090673864e-03
1.975450000000000000e+04 -6.098671699382142430e-03
1.975779999999999927e+04 -6.119728696146814299e-03
1.976109999999999854e+04 -6.196873488134291112e-03
1.976440000000000146e+04 -6.281704193637106283e-03
1.976770000000000073e+04 -6.352221245244243225e-03
1.977100000000000000e+04 -6.379390114569863553e-03
1.977429999999999927e+04 -6.383533038194740168e-03
1.977759999999999854e+04 -6.421098507467830861e-03
1.978090000000000146e+04 -6.452798506649625940e-03
1.978420000000000073e+04 -6.519879539497124184e-03
1.978750000000000000e+04 -6.538656184517861389e-03
1.979079999999999927e+04 -6.608119442974518150e-03
1.979409999999999854e+04 -6.614960820379328296e-03
1.979740000000000146e+04 -6.654678927361474747e-03
1.980070000000000073e+04 -6.696498768012746662e-03
1.980400000000000000e+04 -6.681337358882372471e-03
1.980720000000000073e+04 -6.721501619088477049e-03
1.981050000000000000e+04 -6.706618955478549707e-03
1.981379999999999927e+04 -6.666024003042306419e-03
1.981709999999999854e+04 -6.692947677012821978e-03
1.982040000000000146e+04 -6.688206046980705276e-03
1.982370000000000073e+04 -6.696961316977476791e-03
1.982700000000000000e+04 -6.736448416018605764e-03
1.983029999999999927e+04 -6.787729431608962270e-03
1.983359999999999854e+04 -6.806730104236661388e-03
1.983690000000000146e+04 -6.812638938308573401e-03
1.984020000000000073e+04 -6.824248793981546948e-03
1.984350000000000000e+04 -6.843825524058488007e-03
1.984679999999999927e+04 -6.851155737944526064e-03
1.985009999999999854e+04 -6.881710858831222369e-03
1.985340000000000146e+04 -6.925839209339222646e-03
1.985670000000000073e+04 -7.018791441974633893e-03
1.986000000000000000e+04 -7.073795184275748216e-03
1.986329999999999927e+04 -7.156356858048739701e-03
1.986659999999999854e+04 -7.156348976072274964e-03
1.986990000000000146e+04 -7.112576316317993294e-03
1.987309999999999854e+04 -7.074976179023392646e-03
1.987640000000000146e+04 -7.087844475157426688e-03
1.987970000000000073e+04 -7.149345360560580183e-03
1.988300000000000000e+04 -7.153671489827743805e-03
1.988629999999999927e+04 -7.207321331093525033e-03
1.988959999999999854e+04 -7.305641095972226565e-03
1.989290000000000146e+04 -7.276253316068034480e-03
1.989620000000000073e+04 -7.234909796594304714e-03
1.989950000000000000e+04 -7.200046253637319357e-03
1.990279999999999927e+04 -7.183373950125621250e-03
1.990609999999999854e+04 -7.172790935425076876e-03
1.990940000000000146e+04 -7.134270411342602189e-03
1.991270000000000073e+04 -7.152010927602826459e-03
1.991600000000000000e+04 -7.162713294788577469e-03
1.991929999999999927e+04 -7.191867495387685959e-03
1.992259999999999854e+04 -7.194939190473554486e-03
1.992590000000000146e+04 -7.186481792926148991e-03
