1.716800000000000000e+04 4.220024171676386928e-04
1.717129999999999927e+04 4.188990189074511547e-04
1.717459999999999854e+04 4.293293144172916770e-04
1.717790000000000146e+04 4.251926823921219935e-04
1.718120000000000073e+04 4.297783195636562079e-04
1.718450000000000000e+04 4.200228429830428923e-04
1.718779999999999927e+04 4.063562923622065170e-04
1.719109999999999854e+04 4.098706907183867878e-04
1.719440000000000146e+04 4.114069593531118280e-04
1.719770000000000073e+04 4.148152011039132176e-04
1.720100000000000000e+04 4.115971172914145737e-04
1.720429999999999927e+04 4.016382498131329678e-04
1.720759999999999854e+04 4.199820794231177729e-04
1.721090000000000146e+04 4.300461510120042342e-04
1.721420000000000073e+04 4.466884879522613227e-04
1.721750000000000000e+04 4.488595744771097288e-04
1.722079999999999927e+04 4.583792984575312825e-04
1.722409999999999854e+04 4.648447053241776543e-04
1.722729999999999927e+04 4.692906984644144809e-04
1.723059999999999854e+04 4.745065844483655447e-04
1.723390000000000146e+04 4.852454014491268505e-04
1.723720000000000073e+04 4.855504223708736935e-04
1.724050000000000000e+04 4.833495700716607178e-04
1.724379999999999927e+04 4.920043719236451892e-04
1.724709999999999854e+04 4.814899273301638137e-04
1.725040000000000146e+04 4.723208378283777790e-04
1.725370000000000073e+04 4.831020371305080972e-04
1.725700000000000000e+04 5.033146501959081132e-04
1.726029999999999927e+04 5.046432915718209811e-04
1.726359999999999854e+04 5.086985021181989353e-04
1.726690000000000146e+04 5.116055533227882417e-04
1.727020000000000073e+04 5.015266363682882199e-04
1.727350000000000000e+04 4.980504570249263572e-04
1.727679999999999927e+04 5.072978280335818917e-04
1.728009999999999854e+04 5.172353532262702856e-04
1.728340000000000146e+04 5.254677601426470173e-04
1.728670000000000073e+04 5.265500953459123501e-04
1.729000000000000000e+04 5.382824195495607362e-04
1.729320000000000073e+04 5.402471830282133463e-04
1.729650000000000000e+04 5.476446292374750760e-04
1.729979999999999927e+04 5.572981067502196829e-04
1.730309999999999854e+04 5.563478271597903195e-04
1.730640000000000146e+04 5.636130161407417643e-04
1.730970000000000073e+04 5.834888432040197985e-04
1.731300000000000000e+04 5.981117653453500499e-04
1.731629999999999927e+04 6.131910321133453128e-04
1.731959999999999854e+04 6.262354159399833534e-04
1.732290000000000146e+04 6.392096109619944955e-04
1.732620000000000073e+04 6.343211606875703195e-04
1.732950000000000000e+04 6.409765026827074410e-04
1.733279999999999927e+04 6.493898142443544491e-04
1.733609999999999854e+04 6.579290485832579903e-04
1.733940000000000146e+04 6.642741674385292585e-04
1.734270000000000073e+04 6.762392517221274373e-04
1.734600000000000000e+04 6.885957449151226036e-04
1.734929999999999927e+04 7.052749361992862636e-04
1.735259999999999854e+04 7.152384123367709406e-04
1.735579999999999927e+04 7.189404001173299455e-04
1.735909999999999854e+04 7.206405880719001346e-04
1.736240000000000146e+04 7.228064012847863155e-04
1.736570000000000073e+04 7.309142654790219467e-04
1.736900000000000000e+04 7.372977482703143475e-04
1.737229999999999927e+04 7.375900882386687493e-04
1.737559999999999854e+04 7.328469760232037694e-04
1.737890000000000146e+04 7.362757987548836265e-04
1.738220000000000073e+04 7.558912567286176030e-04
1.738550000000000000e+04 7.562121792494100499e-04
1.738879999999999927e+04 7.606925587393666100e-04
1.739209999999999854e+04 7.632205392925742486e-04
1.739540000000000146e+04 7.663863307645740188e-04
1.739870000000000073e+04 7.686973102243064649e-04
1.740200000000000000e+04 7.747332634557254401e-04
1.740529999999999927e+04 7.757963939118999895e-04
1.740859999999999854e+04 7.859917785022542966e-04
1.741190000000000146e+04 7.983250301924184550e-04
1.741520000000000073e+04 8.053664578354390079e-04
1.741850000000000000e+04 8.003593107143896004e-04
1.742170000000000073e+04 7.967311576883086581e-04
1.742500000000000000e+04 8.011916708709246023e-04
1.742829999999999927e+04 8.007246327614254500e-04
1.743159999999999854e+04 8.096796530716179408e-04
1.743490000000000146e+04 8.217687390923870744e-04
1.743820000000000073e+04 8.235392695663763590e-04
1.744150000000000000e+04 8.176446299364999561e-04
1.744479999999999927e+04 8.211962812036921163e-04
1.744809999999999854e+04 8.154708545292273236e-04
1.745140000000000146e+04 8.188596780882506036e-04
1.745470000000000073e+04 8.095553248288592284e-04
1.745800000000000000e+04 8.099922007292750456e-04
1.746129999999999927e+04 8.129560127138587070e-04
1.746459999999999854e+04 8.138767839505195705e-04
1.746790000000000146e+04 8.106762295323610831e-04
1.747120000000000073e+04 8.108576921723593652e-04
1.747450000000000000e+04 8.012754888327286917e-04
1.747779999999999927e+04 7.925810548191119164e-04
1.748109999999999854e+04 7.932768413651322811e-04
1.748429999999999927e+04 7.923579747089043446e-04
1.748759999999999854e+04 7.938224751644536994e-04
1.749090000000000146e+04 8.012772821984747449e-04
1.749420000000000073e+04 8.021871944747926021e-04
1.749750000000000000e+04 8.009909187240130037e-04
1.750079999999999927e+04 7.997333127701725629e-04
1.750409999999999854e+04 7.971845497133912785e-04
1.750740000000000146e+04 7.989483699524113245e-04
1.751070000000000073e+04 7.949166610630700649e-04
1.751400000000000000e+04 7.856314169137728872e-04
1.751729999999999927e+04 7.834531367155810576e-04
1.752059999999999854e+04 7.846413102072193795e-04
1.752390000000000146e+04 7.854855830881369563e-04
1.752720000000000073e+04 7.895872642982357638e-04
1.753050000000000000e+04 7.887037009907851403e-04
1.753379999999999927e+04 7.861780313768489343e-04
1.753709999999999854e+04 7.841211592908508372e-04
1.754040000000000146e+04 7.843838629292284410e-04
1.754370000000000073e+04 7.768827176830285725e-04
1.754700000000000000e+04 7.700722937624940485e-04
1.755020000000000073e+04 7.712768264240048516e-04
1.755350000000000000e+04 7.764069691736842247e-04
1.755679999999999927e+04 7.765683658326275876e-04
1.756009999999999854e+04 7.716161108894633355e-04
1.756340000000000146e+04 7.694239017020499229e-04
1.756670000000000073e+04 7.626002885949883982e-04
1.757000000000000000e+04 7.553469817363164286e-04
1.757329999999999927e+04 7.442597749019790000e-04
1.757659999999999854e+04 7.370433805911287594e-04
1.757990000000000146e+04 7.359587830564873721e-04
1.758320000000000073e+04 7.396664881754730705e-04
1.758650000000000000e+04 7.433171718514528393e-04
1.758979999999999927e+04 7.377153201451856507e-04
1.759309999999999854e+04 7.431985981748567968e-04
1.759640000000000146e+04 7.399879765458041835e-04
1.759970000000000073e+04 7.324082766411414572e-04
1.760300000000000000e+04 7.340060253252410826e-04
1.760629999999999927e+04 7.329523523238834319e-04
1.760959999999999854e+04 7.315330398716682813e-04
1.761290000000000146e+04 7.422241249868070240e-04
1.761609999999999854e+04 7.472863375514172653e-04
1.761940000000000146e+04 7.533081417321378041e-04
1.762270000000000073e+04 7.597947083048785591e-04
1.762600000000000000e+04 7.610634629752509924e-04
1.762929999999999927e+04 7.580457282709732007e-04
1.763259999999999854e+04 7.643757138007571889e-04
1.763590000000000146e+04 7.633844240719359683e-04
1.763920000000000073e+04 7.659963901658492979e-04
1.764250000000000000e+04 7.701589974171555494e-04
1.764579999999999927e+04 7.744048877715304638e-04
1.764909999999999854e+04 7.796936038669420501e-04
1.765240000000000146e+04 7.794241985794827425e-04
1.765570000000000073e+04 7.773064614421702420e-04
1.765900000000000000e+04 7.913857307262440804e-04
1.766229999999999927e+04 7.990171266772357148e-04
1.766559999999999854e+04 7.993307471127162082e-04
1.766890000000000146e+04 8.026201910804762942e-04
1.767220000000000073e+04 8.086210321615836536e-04
1.767550000000000000e+04 8.126717150434136384e-04
1.767870000000000073e+04 8.224852697798036094e-04
1.768200000000000000e+04 8.226700297384692377e-04
1.768529999999999927e+04 8.215322052747408167e-04
1.768859999999999854e+04 8.299911814357900869e-04
1.769190000000000146e+04 8.347736346438706847e-04
1.769520000000000073e+04 8.370807408353955542e-04
1.769850000000000000e+04 8.395474460721616882e-04
1.770179999999999927e+04 8.388302072108024888e-04
1.770509999999999854e+04 8.471266873784657992e-04
1.770840000000000146e+04 8.578818547258906585e-04
1.771170000000000073e+04 8.611279556736470405e-04
1.771500000000000000e+04 8.676159120299958708e-04
1.771829999999999927e+04 8.698320257803399558e-04
1.772159999999999854e+04 8.778147913450172739e-04
1.772490000000000146e+04 8.831726495224571883e-04
1.772820000000000073e+04 8.868383448849036579e-04
1.773150000000000000e+04 8.936931930739315001e-04
1.773479999999999927e+04 9.030246853673154104e-04
1.773809999999999854e+04 9.088619136221294048e-04
1.774140000000000146e+04 9.113867510234179665e-04
1.774459999999999854e+04 9.141544878681624568e-04
1.774790000000000146e+04 9.204866957876714929e-04
1.775120000000000073e+04 9.267278467619448692e-04
1.775450000000000000e+04 9.317424798573613635e-04
1.775779999999999927e+04 9.363123796361245282e-04
1.776109999999999854e+04 9.378377073056813227e-04
1.776440000000000146e+04 9.453484370590981576e-04
1.776770000000000073e+04 9.492256478995814714e-04
1.777100000000000000e+04 9.539618411077612631e-04
1.777429999999999927e+04 9.607305933213757801e-04
1.777759999999999854e+04 9.593038113977148595e-04
1.778090000000000146e+04 9.596004049446268903e-04
1.778420000000000073e+04 9.598545710826890615e-04
1.778750000000000000e+04 9.644175840392996352e-04
1.779079999999999927e+04 9.609587470982282635e-04
1.779409999999999854e+04 9.649275168118563034e-04
1.779740000000000146e+04 9.660389340531359533e-04
1.780070000000000073e+04 9.688023076515282208e-04
1.780400000000000000e+04 9.745331528449837147e-04
1.780720000000000073e+04 9.784736989874530909e-04
1.781050000000000000e+04 9.780050946376957904e-04
1.781379999999999927e+04 9.820407136543801620e-04
1.781709999999999854e+04 9.867312807323909158e-04
1.782040000000000146e+04 9.911898380809591909e-04
1.782370000000000073e+04 9.870350296934851230e-04
1.782700000000000000e+04 9.912199449281691287e-04
1.783029999999999927e+04 9.987308398723808173e-04
1.783359999999999854e+04 1.003701362327252258e-03
1.783690000000000146e+04 1.006759728355657553e-03
1.784020000000000073e+04 1.011664405649679655e-03
1.784350000000000000e+04 1.011242455448694687e-03
1.784679999999999927e+04 1.020543884312787551e-03
1.785009999999999854e+04 1.028499143226827310e-03
1.785340000000000146e+04 1.035128062465162993e-03
1.785670000000000073e+04 1.042559594982401215e-03
1.786000000000000000e+04 1.050655119182134813e-03
1.786329999999999927e+04 1.061556004689412662e-03
1.786659999999999854e+04 1.069407740482449746e-03
1.786990000000000146e+04 1.075023483000552135e-03
1.787309999999999854e+04 1.080631933673539824e-03
1.787640000000000146e+04 1.082401698499988081e-03
1.787970000000000073e+04 1.084343353840986008e-03
1.788300000000000000e+04 1.089465369709816979e-03
1.788629999999999927e+04 1.090859930494301197e-03
1.788959999999999854e+04 1.097465728010396050e-03
1.789290000000000146e+04 1.102999882508267325e-03
1.789620000000000073e+04 1.107935127196569463e-03
1.789950000000000000e+04 1.111074014465127102e-03
1.790279999999999927e+04 1.118750768572717791e-03
1.790609999999999854e+04 1.127853942829958695e-03
1.790940000000000146e+04 1.139579212361672457e-03
1.791270000000000073e+04 1.143017362433891354e-03
1.791600000000000000e+04 1.145246796903873340e-03
1.791929999999999927e+04 1.150435380826723454e-03
1.792259999999999854e+04 1.153674315373176074e-03
1.792590000000000146e+04 1.157395606244550302e-03
1.792920000000000073e+04 1.157922968003592895e-03
1.793250000000000000e+04 1.164287582907067844e-03
1.793570000000000073e+04 1.176097050751481006e-03
1.793900000000000000e+04 1.180865173634711770e-03
1.794229999999999927e+04 1.188240987823107079e-03
1.794559999999999854e+04 1.190353697119865637e-03
1.794890000000000146e+04 1.191564105773535104e-03
1.795220000000000073e+04 1.193216913839227579e-03
1.795550000000000000e+04 1.205196068693757455e-03
1.795879999999999927e+04 1.215179620215913392e-03
1.796209999999999854e+04 1.223968456594419149e-03
1.796540000000000146e+04 1.230145131967312925e-03
1.796870000000000073e+04 1.239878816849919766e-03
1.797200000000000000e+04 1.246754162985454217e-03
1.797529999999999927e+04 1.255159783160019740e-03
1.797859999999999854e+04 1.262475856745491707e-03
1.798190000000000146e+04 1.271717187180743678e-03
1.798520000000000073e+04 1.278549820489045330e-03
1.798850000000000000e+04 1.287798015739533095e-03
1.799179999999999927e+04 1.289662212347616283e-03
1.799509999999999854e+04 1.294577084802234776e-03
1.799840000000000146e+04 1.297380288561342243e-03
1.800159999999999854e+04 1.304147579581609127e-03
1.800490000000000146e+04 1.310669060428503764e-03
1.800820000000000073e+04 1.318641240483509579e-03
1.801150000000000000e+04 1.327864931556147756e-03
1.801479999999999927e+04 1.329318095534475419e-03
1.801809999999999854e+04 1.335230234332657629e-03
1.802140000000000146e+04 1.331910001937230709e-03
1.802470000000000073e+04 1.333456294849464079e-03
1.802800000000000000e+04 1.344411175158328163e-03
1.803129999999999927e+04 1.351784179609290086e-03
1.803459999999999854e+04 1.360476935725657985e-03
1.803790000000000146e+04 1.365776036912335354e-03
1.804120000000000073e+04 1.376643881351518554e-03
1.804450000000000000e+04 1.381898548388901891e-03
1.804779999999999927e+04 1.383055243203104795e-03
1.805109999999999854e+04 1.384038694413293772e-03
1.805440000000000146e+04 1.392522410335352489e-03
1.805770000000000073e+04 1.402735179915877775e-03
1.806100000000000000e+04 1.410258886981600318e-03
1.806429999999999927e+04 1.417026011348907540e-03
1.806750000000000000e+04 1.421241365452866274e-03
1.807079999999999927e+04 1.418770756011108721e-03
1.807409999999999854e+04 1.409953138589741277e-03
1.807740000000000146e+04 1.414631635286951478e-03
1.808070000000000073e+04 1.426213083754910302e-03
1.808400000000000000e+04 1.428182175182199538e-03
1.808729999999999927e+04 1.434368708646070094e-03
1.809059999999999854e+04 1.448505378474074885e-03
1.809390000000000146e+04 1.454747671697378866e-03
1.809720000000000073e+04 1.453287221938780660e-03
1.810050000000000000e+04 1.450062586415066688e-03
1.810379999999999927e+04 1.443205948078068231e-03
1.810709999999999854e+04 1.442962378095248360e-03
1.811040000000000146e+04 1.449651245369405284e-03
1.811370000000000073e+04 1.454066346850804107e-03
1.811700000000000000e+04 1.458860804099136209e-03
1.812029999999999927e+04 1.469600262246606318e-03
1.812359999999999854e+04 1.470638862180832394e-03
1.812690000000000146e+04 1.478131218390992940e-03
1.813009999999999854e+04 1.490616024897859979e-03
1.813340000000000146e+04 1.489494355438961311e-03
1.813670000000000073e+04 1.489960875132437029e-03
1.814000000000000000e+04 1.486838220735964538e-03
1.814329999999999927e+04 1.484628658730478574e-03
1.814659999999999854e+04 1.485952476117771964e-03
1.814990000000000146e+04 1.483774172572840336e-03
1.815320000000000073e+04 1.479471084893654821e-03
1.815650000000000000e+04 1.481764692341093091e-03
1.815979999999999927e+04 1.483538799424230113e-03
1.816309999999999854e+04 1.490795366906319400e-03
1.816640000000000146e+04 1.491679149995654230e-03
1.816970000000000073e+04 1.487823901883490729e-03
1.817300000000000000e+04 1.490739632281060881e-03
1.817629999999999927e+04 1.486621349848251316e-03
1.817959999999999854e+04 1.485229346671205217e-03
1.818290000000000146e+04 1.490312247265387999e-03
1.818620000000000073e+04 1.493445032353648335e-03
1.818950000000000000e+04 1.489107472329604829e-03
1.819279999999999927e+04 1.475228354388250602e-03
1.819600000000000000e+04 1.465019461707480104e-03
1.819929999999999927e+04 1.463411532946526719e-03
1.820259999999999854e+04 1.467081486448596102e-03
1.820590000000000146e+04 1.460689137351013417e-03
1.820920000000000073e+04 1.459993985828493849e-03
1.821250000000000000e+04 1.459700629172769196e-03
1.821579999999999927e+04 1.463864662261894680e-03
1.821909999999999854e+04 1.460205347497108572e-03
1.822240000000000146e+04 1.457715502501580980e-03
1.822570000000000073e+04 1.459082394134122258e-03
1.822900000000000000e+04 1.469535691668380451e-03
1.823229999999999927e+04 1.473885933385693471e-03
1.823559999999999854e+04 1.488590895681731179e-03
1.823890000000000146e+04 1.493522989203907971e-03
1.824220000000000073e+04 1.505388259313078687e-03
1.824550000000000000e+04 1.510836183372604204e-03
1.824879999999999927e+04 1.530392999577693831e-03
1.825209999999999854e+04 1.528753044232329921e-03
1.825540000000000146e+04 1.533753298719684084e-03
1.825859999999999854e+04 1.552078178867124375e-03
1.826190000000000146e+04 1.568834965075391634e-03
1.826520000000000073e+04 1.581525298756168750e-03
1.826850000000000000e+04 1.599113451414547115e-03
1.827179999999999927e+04 1.624088288134116704e-03
1.827509999999999854e+04 1.648115466916704429e-03
1.827840000000000146e+04 1.675292713643147064e-03
1.828170000000000073e+04 1.690924324076414692e-03
1.828500000000000000e+04 1.696465489970637713e-03
1.828829999999999927e+04 1.704980627612409129e-03
1.829159999999999854e+04 1.716349365366712188e-03
1.829490000000000146e+04 1.729924210584791880e-03
1.829820000000000073e+04 1.750637141203300554e-03
1.830150000000000000e+04 1.773124602792587167e-03
1.830479999999999927e+04 1.798436601694322016e-03
1.830809999999999854e+04 1.810403475822241993e-03
1.831140000000000146e+04 1.821540890052360338e-03
1.831470000000000073e+04 1.853616494173758976e-03
1.831800000000000000e+04 1.862136825154651768e-03
1.832129999999999927e+04 1.884664212231618651e-03
1.832450000000000000e+04 1.888753926282358718e-03
1.832779999999999927e+04 1.892752891301936920e-03
1.833109999999999854e+04 1.924196143014245174e-03
1.833440000000000146e+04 1.944216351268855713e-03
1.833770000000000073e+04 1.956818843022620387e-03
1.834100000000000000e+04 1.981778315836085162e-03
1.834429999999999927e+04 1.991248608617903620e-03
1.834759999999999854e+04 2.021947830293062669e-03
1.835090000000000146e+04 2.059421928216690224e-03
1.835420000000000073e+04 2.099524329506288756e-03
1.835750000000000000e+04 2.151382256414330601e-03
1.836079999999999927e+04 2.213839123281847402e-03
1.836409999999999854e+04 2.264702760819640743e-03
1.836740000000000146e+04 2.299132910991528913e-03
1.837070000000000073e+04 2.350191840114999441e-03
1.837400000000000000e+04 2.409054087984616004e-03
1.837729999999999927e+04 2.441583918403509267e-03
1.838059999999999854e+04 2.469389886654341747e-03
1.838390000000000146e+04 2.518461760536525301e-03
1.838709999999999854e+04 2.571227435160928273e-03
1.839040000000000146e+04 2.631605261723470122e-03
1.839370000000000073e+04 2.672162028198236342e-03
1.839700000000000000e+04 2.726940045233018899e-03
1.840029999999999927e+04 2.777154354599365056e-03
1.840359999999999854e+04 2.841301896926209155e-03
1.840690000000000146e+04 2.895525195860555994e-03
1.841020000000000073e+04 2.925945443230537017e-03
1.841350000000000000e+04 2.961632857904878714e-03
1.841679999999999927e+04 3.006145540967894176e-03
1.842009999999999854e+04 3.020883722473788075e-03
1.842340000000000146e+04 3.045720791383270138e-03
1.842670000000000073e+04 3.076107778068714726e-03
1.843000000000000000e+04 3.112389412872533165e-03
1.843329999999999927e+04 3.155122878558493105e-03
1.843659999999999854e+04 3.191638574836543497e-03
1.843990000000000146e+04 3.226083204144494961e-03
1.844320000000000073e+04 3.271277263130202475e-03
1.844650000000000000e+04 3.318043252310703267e-03
1.844979999999999927e+04 3.373778897608151889e-03
1.845300000000000000e+04 3.408432373401990619e-03
1.845629999999999927e+04 3.436426652874973505e-03
1.845959999999999854e+04 3.442633048699588263e-03
1.846290000000000146e+04 3.474455246527094303e-03
1.846620000000000073e+04 3.488439704578903764e-03
1.846950000000000000e+04 3.498014311554120855e-03
1.847279999999999927e+04 3.518452833889052032e-03
1.847609999999999854e+04 3.532025334897126792e-03
1.847940000000000146e+04 3.531556184593402127e-03
1.848270000000000073e+04 3.557792648508626299e-03
1.848600000000000000e+04 3.584897682696265922e-03
1.848929999999999927e+04 3.617161117466761392e-03
1.849259999999999854e+04 3.660916593494966016e-03
1.849590000000000146e+04 3.687818130274536643e-03
1.849920000000000073e+04 3.742581162027055000e-03
1.850250000000000000e+04 3.814069320788501458e-03
1.850579999999999927e+04 3.868704012946528985e-03
1.850909999999999854e+04 3.940028395805050994e-03
1.851240000000000146e+04 3.969626789059496966e-03
1.851570000000000073e+04 3.984710499078046933e-03
1.851890000000000146e+04 4.017299897756400687e-03
1.852220000000000073e+04 4.054657589305686420e-03
1.852550000000000000e+04 4.093298587116277025e-03
1.852879999999999927e+04 4.136711947876080091e-03
1.853209999999999854e+04 4.194360005106509241e-03
1.853540000000000146e+04 4.244613810806506515e-03
1.853870000000000073e+04 4.274242933268542453e-03
1.854200000000000000e+04 4.345254801596886741e-03
1.854529999999999927e+04 4.424949001993592861e-03
1.854859999999999854e+04 4.482231428037782885e-03
1.855190000000000146e+04 4.545841688555868690e-03
1.855520000000000073e+04 4.595519676531094333e-03
1.855850000000000000e+04 4.673677890525066228e-03
1.856179999999999927e+04 4.722674351651766356e-03
1.856509999999999854e+04 4.785088466906878453e-03
1.856840000000000146e+04 4.832235769073082825e-03
1.857170000000000073e+04 4.849496928496483707e-03
1.857500000000000000e+04 4.946843885558919844e-03
1.857829999999999927e+04 5.050108903131903665e-03
1.858150000000000000e+04 5.133633699333642504e-03
1.858479999999999927e+04 5.246535261073987169e-03
1.858809999999999854e+04 5.292851317451580974e-03
1.859140000000000146e+04 5.354231943303974089e-03
1.859470000000000073e+04 5.465075268903713326e-03
1.859800000000000000e+04 5.543068190149551440e-03
1.860129999999999927e+04 5.603074681792262826e-03
1.860459999999999854e+04 5.715181501492507844e-03
1.860790000000000146e+04 5.808564019881458894e-03
1.861120000000000073e+04 5.940525406295082966e-03
1.861450000000000000e+04 6.079747731200628620e-03
1.861779999999999927e+04 6.209940440242039603e-03
1.862109999999999854e+04 6.313317151421529543e-03
1.862440000000000146e+04 6.442883094901508470e-03
1.862770000000000073e+04 6.582715193488596073e-03
1.863100000000000000e+04 6.757875516015862845e-03
1.863429999999999927e+04 6.913016167250588505e-03
1.863759999999999854e+04 7.038039966178528950e-03
1.864090000000000146e+04 7.216556962482268203e-03
1.864420000000000073e+04 7.453739428936672663e-03
1.864740000000000146e+04 7.620581494067427131e-03
1.865070000000000073e+04 7.738816887473550302e-03
1.865400000000000000e+04 7.872786609478535022e-03
1.865729999999999927e+04 7.978634430935891211e-03
1.866059999999999854e+04 8.086281880555917095e-03
1.866390000000000146e+04 8.259147407532099749e-03
1.866720000000000073e+04 8.388461750683242832e-03
1.867050000000000000e+04 8.513931449665780929e-03
1.867379999999999927e+04 8.646086054351126773e-03
1.867709999999999854e+04 8.839541854110911576e-03
1.868040000000000146e+04 9.068844728205006228e-03
1.868370000000000073e+04 9.366620737787247075e-03
1.868700000000000000e+04 9.628283157869942446e-03
1.869029999999999927e+04 9.797355491593487051e-03
1.869359999999999854e+04 1.009675805302512330e-02
1.869690000000000146e+04 1.032101366783197416e-02
1.870020000000000073e+04 1.039648379205720952e-02
1.870350000000000000e+04 1.047387220052105328e-02
1.870679999999999927e+04 1.063543865401268308e-02
1.871000000000000000e+04 1.097331774270612036e-02
1.871329999999999927e+04 1.111867162690070507e-02
1.871659999999999854e+04 1.121848723491543874e-02
1.871990000000000146e+04 1.135234910205510164e-02
1.872320000000000073e+04 1.145817717901769471e-02
1.872650000000000000e+04 1.160231065505622911e-02
1.872979999999999927e+04 1.167969091169597864e-02
1.873309999999999854e+04 1.180111033861427558e-02
1.873640000000000146e+04 1.194569743183672254e-02
1.873970000000000073e+04 1.207653017908539607e-02
1.874300000000000000e+04 1.210619163507247430e-02
1.874629999999999927e+04 1.220656516067918085e-02
1.874959999999999854e+04 1.224213420895446311e-02
1.875290000000000146e+04 1.235089024764113308e-02
1.875620000000000073e+04 1.246936315478631985e-02
1.875950000000000000e+04 1.260483995411916872e-02
1.876279999999999927e+04 1.275297200653999555e-02
1.876609999999999854e+04 1.288864230542940276e-02
1.876940000000000146e+04 1.294951643855553683e-02
1.877270000000000073e+04 1.309370929047192454e-02
1.877590000000000146e+04 1.326958315486890215e-02
1.877920000000000073e+04 1.332565108188052232e-02
1.878250000000000000e+04 1.349564649969010356e-02
1.878579999999999927e+04 1.369328623159647880e-02
1.878909999999999854e+04 1.392854757258308630e-02
1.879240000000000146e+04 1.414296369357193398e-02
1.879570000000000073e+04 1.436718752978756800e-02
1.879900000000000000e+04 1.462698456399228603e-02
1.880229999999999927e+04 1.492847487654911168e-02
1.880559999999999854e+04 1.518597697741675377e-02
1.880890000000000146e+04 1.539556722747885582e-02
1.881220000000000073e+04 1.564190826127010922e-02
1.881550000000000000e+04 1.596091758854311857e-02
1.881879999999999927e+04 1.628973119793838270e-02
1.882209999999999854e+04 1.661824716420991915e-02
1.882540000000000146e+04 1.695500450591807054e-02
1.882870000000000073e+04 1.722203886542615636e-02
1.883200000000000000e+04 1.750151364843979124e-02
1.883529999999999927e+04 1.781789525898616264e-02
1.883859999999999854e+04 1.813390071446987703e-02
1.884179999999999927e+04 1.838876030995972161e-02
1.884509999999999854e+04 1.865664777778647948e-02
1.884840000000000146e+04 1.884443461749023274e-02
1.885170000000000073e+04 1.905743356842431666e-02
1.885500000000000000e+04 1.936846532675912114e-02
1.885829999999999927e+04 1.953945759554632719e-02
1.886159999999999854e+04 1.976384131070649947e-02
1.886490000000000146e+04 2.017636174896292323e-02
1.886820000000000073e+04 2.060957012752473450e-02
1.887150000000000000e+04 2.094002668866949343e-02
1.887479999999999927e+04 2.108220568679319840e-02
1.887809999999999854e+04 2.142744422902470233e-02
1.888140000000000146e+04 2.182224834045139519e-02
1.888470000000000073e+04 2.219389833861272476e-02
1.888800000000000000e+04 2.255441734019305450e-02
1.889129999999999927e+04 2.290733972222024420e-02
1.889459999999999854e+04 2.331913833217324691e-02
1.889790000000000146e+04 2.372061912510441128e-02
1.890120000000000073e+04 2.411402727047200212e-02
1.890440000000000146e+04 2.447599279684979992e-02
1.890770000000000073e+04 2.492774787090666633e-02
1.891100000000000000e+04 2.535076949328454385e-02
1.891429999999999927e+04 2.582034989072555520e-02
1.891759999999999854e+04 2.626208162061408405e-02
1.892090000000000146e+04 2.671005602733978260e-02
1.892420000000000073e+04 2.711146595485854419e-02
1.892750000000000000e+04 2.750102420674469320e-02
1.893079999999999927e+04 2.793940040973471456e-02
1.893409999999999854e+04 2.836076445358330297e-02
1.893740000000000146e+04 2.874917525420147071e-02
1.894070000000000073e+04 2.906689052001677417e-02
1.894400000000000000e+04 2.945961785969039917e-02
1.894729999999999927e+04 2.977972259281036482e-02
1.895059999999999854e+04 3.009372928775965253e-02
1.895390000000000146e+04 3.041219444761028221e-02
1.895720000000000073e+04 3.069194831918899483e-02
1.896050000000000000e+04 3.098089546984327328e-02
1.896379999999999927e+04 3.124558861525075781e-02
1.896709999999999854e+04 3.149196793471328165e-02
1.897029999999999927e+04 3.169814032189777198e-02
1.897359999999999854e+04 3.190034669198747036e-02
1.897690000000000146e+04 3.215776613002989393e-02
1.898020000000000073e+04 3.236554916054716624e-02
1.898350000000000000e+04 3.257439165413195115e-02
1.898679999999999927e+04 3.280143738158940170e-02
1.899009999999999854e+04 3.299970400531593295e-02
1.899340000000000146e+04 3.319887194254560192e-02
1.899670000000000073e+04 3.337553929259300112e-02
1.900000000000000000e+04 3.356650008358834369e-02
1.900329999999999927e+04 3.373852856997800603e-02
1.900659999999999854e+04 3.392257228568971994e-02
1.900990000000000146e+04 3.404950783090240213e-02
1.901320000000000073e+04 3.416360343286347495e-02
1.901650000000000000e+04 3.427539724937074539e-02
1.901979999999999927e+04 3.439469248944252572e-02
1.902309999999999854e+04 3.452358173829241789e-02
1.902640000000000146e+04 3.466982158526607516e-02
1.902970000000000073e+04 3.474871328242252339e-02
1.903290000000000146e+04 3.482832876657360882e-02
1.903620000000000073e+04 3.489517359062788843e-02
1.903950000000000000e+04 3.495826633257992366e-02
1.904279999999999927e+04 3.502501101091331365e-02
1.904609999999999854e+04 3.506157657097369595e-02
1.904940000000000146e+04 3.510168658429646538e-02
1.905270000000000073e+04 3.517939460301437032e-02
1.905600000000000000e+04 3.522688572790651923e-02
1.905929999999999927e+04 3.527476544353438243e-02
1.906259999999999854e+04 3.528135565831716502e-02
1.906590000000000146e+04 3.529634732739102970e-02
1.906920000000000073e+04 3.530324352050765585e-02
1.907250000000000000e+04 3.528424365622782888e-02
1.907579999999999927e+04 3.524774822233747024e-02
1.907909999999999854e+04 3.521507371510637641e-02
1.908240000000000146e+04 3.520039646634498531e-02
1.908570000000000073e+04 3.513672322111728585e-02
1.908900000000000000e+04 3.506133129976684443e-02
1.909229999999999927e+04 3.498008886991343241e-02
1.909559999999999854e+04 3.488915424580240482e-02
1.909879999999999927e+04 3.483716329473483808e-02
1.910209999999999854e+04 3.472337730600481148e-02
1.910540000000000146e+04 3.464368067256595046e-02
1.910870000000000073e+04 3.456995159274356411e-02
1.911200000000000000e+04 3.449471845081155535e-02
1.911529999999999927e+04 3.441846646231887241e-02
1.911859999999999854e+04 3.424314646054606864e-02
1.912190000000000146e+04 3.409994235325990164e-02
1.912520000000000073e+04 3.391315181722814182e-02
1.912850000000000000e+04 3.373105052450277308e-02
1.913179999999999927e+04 3.357473599363750699e-02
1.913509999999999854e+04 3.342398576668298427e-02
1.913840000000000146e+04 3.325569393458237266e-02
1.914170000000000073e+04 3.305175867348212476e-02
1.914500000000000000e+04 3.285706733822334191e-02
1.914829999999999927e+04 3.262828670071991205e-02
1.915159999999999854e+04 3.241801221699747854e-02
1.915490000000000146e+04 3.221926683723591589e-02
1.915820000000000073e+04 3.200935951967411042e-02
1.916140000000000146e+04 3.182348009096079566e-02
1.916470000000000073e+04 3.158661594647255849e-02
1.916800000000000000e+04 3.134714225283617012e-02
1.917129999999999927e+04 3.108709250981145714e-02
1.917459999999999854e+04 3.084562569527586270e-02
1.917790000000000146e+04 3.061728606614871895e-02
1.918120000000000073e+04 3.039660951777753764e-02
1.918450000000000000e+04 3.012881745137688597e-02
1.918779999999999927e+04 2.986438836949523515e-02
1.919109999999999854e+04 2.959706350057627819e-02
1.919440000000000146e+04 2.933931739099625985e-02
1.919770000000000073e+04 2.905669834244229213e-02
1.920100000000000000e+04 2.878918416797820665e-02
1.920429999999999927e+04 2.852162399756420774e-02
1.920759999999999854e+04 2.823504541673325235e-02
1.921090000000000146e+04 2.796103623330398885e-02
1.921420000000000073e+04 2.766411314336499408e-02
1.921750000000000000e+04 2.734581398666874330e-02
1.922079999999999927e+04 2.705269646294176933e-02
1.922409999999999854e+04 2.675312443153234424e-02
1.922729999999999927e+04 2.644927039152552423e-02
1.923059999999999854e+04 2.613987043828326987e-02
1.923390000000000146e+04 2.583024225861734260e-02
1.923720000000000073e+04 2.552028221201540700e-02
1.924050000000000000e+04 2.520575311699040089e-02
1.924379999999999927e+04 2.488838912708480483e-02
1.924709999999999854e+04 2.456445308606278535e-02
1.925040000000000146e+04 2.424007464400107156e-02
1.925370000000000073e+04 2.389372028773065204e-02
1.925700000000000000e+04 2.360007471936393167e-02
1.926029999999999927e+04 2.327542524082959127e-02
1.926359999999999854e+04 2.293751339477155538e-02
1.926690000000000146e+04 2.262562462438844416e-02
1.927020000000000073e+04 2.228515505990377038e-02
1.927350000000000000e+04 2.196933814938800342e-02
1.927679999999999927e+04 2.163375271894807036e-02
1.928009999999999854e+04 2.128052538381640379e-02
1.928340000000000146e+04 2.096671019424295457e-02
1.928670000000000073e+04 2.062976921578413281e-02
1.929000000000000000e+04 2.029920101352781017e-02
1.929320000000000073e+04 1.998099515974731746e-02
1.929650000000000000e+04 1.965566004129786284e-02
1.929979999999999927e+04 1.932675013615198570e-02
1.930309999999999854e+04 1.902014329674692888e-02
1.930640000000000146e+04 1.871152943067505223e-02
1.930970000000000073e+04 1.839623221111023194e-02
1.931300000000000000e+04 1.810564496826680761e-02
1.931629999999999927e+04 1.777554733388059596e-02
1.931959999999999854e+04 1.744744000694230940e-02
1.932290000000000146e+04 1.710832610655083422e-02
1.932620000000000073e+04 1.677955447237678560e-02
1.932950000000000000e+04 1.644293750149865285e-02
1.933279999999999927e+04 1.611990727970195186e-02
1.933609999999999854e+04 1.583246843881133334e-02
1.933940000000000146e+04 1.553963668967639662e-02
1.934270000000000073e+04 1.523965201322973612e-02
1.934600000000000000e+04 1.491953631306595050e-02
1.934929999999999927e+04 1.461249646753089680e-02
1.935259999999999854e+04 1.429572196872893469e-02
1.935579999999999927e+04 1.398279716397698297e-02
1.935909999999999854e+04 1.366578886212736592e-02
1.936240000000000146e+04 1.336229973665053680e-02
1.936570000000000073e+04 1.306327978136845661e-02
1.936900000000000000e+04 1.277087876936540585e-02
1.937229999999999927e+04 1.247782152851634879e-02
1.937559999999999854e+04 1.217421064643667110e-02
1.937890000000000146e+04 1.189483075216532688e-02
1.938220000000000073e+04 1.161120800673147609e-02
1.938550000000000000e+04 1.131445959034262615e-02
1.938879999999999927e+04 1.100888751312855372e-02
1.939209999999999854e+04 1.072158961468638698e-02
1.939540000000000146e+04 1.044226577066660958e-02
1.939870000000000073e+04 1.016040102797938563e-02
1.940200000000000000e+04 9.897703993054490085e-03
1.940529999999999927e+04 9.634561702778302386e-03
1.940859999999999854e+04 9.371254142833466277e-03
1.941190000000000146e+04 9.095902291858139546e-03
1.941520000000000073e+04 8.839626555974304523e-03
1.941850000000000000e+04 8.584790058194933376e-03
1.942170000000000073e+04 8.298041607184478835e-03
1.942500000000000000e+04 8.025586839798063907e-03
1.942829999999999927e+04 7.762599252626001950e-03
1.943159999999999854e+04 7.500175917143876020e-03
1.943490000000000146e+04 7.232844909831801471e-03
1.943820000000000073e+04 6.952937020115554367e-03
1.944150000000000000e+04 6.692376086450761360e-03
1.944479999999999927e+04 6.454166300359968564e-03
1.944809999999999854e+04 6.218390972217890250e-03
1.945140000000000146e+04 5.985575721165563821e-03
1.945470000000000073e+04 5.761105028906958296e-03
1.945800000000000000e+04 5.521177450284375267e-03
1.946129999999999927e+04 5.262310322272476144e-03
1.946459999999999854e+04 5.026889208400490104e-03
1.946790000000000146e+04 4.770274098270133045e-03
1.947120000000000073e+04 4.534674159800376747e-03
1.947450000000000000e+04 4.299870135507868722e-03
1.947779999999999927e+04 4.061065913306217100e-03
1.948109999999999854e+04 3.832190968178093328e-03
1.948429999999999927e+04 3.609745920646270298e-03
1.948759999999999854e+04 3.398837947264697710e-03
1.949090000000000146e+04 3.186196916122232842e-03
1.949420000000000073e+04 2.978573395180201047e-03
1.949750000000000000e+04 2.766110820002090111e-03
1.950079999999999927e+04 2.526737251860899577e-03
1.950409999999999854e+04 2.305157192774276529e-03
1.950740000000000146e+04 2.095073686389555684e-03
1.951070000000000073e+04 1.884217163133763756e-03
1.951400000000000000e+04 1.694017990402215887e-03
1.951729999999999927e+04 1.498234502403973439e-03
1.952059999999999854e+04 1.281541833016925811e-03
1.952390000000000146e+04 1.086905772822198369e-03
1.952720000000000073e+04 8.964924559450677607e-04
1.953050000000000000e+04 7.068374644411022038e-04
1.953379999999999927e+04 5.134779967526075656e-04
1.953709999999999854e+04 3.133261983435887878e-04
1.954040000000000146e+04 1.519875978056819303e-04
1.954370000000000073e+04 -1.870970698634940397e-05
1.954700000000000000e+04 -1.817125289534252477e-04
1.955020000000000073e+04 -3.728032168664574650e-04
1.955350000000000000e+04 -5.203048921780157893e-04
1.955679999999999927e+04 -6.718887229008417691e-04
1.956009999999999854e+04 -8.214830126283860978e-04
1.956340000000000146e+04 -9.700899416581843047e-04
1.956670000000000073e+04 -1.123923733763970570e-03
1.957000000000000000e+04 -1.262179329539696738e-03
1.957329999999999927e+04 -1.403891856834899900e-03
1.957659999999999854e+04 -1.526947757728284484e-03
1.957990000000000146e+04 -1.654610487104379770e-03
1.958320000000000073e+04 -1.795705349847303558e-03
1.958650000000000000e+04 -1.948993471798650488e-03
1.958979999999999927e+04 -2.066480301052219491e-03
1.959309999999999854e+04 -2.185374802687792013e-03
1.959640000000000146e+04 -2.294642320248400664e-03
1.959970000000000073e+04 -2.405118955672878433e-03
1.960300000000000000e+04 -2.527041978888281467e-03
1.960629999999999927e+04 -2.673537084023074224e-03
1.960959999999999854e+04 -2.796991574484429619e-03
1.961290000000000146e+04 -2.939621647473637973e-03
1.961609999999999854e+04 -3.062623559149404723e-03
1.961940000000000146e+04 -3.172691026170700642e-03
1.962270000000000073e+04 -3.307249805650068746e-03
1.962600000000000000e+04 -3.420209649156633405e-03
1.962929999999999927e+04 -3.524199702860011506e-03
1.963259999999999854e+04 -3.607186136989756851e-03
1.963590000000000146e+04 -3.691172631860768511e-03
1.963920000000000073e+04 -3.816785082833400785e-03
1.964250000000000000e+04 -3.902871711003608451e-03
1.964579999999999927e+04 -4.023385056900209353e-03
1.964909999999999854e+04 -4.165687387128880551e-03
1.965240000000000146e+04 -4.283530849585375812e-03
1.965570000000000073e+04 -4.396093331223159366e-03
1.965900000000000000e+04 -4.478692334902094167e-03
1.966229999999999927e+04 -4.530398754713360968e-03
1.966559999999999854e+04 -4.582416775937272514e-03
1.966890000000000146e+04 -4.673124148426140156e-03
1.967220000000000073e+04 -4.784949835970486558e-03
1.967550000000000000e+04 -4.862717886227928624e-03
1.967870000000000073e+04 -4.969243183805120354e-03
1.968200000000000000e+04 -5.027171166380620636e-03
1.968529999999999927e+04 -5.080706212114878551e-03
1.968859999999999854e+04 -5.130604953598256329e-03
1.969190000000000146e+04 -5.164003298770875570e-03
1.969520000000000073e+04 -5.221948835641892182e-03
1.969850000000000000e+04 -5.268078795064681449e-03
1.970179999999999927e+04 -5.306618279137939251e-03
1.970509999999999854e+04 -5.414984838498664022e-03
1.970840000000000146e+04 -5.532357793587343309e-03
1.971170000000000073e+04 -5.632556709122156328e-03
1.971500000000000000e+04 -5.673062167292654973e-03
1.971829999999999927e+04 -5.771827424609704375e-03
1.972159999999999854e+04 -5.796069109078658479e-03
1.972490000000000146e+04 -5.839445490451305835e-03
1.972820000000000073e+04 -5.919653833354208104e-03
1.973150000000000000e+04 -6.008312845389314136e-03
1.973479999999999927e+04 -6.075532938397157530e-03
1.973809999999999854e+04 -6.150321804164979658e-03
1.974140000000000146e+04 -6.239146257580078028e-03
1.974459999999999854e+04 -6.342254240165462464e-03
1.974790000000000146e+04 -6.381977718463041280e-03
1.975120000000000073e+04 -6.397641921127517929e-03
1.975450000000000000e+04 -6.449730815582688064e-03
1.975779999999999927e+04 -6.485405361726076685e-03
1.976109999999999854e+04 -6.568797266883757632e-03
1.976440000000000146e+04 -6.644330031174611878e-03
1.976770000000000073e+04 -6.715912230366267825e-03
1.977100000000000000e+04 -6.770255837641541395e-03
1.977429999999999927e+04 -6.812357325171378326e-03
1.977759999999999854e+04 -6.863492819436014386e-03
1.978090000000000146e+04 -6.914871125953641132e-03
1.978420000000000073e+04 -6.981770845316849494e-03
1.978750000000000000e+04 -6.988941966562611449e-03
1.979079999999999927e+04 -7.042489206626735554e-03
1.979409999999999854e+04 -7.066243558771772605e-03
1.979740000000000146e+04 -7.105573614948046922e-03
1.980070000000000073e+04 -7.159867944866281017e-03
1.980400000000000000e+04 -7.168856359473305649e-03
1.980720000000000073e+04 -7.214299527795193373e-03
1.981050000000000000e+04 -7.221517728200494042e-03
1.981379999999999927e+04 -7.201116120204742455e-03
1.981709999999999854e+04 -7.228741474652321253e-03
1.982040000000000146e+04 -7.229902535408149963e-03
1.982370000000000073e+04 -7.238220466900219946e-03
1.982700000000000000e+04 -7.274900646429586018e-03
1.983029999999999927e+04 -7.315257960335664646e-03
1.983359999999999854e+04 -7.312889380832671322e-03
1.983690000000000146e+04 -7.309166457227506478e-03
1.984020000000000073e+04 -7.311734695865518274e-03
1.984350000000000000e+04 -7.334067006312223851e-03
1.984679999999999927e+04 -7.350831036904207499e-03
1.985009999999999854e+04 -7.370925962742812948e-03
1.985340000000000146e+04 -7.405012018459731019e-03
1.985670000000000073e+04 -7.470654586883114338e-03
1.986000000000000000e+04 -7.509936523056031689e-03
1.986329999999999927e+04 -7.564817437845272781e-03
1.986659999999999854e+04 -7.591063898350423889e-03
1.986990000000000146e+04 -7.585700776683553317e-03
1.987309999999999854e+04 -7.563604613445597952e-03
1.987640000000000146e+04 -7.552737028596373872e-03
1.987970000000000073e+04 -7.573975500484751017e-03
1.988300000000000000e+04 -7.563328581428388313e-03
1.988629999999999927e+04 -7.635080573529940372e-03
1.988959999999999854e+04 -7.713038852353974045e-03
1.989290000000000146e+04 -7.709742744403524396e-03
1.989620000000000073e+04 -7.684167294201441414e-03
1.989950000000000000e+04 -7.684874818988078268e-03
1.990279999999999927e+04 -7.674918918544328464e-03
1.990609999999999854e+04 -7.676918996684560861e-03
1.990940000000000146e+04 -7.650345123169110563e-03
1.991270000000000073e+04 -7.667612620856934305e-03
1.991600000000000000e+04 -7.673703953359773539e-03
1.991929999999999927e+04 -7.682172280474188278e-03
1.992259999999999854e+04 -7.694227236554123175e-03
1.992590000000000146e+04 -7.681158515588918344e-03
