1.508185428953654, 0.012788439621434833
1.530097850497393, 0.012856517047589833
1.5520102720411317, 0.01292459447374572
1.5739226935848705, 0.01299267189990072
1.5958351151286094, 0.01306074932605572
1.6177475366723482, 0.013128826752211609
1.639659958216087, 0.013196904178366609
1.6615723797598259, 0.013264981604521608
1.6834848013035644, 0.013333059030677497
1.7053972228473033, 0.013401136456832496
1.727309644391042, 0.013469213882987496
1.7492197021352616, 0.016154490136892186
1.7711344874785198, 0.013605368735298384
1.7930469090222585, 0.013673446161453384
1.8149593305659972, 0.013741523587609272
1.8368717521097362, 0.013809601013764272
1.858784173653475, 0.013877678439919272
1.8806965951972137, 0.01394575586607516
1.9026090167409526, 0.01401383329223016
1.9245214382846914, 0.01408191071838516
1.94643385982843, 0.014149988144541048
1.968346281372169, 0.014218065570696048
1.990253975316869, 0.019520540652347762
2.0121711244596465, 0.014354220423006936
2.0340835460033855, 0.014422297849161936
2.0559959675471244, 0.014490375275317824
2.077908389090863, 0.014558452701472824
2.0998208106346015, 0.014626530127627824
2.1217332321783404, 0.014694607553783712
2.1436456537220794, 0.014762684979938712
2.1655580752658183, 0.014830762406093712
2.187470496809557, 0.0148988398322496
2.209382918353296, 0.0149669172584046
2.231292976097515, 0.0176521935123084
2.2550284780205, 0.02099744259199543
2.2750823621922036, 0.05704633078084509
2.2714681127272223, 0.015159803299177987
2.284133350551532, 0.14475085710464786
2.2823510457139937, 0.09632700567245589
2.2909042178945613, 0.33085525160917495
2.2894991754603007, 0.2690848207792351
2.289541723851648, 0.2219752418797638
2.282261221332261, 0.19578056112689524
2.2966851259989163, 0.39996745464203975
2.3056912021673788, 0.5373987586930618
2.303913624928879, 0.48374050960537307
2.3039514457211876, 0.44186532836139936
2.3124989447829094, 0.6826748514847134
2.311094847868456, 0.6198575411236753
2.311126759161966, 0.5845253569490723
2.3040318149048433, 0.35288056821795344
2.3040672718976323, 0.31362258580172764
2.319624382053831, 0.880557775337877
2.3182193396195703, 0.8187873445079381
2.3182618880109174, 0.7716777656084677
2.318292617404668, 0.7376541808477377
2.3272277795875516, 0.9536014497312113
2.3326574270833413, 1.0072710450565925
2.332780344658344, 0.8711767060136761
2.347237342518269, 1.0387228159403437
2.347296437506251, 0.9732928452466334
2.3570187449290554, 0.9916434936747196
2.3728680207058375, 0.9655206724272363
2.376562639354474, 0.9184224397654583
2.3765980963472635, 0.8791644573492317
2.39124892576777, 0.8321002634005312
2.391199285977865, 0.8870614387832472
2.4058944366393575, 0.790924766814264
2.420545266059864, 0.7438605728655627
2.4366608238524927, 0.6924825393461544
2.4553126203393347, 0.6634894981703789
2.4663042881039936, 0.6242655544672315
2.486404857316203, 0.6086247658080497
2.5065089722276914, 0.589058178907246
2.52296219878165, 0.5681716463548758
2.5448817117239466, 0.5603881272977853
2.5667964970672044, 0.5578390058961924
2.5887089186109433, 0.5579070833223474
2.6106213401546823, 0.5579751607485024
2.6325337616984212, 0.5580432381746583
2.6544367280440824, 0.5685801109118076
2.6763408762895042, 0.5778083842350812
2.6982426607354064, 0.5896538563861053
2.72013735378275, 0.6093509250203732
2.742029683030575, 0.63166519248239
2.763928867297006, 0.6463895833439368
2.7858129232465134, 0.6778640467030721
2.80916064385836, 0.7062024099639865
2.8295895448237975, 0.7313910576414502
2.8529259191979515, 0.7722919752755582
2.844190734454399, 0.7392880390754648
2.873349147044543, 0.8037619001396159
2.8952369850732813, 0.8310488453743545
2.9185780870464733, 0.8667153653529658
2.9098429023029215, 0.8337114291528733
2.939005096972296, 0.893997772092626
2.9594358889773495, 0.9170926607078904
2.9827743907710706, 0.9556380993970244
3.0032125105546337, 0.9706196716462685
3.028386266295125, 0.9989637080260296
3.048458469913103, 1.014729305299829
3.068537764929639, 1.0226433060903837
3.092269130203465, 1.03056865311863
3.1141673689500884, 1.0463399235112751
3.1346161258314886, 1.0495441010356519
3.15797802924045, 1.062179271330077
3.179890450784189, 1.062247348756232
3.201802872327928, 1.062315426182388
3.2251761219745827, 1.0623880421036196
3.245627715415406, 1.062451581034698
3.2657070104319414, 1.0703655818252518
3.2894383757057675, 1.078290928853499
3.3113507972495064, 1.078359006279654
3.331799554130906, 1.0815631838040298
3.355161457539868, 1.094198354098455
3.378534707186523, 1.0942709700196875
3.3989777909490764, 1.103756424730661
3.41942087471163, 1.1132418794416328
3.4427792324213122, 1.129802847977679
3.4661418449701307, 1.1416528586237797
3.4884052907424827, 1.157425263640195
3.509938322463377, 1.173195399409071
3.530366277909007, 1.1994309266176337
3.5522654621754377, 1.2141553174791797
3.5741544821039355, 1.2401336633000444
3.5960385380534436, 1.2716081266591805
3.617931812821076, 1.2928755145900972
3.6416397764796606, 1.3267111300130532
3.6617037067993214, 1.351636923183972
3.6835830351497902, 1.3883457841986049
3.705462363500259, 1.4250546452132378
3.727341691850728, 1.4617635062278698
3.749216292602158, 1.5037067648979994
3.77108616575455, 1.5508844212236266
3.7944126121707233, 1.6027775739342767
3.785687355385151, 1.558781402657642
3.8148259120593337, 1.6452397338748792
3.835239211947944, 1.6877018938154809
3.8527195093930295, 1.742717531139121
3.8731325729016888, 1.7854414109624992
3.896445072900698, 1.8527760367568646
3.887718397835415, 1.8103501847768797
3.9183007632559734, 1.9156568860489815
3.9095740881906904, 1.8732310340689957
3.9387002349173965, 1.973429659131912
3.931429778545967, 1.9361118833611122
3.9547236045287733, 2.0241223798946906
3.9751163393615663, 2.089354169636704
3.9678582929376134, 2.0382961000202253
3.9896802991497387, 2.138472032607756
3.9897281660900044, 2.085473756345851
4.00425135033647, 2.179738299095564
4.018815310124642, 2.228856162066616
4.034832297477317, 2.2866153196643157
4.033411181206326, 2.2426418408630657
4.047932592603151, 2.3388692827335893
4.063946743396403, 2.3997690789245865
4.0843221043027285, 2.4842372800505506
4.079509999431352, 2.420755080160729
4.0988949283390985, 2.523540647417547
4.114919716230188, 2.572663048883676
4.120711025052427, 2.630259577074449
4.136744204431809, 2.6700909227020717
4.135328761279663, 2.619836166714226
4.149834217029734, 2.733729700672051
4.165861486910317, 2.7801040433690445
4.164446043758171, 2.7298492873811986
4.1804130367510135, 2.842962200185776
4.178997593598869, 2.79270744419793
4.194970259710557, 2.899539079815912
4.1935633262366805, 2.8398624080481714
4.208061690588193, 2.9616075384892415
4.224087542189065, 3.0095522004828847
4.237171881668144, 3.07947225563946
4.237217975758769, 3.028436878498366
4.251744705704514, 3.118775623006456
4.260832332956391, 3.1659135675001586
4.273572030465558, 3.2130628582315532
4.288130671704812, 3.26806941856504
4.288176765795439, 3.2170340414239464
4.302699950041903, 3.3112985841736586
4.317267455529355, 3.3564906489030886
4.331833188167168, 3.40364561275333
4.347855139498833, 3.455908652812757
4.366806193004816, 3.4999365935549314
4.384290745289037, 3.5502412729886252
4.406164873280563, 3.5927079714243044
4.397433943376146, 3.5549930773342653
4.428416263675366, 3.6218280904622357
4.448476411915797, 3.650941401757552
4.470368977543574, 3.672993949336794
4.4937422271902285, 3.6730665652580266
4.5123677855024065, 3.6731244310702587
4.536116879272627, 3.6614207868903925
4.556220994184115, 3.6418541999895884
4.572678948337112, 3.615733269781721
4.592787790847639, 3.59093228522542
4.603779458612298, 3.551708341522272
4.62206108409442, 3.528210283260999
4.633058070407997, 3.483097642195417
4.653156866770567, 3.4694197526570467
4.653192323763356, 3.430161770240821
4.675126019502769, 3.4066750582172407
4.675161476495558, 3.367417075801015
4.693436010579123, 3.3517706140229877
4.697123537829202, 3.3125239778444544
4.71176550300151, 3.2752742794998095
4.726414559572378, 3.2301729846719205
4.741068934692163, 3.179182992481597
4.755721536962309, 3.130155899412084
4.770374139232454, 3.0811288063425724
4.785030287201879, 3.0281759150314373
4.799675798073467, 2.9870004184451706
4.814333718892531, 2.9320846280132247
4.8275315207485345, 2.876379139437877
4.843649560530659, 2.8222530471493323
4.858300389951165, 2.775188853200632
4.872954765070951, 2.7241988610103083
4.887609140190736, 2.673208868819985
4.9022652881601605, 2.62025597750885
4.916910799031749, 2.5790804809225834
4.931566947001174, 2.5261275896114483
4.946212457872761, 2.484952093025181
4.960870378691825, 2.430036302593235
4.975519435262692, 2.3849350077653457
4.987726686930141, 2.3476777452622395
