2.499447651116680208e+04 2.219968389972865608e-01
2.496068188059170279e+04 2.218956655415764700e-01
2.492696790545949989e+04 2.216952036169691775e-01
2.489333458577020065e+04 2.213994642487150111e-01
2.485978192152379779e+04 2.210138366462137127e-01
2.482630991272029860e+04 2.205457420771530230e-01
2.479291855935969943e+04 2.200039229566794763e-01
2.475968851688490031e+04 2.193974728869945712e-01
2.472645847441010119e+04 2.187368030914439432e-01
2.469338974282109848e+04 2.180324549257141031e-01
2.466032101123209941e+04 2.172951054807352178e-01
2.462741359052890039e+04 2.165354685688544722e-01
2.459458682526859775e+04 2.157628623366816267e-01
2.456184071545119878e+04 2.149872802083164502e-01
2.452917526107669983e+04 2.142166899785612477e-01
2.449659046214509726e+04 2.134582159056939987e-01
2.446416697409930202e+04 2.127183103736205450e-01
2.443174348605349951e+04 2.120021615332745024e-01
2.439940065345060066e+04 2.113136729333564556e-01
2.436721913173349822e+04 2.106551330037306213e-01
2.433503761001639941e+04 2.100280245872375162e-01
2.430301739918509702e+04 2.094324447822985547e-01
2.427099718835379826e+04 2.088676523414653152e-01
2.423913828840829956e+04 2.083320420070388368e-01
2.420736004390569724e+04 2.078231611129826018e-01
2.417558179940310220e+04 2.073377990839754270e-01
2.414396486578629992e+04 2.068723410514853589e-01
2.411242858761239768e+04 2.064223616197747024e-01
2.408097296488140273e+04 2.059835265828830198e-01
2.404951734215040051e+04 2.055515272652013448e-01
2.401822303030519834e+04 2.051219253806659260e-01
2.398700937390289982e+04 2.046907491331749207e-01
2.395587637294349770e+04 2.042542591123896190e-01
2.392482402742699924e+04 2.038098573282704218e-01
2.389385233735340080e+04 2.033553394386135860e-01
2.386296130272269875e+04 2.028898621537406632e-01
2.383207026809200033e+04 2.024127448979897714e-01
2.380134054434709833e+04 2.019257472518349028e-01
2.377069147604509999e+04 2.014306381887003006e-01
2.374012306318599803e+04 2.009303499653757596e-01
2.370963530576979974e+04 2.004297274577817589e-01
2.367922820379649784e+04 1.999331742908849741e-01
2.364882110182319957e+04 1.994463814636007193e-01
2.361857531073569771e+04 1.989758164110879690e-01
2.358841017509109952e+04 1.985275901989990988e-01
2.355824503944650132e+04 1.981079146039866068e-01
2.352824121468769590e+04 1.977231222897711249e-01
2.349823738992889776e+04 1.973785140523040549e-01
2.346839487605589966e+04 1.970791876238943974e-01
2.343855236218290156e+04 1.968292503130670557e-01
2.340887115919569987e+04 1.966317052273354182e-01
2.337918995620849819e+04 1.964888818699968287e-01
2.334958940866420016e+04 1.964021022888755297e-01
2.332015017200569855e+04 1.963712914673680643e-01
2.329071093534720058e+04 1.963961826260387511e-01
2.326135235413159899e+04 1.964755153497255713e-01
2.323207442835889742e+04 1.966070282325925178e-01
2.320287715802909952e+04 1.967885052270245128e-01
2.317367988769929798e+04 1.970173806361027458e-01
2.314464392825530012e+04 1.972913090417182935e-01
2.311568862425419866e+04 1.976073328139532070e-01
2.308673332025310083e+04 1.979633706952956540e-01
2.305793932713779941e+04 1.983571604462653348e-01
2.302914533402249799e+04 1.987867996057082753e-01
2.300043199635010023e+04 1.992508826868867322e-01
2.297179931412059886e+04 1.997481855790358973e-01
2.294324728733399752e+04 2.002779276495426641e-01
2.291477591599029984e+04 2.008394848264304644e-01
2.288638520008949854e+04 2.014317089097548696e-01
2.285799448418869724e+04 2.020535839341408013e-01
2.282976507917369963e+04 2.027050313353200017e-01
2.280153567415870202e+04 2.033840882859891952e-01
2.277338692458660080e+04 2.040897332167873612e-01
2.274539948590029962e+04 2.048203706338578567e-01
2.271741204721400209e+04 2.055738153352262565e-01
2.268942460852770091e+04 2.063481649310876243e-01
2.266159848072719979e+04 2.071406281149851258e-01
2.263385300836959868e+04 2.079486620575781708e-01
2.260610753601199758e+04 2.087696307293292197e-01
2.257844271909730014e+04 2.096007046361555992e-01
2.255085855762549909e+04 2.104394701123759870e-01
2.252335505159659806e+04 2.112832548920197395e-01
2.249593220101060069e+04 2.121297837582274415e-01
2.246850935042459969e+04 2.129771309899900211e-01
2.244124781072440237e+04 2.138238549953414835e-01
2.241398627102419778e+04 2.146688550978228249e-01
2.238680538676690048e+04 2.155110178155835998e-01
2.235970515795249958e+04 2.163497345105752090e-01
2.233268558458099869e+04 2.171849082758554317e-01
2.230566601120950145e+04 2.180166590760023171e-01
2.227872709328090059e+04 2.188451986538982319e-01
2.225194948623809978e+04 2.196709874676070207e-01
2.222509122375239895e+04 2.204943884758711614e-01
2.219839427215250180e+04 2.213161524215453146e-01
2.217177797599549740e+04 2.221366802973554766e-01
2.214516167983850028e+04 2.229565870189007815e-01
2.211862603912439954e+04 2.237762927567036320e-01
2.209217105385319883e+04 2.245960837781731390e-01
2.206579672402489814e+04 2.254159272870992492e-01
2.203942239419660109e+04 2.262358330038825027e-01
2.201320937525410045e+04 2.270559666357227502e-01
2.198699635631159617e+04 2.278759969734837076e-01
2.196078333736909917e+04 2.286958193501503200e-01
2.193473162931239858e+04 2.295150046325063475e-01
2.190867992125570163e+04 2.303328390658705427e-01
2.188278952408480109e+04 2.311492413658669531e-01
2.185689912691389691e+04 2.319637996605929675e-01
2.183100872974300000e+04 2.327760183804855609e-01
2.180527964345789951e+04 2.335855877285210047e-01
2.177955055717279902e+04 2.343923375556372923e-01
2.175390212633059855e+04 2.351960273141680546e-01
2.172833435093130174e+04 2.359962400512819192e-01
2.170276657553199766e+04 2.367929316903446268e-01
2.167727945557560088e+04 2.375862670615868366e-01
2.165187299106209684e+04 2.383754518966870739e-01
2.162654718199150011e+04 2.391607537761803737e-01
2.160122137292089974e+04 2.399417482754409026e-01
2.157605687473609942e+04 2.407183683418499254e-01
2.155081172110839907e+04 2.414897923646407429e-01
2.152572787836649877e+04 2.422556129865126584e-01
2.150064403562459847e+04 2.430157259020772620e-01
2.147572150376850186e+04 2.437687905257663046e-01
2.145071831646949795e+04 2.445145354832841955e-01
2.142587644005630136e+04 2.452517478558271513e-01
2.140103456364309750e+04 2.459796248394027218e-01
2.137627334267279730e+04 2.466974938708257903e-01
2.135159277714540076e+04 2.474042201124449503e-01
2.132691221161800058e+04 2.480991071546225224e-01
2.130231230153350043e+04 2.487814247849653715e-01
2.127779304689190030e+04 2.494505901743566401e-01
2.125335444769320020e+04 2.501064149255574076e-01
2.122891584849450010e+04 2.507483742549385664e-01
2.120455790473870002e+04 2.513765085294511481e-01
2.118028061642579996e+04 2.519909696982885472e-01
2.115600332811289991e+04 2.525920183634281502e-01
2.113180669524289988e+04 2.531800898925300469e-01
2.110769071781579987e+04 2.537557061522374702e-01
2.108357474038869987e+04 2.543196546451659823e-01
2.105953941840449988e+04 2.548724921699416779e-01
2.103558475186319993e+04 2.554150205308696187e-01
2.101171074076479999e+04 2.559477514769059603e-01
2.098783672966640006e+04 2.564713014517330802e-01
2.096404337401089651e+04 2.569861582752558382e-01
2.094025001835540024e+04 2.574924996402244148e-01
2.091653731814279672e+04 2.579906066963423283e-01
2.089290527337310050e+04 2.584803965254419689e-01
2.086935388404630066e+04 2.589618969553184602e-01
2.084580249471950083e+04 2.594344784264863146e-01
2.082225110539270099e+04 2.598979135381241368e-01
2.079886102695170121e+04 2.603518860786023792e-01
2.077547094851069778e+04 2.607956304768982991e-01
2.075216152551259802e+04 2.612288465878645494e-01
2.072885210251450189e+04 2.616513331040259960e-01
2.070570399040219854e+04 2.620626528636816888e-01
2.068247522284699880e+04 2.624628257670411635e-01
2.065940776617759911e+04 2.628519175794392648e-01
2.063634030950819943e+04 2.632300819117060486e-01
2.061327285283879974e+04 2.635977213325713664e-01
2.059036670705520010e+04 2.639553569494120788e-01
2.056746056127160045e+04 2.643037216064837991e-01
2.054455441548800081e+04 2.646432934778394364e-01
2.052180958059019758e+04 2.649748066792071421e-01
2.049906474569240163e+04 2.652989377501892565e-01
2.047631991079460204e+04 2.656162343031993056e-01
2.045365573133969883e+04 2.659271516458298623e-01
2.043107220732769929e+04 2.662318962444177872e-01
2.040848868331569975e+04 2.665305579943629266e-01
2.038598581474660023e+04 2.668232929442032053e-01
2.036356360162040073e+04 2.671098630846512889e-01
2.034114138849420124e+04 2.673900871461930007e-01
2.031879983081090177e+04 2.676635740337929281e-01
2.029653892857049868e+04 2.679301098997112773e-01
2.027427802633009924e+04 2.681894570312038373e-01
2.025201712408969979e+04 2.684413394827911969e-01
2.022991753273510039e+04 2.686858690458564514e-01
2.020781794138050100e+04 2.689233504428429344e-01
2.018571835002589796e+04 2.691540568363226527e-01
2.016369941411419859e+04 2.693787106347849680e-01
2.014176113364539924e+04 2.695982551687431950e-01
2.011982285317659989e+04 2.698137290833041990e-01
2.009796522815070057e+04 2.700264310536173995e-01
2.007618825856769763e+04 2.702376024593447501e-01
2.005441128898469833e+04 2.704486023618676849e-01
2.003271497484459906e+04 2.706606318259504596e-01
2.001101866070449978e+04 2.708749395633363588e-01
1.998940300200730053e+04 2.710923812228446250e-01
1.996778734331010128e+04 2.713136586961760743e-01
1.994625234005579841e+04 2.715391014795876523e-01
1.992479799224439921e+04 2.717686938256956841e-01
1.990334364443299637e+04 2.720022139099456671e-01
1.988196995206450083e+04 2.722390713793078620e-01
1.986059625969600165e+04 2.724781960775348177e-01
1.983930322277040250e+04 2.727183846102336773e-01
1.981809084128769973e+04 2.729583117358183597e-01
1.979687845980499696e+04 2.731962608886518429e-01
1.977574673376520150e+04 2.734306542571176002e-01
1.975461500772540239e+04 2.736599764127751189e-01
1.973356393712849967e+04 2.738827051346036656e-01
1.971251286653160059e+04 2.740973824487646926e-01
1.969154245137760154e+04 2.743029141536914572e-01
1.967057203622359884e+04 2.744983370449325943e-01
1.964968227651249617e+04 2.746827255446566696e-01
1.962887317224430080e+04 2.748559172847027110e-01
1.960806406797610180e+04 2.750175220454273983e-01
1.958733561915079918e+04 2.751678642725563506e-01
1.956660717032549655e+04 2.753070175443676493e-01
1.954595937694309760e+04 2.754355723190761718e-01
1.952531158356069864e+04 2.755540874846190147e-01
1.950474444562119970e+04 2.756634453448381095e-01
1.948417730768170077e+04 2.757643457690728273e-01
1.946369082518510186e+04 2.758578135589814240e-01
1.944328499813139933e+04 2.759444880506408682e-01
1.942287917107769681e+04 2.760253655977256693e-01
1.940247334402400156e+04 2.761012606308677064e-01
1.938214817241319906e+04 2.761728600443962289e-01
1.936190365624530023e+04 2.762409658696158288e-01
1.934165914007740139e+04 2.763060166840678455e-01
1.932149527935239894e+04 2.763687073639610747e-01
1.930133141862740013e+04 2.764293667144369637e-01
1.928124821334529770e+04 2.764884406356193924e-01
1.926116500806319891e+04 2.765462858292038750e-01
1.924116245822400015e+04 2.766033030872509513e-01
1.922115990838479775e+04 2.766596583809108889e-01
1.920123801398849901e+04 2.767155511928157119e-01
1.918131611959220027e+04 2.767713293595206459e-01
1.916147488063879791e+04 2.768272034755621669e-01
1.914171429712830286e+04 2.768832924473453860e-01
1.912195371361780053e+04 2.769398460423186381e-01
1.910219313010730184e+04 2.769971156217997943e-01
1.908251320203969954e+04 2.770551739646539557e-01
1.906283327397210087e+04 2.771142641239660032e-01
1.904323400134740223e+04 2.771746206462171735e-01
1.902371538416559997e+04 2.772360748689307042e-01
1.900419676698379772e+04 2.772988437419848795e-01
1.898467814980199910e+04 2.773628464663058235e-01
1.896524018806309687e+04 2.774282196478015106e-01
1.894588288176710194e+04 2.774948057853827144e-01
1.892644492002819970e+04 2.775623688058853067e-01
1.890716826917510116e+04 2.776308404941199015e-01
1.888789161832199898e+04 2.777000256388879040e-01
1.886861496746890043e+04 2.777694377696171002e-01
1.884941897205869827e+04 2.778390468901270061e-01
1.883030363209139978e+04 2.779083165934980726e-01
1.881118829212409764e+04 2.779770938610372499e-01
1.879207295215679915e+04 2.780450744107236249e-01
1.877303826763240068e+04 2.781119654467668623e-01
1.875400358310800220e+04 2.781775777186645260e-01
1.873504955402650012e+04 2.782418335003895016e-01
1.871609552494499803e+04 2.783045063325403357e-01
1.869722215130639961e+04 2.783656665919236328e-01
1.867834877766780119e+04 2.784254160096983344e-01
1.865955605947209915e+04 2.784838264376993111e-01
1.864084399671930078e+04 2.785410732574642445e-01
1.862205127852359874e+04 2.785974848841564211e-01
1.860333921577080037e+04 2.786533816722549517e-01
1.858470780846089838e+04 2.787089657113061003e-01
1.856607640115100003e+04 2.787647151508259591e-01
1.854752564928399806e+04 2.788208731260652939e-01
1.852897489741699974e+04 2.788778109693474949e-01
1.851042414554999777e+04 2.789357267718935995e-01
1.849195404912589947e+04 2.789948800913585325e-01
1.847356460814470120e+04 2.790553531665856957e-01
1.845517516716349928e+04 2.791172938023470107e-01
1.843678572618230100e+04 2.791807796618884785e-01
1.841847694064399911e+04 2.792458239363976857e-01
1.840016815510570086e+04 2.793124626579445713e-01
1.838194002501029900e+04 2.793805609390859757e-01
1.836371189491489713e+04 2.794501612381309341e-01
1.834556442026239893e+04 2.795211091614639431e-01
1.832741694560990072e+04 2.795934147299252159e-01
1.830935012640029890e+04 2.796668620015191342e-01
1.829128330719070073e+04 2.797412464448556513e-01
1.827321648798109891e+04 2.798166969226640322e-01
1.825523032421440075e+04 2.798929737284323038e-01
1.823724416044769896e+04 2.799697164461283916e-01
1.821933865212390083e+04 2.800467747005081498e-01
1.820143314380009906e+04 2.801238937192665479e-01
1.818360829091920095e+04 2.802006011119025364e-01
1.816578343803830285e+04 2.802765600223045550e-01
1.814803924060030113e+04 2.803513149359030399e-01
1.813029504316229941e+04 2.804243603736623625e-01
1.811255084572430133e+04 2.804951364377112344e-01
1.809488730372919963e+04 2.805632270905747405e-01
1.807722376173409793e+04 2.806280346476967558e-01
1.805964087518189990e+04 2.806892434204408815e-01
1.804205798862970187e+04 2.807463151321112904e-01
1.802455575752040022e+04 2.807991402655069524e-01
1.800705352641109857e+04 2.808475219997597638e-01
1.798955129530180056e+04 2.808916002273837975e-01
1.797212971963539894e+04 2.809313826248532320e-01
1.795478879941189734e+04 2.809671471884568339e-01
1.793736722374549936e+04 2.809993547012352710e-01
1.792002630352199776e+04 2.810286052806745261e-01
1.790276603874139983e+04 2.810554201483525527e-01
1.788550577396079825e+04 2.810804867155656805e-01
1.786824550918020032e+04 2.811043952236699228e-01
1.785106589984249877e+04 2.811279162638845586e-01
1.783396694594769724e+04 2.811516844860337816e-01
1.781678733660999933e+04 2.811760707689623939e-01
1.779968838271519780e+04 2.812015662622448509e-01
1.778267008426329994e+04 2.812283685637492758e-01
1.776565178581139844e+04 2.812564157939792531e-01
1.774863348735949694e+04 2.812857125719205875e-01
1.773169584435049910e+04 2.813158545369228158e-01
1.771475820134149762e+04 2.813465049780088378e-01
1.769782055833249979e+04 2.813771481693396748e-01
1.768096357076639833e+04 2.814069690267822499e-01
1.766418723864320054e+04 2.814352841398335969e-01
1.764733025107709909e+04 2.814613562061470953e-01
1.763063457439679769e+04 2.814844021141861274e-01
1.761385824227359990e+04 2.815038138416061098e-01
1.759716256559330213e+04 2.815187597990354007e-01
1.758046688891300073e+04 2.815289007658106080e-01
1.756385186767559935e+04 2.815340204900289578e-01
1.754723684643820161e+04 2.815336751143626137e-01
1.753070248064370026e+04 2.815278826027806658e-01
1.751416811484919890e+04 2.815165439029534422e-01
1.749763374905470118e+04 2.815000395023516400e-01
1.748118003870309985e+04 2.814784637606959627e-01
1.746472632835150216e+04 2.814521507334865613e-01
1.744827261799990083e+04 2.814212956315917391e-01
1.743189956309119952e+04 2.813864004209916669e-01
1.741560716362540188e+04 2.813475349481656673e-01
1.739923410871670058e+04 2.813048851901289171e-01
1.738294170925089929e+04 2.812586423550752501e-01
1.736672996522799804e+04 2.812088395438213095e-01
1.735051822120510042e+04 2.811554270980387571e-01
1.733430647718219916e+04 2.810982417657631460e-01
1.731809473315930154e+04 2.810370441174658840e-01
1.730196364457929667e+04 2.809716699035740839e-01
1.728591321144219910e+04 2.809018440278635009e-01
1.726978212286219787e+04 2.808272021934782314e-01
1.725373168972510030e+04 2.807474817809308965e-01
1.723776191203089911e+04 2.806625075269237879e-01
1.722179213433669793e+04 2.805720045335128865e-01
1.720582235664249674e+04 2.804759408850032165e-01
1.718993323439119922e+04 2.803741235806080923e-01
1.717404411213989806e+04 2.802664321216069565e-01
1.715815498988859690e+04 2.801530701288457714e-01
1.714234652308019940e+04 2.800338791442545938e-01
1.712653805627179827e+04 2.799089908083032818e-01
1.711072958946339713e+04 2.797784242464608773e-01
1.709500177809789966e+04 2.796421221525339229e-01
1.707927396673240219e+04 2.795001287944606783e-01
1.706362681080979746e+04 2.793522515584240251e-01
1.704797965488720001e+04 2.791983588506895542e-01
1.703233249896460256e+04 2.790383133526032622e-01
1.701668534304199784e+04 2.788717905706441513e-01
1.700111884256230042e+04 2.786985246626335622e-01
1.698563299752549938e+04 2.785183107825979221e-01
1.697006649704579831e+04 2.783307619616786077e-01
1.695458065200900091e+04 2.781355816675123993e-01
1.693917546241509990e+04 2.779324987785784518e-01
1.692377027282119889e+04 2.777211350746410790e-01
1.690836508322729787e+04 2.775015221353911987e-01
1.689295989363340050e+04 2.772735200637727049e-01
1.687763535948239951e+04 2.770371051628640058e-01
1.686231082533140216e+04 2.767922472281403312e-01
1.684706694662329755e+04 2.765389178346050469e-01
1.683182306791519659e+04 2.762774804621545566e-01
1.681657918920709926e+04 2.760080349544887235e-01
1.680141596594189832e+04 2.757307573979893567e-01
1.678617208723380099e+04 2.754460036975434067e-01
1.677108951941149644e+04 2.751540381017239523e-01
1.675592629614629914e+04 2.748553773699454750e-01
1.674084372832400186e+04 2.745502147644790503e-01
1.672584181594459733e+04 2.742390667982316232e-01
1.671075924812230005e+04 2.739225120151572157e-01
1.669575733574289916e+04 2.736009160213659919e-01
1.668083607880640193e+04 2.732750161696467783e-01
1.666583416642700104e+04 2.729456264126876031e-01
1.665091290949050017e+04 2.726136575376818527e-01
1.663607230799689933e+04 2.722800009254170983e-01
1.662115105106040210e+04 2.719459485561299128e-01
1.660631044956680125e+04 2.716128812572570772e-01
1.659155050351610043e+04 2.712822438480551601e-01
1.657670990202249959e+04 2.709557235938627739e-01
1.656194995597179877e+04 2.706350152289294653e-01
1.654727066536400162e+04 2.703221313485199007e-01
1.653259137475620082e+04 2.700191951078873553e-01
1.651791208414839639e+04 2.697280831131485535e-01
1.650323279354059923e+04 2.694510829942416419e-01
1.648863415837569846e+04 2.691903387539472670e-01
1.647403552321080133e+04 2.689478789921103674e-01
1.645943688804589692e+04 2.687259422976095991e-01
1.644491890832389981e+04 2.685263742906034423e-01
1.643040092860190271e+04 2.683509580303856668e-01
1.641588294887989832e+04 2.682014937001157562e-01
1.640136496915790121e+04 2.680794949658314441e-01
1.638692764487880049e+04 2.679862066062566606e-01
1.637257097604259798e+04 2.679228829963026803e-01
1.635813365176350089e+04 2.678901918298943752e-01
1.634377698292730020e+04 2.678888669075143447e-01
1.632942031409109950e+04 2.679191470066824010e-01
1.631514430069779883e+04 2.679810931509673533e-01
1.630086828730449815e+04 2.680746741832369384e-01
1.628659227391120112e+04 2.681994226033619921e-01
1.627239691596080047e+04 2.683546568088104878e-01
1.625812090256750162e+04 2.685393546526196884e-01
1.624400620005999735e+04 2.687525076999000007e-01
1.622981084210959852e+04 2.689926515573316523e-01
1.621569613960209790e+04 2.692582059027294195e-01
1.620158143709459910e+04 2.695474679192955136e-01
1.618746673458710029e+04 2.698585896176175503e-01
1.617343268752250151e+04 2.701894569050448114e-01
1.615939864045789909e+04 2.705378500836462252e-01
1.614536459339330031e+04 2.709016693796928443e-01
1.613141120177159792e+04 2.712785411330106977e-01
1.611745781014989916e+04 2.716662495777870112e-01
1.610350441852820040e+04 2.720625823765473461e-01
1.608963168234939985e+04 2.724651336122100864e-01
1.607567829072770110e+04 2.728718619941825074e-01
1.606188620999179875e+04 2.732806188092342103e-01
1.604801347381300002e+04 2.736894019580641269e-01
1.603422139307709949e+04 2.740963022374088842e-01
1.602042931234120078e+04 2.744996582566734400e-01
1.600663723160529844e+04 2.748977248331434531e-01
1.599292580631229976e+04 2.752890866830149941e-01
1.597921438101930107e+04 2.756723012255356542e-01
1.596550295572630057e+04 2.760460799788524433e-01
1.595187218587620009e+04 2.764091774276055680e-01
1.593816076058319959e+04 2.767604780565165457e-01
1.592461064617599914e+04 2.770989504732803699e-01
1.591097987632589866e+04 2.774235650391940755e-01
1.589742976191870002e+04 2.777332440883875098e-01
1.588387964751149957e+04 2.780271154130843914e-01
1.587032953310429912e+04 2.783041631000698901e-01
1.585686007413999869e+04 2.785633860747878665e-01
1.584339061517569826e+04 2.788039890944231103e-01
1.582992115621139965e+04 2.790248593390103893e-01
1.581645169724709922e+04 2.792252351928713461e-01
1.580306289372570063e+04 2.794043487946599180e-01
1.578967409020430023e+04 2.795614019252660731e-01
1.577628528668289982e+04 2.796959000782162086e-01
1.576297713860440126e+04 2.798072733915089039e-01
1.574966899052589906e+04 2.798950950099564072e-01
1.573636084244740050e+04 2.799592845330548530e-01
1.572313334981179833e+04 2.799997511457682497e-01
1.570982520173329976e+04 2.800168074163960630e-01
1.569659770909769941e+04 2.800107985510156827e-01
1.568345087190499908e+04 2.799819370706533861e-01
1.567022337926940054e+04 2.799310342460248902e-01
1.565707654207670021e+04 2.798588156126124438e-01
1.564401036032689990e+04 2.797659486303874510e-01
1.563086352313419957e+04 2.796533143585098746e-01
1.561779734138440108e+04 2.795216604508746761e-01
1.560473115963459895e+04 2.793719536097794554e-01
1.559166497788479865e+04 2.792048559384498474e-01
1.557867945157790018e+04 2.790211550541537022e-01
1.556569392527099990e+04 2.788216480247597273e-01
1.555270839896409962e+04 2.786068242911274306e-01
1.553972287265719933e+04 2.783772755867284232e-01
1.552681800179319907e+04 2.781336006982507714e-01
1.551391313092920063e+04 2.778763919907943913e-01
1.550100826006520037e+04 2.776061840245185874e-01
1.548810338920120012e+04 2.773237310270916245e-01
1.547527917378009988e+04 2.770297713415906249e-01
1.546245495835899965e+04 2.767253704302274353e-01
1.544971139838079944e+04 2.764114870715647654e-01
1.543688718295969920e+04 2.760895380012728384e-01
1.542414362298149899e+04 2.757611215927259218e-01
1.541140006300330060e+04 2.754280496982284276e-01
1.539865650302509857e+04 2.750923356437383616e-01
1.538599359848980021e+04 2.747561248479610807e-01
1.537333069395450002e+04 2.744220249183479954e-01
1.536066778941919983e+04 2.740925340422259993e-01
1.534808554032679967e+04 2.737706062178469901e-01
1.533542263579150131e+04 2.734591804844521135e-01
1.532284038669910115e+04 2.731612747136291652e-01
1.531033879304959919e+04 2.728800397113214649e-01
1.529775654395719903e+04 2.726185568048422048e-01
1.528525495030769889e+04 2.723799322594938066e-01
1.527275335665820057e+04 2.721673691610491108e-01
1.526025176300870044e+04 2.719837874317008741e-01
1.524783082480210032e+04 2.718320487945914410e-01
1.523532923115260019e+04 2.717147485540916674e-01
1.522290829294600007e+04 2.716345291006901919e-01
1.521056801018229999e+04 2.715935292755365382e-01
1.519814707197569987e+04 2.715937192485332607e-01
1.518580678921199979e+04 2.716367545341479284e-01
1.517346650644829970e+04 2.717238741462509322e-01
1.516120687912749963e+04 2.718560821133175764e-01
1.514886659636379954e+04 2.720338239756930898e-01
1.513660696904299948e+04 2.722571377709355755e-01
1.512434734172219942e+04 2.725256791174982540e-01
1.511208771440140117e+04 2.728385429859245259e-01
1.509990874252349931e+04 2.731943638529097385e-01
1.508772977064560109e+04 2.735913256012295069e-01
1.507555079876769923e+04 2.740273222531545705e-01
1.506337182688980101e+04 2.744996528523905854e-01
1.505127351045479918e+04 2.750052692030946488e-01
1.503917519401979916e+04 2.755409479861569699e-01
1.502707687758480097e+04 2.761029277455417930e-01
1.501497856114980095e+04 2.766876192797159129e-01
1.500296090015770096e+04 2.772909508837933523e-01
1.499094323916560097e+04 2.779089208246539044e-01
1.497892557817350098e+04 2.785374503603362251e-01
1.496690791718140099e+04 2.791725719972104058e-01
1.495497091163219920e+04 2.798103845345373264e-01
1.494303390608299924e+04 2.804471400770573442e-01
1.493109690053380109e+04 2.810792710845848030e-01
1.491915989498459930e+04 2.817036096400955536e-01
1.490730354487830118e+04 2.823170040707945749e-01
1.489536653932909940e+04 2.829168147931958588e-01
1.488351018922279945e+04 2.835007321554385840e-01
1.487173449455939954e+04 2.840666438368071867e-01
1.485987814445309959e+04 2.846129135967738200e-01
1.484810244978969968e+04 2.851381257968353400e-01
1.483632675512629976e+04 2.856412707299953446e-01
1.482455106046289984e+04 2.861215733467816769e-01
1.481285602124239995e+04 2.865787615384023379e-01
1.480108032657900003e+04 2.870125670965298359e-01
1.478938528735850014e+04 2.874230580244496736e-01
1.477769024813800024e+04 2.878106329192440804e-01
1.476607586436039855e+04 2.881756474385107625e-01
1.475446148058280050e+04 2.885187398230701916e-01
1.474276644136230061e+04 2.888407788297329137e-01
1.473123271302760077e+04 2.891425873044733974e-01
1.471961832924999908e+04 2.894250211922342331e-01
1.470808460091529923e+04 2.896889332900028369e-01
1.469647021713769936e+04 2.899353638945005862e-01
1.468493648880299952e+04 2.901653489423310361e-01
1.467348341591119970e+04 2.903795882719422683e-01
1.466194968757649985e+04 2.905790754521882513e-01
1.465049661468470003e+04 2.907647025107338301e-01
1.463904354179290021e+04 2.909370171708405839e-01
1.462759046890110039e+04 2.910968057470493253e-01
1.461621805145219878e+04 2.912447082461430692e-01
1.460476497856039896e+04 2.913814220241566777e-01
1.459339256111149916e+04 2.915073159990477780e-01
1.458202014366260119e+04 2.916228123369116743e-01
1.457072838165659959e+04 2.917286218344316007e-01
1.455935596420769798e+04 2.918251922933774445e-01
1.454806420220170003e+04 2.919129427537832111e-01
1.453677244019570026e+04 2.919923428941370025e-01
1.452548067818969866e+04 2.920639250114683283e-01
1.451426957162659892e+04 2.921283193955065416e-01
1.450297780962060096e+04 2.921860304097071426e-01
1.449176670305749940e+04 2.922376556882367860e-01
1.448055559649439965e+04 2.922839917187884939e-01
1.446942514537419811e+04 2.923256008527248540e-01
1.445821403881109836e+04 2.923631301847990915e-01
1.444708358769089864e+04 2.923972965437504623e-01
1.443595313657070074e+04 2.924288300319710099e-01
1.442482268545050101e+04 2.924583083262852767e-01
1.441377288977319949e+04 2.924861207671280994e-01
1.440264243865299977e+04 2.925127595423678839e-01
1.439159264297570007e+04 2.925385027068582722e-01
1.438054284729840037e+04 2.925634514997446090e-01
1.436957370706400070e+04 2.925876795317227108e-01
1.435852391138669918e+04 2.926109337731055970e-01
1.434755477115229951e+04 2.926330965103561832e-01
1.433658563091789983e+04 2.926536705767693869e-01
1.432561649068349834e+04 2.926720418394314072e-01
1.431472800589199869e+04 2.926876986651357759e-01
1.430375886565759902e+04 2.926998931377697288e-01
1.429287038086609937e+04 2.927080536010073231e-01
1.428198189607459972e+04 2.927113419128923866e-01
1.427109341128310007e+04 2.927092154736390395e-01
1.426028558193449862e+04 2.927010972781856624e-01
1.424939709714299897e+04 2.926865732063772541e-01
1.423858926779439935e+04 2.926652718887662874e-01
1.422778143844579972e+04 2.926370271821561175e-01
1.421705426454010012e+04 2.926019069615810042e-01
1.420624643519149868e+04 2.925601880467633142e-01
1.419551926128579908e+04 2.925122901115460583e-01
1.418479208738009947e+04 2.924589180221403018e-01
1.417406491347439987e+04 2.924008239406414855e-01
1.416333773956870027e+04 2.923389885178069858e-01
1.415269122110589888e+04 2.922745002660243618e-01
1.414204470264309930e+04 2.922086591778964570e-01
1.413139818418029972e+04 2.921427984442993564e-01
1.412075166571750015e+04 2.920783048458708286e-01
1.411010514725470057e+04 2.920167551626220437e-01
1.409953928423479920e+04 2.919593350514756436e-01
1.408889276577199962e+04 2.919075075670552466e-01
1.407832690275210007e+04 2.918624299936836142e-01
1.406784169517509872e+04 2.918251680494602374e-01
1.405727583215519917e+04 2.917968210876074608e-01
1.404679062457819964e+04 2.917780217376589880e-01
1.403622476155830009e+04 2.917692408836977114e-01
1.402573955398129874e+04 2.917706603081008931e-01
1.401533500184719924e+04 2.917824763250979614e-01
1.400484979427019971e+04 2.918043454102436374e-01
1.399444524213610021e+04 2.918357487397603145e-01
1.398396003455909886e+04 2.918759157766680490e-01
1.397355548242499935e+04 2.919240110510292197e-01
1.396323158573379988e+04 2.919788389353251690e-01
1.395282703359969855e+04 2.920390428220927537e-01
1.394250313690849907e+04 2.921032753912182756e-01
1.393209858477439957e+04 2.921699421726824952e-01
1.392177468808320009e+04 2.922374415771922251e-01
1.391153144683489882e+04 2.923042559728651346e-01
1.390120755014369934e+04 2.923688965890249847e-01
1.389096430889539806e+04 2.924299593301069033e-01
1.388064041220419858e+04 2.924859902665376543e-01
1.387039717095590095e+04 2.925358225002507306e-01
1.386023458515049970e+04 2.925783817894562211e-01
1.384999134390219842e+04 2.926127073255780919e-01
1.383974810265390079e+04 2.926383740180620863e-01
1.382958551684849954e+04 2.926548745919700933e-01
1.381942293104310011e+04 2.926618826376256588e-01
1.380926034523769886e+04 2.926595389463971797e-01
1.379917841487519945e+04 2.926479819610655619e-01
1.378901582906979820e+04 2.926276085301242058e-01
1.377893389870729879e+04 2.925989237641108409e-01
1.376885196834479939e+04 2.925629012092111347e-01
1.375877003798229998e+04 2.925202723699449892e-01
1.374868810761980058e+04 2.924720760713229173e-01
1.373860617725729935e+04 2.924195687691736323e-01
1.372860490233769815e+04 2.923636798666247039e-01
1.371860362741810059e+04 2.923059141548580708e-01
1.370860235249850120e+04 2.922472951367748872e-01
1.369860107757890000e+04 2.921890334434372738e-01
1.368868045810219883e+04 2.921322164362371021e-01
1.367867918318259944e+04 2.920780256181070844e-01
1.366875856370590009e+04 2.920274016864359834e-01
1.365883794422920073e+04 2.919811350138908912e-01
1.364891732475249955e+04 2.919400407859269464e-01
1.363899670527580020e+04 2.919044744323487373e-01
1.362915674124199904e+04 2.918746532533709748e-01
1.361931677720819971e+04 2.918506634535895650e-01
1.360939615773149853e+04 2.918325019251732932e-01
1.359963684914059922e+04 2.918196008153280396e-01
1.358979688510679989e+04 2.918113233627603886e-01
1.357995692107299874e+04 2.918069307420810277e-01
1.357019761248209943e+04 2.918054211400750719e-01
1.356043830389120012e+04 2.918055622960907258e-01
1.355067899530029899e+04 2.918060877718499646e-01
1.354091968670939968e+04 2.918056863751593011e-01
1.353116037811850038e+04 2.918029236477789334e-01
1.352148172497049927e+04 2.917965827347257513e-01
1.351172241637959996e+04 2.917853740121275630e-01
1.350204376323159886e+04 2.917684096397583637e-01
1.349236511008360139e+04 2.917447531942338190e-01
1.348276711237850031e+04 2.917139237556719555e-01
1.347308845923049921e+04 2.916757305456781357e-01
1.346349046152539995e+04 2.916301075755070582e-01
1.345381180837740067e+04 2.915774202035901208e-01
1.344421381067229959e+04 2.915182985944610450e-01
1.343461581296720033e+04 2.914536332718603573e-01
1.342509847070500109e+04 2.913846877937598112e-01
1.341550047299990001e+04 2.913125797849865362e-01
1.340598313073770078e+04 2.912389567441410199e-01
1.339646578847549972e+04 2.911651869862955655e-01
1.338694844621329867e+04 2.910925085891579167e-01
1.337743110395109943e+04 2.910224025685445026e-01
1.336791376168890019e+04 2.909560037177800762e-01
1.335847707486959916e+04 2.908942930488074841e-01
1.334895973260739993e+04 2.908379213686914100e-01
1.333952304578810072e+04 2.907874224697191146e-01
1.333008635896879969e+04 2.907427360286116147e-01
1.332073032759239868e+04 2.907037301786774552e-01
1.331129364077309947e+04 2.906698320567022154e-01
1.330185695395379844e+04 2.906403629428575552e-01
1.329250092257740107e+04 2.906145771463685135e-01
1.328314489120100006e+04 2.905913947863610347e-01
1.327378885982459906e+04 2.905696340468476024e-01
1.326443282844819987e+04 2.905483317613731797e-01
1.325515745251469889e+04 2.905262337689716312e-01
1.324580142113829970e+04 2.905026634923545958e-01
1.323652604520479872e+04 2.904766749149150784e-01
1.322725066927129956e+04 2.904476161966713654e-01
1.321797529333779858e+04 2.904151057181900142e-01
1.320869991740429941e+04 2.903791560070715372e-01
1.319950519691370027e+04 2.903396556385709482e-01
1.319022982098019929e+04 2.902970496381900856e-01
1.318103510048959834e+04 2.902518293802143767e-01
1.317184037999899920e+04 2.902046597881385859e-01
1.316264565950840006e+04 2.901564810598676880e-01
1.315345093901779910e+04 2.901082519922688063e-01
1.314433687397009999e+04 2.900610235834861772e-01
1.313514215347949903e+04 2.900160149028108147e-01
1.312602808843179992e+04 2.899744058138549185e-01
1.311691402338409898e+04 2.899370781404795316e-01
1.310779995833639987e+04 2.899053294917813828e-01
1.309868589328870075e+04 2.898802148178275528e-01
1.308965248368389985e+04 2.898623201847964070e-01
1.308053841863619891e+04 2.898524804771541175e-01
1.307150500903139982e+04 2.898512810885152668e-01
1.306247159942659891e+04 2.898587657902154668e-01
1.305343818982179982e+04 2.898749790923799141e-01
1.304440478021699892e+04 2.898996854157429026e-01
1.303545202605509985e+04 2.899321096414708143e-01
1.302641861645029894e+04 2.899713725400256403e-01
1.301746586228839988e+04 2.900163089750023016e-01
1.300851310812649899e+04 2.900652958234987144e-01
1.299956035396459993e+04 2.901165201532355242e-01
1.299060759980269904e+04 2.901677780290591868e-01
1.298165484564079998e+04 2.902169725814089940e-01
1.297278274692179912e+04 2.902617640958137790e-01
1.296382999275990005e+04 2.903001026436115573e-01
1.295495789404089919e+04 2.903293699209635870e-01
1.294608579532190015e+04 2.903478947916776631e-01
1.293721369660289929e+04 2.903538571028296267e-01
1.292842225332679845e+04 2.903460251518750757e-01
1.291955015460779941e+04 2.903234054886741911e-01
1.291075871133170040e+04 2.902855852783506330e-01
1.290188661261270136e+04 2.902326539729201405e-01
1.289309516933660052e+04 2.901653898791392572e-01
1.288430372606049968e+04 2.900851145041385415e-01
1.287559293822730069e+04 2.899935448761670753e-01
1.286680149495119986e+04 2.898929201568899439e-01
1.285801005167509902e+04 2.897857984208779270e-01
1.284929926384190003e+04 2.896752087389790620e-01
1.284058847600870104e+04 2.895640683683135541e-01
1.283187768817550023e+04 2.894556449305616952e-01
1.282316690034229941e+04 2.893529402897775382e-01
1.281445611250909860e+04 2.892588309810296687e-01
1.280582598011879963e+04 2.891757615320454389e-01
1.279719584772849885e+04 2.891060742222498203e-01
1.278848505989529986e+04 2.890511774360944863e-01
1.277985492750499907e+04 2.890123916085626798e-01
1.277122479511469828e+04 2.889900554870863392e-01
1.276259466272439931e+04 2.889839175828308737e-01
1.275404518577699855e+04 2.889933360880684865e-01
1.274541505338669958e+04 2.890170607581945550e-01
1.273686557643929882e+04 2.890531193910216290e-01
1.272831609949189806e+04 2.890993976329961912e-01
1.271976662254450093e+04 2.891532523687668776e-01
1.271121714559710017e+04 2.892120870232562924e-01
1.270266766864969941e+04 2.892729711833015305e-01
1.269419884714519867e+04 2.893330576937443999e-01
1.268564937019779973e+04 2.893899910351201976e-01
1.267718054869329899e+04 2.894411831049481520e-01
1.266871172718879825e+04 2.894847601659905068e-01
1.266024290568429933e+04 2.895192533191541240e-01
1.265177408417979859e+04 2.895437997809083286e-01
1.264330526267529967e+04 2.895577622172224586e-01
1.263483644117079893e+04 2.895610032752697904e-01
1.262644827510920004e+04 2.895544142175404678e-01
1.261806010904759933e+04 2.895386668987938172e-01
1.260967194298599861e+04 2.895153300358799808e-01
1.260128377692439972e+04 2.894861646443510073e-01
1.259289561086280082e+04 2.894530406526660826e-01
1.258450744480119829e+04 2.894180248620830120e-01
1.257619993418249942e+04 2.893832421825367485e-01
1.256781176812090052e+04 2.893506309614590211e-01
1.255950425750219983e+04 2.893221199104848429e-01
1.255119674688349915e+04 2.892992643456467339e-01
1.254288923626480027e+04 2.892832835587447193e-01
1.253458172564609958e+04 2.892749022087323096e-01
