2.499447651116680208e+04 -1.340094830081403954e+00
2.496068188059170279e+04 -1.343130033752707897e+00
2.492696790545949989e+04 -1.349143891490925506e+00
2.489333458577020065e+04 -1.358016072538551056e+00
2.485978192152379779e+04 -1.369584900613590506e+00
2.482630991272029860e+04 -1.383627737685409143e+00
2.479291855935969943e+04 -1.399882311299617266e+00
2.475968851688490031e+04 -1.418075813390164086e+00
2.472645847441010119e+04 -1.437895907256682593e+00
2.469338974282109848e+04 -1.459026352228577572e+00
2.466032101123209941e+04 -1.481146835577944243e+00
2.462741359052890039e+04 -1.503935942934366832e+00
2.459458682526859775e+04 -1.527114129899550976e+00
2.456184071545119878e+04 -1.550381593750507436e+00
2.452917526107669983e+04 -1.573499300643163235e+00
2.449659046214509726e+04 -1.596253522829180982e+00
2.446416697409930202e+04 -1.618450688791384540e+00
2.443174348605349951e+04 -1.639935154001766371e+00
2.439940065345060066e+04 -1.660589811999305887e+00
2.436721913173349822e+04 -1.680346009888082026e+00
2.433503761001639941e+04 -1.699159262382876179e+00
2.430301739918509702e+04 -1.717026656531044804e+00
2.427099718835379826e+04 -1.733970429756042098e+00
2.423913828840829956e+04 -1.750038739788835729e+00
2.420736004390569724e+04 -1.765305166610522392e+00
2.417558179940310220e+04 -1.779866027480738744e+00
2.414396486578629992e+04 -1.793829768455439844e+00
2.411242858761239768e+04 -1.807329151406759538e+00
2.408097296488140273e+04 -1.820494202513509574e+00
2.404951734215040051e+04 -1.833454182043960934e+00
2.401822303030519834e+04 -1.846342238580023221e+00
2.398700937390289982e+04 -1.859277526004754488e+00
2.395587637294349770e+04 -1.872372226628312042e+00
2.392482402742699924e+04 -1.885704280151888623e+00
2.389385233735340080e+04 -1.899339816841593143e+00
2.386296130272269875e+04 -1.913304135387779992e+00
2.383207026809200033e+04 -1.927617653060307745e+00
2.380134054434709833e+04 -1.942227582444955525e+00
2.377069147604509999e+04 -1.957080854338992371e+00
2.374012306318599803e+04 -1.972089501038729153e+00
2.370963530576979974e+04 -1.987108176266548121e+00
2.367922820379649784e+04 -2.002004771273452111e+00
2.364882110182319957e+04 -2.016608556091980642e+00
2.361857531073569771e+04 -2.030725507667362262e+00
2.358841017509109952e+04 -2.044172294030028869e+00
2.355824503944650132e+04 -2.056762561880403961e+00
2.352824121468769590e+04 -2.068306331306867030e+00
2.349823738992889776e+04 -2.078644578430880241e+00
2.346839487605589966e+04 -2.087624371283169467e+00
2.343855236218290156e+04 -2.095122490607989718e+00
2.340887115919569987e+04 -2.101048843179939229e+00
2.337918995620849819e+04 -2.105333543900095528e+00
2.334958940866420016e+04 -2.107936931333735497e+00
2.332015017200569855e+04 -2.108861255978959903e+00
2.329071093534720058e+04 -2.108114521218837911e+00
2.326135235413159899e+04 -2.105734539508233194e+00
2.323207442835889742e+04 -2.101789153022225687e+00
2.320287715802909952e+04 -2.096344843189266172e+00
2.317367988769929798e+04 -2.089478580916918737e+00
2.314464392825530012e+04 -2.081260728748452138e+00
2.311568862425419866e+04 -2.071780015581404566e+00
2.308673332025310083e+04 -2.061098879141131324e+00
2.305793932713779941e+04 -2.049285186612040732e+00
2.302914533402249799e+04 -2.036396011828752517e+00
2.300043199635010023e+04 -2.022473519393398700e+00
2.297179931412059886e+04 -2.007554432628925412e+00
2.294324728733399752e+04 -1.991662170513720520e+00
2.291477591599029984e+04 -1.974815455207086234e+00
2.288638520008949854e+04 -1.957048732707355354e+00
2.285799448418869724e+04 -1.938392481975777626e+00
2.282976507917369963e+04 -1.918849059940402002e+00
2.280153567415870202e+04 -1.898477351420325254e+00
2.277338692458660080e+04 -1.877308003496379163e+00
2.274539948590029962e+04 -1.855388880984266242e+00
2.271741204721400209e+04 -1.832785539943213138e+00
2.268942460852770091e+04 -1.809555052067373770e+00
2.266159848072719979e+04 -1.785781156550448001e+00
2.263385300836959868e+04 -1.761540138272656764e+00
2.260610753601199758e+04 -1.736911078120123797e+00
2.257844271909730014e+04 -1.711978860915333689e+00
2.255085855762549909e+04 -1.686815896628720779e+00
2.252335505159659806e+04 -1.661502353239409535e+00
2.249593220101060069e+04 -1.636106487253176756e+00
2.246850935042459969e+04 -1.610686070300300532e+00
2.244124781072440237e+04 -1.585284350139756882e+00
2.241398627102419778e+04 -1.559934347065316418e+00
2.238680538676690048e+04 -1.534669465532493504e+00
2.235970515795249958e+04 -1.509507964682745396e+00
2.233268558458099869e+04 -1.484452751724337771e+00
2.230566601120950145e+04 -1.459500227719931376e+00
2.227872709328090059e+04 -1.434644040383054930e+00
2.225194948623809978e+04 -1.409870375971790324e+00
2.222509122375239895e+04 -1.385168345723866379e+00
2.219839427215250180e+04 -1.360515427353642393e+00
2.217177797599549740e+04 -1.335899591079337201e+00
2.214516167983850028e+04 -1.311302389432977833e+00
2.211862603912439954e+04 -1.286711217298891707e+00
2.209217105385319883e+04 -1.262117486654806831e+00
2.206579672402489814e+04 -1.237522181387024522e+00
2.203942239419660109e+04 -1.212925009883525806e+00
2.201320937525410045e+04 -1.188321000928318716e+00
2.198699635631159617e+04 -1.163720090795491435e+00
2.196078333736909917e+04 -1.139125419495491842e+00
2.193473162931239858e+04 -1.114549861024810573e+00
2.190867992125570163e+04 -1.090014828023886384e+00
2.188278952408480109e+04 -1.065522759023993071e+00
2.185689912691389691e+04 -1.041086010182212362e+00
2.183100872974300000e+04 -1.016719448585433838e+00
2.180527964345789951e+04 -9.924323681443699696e-01
2.177955055717279902e+04 -9.682298733308819516e-01
2.175390212633059855e+04 -9.441191805749590271e-01
2.172833435093130174e+04 -9.201127984615425914e-01
2.170276657553199766e+04 -8.962120492896611390e-01
2.167727945557560088e+04 -8.724119881523961784e-01
2.165187299106209684e+04 -8.487364430993882269e-01
2.162654718199150011e+04 -8.251773867145903996e-01
2.160122137292089974e+04 -8.017475517367731452e-01
2.157605687473609942e+04 -7.784489497445036266e-01
2.155081172110839907e+04 -7.553062290607794882e-01
2.152572787836649877e+04 -7.323316104046226904e-01
2.150064403562459847e+04 -7.095282229376829175e-01
2.147572150376850186e+04 -6.869362842270121394e-01
2.145071831646949795e+04 -6.645639355014744121e-01
2.142587644005630136e+04 -6.424475643251866819e-01
2.140103456364309750e+04 -6.206112548179197885e-01
2.137627334267279730e+04 -5.990751838752274017e-01
2.135159277714540076e+04 -5.778733966266532684e-01
2.132691221161800058e+04 -5.570267853613259934e-01
2.130231230153350043e+04 -5.365572564510411313e-01
2.127779304689190030e+04 -5.164822947693025190e-01
2.125335444769320020e+04 -4.968075522332767724e-01
2.122891584849450010e+04 -4.775487723518441197e-01
2.120455790473870002e+04 -4.587047441164663897e-01
2.118028061642579996e+04 -4.402709090513447499e-01
2.115600332811289991e+04 -4.222394490971562719e-01
2.113180669524289988e+04 -4.045973032240998135e-01
2.110769071781579987e+04 -3.873288154328774491e-01
2.108357474038869987e+04 -3.704103606450219743e-01
2.105953941840449988e+04 -3.538252349017517173e-01
2.103558475186319993e+04 -3.375493840739134943e-01
2.101171074076479999e+04 -3.215674556928223571e-01
2.098783672966640006e+04 -3.058609564480089249e-01
2.096404337401089651e+04 -2.904152517423260749e-01
2.094025001835540024e+04 -2.752250107932681655e-01
2.091653731814279672e+04 -2.602817991097319816e-01
2.089290527337310050e+04 -2.455881042367420442e-01
2.086935388404630066e+04 -2.311430913404486365e-01
2.084580249471950083e+04 -2.169656472054116436e-01
2.082225110539270099e+04 -2.030625938562758415e-01
2.079886102695170121e+04 -1.894434176419305393e-01
2.077547094851069778e+04 -1.761310856930528024e-01
2.075216152551259802e+04 -1.631346023640656562e-01
2.072885210251450189e+04 -1.504600068792213974e-01
2.070570399040219854e+04 -1.381204140895499199e-01
2.068247522284699880e+04 -1.261152269887678423e-01
2.065940776617759911e+04 -1.144424726168228185e-01
2.063634030950819943e+04 -1.030975426488189989e-01
2.061327285283879974e+04 -9.206836002286089560e-02
2.059036670705520010e+04 -8.133929151763792664e-02
2.056746056127160045e+04 -7.088835180548687387e-02
2.054455441548800081e+04 -6.070119566481792239e-02
2.052180958059019758e+04 -5.075579962378692911e-02
2.049906474569240163e+04 -4.103186749432275598e-02
2.047631991079460204e+04 -3.151297090402339907e-02
2.045365573133969883e+04 -2.218545062510605612e-02
2.043107220732769929e+04 -1.304311266746788732e-02
2.040848868331569975e+04 -4.083260169113237317e-03
2.038598581474660023e+04 4.698788326095548751e-03
2.036356360162040073e+04 1.329589253953687017e-02
2.034114138849420124e+04 2.170261438578937468e-02
2.031879983081090177e+04 2.990722101378803788e-02
2.029653892857049868e+04 3.790329699133618280e-02
2.027427802633009924e+04 4.568371093611407752e-02
2.025201712408969979e+04 5.324018448373459000e-02
2.022991753273510039e+04 6.057607137569132050e-02
2.020781794138050100e+04 6.770051328528602086e-02
2.018571835002589796e+04 7.462170508967908011e-02
2.016369941411419859e+04 8.136131904354862443e-02
2.014176113364539924e+04 8.794765506229423879e-02
2.011982285317659989e+04 9.441187249912644242e-02
2.009796522815070057e+04 1.007929316085222349e-01
2.007618825856769763e+04 1.071280737803405742e-01
2.005441128898469833e+04 1.134580708560297135e-01
2.003271497484459906e+04 1.198189547785113995e-01
2.001101866070449978e+04 1.262481869000899037e-01
1.998940300200730053e+04 1.327714366853390837e-01
1.996778734331010128e+04 1.394097608852796766e-01
1.994625234005579841e+04 1.461730443876300134e-01
1.992479799224439921e+04 1.530608147708705513e-01
1.990334364443299637e+04 1.600664172983685685e-01
1.988196995206450083e+04 1.671721413792345845e-01
1.986059625969600165e+04 1.743458823260437551e-01
1.983930322277040250e+04 1.815515383070103739e-01
1.981809084128769973e+04 1.887493520745504028e-01
1.979687845980499696e+04 1.958878266595549533e-01
1.977574673376520150e+04 2.029196277135265625e-01
1.975461500772540239e+04 2.097992923832532053e-01
1.973356393712849967e+04 2.164811540381106902e-01
1.971251286653160059e+04 2.229214734629396955e-01
1.969154245137760154e+04 2.290874246107422463e-01
1.967057203622359884e+04 2.349501113479769421e-01
1.964968227651249617e+04 2.404817663396977279e-01
1.962887317224430080e+04 2.456775185410794149e-01
1.960806406797610180e+04 2.505256613628205065e-01
1.958733561915079918e+04 2.550359281766896302e-01
1.956660717032549655e+04 2.592105263310287566e-01
1.954595937694309760e+04 2.630671695722856529e-01
1.952531158356069864e+04 2.666226245385691085e-01
1.950474444562119970e+04 2.699033603451421182e-01
1.948417730768170077e+04 2.729303730721843180e-01
1.946369082518510186e+04 2.757344067694402767e-01
1.944328499813139933e+04 2.783346415192232692e-01
1.942287917107769681e+04 2.807609679317671914e-01
1.940247334402400156e+04 2.830378189260298050e-01
1.938214817241319906e+04 2.851858013318858132e-01
1.936190365624530023e+04 2.872289760884731424e-01
1.934165914007740139e+04 2.891805005220351998e-01
1.932149527935239894e+04 2.910612209188311317e-01
1.930133141862740013e+04 2.928810014331068579e-01
1.928124821334529770e+04 2.946532190685794972e-01
1.926116500806319891e+04 2.963885748761129202e-01
1.924116245822400015e+04 2.980990926175275946e-01
1.922115990838479775e+04 2.997897514273256681e-01
1.920123801398849901e+04 3.014665357844693028e-01
1.918131611959220027e+04 3.031398807856169886e-01
1.916147488063879791e+04 3.048161042668625087e-01
1.914171429712830286e+04 3.064987734203600267e-01
1.912195371361780053e+04 3.081953812695591988e-01
1.910219313010730184e+04 3.099134686539937178e-01
1.908251320203969954e+04 3.116552189396187278e-01
1.906283327397210087e+04 3.134279237189778189e-01
1.904323400134740223e+04 3.152386193865129860e-01
1.902371538416559997e+04 3.170822460679205146e-01
1.900419676698379772e+04 3.189653122595443313e-01
1.898467814980199910e+04 3.208853939891727625e-01
1.896524018806309687e+04 3.228465894340447617e-01
1.894588288176710194e+04 3.248441735614795434e-01
1.892644492002819970e+04 3.268710641765584790e-01
1.890716826917510116e+04 3.289252148235964901e-01
1.888789161832199898e+04 3.310007691666356777e-01
1.886861496746890043e+04 3.330831330885120067e-01
1.884941897205869827e+04 3.351714067038095157e-01
1.883030363209139978e+04 3.372494978049400682e-01
1.881118829212409764e+04 3.393128158311165543e-01
1.879207295215679915e+04 3.413522323217063059e-01
1.877303826763240068e+04 3.433589634030066451e-01
1.875400358310800220e+04 3.453273315599341142e-01
1.873504955402650012e+04 3.472550050116834930e-01
1.871609552494499803e+04 3.491351899762084043e-01
1.869722215130639961e+04 3.509699977577079855e-01
1.867834877766780119e+04 3.527624802909497537e-01
1.865955605947209915e+04 3.545147931309775569e-01
1.864084399671930078e+04 3.562321977239259474e-01
1.862205127852359874e+04 3.579245465246893576e-01
1.860333921577080037e+04 3.596014501676466080e-01
1.858470780846089838e+04 3.612689713391821766e-01
1.856607640115100003e+04 3.629414545247778845e-01
1.854752564928399806e+04 3.646261937819569310e-01
1.852897489741699974e+04 3.663343290804242924e-01
1.851042414554999777e+04 3.680718031568075421e-01
1.849195404912589947e+04 3.698464027407539767e-01
1.847356460814470120e+04 3.716605949975705925e-01
1.845517516716349928e+04 3.735188140704109871e-01
1.843678572618230100e+04 3.754233898566521344e-01
1.841847694064399911e+04 3.773747180919297950e-01
1.840016815510570086e+04 3.793738797383357508e-01
1.838194002501029900e+04 3.814168281725771603e-01
1.836371189491489713e+04 3.835048371439284121e-01
1.834556442026239893e+04 3.856332748439175728e-01
1.832741694560990072e+04 3.878024418977535914e-01
1.830935012640029890e+04 3.900058600455746927e-01
1.829128330719070073e+04 3.922373933456676509e-01
1.827321648798109891e+04 3.945009076799214087e-01
1.825523032421440075e+04 3.967892118529670054e-01
1.823724416044769896e+04 3.990914933838513035e-01
1.821933865212390083e+04 4.014032410152423291e-01
1.820143314380009906e+04 4.037168115779959932e-01
1.818360829091920095e+04 4.060180333570753142e-01
1.816578343803830285e+04 4.082968006691361507e-01
1.814803924060030113e+04 4.105394480770877541e-01
1.813029504316229941e+04 4.127308112098692083e-01
1.811255084572430133e+04 4.148540931313360880e-01
1.809488730372919963e+04 4.168968127172397731e-01
1.807722376173409793e+04 4.188410394309003415e-01
1.805964087518189990e+04 4.206773026132262783e-01
1.804205798862970187e+04 4.223894539633362699e-01
1.802455575752040022e+04 4.239742079652067397e-01
1.800705352641109857e+04 4.254256599927904170e-01
1.798955129530180056e+04 4.267480068215141475e-01
1.797212971963539894e+04 4.279414787455962377e-01
1.795478879941189734e+04 4.290144156537042397e-01
1.793736722374549936e+04 4.299806410370559662e-01
1.792002630352199776e+04 4.308581584202326731e-01
1.790276603874139983e+04 4.316626044505743054e-01
1.788550577396079825e+04 4.324146014669673632e-01
1.786824550918020032e+04 4.331318567100965189e-01
1.785106589984249877e+04 4.338374879165354803e-01
1.783396694594769724e+04 4.345505345810127262e-01
1.781678733660999933e+04 4.352821230688710963e-01
1.779968838271519780e+04 4.360469878673437494e-01
1.778267008426329994e+04 4.368510569124753329e-01
1.776565178581139844e+04 4.376924738193764264e-01
1.774863348735949694e+04 4.385713771576171816e-01
1.773169584435049910e+04 4.394756361076814222e-01
1.771475820134149762e+04 4.403951493402653572e-01
1.769782055833249979e+04 4.413144450801887997e-01
1.768096357076639833e+04 4.422090708034669415e-01
1.766418723864320054e+04 4.430585241950091846e-01
1.764733025107709909e+04 4.438406861844114704e-01
1.763063457439679769e+04 4.445320634255805481e-01
1.761385824227359990e+04 4.451144152481811278e-01
1.759716256559330213e+04 4.455627939710617436e-01
1.758046688891300073e+04 4.458670229743170177e-01
1.756385186767559935e+04 4.460206147008647926e-01
1.754723684643820161e+04 4.460102534308769684e-01
1.753070248064370026e+04 4.458364780834186969e-01
1.751416811484919890e+04 4.454963170886026558e-01
1.749763374905470118e+04 4.450011850705478111e-01
1.748118003870309985e+04 4.443539128208784939e-01
1.746472632835150216e+04 4.435645220045961179e-01
1.744827261799990083e+04 4.426388689477508409e-01
1.743189956309119952e+04 4.415920126297478432e-01
1.741560716362540188e+04 4.404260484449676882e-01
1.739923410871670058e+04 4.391465557038662371e-01
1.738294170925089929e+04 4.377592706522576149e-01
1.736672996522799804e+04 4.362651863146375097e-01
1.735051822120510042e+04 4.346628129411606589e-01
1.733430647718219916e+04 4.329472529728931041e-01
1.731809473315930154e+04 4.311113235239747432e-01
1.730196364457929667e+04 4.291500971072230719e-01
1.728591321144219910e+04 4.270553208359046948e-01
1.726978212286219787e+04 4.248160658043452220e-01
1.725373168972510030e+04 4.224244534279249508e-01
1.723776191203089911e+04 4.198752258077126931e-01
1.722179213433669793e+04 4.171601360053852625e-01
1.720582235664249674e+04 4.142782265500976613e-01
1.718993323439119922e+04 4.112237074182426011e-01
1.717404411213989806e+04 4.079929636482066413e-01
1.715815498988859690e+04 4.045921038653715884e-01
1.714234652308019940e+04 4.010163743276352055e-01
1.712653805627179827e+04 3.972697242490968450e-01
1.711072958946339713e+04 3.933527273938254853e-01
1.709500177809789966e+04 3.892636645760165770e-01
1.707927396673240219e+04 3.850038638338196262e-01
1.706362681080979746e+04 3.805675467527201428e-01
1.704797965488720001e+04 3.759507655206859034e-01
1.703233249896460256e+04 3.711494005780959782e-01
1.701668534304199784e+04 3.661537171193222084e-01
1.700111884256230042e+04 3.609557398790075311e-01
1.698563299752549938e+04 3.555493234779374956e-01
1.697006649704579831e+04 3.499228588503568993e-01
1.695458065200900091e+04 3.440674500253692591e-01
1.693917546241509990e+04 3.379749633573525536e-01
1.692377027282119889e+04 3.316340522392320911e-01
1.690836508322729787e+04 3.250456640617374049e-01
1.689295989363340050e+04 3.182056019131817015e-01
1.687763535948239951e+04 3.111131548859192852e-01
1.686231082533140216e+04 3.037674168442081601e-01
1.684706694662329755e+04 2.961675350381487437e-01
1.683182306791519659e+04 2.883244138646357535e-01
1.681657918920709926e+04 2.802410486346595953e-01
1.680141596594189832e+04 2.719227219396801454e-01
1.678617208723380099e+04 2.633801109263023688e-01
1.677108951941149644e+04 2.546211430517190122e-01
1.675592629614629914e+04 2.456613210983630835e-01
1.674084372832400186e+04 2.365064429343706198e-01
1.672584181594459733e+04 2.271720039469486141e-01
1.671075924812230005e+04 2.176753604547166376e-01
1.669575733574289916e+04 2.080274806409793675e-01
1.668083607880640193e+04 1.982504850894036830e-01
1.666583416642700104e+04 1.883687923806274256e-01
1.665091290949050017e+04 1.784097261304534165e-01
1.663607230799689933e+04 1.684000277625111452e-01
1.662115105106040210e+04 1.583784566838964403e-01
1.660631044956680125e+04 1.483864377177101235e-01
1.659155050351610043e+04 1.384673154416537766e-01
1.657670990202249959e+04 1.286717078158820249e-01
1.656194995597179877e+04 1.190504568678833613e-01
1.654727066536400162e+04 1.096639404555949521e-01
1.653259137475620082e+04 1.005758532366201746e-01
1.651791208414839639e+04 9.184249339445609006e-02
1.650323279354059923e+04 8.353248982724711946e-02
1.648863415837569846e+04 7.571016261841610751e-02
1.647403552321080133e+04 6.843636976331006483e-02
1.645943688804589692e+04 6.177826892828570254e-02
1.644491890832389981e+04 5.579122871810282547e-02
1.643040092860190271e+04 5.052874091156683151e-02
1.641588294887989832e+04 4.604481100347022904e-02
1.640136496915790121e+04 4.238484897494172038e-02
1.638692764487880049e+04 3.958619818769724963e-02
1.637257097604259798e+04 3.768648988908124275e-02
1.635813365176350089e+04 3.670575489683267773e-02
1.634377698292730020e+04 3.666600722542867619e-02
1.632942031409109950e+04 3.757441020046971281e-02
1.631514430069779883e+04 3.943279452901791993e-02
1.630086828730449815e+04 4.224022549710605701e-02
1.628659227391120112e+04 4.598267810085900770e-02
1.627239691596080047e+04 5.063970426431389088e-02
1.625812090256750162e+04 5.618063957858980551e-02
1.624400620005999735e+04 6.257523099699885405e-02
1.622981084210959852e+04 6.977954671994783531e-02
1.621569613960209790e+04 7.774617708188148735e-02
1.620158143709459910e+04 8.642403757886470139e-02
1.618746673458710029e+04 9.575768852852542534e-02
1.617343268752250151e+04 1.056837071513430648e-01
1.615939864045789909e+04 1.161355025093855908e-01
1.614536459339330031e+04 1.270500813907844417e-01
1.613141120177159792e+04 1.383562339903182115e-01
1.611745781014989916e+04 1.499874873336077552e-01
1.610350441852820040e+04 1.618774712964194396e-01
1.608963168234939985e+04 1.739540083663015380e-01
1.607567829072770110e+04 1.861558598254735852e-01
1.606188620999179875e+04 1.984185642770250613e-01
1.604801347381300002e+04 2.106820587419222790e-01
1.603422139307709949e+04 2.228890671222643893e-01
1.602042931234120078e+04 2.349897477002020063e-01
1.600663723160529844e+04 2.469317449943025933e-01
1.599292580631229976e+04 2.586726004904482679e-01
1.597921438101930107e+04 2.701690367660688485e-01
1.596550295572630057e+04 2.813823993655726885e-01
1.595187218587620009e+04 2.922753228281658733e-01
1.593816076058319959e+04 3.028143416954948153e-01
1.592461064617599914e+04 3.129685141984099861e-01
1.591097987632589866e+04 3.227069511758201559e-01
1.589742976191870002e+04 3.319973226516235720e-01
1.588387964751149957e+04 3.408134623925289652e-01
1.587032953310429912e+04 3.491248930020962593e-01
1.585686007413999869e+04 3.569015822436340524e-01
1.584339061517569826e+04 3.641196728326919763e-01
1.582992115621139965e+04 3.707457801703113454e-01
1.581645169724709922e+04 3.767570557861390501e-01
1.580306289372570063e+04 3.821304638397977627e-01
1.578967409020430023e+04 3.868420577579817499e-01
1.577628528668289982e+04 3.908770023464854249e-01
1.576297713860440126e+04 3.942182017452666720e-01
1.574966899052589906e+04 3.968528502986926609e-01
1.573636084244740050e+04 3.987785359916435346e-01
1.572313334981179833e+04 3.999925343730447724e-01
1.570982520173329976e+04 4.005042224918806681e-01
1.569659770909769941e+04 4.003239565304685943e-01
1.568345087190499908e+04 3.994581121196005280e-01
1.567022337926940054e+04 3.979310273807458720e-01
1.565707654207670021e+04 3.957644683783707040e-01
1.564401036032689990e+04 3.929784589116200322e-01
1.563086352313419957e+04 3.895994307552945179e-01
1.561779734138440108e+04 3.856498135262365623e-01
1.560473115963459895e+04 3.811586082933814956e-01
1.559166497788479865e+04 3.761456781534948113e-01
1.557867945157790018e+04 3.706346516246101230e-01
1.556569392527099990e+04 3.646494407427904316e-01
1.555270839896409962e+04 3.582047287338235297e-01
1.553972287265719933e+04 3.513182676018525852e-01
1.552681800179319907e+04 3.440080209475209205e-01
1.551391313092920063e+04 3.362917597238294642e-01
1.550100826006520037e+04 3.281855207355557913e-01
1.548810338920120012e+04 3.197119308127465143e-01
1.547527917378009988e+04 3.108931402477171924e-01
1.546245495835899965e+04 3.017611129068218379e-01
1.544971139838079944e+04 2.923446121469414072e-01
1.543688718295969920e+04 2.826861400381876499e-01
1.542414362298149899e+04 2.728336477817768779e-01
1.541140006300330060e+04 2.628414909468523297e-01
1.539865650302509857e+04 2.527700693121500142e-01
1.538599359848980021e+04 2.426837454388311721e-01
1.537333069395450002e+04 2.326607475504396672e-01
1.536066778941919983e+04 2.227760212667796169e-01
1.534808554032679967e+04 2.131181865354085103e-01
1.533542263579150131e+04 2.037754145335632372e-01
1.532284038669910115e+04 1.948382414088738745e-01
1.531033879304959919e+04 1.864011913396432518e-01
1.529775654395719903e+04 1.785567041452648385e-01
1.528525495030769889e+04 1.713979677848131156e-01
1.527275335665820057e+04 1.650210748314738241e-01
1.526025176300870044e+04 1.595136229510256132e-01
1.524783082480210032e+04 1.549614638377407871e-01
1.523532923115260019e+04 1.514424566227491054e-01
1.522290829294600007e+04 1.490358730207053950e-01
1.521056801018229999e+04 1.478058782660953141e-01
1.519814707197569987e+04 1.478115774559956019e-01
1.518580678921199979e+04 1.491026360244351312e-01
1.517346650644829970e+04 1.517162243875282146e-01
1.516120687912749963e+04 1.556824633995244900e-01
1.514886659636379954e+04 1.610147192707915564e-01
1.513660696904299948e+04 1.677141331280658509e-01
1.512434734172219942e+04 1.757703735249480648e-01
1.511208771440140117e+04 1.851562895777343065e-01
1.509990874252349931e+04 1.958309155872927365e-01
1.508772977064560109e+04 2.077397680368861799e-01
1.507555079876769923e+04 2.208196675946375309e-01
1.506337182688980101e+04 2.349895855717164805e-01
1.505127351045479918e+04 2.501580760928378555e-01
1.503917519401979916e+04 2.662284395847073215e-01
1.502707687758480097e+04 2.830878323662534002e-01
1.501497856114980095e+04 3.006285783914741661e-01
1.500296090015770096e+04 3.187285265137986823e-01
1.499094323916560097e+04 3.372676247396159122e-01
1.497892557817350098e+04 3.561235108100862523e-01
1.496690791718140099e+04 3.751771599163119530e-01
1.495497091163219920e+04 3.943115360361193478e-01
1.494303390608299924e+04 4.134142023117202136e-01
1.493109690053380109e+04 4.323781325375431472e-01
1.491915989498459930e+04 4.511082892028668301e-01
1.490730354487830118e+04 4.695101221238364153e-01
1.489536653932909940e+04 4.875044437958743759e-01
1.488351018922279945e+04 5.050219646631579629e-01
1.487173449455939954e+04 5.219993151042153778e-01
1.485987814445309959e+04 5.383874079032148208e-01
1.484810244978969968e+04 5.541437739050585343e-01
1.483632675512629976e+04 5.692381218998597836e-01
1.482455106046289984e+04 5.836472004034508609e-01
1.481285602124239995e+04 5.973628461520698041e-01
1.480108032657900003e+04 6.103770128958935226e-01
1.478938528735850014e+04 6.226917407334887633e-01
1.477769024813800024e+04 6.343189875773210806e-01
1.476607586436039855e+04 6.452694231553232074e-01
1.475446148058280050e+04 6.555621946921050824e-01
1.474276644136230061e+04 6.652233648919868569e-01
1.473123271302760077e+04 6.742776191342022551e-01
1.471961832924999908e+04 6.827506357670256598e-01
1.470808460091529923e+04 6.906679987000817755e-01
1.469647021713769936e+04 6.980609168350161431e-01
1.468493648880299952e+04 7.049604682699294189e-01
1.467348341591119970e+04 7.113876481582669387e-01
1.466194968757649985e+04 7.173722635656443192e-01
1.465049661468470003e+04 7.229410753220146812e-01
1.463904354179290021e+04 7.281105151252151853e-01
1.462759046890110039e+04 7.329041724114768730e-01
1.461621805145219878e+04 7.373412473842907433e-01
1.460476497856039896e+04 7.414426607247006640e-01
1.459339256111149916e+04 7.452194799714327855e-01
1.458202014366260119e+04 7.486843701073498947e-01
1.457072838165659959e+04 7.518586550329459106e-01
1.455935596420769798e+04 7.547557688013204480e-01
1.454806420220170003e+04 7.573882826134935575e-01
1.453677244019570026e+04 7.597702868241071883e-01
1.452548067818969866e+04 7.619177503440465182e-01
1.451426957162659892e+04 7.638495818651944713e-01
1.450297780962060096e+04 7.655809122912123899e-01
1.449176670305749940e+04 7.671296706471020244e-01
1.448055559649439965e+04 7.685197515636523757e-01
1.446942514537419811e+04 7.697680255817440642e-01
1.445821403881109836e+04 7.708939055439707477e-01
1.444708358769089864e+04 7.719188963125119818e-01
1.443595313657070074e+04 7.728649009591305186e-01
1.442482268545050101e+04 7.737492497885566367e-01
1.441377288977319949e+04 7.745836230138408718e-01
1.440264243865299977e+04 7.753827862710349628e-01
1.439159264297570007e+04 7.761550812057459448e-01
1.438054284729840037e+04 7.769035449923364922e-01
1.436957370706400070e+04 7.776303859516789929e-01
1.435852391138669918e+04 7.783280131931670232e-01
1.434755477115229951e+04 7.789928953106821652e-01
1.433658563091789983e+04 7.796101173030803855e-01
1.432561649068349834e+04 7.801612551829392173e-01
1.431472800589199869e+04 7.806309599540720567e-01
1.430375886565759902e+04 7.809967941330901997e-01
1.429287038086609937e+04 7.812416080302172494e-01
1.428198189607459972e+04 7.813402573867704870e-01
1.427109341128310007e+04 7.812764642091682976e-01
1.426028558193449862e+04 7.810329183455678725e-01
1.424939709714299897e+04 7.805971961913147350e-01
1.423858926779439935e+04 7.799581566629871787e-01
1.422778143844579972e+04 7.791108154646811945e-01
1.421705426454010012e+04 7.780572088474284609e-01
1.420624643519149868e+04 7.768056414028977619e-01
1.419551926128579908e+04 7.753687033463798617e-01
1.418479208738009947e+04 7.737675406642080533e-01
1.417406491347439987e+04 7.720247182192435664e-01
1.416333773956870027e+04 7.701696555342082418e-01
1.415269122110589888e+04 7.682350079807291898e-01
1.414204470264309930e+04 7.662597753368920461e-01
1.413139818418029972e+04 7.642839533289792486e-01
1.412075166571750015e+04 7.623491453761241932e-01
1.411010514725470057e+04 7.605026548786585350e-01
1.409953928423479920e+04 7.587800515442674198e-01
1.408889276577199962e+04 7.572252270116567319e-01
1.407832690275210007e+04 7.558728998105066488e-01
1.406784169517509872e+04 7.547550414838051225e-01
1.405727583215519917e+04 7.539046326282231592e-01
1.404679062457819964e+04 7.533406521297690839e-01
1.403622476155830009e+04 7.530772265109297869e-01
1.402573955398129874e+04 7.531198092430239077e-01
1.401533500184719924e+04 7.534742897529372874e-01
1.400484979427019971e+04 7.541303623073057905e-01
1.399444524213610021e+04 7.550724621928094349e-01
1.398396003455909886e+04 7.562774733000398042e-01
1.397355548242499935e+04 7.577203315308760345e-01
1.396323158573379988e+04 7.593651680597559572e-01
1.395282703359969855e+04 7.611712846627810558e-01
1.394250313690849907e+04 7.630982617365485998e-01
1.393209858477439957e+04 7.650982651804745238e-01
1.392177468808320009e+04 7.671232473157642007e-01
1.391153144683489882e+04 7.691276791859522621e-01
1.390120755014369934e+04 7.710668976707498734e-01
1.389096430889539806e+04 7.728987799032078776e-01
1.388064041220419858e+04 7.745797079961272980e-01
1.387039717095590095e+04 7.760746750075220302e-01
1.386023458515049970e+04 7.773514536836875211e-01
1.384999134390219842e+04 7.783812197673435351e-01
1.383974810265390079e+04 7.791512205418632542e-01
1.382958551684849954e+04 7.796462377591002468e-01
1.381942293104310011e+04 7.798564791287683207e-01
1.380926034523769886e+04 7.797861683919148357e-01
1.379917841487519945e+04 7.794394588319657480e-01
1.378901582906979820e+04 7.788282559037250641e-01
1.377893389870729879e+04 7.779677129233231181e-01
1.376885196834479939e+04 7.768870362763347082e-01
1.375877003798229998e+04 7.756081710983505628e-01
1.374868810761980058e+04 7.741622821396869636e-01
1.373860617725729935e+04 7.725870630752089685e-01
1.372860490233769815e+04 7.709103959987412269e-01
1.371860362741810059e+04 7.691774246457423470e-01
1.370860235249850120e+04 7.674188541032447297e-01
1.369860107757890000e+04 7.656710033031169926e-01
1.368868045810219883e+04 7.639664930871121751e-01
1.367867918318259944e+04 7.623407685432115333e-01
1.366875856370590009e+04 7.608220505930778366e-01
1.365883794422920073e+04 7.594340504167265138e-01
1.364891732475249955e+04 7.582012235778052833e-01
1.363899670527580020e+04 7.571342329704613405e-01
1.362915674124199904e+04 7.562395976011273557e-01
1.361931677720819971e+04 7.555199036076866159e-01
1.360939615773149853e+04 7.549750577551993524e-01
1.359963684914059922e+04 7.545880244598400788e-01
1.358979688510679989e+04 7.543397008828099937e-01
1.357995692107299874e+04 7.542079222624292756e-01
1.357019761248209943e+04 7.541626342022513807e-01
1.356043830389120012e+04 7.541668688827202205e-01
1.355067899530029899e+04 7.541826331554979390e-01
1.354091968670939968e+04 7.541705912547784774e-01
1.353116037811850038e+04 7.540877094333660047e-01
1.352148172497049927e+04 7.538974820417720935e-01
1.351172241637959996e+04 7.535612203638277773e-01
1.350204376323159886e+04 7.530522891927499129e-01
1.349236511008360139e+04 7.523425958270127945e-01
1.348276711237850031e+04 7.514177126701578890e-01
1.347308845923049921e+04 7.502719163703426286e-01
1.346349046152539995e+04 7.489032272652098587e-01
1.345381180837740067e+04 7.473226061077027360e-01
1.344421381067229959e+04 7.455489578338302392e-01
1.343461581296720033e+04 7.436089981558097195e-01
1.342509847070500109e+04 7.415406338127921160e-01
1.341550047299990001e+04 7.393773935495967509e-01
1.340598313073770078e+04 7.371687023242290415e-01
1.339646578847549972e+04 7.349556095888662988e-01
1.338694844621329867e+04 7.327752576747362800e-01
1.337743110395109943e+04 7.306720770563335243e-01
1.336791376168890019e+04 7.286801115334013978e-01
1.335847707486959916e+04 7.268287914642233005e-01
1.334895973260739993e+04 7.251376410607407452e-01
1.333952304578810072e+04 7.236226740915717714e-01
1.333008635896879969e+04 7.222820808583468866e-01
1.332073032759239868e+04 7.211119053603229911e-01
1.331129364077309947e+04 7.200949617010654613e-01
1.330185695395379844e+04 7.192108882857261021e-01
1.329250092257740107e+04 7.184373143910547377e-01
1.328314489120100006e+04 7.177418435908289318e-01
1.327378885982459906e+04 7.170890214054270739e-01
1.326443282844819987e+04 7.164499528411949480e-01
1.325515745251469889e+04 7.157870130691490473e-01
1.324580142113829970e+04 7.150799047706353218e-01
1.323652604520479872e+04 7.143002474474532404e-01
1.322725066927129956e+04 7.134284859001391865e-01
1.321797529333779858e+04 7.124531715456983161e-01
1.320869991740429941e+04 7.113746802121450052e-01
1.319950519691370027e+04 7.101896691571255582e-01
1.319022982098019929e+04 7.089114891457007905e-01
1.318103510048959834e+04 7.075548814064300807e-01
1.317184037999899920e+04 7.061397936441559109e-01
1.316264565950840006e+04 7.046944317960301962e-01
1.315345093901779910e+04 7.032475597680631907e-01
1.314433687397009999e+04 7.018307075045823185e-01
1.313514215347949903e+04 7.004804470843254416e-01
1.312602808843179992e+04 6.992321744156465568e-01
1.311691402338409898e+04 6.981123442143856161e-01
1.310779995833639987e+04 6.971598847534399290e-01
1.309868589328870075e+04 6.964064445348250310e-01
1.308965248368389985e+04 6.958696055438914341e-01
1.308053841863619891e+04 6.955744143146216363e-01
1.307150500903139982e+04 6.955384326554588936e-01
1.306247159942659891e+04 6.957629737064643383e-01
1.305343818982179982e+04 6.962493727713974234e-01
1.304440478021699892e+04 6.969905624722870785e-01
1.303545202605509985e+04 6.979632892441225422e-01
1.302641861645029894e+04 6.991411762007680997e-01
1.301746586228839988e+04 7.004892692500678253e-01
1.300851310812649899e+04 7.019588747049609889e-01
1.299956035396459993e+04 7.034956045970641725e-01
1.299060759980269904e+04 7.050333408717749384e-01
1.298165484564079998e+04 7.065091774422702642e-01
1.297278274692179912e+04 7.078529228744132595e-01
1.296382999275990005e+04 7.090030793083449412e-01
1.295495789404089919e+04 7.098810976289056107e-01
1.294608579532190015e+04 7.104368437503262301e-01
1.293721369660289929e+04 7.106157130848885783e-01
1.292842225332679845e+04 7.103807545562509373e-01
1.291955015460779941e+04 7.097021646602241773e-01
1.291075871133170040e+04 7.085675583505186559e-01
1.290188661261270136e+04 7.069796191876018820e-01
1.289309516933660052e+04 7.049616963741761611e-01
1.288430372606049968e+04 7.025534351241540243e-01
1.287559293822730069e+04 6.998063462850128147e-01
1.286680149495119986e+04 6.967876047066967615e-01
1.285801005167509902e+04 6.935739526263385857e-01
1.284929926384190003e+04 6.902562621693717482e-01
1.284058847600870104e+04 6.869220510494045140e-01
1.283187768817550023e+04 6.836693479168510779e-01
1.282316690034229941e+04 6.805882086933273678e-01
1.281445611250909860e+04 6.777649294308889516e-01
1.280582598011879963e+04 6.752728459613627221e-01
1.279719584772849885e+04 6.731822266674934996e-01
1.278848505989529986e+04 6.715353230828341458e-01
1.277985492750499907e+04 6.703717482568766206e-01
1.277122479511469828e+04 6.697016646125886208e-01
1.276259466272439931e+04 6.695175274849245461e-01
1.275404518577699855e+04 6.698000826420549281e-01
1.274541505338669958e+04 6.705118227458340963e-01
1.273686557643929882e+04 6.715935817306480926e-01
1.272831609949189806e+04 6.729819289898852919e-01
1.271976662254450093e+04 6.745975710630047750e-01
1.271121714559710017e+04 6.763626106976887709e-01
1.270266766864969941e+04 6.781891354990441378e-01
1.269419884714519867e+04 6.799917308123308857e-01
1.268564937019779973e+04 6.816997310536043742e-01
1.267718054869329899e+04 6.832354931484445615e-01
1.266871172718879825e+04 6.845428049797137593e-01
1.266024290568429933e+04 6.855775995746232754e-01
1.265177408417979859e+04 6.863139934272485254e-01
1.264330526267529967e+04 6.867328665166740898e-01
1.263483644117079893e+04 6.868300982580936020e-01
1.262644827510920004e+04 6.866324265262128135e-01
1.261806010904759933e+04 6.861600069638136290e-01
1.260967194298599861e+04 6.854599010763987588e-01
1.260128377692439972e+04 6.845849393305302177e-01
1.259289561086280082e+04 6.835912195799814794e-01
1.258450744480119829e+04 6.825407458624893620e-01
1.257619993418249942e+04 6.814972654761033422e-01
1.256781176812090052e+04 6.805189288437697437e-01
1.255950425750219983e+04 6.796635973145448428e-01
1.255119674688349915e+04 6.789779303694009061e-01
1.254288923626480027e+04 6.784985067623414690e-01
1.253458172564609958e+04 6.782470662619665136e-01
