2.499447651116680208e+04 9.219968389972863498e-01
2.496068188059170279e+04 9.218956655415764256e-01
2.492696790545949989e+04 9.216952036169689944e-01
2.489333458577020065e+04 9.213994642487151054e-01
2.485978192152379779e+04 9.210138366462135018e-01
2.482630991272029860e+04 9.205457420771530064e-01
2.479291855935969943e+04 9.200039229566795429e-01
2.475968851688490031e+04 9.193974728869945823e-01
2.472645847441010119e+04 9.187368030914438988e-01
2.469338974282109848e+04 9.180324549257140587e-01
2.466032101123209941e+04 9.172951054807353399e-01
2.462741359052890039e+04 9.165354685688542613e-01
2.459458682526859775e+04 9.157628623366815823e-01
2.456184071545119878e+04 9.149872802083164336e-01
2.452917526107669983e+04 9.142166899785613143e-01
2.449659046214509726e+04 9.134582159056939821e-01
2.446416697409930202e+04 9.127183103736205005e-01
2.443174348605349951e+04 9.120021615332745135e-01
2.439940065345060066e+04 9.113136729333564112e-01
2.436721913173349822e+04 9.106551330037305769e-01
2.433503761001639941e+04 9.100280245872374163e-01
2.430301739918509702e+04 9.094324447822983437e-01
2.427099718835379826e+04 9.088676523414652708e-01
2.423913828840829956e+04 9.083320420070388757e-01
2.420736004390569724e+04 9.078231611129825573e-01
2.417558179940310220e+04 9.073377990839754936e-01
2.414396486578629992e+04 9.068723410514852867e-01
2.411242858761239768e+04 9.064223616197746303e-01
2.408097296488140273e+04 9.059835265828829476e-01
2.404951734215040051e+04 9.055515272652013836e-01
2.401822303030519834e+04 9.051219253806659371e-01
2.398700937390289982e+04 9.046907491331748208e-01
2.395587637294349770e+04 9.042542591123895468e-01
2.392482402742699924e+04 9.038098573282703496e-01
2.389385233735340080e+04 9.033553394386134583e-01
2.386296130272269875e+04 9.028898621537406743e-01
2.383207026809200033e+04 9.024127448979898380e-01
2.380134054434709833e+04 9.019257472518347196e-01
2.377069147604509999e+04 9.014306381887003949e-01
2.374012306318599803e+04 9.009303499653756875e-01
2.370963530576979974e+04 9.004297274577817145e-01
2.367922820379649784e+04 8.999331742908849296e-01
2.364882110182319957e+04 8.994463814636004528e-01
2.361857531073569771e+04 8.989758164110878136e-01
2.358841017509109952e+04 8.985275901989989711e-01
2.355824503944650132e+04 8.981079146039865346e-01
2.352824121468769590e+04 8.977231222897711360e-01
2.349823738992889776e+04 8.973785140523041770e-01
2.346839487605589966e+04 8.970791876238942697e-01
2.343855236218290156e+04 8.968292503130671500e-01
2.340887115919569987e+04 8.966317052273353738e-01
2.337918995620849819e+04 8.964888818699967565e-01
2.334958940866420016e+04 8.964021022888754020e-01
2.332015017200569855e+04 8.963712914673680476e-01
2.329071093534720058e+04 8.963961826260388177e-01
2.326135235413159899e+04 8.964755153497254714e-01
2.323207442835889742e+04 8.966070282325924179e-01
2.320287715802909952e+04 8.967885052270244683e-01
2.317367988769929798e+04 8.970173806361025903e-01
2.314464392825530012e+04 8.972913090417181659e-01
2.311568862425419866e+04 8.976073328139532181e-01
2.308673332025310083e+04 8.979633706952957484e-01
2.305793932713779941e+04 8.983571604462653459e-01
2.302914533402249799e+04 8.987867996057082864e-01
2.300043199635010023e+04 8.992508826868866878e-01
2.297179931412059886e+04 8.997481855790357974e-01
2.294324728733399752e+04 9.002779276495426197e-01
2.291477591599029984e+04 9.008394848264303922e-01
2.288638520008949854e+04 9.014317089097547697e-01
2.285799448418869724e+04 9.020535839341407014e-01
2.282976507917369963e+04 9.027050313353198741e-01
2.280153567415870202e+04 9.033840882859890398e-01
2.277338692458660080e+04 9.040897332167874278e-01
2.274539948590029962e+04 9.048203706338577845e-01
2.271741204721400209e+04 9.055738153352261843e-01
2.268942460852770091e+04 9.063481649310874966e-01
2.266159848072719979e+04 9.071406281149849704e-01
2.263385300836959868e+04 9.079486620575779598e-01
2.260610753601199758e+04 9.087696307293292586e-01
2.257844271909730014e+04 9.096007046361556103e-01
2.255085855762549909e+04 9.104394701123760258e-01
2.252335505159659806e+04 9.112832548920196674e-01
2.249593220101060069e+04 9.121297837582275081e-01
2.246850935042459969e+04 9.129771309899900045e-01
2.244124781072440237e+04 9.138238549953413559e-01
2.241398627102419778e+04 9.146688550978228083e-01
2.238680538676690048e+04 9.155110178155835277e-01
2.235970515795249958e+04 9.163497345105751091e-01
2.233268558458099869e+04 9.171849082758555260e-01
2.230566601120950145e+04 9.180166590760024947e-01
2.227872709328090059e+04 9.188451986538982430e-01
2.225194948623809978e+04 9.196709874676068930e-01
2.222509122375239895e+04 9.204943884758709505e-01
2.219839427215250180e+04 9.213161524215451870e-01
2.217177797599549740e+04 9.221366802973552934e-01
2.214516167983850028e+04 9.229565870189005983e-01
2.211862603912439954e+04 9.237762927567034765e-01
2.209217105385319883e+04 9.245960837781731501e-01
2.206579672402489814e+04 9.254159272870989827e-01
2.203942239419660109e+04 9.262358330038825693e-01
2.201320937525410045e+04 9.270559666357225392e-01
2.198699635631159617e+04 9.278759969734835522e-01
2.196078333736909917e+04 9.286958193501501091e-01
2.193473162931239858e+04 9.295150046325062476e-01
2.190867992125570163e+04 9.303328390658703873e-01
2.188278952408480109e+04 9.311492413658668532e-01
2.185689912691389691e+04 9.319637996605929509e-01
2.183100872974300000e+04 9.327760183804854055e-01
2.180527964345789951e+04 9.335855877285209603e-01
2.177955055717279902e+04 9.343923375556374422e-01
2.175390212633059855e+04 9.351960273141679547e-01
2.172833435093130174e+04 9.359962400512817915e-01
2.170276657553199766e+04 9.367929316903444992e-01
2.167727945557560088e+04 9.375862670615866534e-01
2.165187299106209684e+04 9.383754518966870295e-01
2.162654718199150011e+04 9.391607537761804680e-01
2.160122137292089974e+04 9.399417482754407471e-01
2.157605687473609942e+04 9.407183683418498532e-01
2.155081172110839907e+04 9.414897923646406985e-01
2.152572787836649877e+04 9.422556129865126140e-01
2.150064403562459847e+04 9.430157259020771621e-01
2.147572150376850186e+04 9.437687905257662324e-01
2.145071831646949795e+04 9.445145354832843454e-01
2.142587644005630136e+04 9.452517478558271069e-01
2.140103456364309750e+04 9.459796248394025664e-01
2.137627334267279730e+04 9.466974938708258014e-01
2.135159277714540076e+04 9.474042201124448503e-01
2.132691221161800058e+04 9.480991071546224225e-01
2.130231230153350043e+04 9.487814247849652993e-01
2.127779304689190030e+04 9.494505901743566234e-01
2.125335444769320020e+04 9.501064149255574742e-01
2.122891584849450010e+04 9.507483742549384109e-01
2.120455790473870002e+04 9.513765085294512147e-01
2.118028061642579996e+04 9.519909696982884473e-01
2.115600332811289991e+04 9.525920183634282168e-01
2.113180669524289988e+04 9.531800898925300025e-01
2.110769071781579987e+04 9.537557061522374813e-01
2.108357474038869987e+04 9.543196546451658824e-01
2.105953941840449988e+04 9.548724921699417445e-01
2.103558475186319993e+04 9.554150205308695742e-01
2.101171074076479999e+04 9.559477514769059159e-01
2.098783672966640006e+04 9.564713014517329803e-01
2.096404337401089651e+04 9.569861582752557938e-01
2.094025001835540024e+04 9.574924996402243149e-01
2.091653731814279672e+04 9.579906066963423950e-01
2.089290527337310050e+04 9.584803965254418134e-01
2.086935388404630066e+04 9.589618969553183048e-01
2.084580249471950083e+04 9.594344784264864368e-01
2.082225110539270099e+04 9.598979135381241479e-01
2.079886102695170121e+04 9.603518860786023348e-01
2.077547094851069778e+04 9.607956304768981992e-01
2.075216152551259802e+04 9.612288465878645605e-01
2.072885210251450189e+04 9.616513331040258405e-01
2.070570399040219854e+04 9.620626528636817554e-01
2.068247522284699880e+04 9.624628257670410081e-01
2.065940776617759911e+04 9.628519175794392204e-01
2.063634030950819943e+04 9.632300819117061152e-01
2.061327285283879974e+04 9.635977213325713775e-01
2.059036670705520010e+04 9.639553569494121454e-01
2.056746056127160045e+04 9.643037216064838102e-01
2.054455441548800081e+04 9.646432934778392809e-01
2.052180958059019758e+04 9.649748066792069867e-01
2.049906474569240163e+04 9.652989377501890456e-01
2.047631991079460204e+04 9.656162343031993167e-01
2.045365573133969883e+04 9.659271516458298734e-01
2.043107220732769929e+04 9.662318962444177428e-01
2.040848868331569975e+04 9.665305579943628267e-01
2.038598581474660023e+04 9.668232929442031054e-01
2.036356360162040073e+04 9.671098630846509669e-01
2.034114138849420124e+04 9.673900871461930118e-01
2.031879983081090177e+04 9.676635740337928837e-01
2.029653892857049868e+04 9.679301098997109554e-01
2.027427802633009924e+04 9.681894570312036263e-01
2.025201712408969979e+04 9.684413394827910970e-01
2.022991753273510039e+04 9.686858690458562959e-01
2.020781794138050100e+04 9.689233504428427235e-01
2.018571835002589796e+04 9.691540568363227193e-01
2.016369941411419859e+04 9.693787106347849791e-01
2.014176113364539924e+04 9.695982551687429840e-01
2.011982285317659989e+04 9.698137290833042101e-01
2.009796522815070057e+04 9.700264310536174106e-01
2.007618825856769763e+04 9.702376024593445392e-01
2.005441128898469833e+04 9.704486023618675850e-01
2.003271497484459906e+04 9.706606318259503041e-01
2.001101866070449978e+04 9.708749395633361479e-01
1.998940300200730053e+04 9.710923812228445806e-01
1.996778734331010128e+04 9.713136586961760299e-01
1.994625234005579841e+04 9.715391014795875524e-01
1.992479799224439921e+04 9.717686938256958618e-01
1.990334364443299637e+04 9.720022139099455671e-01
1.988196995206450083e+04 9.722390713793076511e-01
1.986059625969600165e+04 9.724781960775348288e-01
1.983930322277040250e+04 9.727183846102336329e-01
1.981809084128769973e+04 9.729583117358183708e-01
1.979687845980499696e+04 9.731962608886518540e-01
1.977574673376520150e+04 9.734306542571176113e-01
1.975461500772540239e+04 9.736599764127752410e-01
1.973356393712849967e+04 9.738827051346037322e-01
1.971251286653160059e+04 9.740973824487647592e-01
1.969154245137760154e+04 9.743029141536914128e-01
1.967057203622359884e+04 9.744983370449326054e-01
1.964968227651249617e+04 9.746827255446566252e-01
1.962887317224430080e+04 9.748559172847025556e-01
1.960806406797610180e+04 9.750175220454271319e-01
1.958733561915079918e+04 9.751678642725563062e-01
1.956660717032549655e+04 9.753070175443674383e-01
1.954595937694309760e+04 9.754355723190761829e-01
1.952531158356069864e+04 9.755540874846188037e-01
1.950474444562119970e+04 9.756634453448380651e-01
1.948417730768170077e+04 9.757643457690728939e-01
1.946369082518510186e+04 9.758578135589812685e-01
1.944328499813139933e+04 9.759444880506407127e-01
1.942287917107769681e+04 9.760253655977254583e-01
1.940247334402400156e+04 9.761012606308675510e-01
1.938214817241319906e+04 9.761728600443959625e-01
1.936190365624530023e+04 9.762409658696157289e-01
1.934165914007740139e+04 9.763060166840678011e-01
1.932149527935239894e+04 9.763687073639609748e-01
1.930133141862740013e+04 9.764293667144369193e-01
1.928124821334529770e+04 9.764884406356192370e-01
1.926116500806319891e+04 9.765462858292038861e-01
1.924116245822400015e+04 9.766033030872509624e-01
1.922115990838479775e+04 9.766596583809109555e-01
1.920123801398849901e+04 9.767155511928156120e-01
1.918131611959220027e+04 9.767713293595204904e-01
1.916147488063879791e+04 9.768272034755619559e-01
1.914171429712830286e+04 9.768832924473451751e-01
1.912195371361780053e+04 9.769398460423187602e-01
1.910219313010730184e+04 9.769971156218000274e-01
1.908251320203969954e+04 9.770551739646540224e-01
1.906283327397210087e+04 9.771142641239659588e-01
1.904323400134740223e+04 9.771746206462171846e-01
1.902371538416559997e+04 9.772360748689307153e-01
1.900419676698379772e+04 9.772988437419848351e-01
1.898467814980199910e+04 9.773628464663058901e-01
1.896524018806309687e+04 9.774282196478015772e-01
1.894588288176710194e+04 9.774948057853826144e-01
1.892644492002819970e+04 9.775623688058853178e-01
1.890716826917510116e+04 9.776308404941198571e-01
1.888789161832199898e+04 9.777000256388876931e-01
1.886861496746890043e+04 9.777694377696170003e-01
1.884941897205869827e+04 9.778390468901270172e-01
1.883030363209139978e+04 9.779083165934980837e-01
1.881118829212409764e+04 9.779770938610371500e-01
1.879207295215679915e+04 9.780450744107236360e-01
1.877303826763240068e+04 9.781119654467668179e-01
1.875400358310800220e+04 9.781775777186644261e-01
1.873504955402650012e+04 9.782418335003895127e-01
1.871609552494499803e+04 9.783045063325401802e-01
1.869722215130639961e+04 9.783656665919235884e-01
1.867834877766780119e+04 9.784254160096983455e-01
1.865955605947209915e+04 9.784838264376993777e-01
1.864084399671930078e+04 9.785410732574640891e-01
1.862205127852359874e+04 9.785974848841562101e-01
1.860333921577080037e+04 9.786533816722546852e-01
1.858470780846089838e+04 9.787089657113060559e-01
1.856607640115100003e+04 9.787647151508259702e-01
1.854752564928399806e+04 9.788208731260652495e-01
1.852897489741699974e+04 9.788778109693474505e-01
1.851042414554999777e+04 9.789357267718936662e-01
1.849195404912589947e+04 9.789948800913584881e-01
1.847356460814470120e+04 9.790553531665855402e-01
1.845517516716349928e+04 9.791172938023471328e-01
1.843678572618230100e+04 9.791807796618883231e-01
1.841847694064399911e+04 9.792458239363976968e-01
1.840016815510570086e+04 9.793124626579443603e-01
1.838194002501029900e+04 9.793805609390858757e-01
1.836371189491489713e+04 9.794501612381310007e-01
1.834556442026239893e+04 9.795211091614639543e-01
1.832741694560990072e+04 9.795934147299251160e-01
1.830935012640029890e+04 9.796668620015190898e-01
1.829128330719070073e+04 9.797412464448554958e-01
1.827321648798109891e+04 9.798166969226639322e-01
1.825523032421440075e+04 9.798929737284324260e-01
1.823724416044769896e+04 9.799697164461284027e-01
1.821933865212390083e+04 9.800467747005079389e-01
1.820143314380009906e+04 9.801238937192663370e-01
1.818360829091920095e+04 9.802006011119025475e-01
1.816578343803830285e+04 9.802765600223043441e-01
1.814803924060030113e+04 9.803513149359028844e-01
1.813029504316229941e+04 9.804243603736623180e-01
1.811255084572430133e+04 9.804951364377111345e-01
1.809488730372919963e+04 9.805632270905746406e-01
1.807722376173409793e+04 9.806280346476965448e-01
1.805964087518189990e+04 9.806892434204407261e-01
1.804205798862970187e+04 9.807463151321114125e-01
1.802455575752040022e+04 9.807991402655067414e-01
1.800705352641109857e+04 9.808475219997597749e-01
1.798955129530180056e+04 9.808916002273837531e-01
1.797212971963539894e+04 9.809313826248531321e-01
1.795478879941189734e+04 9.809671471884567895e-01
1.793736722374549936e+04 9.809993547012350046e-01
1.792002630352199776e+04 9.810286052806742596e-01
1.790276603874139983e+04 9.810554201483525638e-01
1.788550577396079825e+04 9.810804867155654696e-01
1.786824550918020032e+04 9.811043952236697674e-01
1.785106589984249877e+04 9.811279162638845142e-01
1.783396694594769724e+04 9.811516844860337372e-01
1.781678733660999933e+04 9.811760707689624050e-01
1.779968838271519780e+04 9.812015662622445289e-01
1.778267008426329994e+04 9.812283685637490649e-01
1.776565178581139844e+04 9.812564157939792642e-01
1.774863348735949694e+04 9.812857125719205431e-01
1.773169584435049910e+04 9.813158545369227159e-01
1.771475820134149762e+04 9.813465049780087934e-01
1.769782055833249979e+04 9.813771481693396304e-01
1.768096357076639833e+04 9.814069690267821500e-01
1.766418723864320054e+04 9.814352841398337191e-01
1.764733025107709909e+04 9.814613562061469398e-01
1.763063457439679769e+04 9.814844021141860830e-01
1.761385824227359990e+04 9.815038138416058988e-01
1.759716256559330213e+04 9.815187597990354673e-01
1.758046688891300073e+04 9.815289007658106746e-01
1.756385186767559935e+04 9.815340204900288024e-01
1.754723684643820161e+04 9.815336751143624028e-01
1.753070248064370026e+04 9.815278826027805659e-01
1.751416811484919890e+04 9.815165439029533978e-01
1.749763374905470118e+04 9.815000395023516511e-01
1.748118003870309985e+04 9.814784637606959183e-01
1.746472632835150216e+04 9.814521507334865724e-01
1.744827261799990083e+04 9.814212956315917502e-01
1.743189956309119952e+04 9.813864004209914560e-01
1.741560716362540188e+04 9.813475349481656229e-01
1.739923410871670058e+04 9.813048851901289282e-01
1.738294170925089929e+04 9.812586423550753167e-01
1.736672996522799804e+04 9.812088395438213206e-01
1.735051822120510042e+04 9.811554270980386017e-01
1.733430647718219916e+04 9.810982417657631016e-01
1.731809473315930154e+04 9.810370441174658396e-01
1.730196364457929667e+04 9.809716699035738730e-01
1.728591321144219910e+04 9.809018440278635120e-01
1.726978212286219787e+04 9.808272021934781870e-01
1.725373168972510030e+04 9.807474817809308520e-01
1.723776191203089911e+04 9.806625075269238545e-01
1.722179213433669793e+04 9.805720045335127866e-01
1.720582235664249674e+04 9.804759408850032276e-01
1.718993323439119922e+04 9.803741235806080478e-01
1.717404411213989806e+04 9.802664321216070231e-01
1.715815498988859690e+04 9.801530701288456715e-01
1.714234652308019940e+04 9.800338791442546604e-01
1.712653805627179827e+04 9.799089908083031819e-01
1.711072958946339713e+04 9.797784242464607773e-01
1.709500177809789966e+04 9.796421221525338785e-01
1.707927396673240219e+04 9.795001287944605783e-01
1.706362681080979746e+04 9.793522515584240917e-01
1.704797965488720001e+04 9.791983588506896208e-01
1.703233249896460256e+04 9.790383133526032733e-01
1.701668534304199784e+04 9.788717905706441069e-01
1.700111884256230042e+04 9.786985246626336288e-01
1.698563299752549938e+04 9.785183107825977666e-01
1.697006649704579831e+04 9.783307619616786743e-01
1.695458065200900091e+04 9.781355816675122439e-01
1.693917546241509990e+04 9.779324987785783518e-01
1.692377027282119889e+04 9.777211350746412011e-01
1.690836508322729787e+04 9.775015221353912098e-01
1.689295989363340050e+04 9.772735200637727715e-01
1.687763535948239951e+04 9.770371051628640169e-01
1.686231082533140216e+04 9.767922472281402868e-01
1.684706694662329755e+04 9.765389178346047805e-01
1.683182306791519659e+04 9.762774804621545677e-01
1.681657918920709926e+04 9.760080349544886236e-01
1.680141596594189832e+04 9.757307573979893123e-01
1.678617208723380099e+04 9.754460036975434178e-01
1.677108951941149644e+04 9.751540381017240744e-01
1.675592629614629914e+04 9.748553773699454306e-01
1.674084372832400186e+04 9.745502147644791169e-01
1.672584181594459733e+04 9.742390667982315788e-01
1.671075924812230005e+04 9.739225120151572268e-01
1.669575733574289916e+04 9.736009160213658920e-01
1.668083607880640193e+04 9.732750161696469560e-01
1.666583416642700104e+04 9.729456264126875586e-01
1.665091290949050017e+04 9.726136575376816973e-01
1.663607230799689933e+04 9.722800009254169984e-01
1.662115105106040210e+04 9.719459485561299239e-01
1.660631044956680125e+04 9.716128812572568663e-01
1.659155050351610043e+04 9.712822438480552822e-01
1.657670990202249959e+04 9.709557235938626185e-01
1.656194995597179877e+04 9.706350152289292543e-01
1.654727066536400162e+04 9.703221313485197452e-01
1.653259137475620082e+04 9.700191951078873664e-01
1.651791208414839639e+04 9.697280831131486201e-01
1.650323279354059923e+04 9.694510829942415420e-01
1.648863415837569846e+04 9.691903387539473336e-01
1.647403552321080133e+04 9.689478789921103230e-01
1.645943688804589692e+04 9.687259422976095546e-01
1.644491890832389981e+04 9.685263742906036200e-01
1.643040092860190271e+04 9.683509580303856223e-01
1.641588294887989832e+04 9.682014937001157673e-01
1.640136496915790121e+04 9.680794949658313442e-01
1.638692764487880049e+04 9.679862066062565606e-01
1.637257097604259798e+04 9.679228829963028025e-01
1.635813365176350089e+04 9.678901918298944418e-01
1.634377698292730020e+04 9.678888669075143003e-01
1.632942031409109950e+04 9.679191470066825786e-01
1.631514430069779883e+04 9.679810931509671423e-01
1.630086828730449815e+04 9.680746741832368940e-01
1.628659227391120112e+04 9.681994226033621143e-01
1.627239691596080047e+04 9.683546568088104989e-01
1.625812090256750162e+04 9.685393546526197550e-01
1.624400620005999735e+04 9.687525076998998452e-01
1.622981084210959852e+04 9.689926515573316079e-01
1.621569613960209790e+04 9.692582059027294861e-01
1.620158143709459910e+04 9.695474679192954692e-01
1.618746673458710029e+04 9.698585896176175059e-01
1.617343268752250151e+04 9.701894569050447670e-01
1.615939864045789909e+04 9.705378500836463473e-01
1.614536459339330031e+04 9.709016693796929109e-01
1.613141120177159792e+04 9.712785411330105978e-01
1.611745781014989916e+04 9.716662495777869113e-01
1.610350441852820040e+04 9.720625823765471907e-01
1.608963168234939985e+04 9.724651336122099865e-01
1.607567829072770110e+04 9.728718619941822965e-01
1.606188620999179875e+04 9.732806188092342214e-01
1.604801347381300002e+04 9.736894019580640824e-01
1.603422139307709949e+04 9.740963022374088398e-01
1.602042931234120078e+04 9.744996582566733956e-01
1.600663723160529844e+04 9.748977248331435197e-01
1.599292580631229976e+04 9.752890866830150607e-01
1.597921438101930107e+04 9.756723012255354988e-01
1.596550295572630057e+04 9.760460799788521769e-01
1.595187218587620009e+04 9.764091774276054680e-01
1.593816076058319959e+04 9.767604780565164457e-01
1.592461064617599914e+04 9.770989504732802144e-01
1.591097987632589866e+04 9.774235650391938091e-01
1.589742976191870002e+04 9.777332440883874654e-01
1.588387964751149957e+04 9.780271154130840694e-01
1.587032953310429912e+04 9.783041631000696237e-01
1.585686007413999869e+04 9.785633860747877666e-01
1.584339061517569826e+04 9.788039890944230104e-01
1.582992115621139965e+04 9.790248593390102894e-01
1.581645169724709922e+04 9.792252351928713017e-01
1.580306289372570063e+04 9.794043487946600957e-01
1.578967409020430023e+04 9.795614019252660842e-01
1.577628528668289982e+04 9.796959000782162752e-01
1.576297713860440126e+04 9.798072733915088595e-01
1.574966899052589906e+04 9.798950950099564183e-01
1.573636084244740050e+04 9.799592845330549196e-01
1.572313334981179833e+04 9.799997511457679833e-01
1.570982520173329976e+04 9.800168074163959631e-01
1.569659770909769941e+04 9.800107985510155828e-01
1.568345087190499908e+04 9.799819370706532862e-01
1.567022337926940054e+04 9.799310342460247902e-01
1.565707654207670021e+04 9.798588156126122328e-01
1.564401036032689990e+04 9.797659486303873511e-01
1.563086352313419957e+04 9.796533143585097747e-01
1.561779734138440108e+04 9.795216604508745206e-01
1.560473115963459895e+04 9.793719536097792444e-01
1.559166497788479865e+04 9.792048559384497475e-01
1.557867945157790018e+04 9.790211550541537688e-01
1.556569392527099990e+04 9.788216480247596829e-01
1.555270839896409962e+04 9.786068242911274417e-01
1.553972287265719933e+04 9.783772755867283788e-01
1.552681800179319907e+04 9.781336006982507270e-01
1.551391313092920063e+04 9.778763919907942359e-01
1.550100826006520037e+04 9.776061840245182655e-01
1.548810338920120012e+04 9.773237310270916911e-01
1.547527917378009988e+04 9.770297713415905250e-01
1.546245495835899965e+04 9.767253704302274464e-01
1.544971139838079944e+04 9.764114870715647765e-01
1.543688718295969920e+04 9.760895380012727385e-01
1.542414362298149899e+04 9.757611215927260995e-01
1.541140006300330060e+04 9.754280496982282722e-01
1.539865650302509857e+04 9.750923356437383172e-01
1.538599359848980021e+04 9.747561248479610363e-01
1.537333069395450002e+04 9.744220249183480620e-01
1.536066778941919983e+04 9.740925340422261769e-01
1.534808554032679967e+04 9.737706062178468347e-01
1.533542263579150131e+04 9.734591804844520135e-01
1.532284038669910115e+04 9.731612747136290098e-01
1.531033879304959919e+04 9.728800397113214204e-01
1.529775654395719903e+04 9.726185568048422159e-01
1.528525495030769889e+04 9.723799322594938177e-01
1.527275335665820057e+04 9.721673691610490664e-01
1.526025176300870044e+04 9.719837874317008852e-01
1.524783082480210032e+04 9.718320487945912856e-01
1.523532923115260019e+04 9.717147485540915675e-01
1.522290829294600007e+04 9.716345291006901475e-01
1.521056801018229999e+04 9.715935292755365493e-01
1.519814707197569987e+04 9.715937192485333274e-01
1.518580678921199979e+04 9.716367545341478840e-01
1.517346650644829970e+04 9.717238741462506102e-01
1.516120687912749963e+04 9.718560821133175320e-01
1.514886659636379954e+04 9.720338239756930454e-01
1.513660696904299948e+04 9.722571377709354756e-01
1.512434734172219942e+04 9.725256791174983206e-01
1.511208771440140117e+04 9.728385429859245370e-01
1.509990874252349931e+04 9.731943638529095830e-01
1.508772977064560109e+04 9.735913256012295180e-01
1.507555079876769923e+04 9.740273222531546926e-01
1.506337182688980101e+04 9.744996528523904855e-01
1.505127351045479918e+04 9.750052692030944934e-01
1.503917519401979916e+04 9.755409479861568700e-01
1.502707687758480097e+04 9.761029277455418596e-01
1.501497856114980095e+04 9.766876192797157019e-01
1.500296090015770096e+04 9.772909508837932524e-01
1.499094323916560097e+04 9.779089208246537490e-01
1.497892557817350098e+04 9.785374503603363472e-01
1.496690791718140099e+04 9.791725719972104169e-01
1.495497091163219920e+04 9.798103845345372820e-01
1.494303390608299924e+04 9.804471400770572442e-01
1.493109690053380109e+04 9.810792710845847031e-01
1.491915989498459930e+04 9.817036096400956202e-01
1.490730354487830118e+04 9.823170040707945860e-01
1.489536653932909940e+04 9.829168147931958144e-01
1.488351018922279945e+04 9.835007321554385396e-01
1.487173449455939954e+04 9.840666438368071978e-01
1.485987814445309959e+04 9.846129135967738311e-01
1.484810244978969968e+04 9.851381257968353511e-01
1.483632675512629976e+04 9.856412707299953002e-01
1.482455106046289984e+04 9.861215733467816325e-01
1.481285602124239995e+04 9.865787615384021825e-01
1.480108032657900003e+04 9.870125670965297360e-01
1.478938528735850014e+04 9.874230580244496291e-01
1.477769024813800024e+04 9.878106329192440915e-01
1.476607586436039855e+04 9.881756474385108291e-01
1.475446148058280050e+04 9.885187398230700362e-01
1.474276644136230061e+04 9.888407788297327583e-01
1.473123271302760077e+04 9.891425873044733530e-01
1.471961832924999908e+04 9.894250211922340776e-01
1.470808460091529923e+04 9.896889332900025149e-01
1.469647021713769936e+04 9.899353638945005418e-01
1.468493648880299952e+04 9.901653489423307697e-01
1.467348341591119970e+04 9.903795882719421684e-01
1.466194968757649985e+04 9.905790754521881514e-01
1.465049661468470003e+04 9.907647025107338967e-01
1.463904354179290021e+04 9.909370171708403729e-01
1.462759046890110039e+04 9.910968057470491699e-01
1.461621805145219878e+04 9.912447082461430803e-01
1.460476497856039896e+04 9.913814220241566888e-01
1.459339256111149916e+04 9.915073159990477336e-01
1.458202014366260119e+04 9.916228123369116298e-01
1.457072838165659959e+04 9.917286218344314452e-01
1.455935596420769798e+04 9.918251922933774001e-01
1.454806420220170003e+04 9.919129427537830557e-01
1.453677244019570026e+04 9.919923428941367360e-01
1.452548067818969866e+04 9.920639250114681174e-01
1.451426957162659892e+04 9.921283193955064972e-01
1.450297780962060096e+04 9.921860304097069871e-01
1.449176670305749940e+04 9.922376556882367415e-01
1.448055559649439965e+04 9.922839917187884495e-01
1.446942514537419811e+04 9.923256008527246985e-01
1.445821403881109836e+04 9.923631301847990471e-01
1.444708358769089864e+04 9.923972965437506399e-01
1.443595313657070074e+04 9.924288300319710210e-01
1.442482268545050101e+04 9.924583083262852323e-01
1.441377288977319949e+04 9.924861207671280550e-01
1.440264243865299977e+04 9.925127595423677285e-01
1.439159264297570007e+04 9.925385027068580612e-01
1.438054284729840037e+04 9.925634514997445645e-01
1.436957370706400070e+04 9.925876795317225554e-01
1.435852391138669918e+04 9.926109337731056081e-01
1.434755477115229951e+04 9.926330965103560278e-01
1.433658563091789983e+04 9.926536705767694535e-01
1.432561649068349834e+04 9.926720418394311407e-01
1.431472800589199869e+04 9.926876986651357315e-01
1.430375886565759902e+04 9.926998931377695179e-01
1.429287038086609937e+04 9.927080536010073342e-01
1.428198189607459972e+04 9.927113419128921201e-01
1.427109341128310007e+04 9.927092154736389951e-01
1.426028558193449862e+04 9.927010972781855624e-01
1.424939709714299897e+04 9.926865732063770986e-01
1.423858926779439935e+04 9.926652718887660765e-01
1.422778143844579972e+04 9.926370271821561841e-01
1.421705426454010012e+04 9.926019069615809043e-01
1.420624643519149868e+04 9.925601880467631588e-01
1.419551926128579908e+04 9.925122901115461804e-01
1.418479208738009947e+04 9.924589180221403684e-01
1.417406491347439987e+04 9.924008239406414411e-01
1.416333773956870027e+04 9.923389885178068859e-01
1.415269122110589888e+04 9.922745002660243729e-01
1.414204470264309930e+04 9.922086591778963571e-01
1.413139818418029972e+04 9.921427984442993120e-01
1.412075166571750015e+04 9.920783048458707842e-01
1.411010514725470057e+04 9.920167551626218883e-01
1.409953928423479920e+04 9.919593350514753771e-01
1.408889276577199962e+04 9.919075075670552577e-01
1.407832690275210007e+04 9.918624299936835698e-01
1.406784169517509872e+04 9.918251680494600819e-01
1.405727583215519917e+04 9.917968210876073609e-01
1.404679062457819964e+04 9.917780217376589436e-01
1.403622476155830009e+04 9.917692408836977780e-01
1.402573955398129874e+04 9.917706603081007932e-01
1.401533500184719924e+04 9.917824763250979725e-01
1.400484979427019971e+04 9.918043454102434264e-01
1.399444524213610021e+04 9.918357487397604366e-01
1.398396003455909886e+04 9.918759157766680046e-01
1.397355548242499935e+04 9.919240110510292308e-01
1.396323158573379988e+04 9.919788389353253466e-01
1.395282703359969855e+04 9.920390428220927648e-01
1.394250313690849907e+04 9.921032753912184532e-01
1.393209858477439957e+04 9.921699421726825063e-01
1.392177468808320009e+04 9.922374415771920697e-01
1.391153144683489882e+04 9.923042559728650902e-01
1.390120755014369934e+04 9.923688965890251623e-01
1.389096430889539806e+04 9.924299593301069145e-01
1.388064041220419858e+04 9.924859902665377209e-01
1.387039717095590095e+04 9.925358225002507417e-01
1.386023458515049970e+04 9.925783817894562322e-01
1.384999134390219842e+04 9.926127073255780475e-01
1.383974810265390079e+04 9.926383740180620974e-01
1.382958551684849954e+04 9.926548745919698824e-01
1.381942293104310011e+04 9.926618826376257809e-01
1.380926034523769886e+04 9.926595389463970243e-01
1.379917841487519945e+04 9.926479819610655175e-01
1.378901582906979820e+04 9.926276085301241059e-01
1.377893389870729879e+04 9.925989237641106300e-01
1.376885196834479939e+04 9.925629012092112013e-01
1.375877003798229998e+04 9.925202723699451113e-01
1.374868810761980058e+04 9.924720760713229284e-01
1.373860617725729935e+04 9.924195687691733658e-01
1.372860490233769815e+04 9.923636798666246595e-01
1.371860362741810059e+04 9.923059141548582485e-01
1.370860235249850120e+04 9.922472951367748983e-01
1.369860107757890000e+04 9.921890334434373404e-01
1.368868045810219883e+04 9.921322164362370577e-01
1.367867918318259944e+04 9.920780256181070955e-01
1.366875856370590009e+04 9.920274016864361055e-01
1.365883794422920073e+04 9.919811350138907358e-01
1.364891732475249955e+04 9.919400407859267910e-01
1.363899670527580020e+04 9.919044744323487484e-01
1.362915674124199904e+04 9.918746532533707638e-01
1.361931677720819971e+04 9.918506634535895206e-01
1.360939615773149853e+04 9.918325019251731378e-01
1.359963684914059922e+04 9.918196008153279397e-01
1.358979688510679989e+04 9.918113233627603442e-01
1.357995692107299874e+04 9.918069307420809277e-01
1.357019761248209943e+04 9.918054211400750830e-01
1.356043830389120012e+04 9.918055622960906259e-01
1.355067899530029899e+04 9.918060877718501978e-01
1.354091968670939968e+04 9.918056863751592012e-01
1.353116037811850038e+04 9.918029236477790000e-01
1.352148172497049927e+04 9.917965827347259289e-01
1.351172241637959996e+04 9.917853740121277406e-01
1.350204376323159886e+04 9.917684096397582083e-01
1.349236511008360139e+04 9.917447531942337191e-01
1.348276711237850031e+04 9.917139237556719111e-01
1.347308845923049921e+04 9.916757305456780358e-01
1.346349046152539995e+04 9.916301075755069583e-01
1.345381180837740067e+04 9.915774202035901874e-01
1.344421381067229959e+04 9.915182985944610561e-01
1.343461581296720033e+04 9.914536332718602019e-01
1.342509847070500109e+04 9.913846877937596558e-01
1.341550047299990001e+04 9.913125797849865473e-01
1.340598313073770078e+04 9.912389567441408644e-01
1.339646578847549972e+04 9.911651869862955211e-01
1.338694844621329867e+04 9.910925085891578723e-01
1.337743110395109943e+04 9.910224025685446803e-01
1.336791376168890019e+04 9.909560037177800318e-01
1.335847707486959916e+04 9.908942930488073841e-01
1.334895973260739993e+04 9.908379213686913101e-01
1.333952304578810072e+04 9.907874224697190702e-01
1.333008635896879969e+04 9.907427360286114038e-01
1.332073032759239868e+04 9.907037301786772998e-01
1.331129364077309947e+04 9.906698320567020044e-01
1.330185695395379844e+04 9.906403629428576219e-01
1.329250092257740107e+04 9.906145771463684691e-01
1.328314489120100006e+04 9.905913947863609348e-01
1.327378885982459906e+04 9.905696340468475025e-01
1.326443282844819987e+04 9.905483317613732464e-01
1.325515745251469889e+04 9.905262337689715313e-01
1.324580142113829970e+04 9.905026634923546069e-01
1.323652604520479872e+04 9.904766749149150895e-01
1.322725066927129956e+04 9.904476161966713210e-01
1.321797529333779858e+04 9.904151057181899143e-01
1.320869991740429941e+04 9.903791560070713818e-01
1.319950519691370027e+04 9.903396556385707372e-01
1.319022982098019929e+04 9.902970496381902077e-01
1.318103510048959834e+04 9.902518293802142768e-01
1.317184037999899920e+04 9.902046597881385415e-01
1.316264565950840006e+04 9.901564810598675326e-01
1.315345093901779910e+04 9.901082519922688174e-01
1.314433687397009999e+04 9.900610235834860218e-01
1.313514215347949903e+04 9.900160149028108814e-01
1.312602808843179992e+04 9.899744058138548741e-01
1.311691402338409898e+04 9.899370781404795983e-01
1.310779995833639987e+04 9.899053294917813384e-01
1.309868589328870075e+04 9.898802148178275084e-01
1.308965248368389985e+04 9.898623201847963626e-01
1.308053841863619891e+04 9.898524804771540175e-01
1.307150500903139982e+04 9.898512810885152780e-01
1.306247159942659891e+04 9.898587657902154779e-01
1.305343818982179982e+04 9.898749790923798697e-01
1.304440478021699892e+04 9.898996854157430247e-01
1.303545202605509985e+04 9.899321096414704924e-01
1.302641861645029894e+04 9.899713725400256514e-01
1.301746586228839988e+04 9.900163089750022571e-01
1.300851310812649899e+04 9.900652958234986700e-01
1.299956035396459993e+04 9.901165201532354798e-01
1.299060759980269904e+04 9.901677780290591979e-01
1.298165484564079998e+04 9.902169725814089496e-01
1.297278274692179912e+04 9.902617640958139011e-01
1.296382999275990005e+04 9.903001026436114573e-01
1.295495789404089919e+04 9.903293699209636536e-01
1.294608579532190015e+04 9.903478947916775077e-01
1.293721369660289929e+04 9.903538571028297488e-01
1.292842225332679845e+04 9.903460251518747537e-01
1.291955015460779941e+04 9.903234054886740356e-01
1.291075871133170040e+04 9.902855852783504220e-01
1.290188661261270136e+04 9.902326539729199295e-01
1.289309516933660052e+04 9.901653898791392683e-01
1.288430372606049968e+04 9.900851145041383861e-01
1.287559293822730069e+04 9.899935448761669754e-01
1.286680149495119986e+04 9.898929201568897884e-01
1.285801005167509902e+04 9.897857984208781046e-01
1.284929926384190003e+04 9.896752087389790731e-01
1.284058847600870104e+04 9.895640683683132321e-01
1.283187768817550023e+04 9.894556449305617063e-01
1.282316690034229941e+04 9.893529402897776048e-01
1.281445611250909860e+04 9.892588309810295133e-01
1.280582598011879963e+04 9.891757615320453390e-01
1.279719584772849885e+04 9.891060742222497204e-01
1.278848505989529986e+04 9.890511774360943864e-01
1.277985492750499907e+04 9.890123916085624689e-01
1.277122479511469828e+04 9.889900554870861837e-01
1.276259466272439931e+04 9.889839175828307738e-01
1.275404518577699855e+04 9.889933360880684976e-01
1.274541505338669958e+04 9.890170607581943996e-01
1.273686557643929882e+04 9.890531193910216956e-01
1.272831609949189806e+04 9.890993976329962578e-01
1.271976662254450093e+04 9.891532523687667222e-01
1.271121714559710017e+04 9.892120870232561369e-01
1.270266766864969941e+04 9.892729711833014861e-01
1.269419884714519867e+04 9.893330576937441334e-01
1.268564937019779973e+04 9.893899910351201532e-01
1.267718054869329899e+04 9.894411831049479966e-01
1.266871172718879825e+04 9.894847601659905179e-01
1.266024290568429933e+04 9.895192533191539130e-01
1.265177408417979859e+04 9.895437997809084507e-01
1.264330526267529967e+04 9.895577622172224697e-01
1.263483644117079893e+04 9.895610032752698570e-01
1.262644827510920004e+04 9.895544142175403124e-01
1.261806010904759933e+04 9.895386668987935508e-01
1.260967194298599861e+04 9.895153300358799919e-01
1.260128377692439972e+04 9.894861646443510184e-01
1.259289561086280082e+04 9.894530406526660382e-01
1.258450744480119829e+04 9.894180248620831897e-01
1.257619993418249942e+04 9.893832421825367041e-01
1.256781176812090052e+04 9.893506309614588101e-01
1.255950425750219983e+04 9.893221199104849095e-01
1.255119674688349915e+04 9.892992643456466340e-01
1.254288923626480027e+04 9.892832835587447304e-01
1.253458172564609958e+04 9.892749022087321542e-01
