2.499447651116680208e+04 9.321300000000000141e-01
2.496068188059170279e+04 9.526099999999999568e-01
2.492696790545949989e+04 9.391599999999999948e-01
2.489333458577020065e+04 9.190399999999999681e-01
2.485978192152379779e+04 9.337199999999999944e-01
2.482630991272029860e+04 9.091000000000000192e-01
2.479291855935969943e+04 9.224900000000000322e-01
2.475968851688490031e+04 9.168199999999999683e-01
2.472645847441010119e+04 9.018300000000000205e-01
2.469338974282109848e+04 9.175800000000000622e-01
2.466032101123209941e+04 9.203000000000000069e-01
2.462741359052890039e+04 9.103299999999999725e-01
2.459458682526859775e+04 9.245700000000000029e-01
2.456184071545119878e+04 9.238399999999999945e-01
2.452917526107669983e+04 9.041500000000000092e-01
2.449659046214509726e+04 9.139300000000000201e-01
2.446416697409930202e+04 9.175400000000000222e-01
2.443174348605349951e+04 9.205900000000000194e-01
2.439940065345060066e+04 8.937100000000000044e-01
2.436721913173349822e+04 9.041799999999999837e-01
2.433503761001639941e+04 8.937899999999999734e-01
2.430301739918509702e+04 8.972599999999999465e-01
2.427099718835379826e+04 9.028800000000000159e-01
2.423913828840829956e+04 9.157999999999999474e-01
2.420736004390569724e+04 9.209399999999999809e-01
2.417558179940310220e+04 9.224799999999999667e-01
2.414396486578629992e+04 8.981999999999999984e-01
2.411242858761239768e+04 8.940900000000000514e-01
2.408097296488140273e+04 9.222399999999999487e-01
2.404951734215040051e+04 8.834100000000000286e-01
2.401822303030519834e+04 9.007199999999999651e-01
2.398700937390289982e+04 9.089899999999999647e-01
2.395587637294349770e+04 9.040099999999999802e-01
2.392482402742699924e+04 9.063900000000000290e-01
2.389385233735340080e+04 8.976199999999999735e-01
2.386296130272269875e+04 9.086699999999999777e-01
2.383207026809200033e+04 9.139399999999999746e-01
2.380134054434709833e+04 9.110099999999999865e-01
2.377069147604509999e+04 9.120800000000000018e-01
2.374012306318599803e+04 9.008199999999999541e-01
2.370963530576979974e+04 9.020599999999999730e-01
2.367922820379649784e+04 9.029000000000000359e-01
2.364882110182319957e+04 9.045300000000000562e-01
2.361857531073569771e+04 9.029800000000000049e-01
2.358841017509109952e+04 8.847700000000000564e-01
2.355824503944650132e+04 8.836100000000000065e-01
2.352824121468769590e+04 8.991500000000000048e-01
2.349823738992889776e+04 8.923799999999999510e-01
2.346839487605589966e+04 8.916500000000000536e-01
2.343855236218290156e+04 8.920900000000000496e-01
2.340887115919569987e+04 8.825800000000000312e-01
2.337918995620849819e+04 8.933600000000000430e-01
2.334958940866420016e+04 8.931999999999999940e-01
2.332015017200569855e+04 8.931499999999999995e-01
2.329071093534720058e+04 8.932100000000000595e-01
2.326135235413159899e+04 8.894999999999999574e-01
2.323207442835889742e+04 8.835899999999999865e-01
2.320287715802909952e+04 8.945699999999999763e-01
2.317367988769929798e+04 9.082400000000000473e-01
2.314464392825530012e+04 9.027899999999999814e-01
2.311568862425419866e+04 9.064699999999999980e-01
2.308673332025310083e+04 9.025100000000000344e-01
2.305793932713779941e+04 8.821999999999999842e-01
2.302914533402249799e+04 9.039899999999999602e-01
2.300043199635010023e+04 8.956300000000000372e-01
2.297179931412059886e+04 8.922499999999999876e-01
2.294324728733399752e+04 8.998199999999999532e-01
2.291477591599029984e+04 9.078899999999999748e-01
2.288638520008949854e+04 8.995299999999999407e-01
2.285799448418869724e+04 8.957399999999999807e-01
2.282976507917369963e+04 9.056300000000000461e-01
2.280153567415870202e+04 9.035600000000000298e-01
2.277338692458660080e+04 8.776899999999999702e-01
2.274539948590029962e+04 9.072700000000000209e-01
2.271741204721400209e+04 9.043600000000000527e-01
2.268942460852770091e+04 9.086699999999999777e-01
2.266159848072719979e+04 8.948800000000000088e-01
2.263385300836959868e+04 9.107199999999999740e-01
2.260610753601199758e+04 9.237800000000000455e-01
2.257844271909730014e+04 9.039200000000000568e-01
2.255085855762549909e+04 9.197100000000000275e-01
2.252335505159659806e+04 9.062799999999999745e-01
2.249593220101060069e+04 9.148600000000000065e-01
2.246850935042459969e+04 9.201899999999999524e-01
2.244124781072440237e+04 9.063700000000000090e-01
2.241398627102419778e+04 9.177899999999999947e-01
2.238680538676690048e+04 9.137300000000000422e-01
2.235970515795249958e+04 9.201300000000000034e-01
2.233268558458099869e+04 9.188499999999999446e-01
2.230566601120950145e+04 9.123200000000000198e-01
2.227872709328090059e+04 9.188000000000000611e-01
2.225194948623809978e+04 9.198300000000000365e-01
2.222509122375239895e+04 9.210199999999999498e-01
2.219839427215250180e+04 9.164099999999999469e-01
2.217177797599549740e+04 9.260599999999999943e-01
2.214516167983850028e+04 9.264499999999999957e-01
2.211862603912439954e+04 9.251500000000000279e-01
2.209217105385319883e+04 9.245999999999999774e-01
2.206579672402489814e+04 9.222900000000000542e-01
2.203942239419660109e+04 9.218999999999999417e-01
2.201320937525410045e+04 9.238699999999999690e-01
2.198699635631159617e+04 9.296999999999999709e-01
2.196078333736909917e+04 9.333899999999999419e-01
2.193473162931239858e+04 9.274200000000000221e-01
2.190867992125570163e+04 9.329600000000000115e-01
2.188278952408480109e+04 9.265600000000000502e-01
2.185689912691389691e+04 9.345999999999999863e-01
2.183100872974300000e+04 9.378800000000000470e-01
2.180527964345789951e+04 9.301599999999999868e-01
2.177955055717279902e+04 9.300199999999999578e-01
2.175390212633059855e+04 9.411399999999999766e-01
2.172833435093130174e+04 9.324400000000000466e-01
2.170276657553199766e+04 9.418100000000000360e-01
2.167727945557560088e+04 9.421000000000000485e-01
2.165187299106209684e+04 9.316699999999999982e-01
2.162654718199150011e+04 9.427400000000000224e-01
2.160122137292089974e+04 9.411899999999999711e-01
2.157605687473609942e+04 9.402200000000000557e-01
2.155081172110839907e+04 9.401599999999999957e-01
2.152572787836649877e+04 9.367499999999999716e-01
2.150064403562459847e+04 9.441399999999999793e-01
2.147572150376850186e+04 9.453500000000000236e-01
2.145071831646949795e+04 9.415200000000000236e-01
2.142587644005630136e+04 9.397799999999999487e-01
2.140103456364309750e+04 9.480699999999999683e-01
2.137627334267279730e+04 9.527200000000000113e-01
2.135159277714540076e+04 9.525799999999999823e-01
2.132691221161800058e+04 9.557999999999999829e-01
2.130231230153350043e+04 9.462399999999999700e-01
2.127779304689190030e+04 9.511000000000000565e-01
2.125335444769320020e+04 9.508100000000000440e-01
2.122891584849450010e+04 9.465400000000000480e-01
2.120455790473870002e+04 9.484299999999999953e-01
2.118028061642579996e+04 9.544399999999999551e-01
2.115600332811289991e+04 9.482500000000000373e-01
2.113180669524289988e+04 9.548699999999999966e-01
2.110769071781579987e+04 9.588400000000000256e-01
2.108357474038869987e+04 9.608099999999999419e-01
2.105953941840449988e+04 9.595099999999999740e-01
2.103558475186319993e+04 9.550899999999999945e-01
2.101171074076479999e+04 9.556799999999999740e-01
2.098783672966640006e+04 9.545900000000000496e-01
2.096404337401089651e+04 9.620900000000000007e-01
2.094025001835540024e+04 9.510100000000000220e-01
2.091653731814279672e+04 9.528999999999999693e-01
2.089290527337310050e+04 9.526099999999999568e-01
2.086935388404630066e+04 9.582899999999999752e-01
2.084580249471950083e+04 9.613500000000000378e-01
2.082225110539270099e+04 9.636700000000000266e-01
2.079886102695170121e+04 9.614000000000000323e-01
2.077547094851069778e+04 9.657499999999999973e-01
2.075216152551259802e+04 9.617700000000000138e-01
2.072885210251450189e+04 9.578200000000000047e-01
2.070570399040219854e+04 9.648099999999999454e-01
2.068247522284699880e+04 9.652100000000000124e-01
2.065940776617759911e+04 9.695799999999999974e-01
2.063634030950819943e+04 9.647700000000000164e-01
2.061327285283879974e+04 9.674300000000000122e-01
2.059036670705520010e+04 9.609999999999999654e-01
2.056746056127160045e+04 9.580600000000000227e-01
2.054455441548800081e+04 9.701400000000000023e-01
2.052180958059019758e+04 9.595500000000000140e-01
2.049906474569240163e+04 9.680699999999999861e-01
2.047631991079460204e+04 9.648499999999999854e-01
2.045365573133969883e+04 9.644899999999999585e-01
2.043107220732769929e+04 9.671699999999999742e-01
2.040848868331569975e+04 9.690800000000000525e-01
2.038598581474660023e+04 9.639900000000000135e-01
2.036356360162040073e+04 9.667900000000000382e-01
2.034114138849420124e+04 9.610100000000000309e-01
2.031879983081090177e+04 9.721899999999999986e-01
2.029653892857049868e+04 9.685500000000000220e-01
2.027427802633009924e+04 9.683599999999999985e-01
2.025201712408969979e+04 9.709999999999999742e-01
2.022991753273510039e+04 9.666599999999999637e-01
2.020781794138050100e+04 9.748799999999999688e-01
2.018571835002589796e+04 9.685500000000000220e-01
2.016369941411419859e+04 9.746799999999999908e-01
2.014176113364539924e+04 9.696299999999999919e-01
2.011982285317659989e+04 9.738599999999999479e-01
2.009796522815070057e+04 9.679400000000000226e-01
2.007618825856769763e+04 9.696200000000000374e-01
2.005441128898469833e+04 9.758299999999999752e-01
2.003271497484459906e+04 9.669699999999999962e-01
2.001101866070449978e+04 9.644899999999999585e-01
1.998940300200730053e+04 9.680100000000000371e-01
1.996778734331010128e+04 9.760199999999999987e-01
1.994625234005579841e+04 9.673199999999999577e-01
1.992479799224439921e+04 9.692499999999999449e-01
1.990334364443299637e+04 9.734300000000000175e-01
1.988196995206450083e+04 9.609600000000000364e-01
1.986059625969600165e+04 9.714000000000000412e-01
1.983930322277040250e+04 9.744699999999999473e-01
1.981809084128769973e+04 9.766799999999999926e-01
1.979687845980499696e+04 9.783100000000000129e-01
1.977574673376520150e+04 9.723199999999999621e-01
1.975461500772540239e+04 9.799999999999999822e-01
1.973356393712849967e+04 9.743300000000000294e-01
1.971251286653160059e+04 9.720800000000000551e-01
1.969154245137760154e+04 9.809200000000000141e-01
1.967057203622359884e+04 9.697599999999999554e-01
1.964968227651249617e+04 9.754300000000000193e-01
1.962887317224430080e+04 9.764199999999999546e-01
1.960806406797610180e+04 9.735599999999999810e-01
1.958733561915079918e+04 9.764000000000000457e-01
1.956660717032549655e+04 9.792800000000000393e-01
1.954595937694309760e+04 9.730299999999999505e-01
1.952531158356069864e+04 9.782999999999999474e-01
1.950474444562119970e+04 9.776099999999999790e-01
1.948417730768170077e+04 9.727000000000000091e-01
1.946369082518510186e+04 9.750400000000000178e-01
1.944328499813139933e+04 9.781600000000000295e-01
1.942287917107769681e+04 9.779799999999999605e-01
1.940247334402400156e+04 9.721699999999999786e-01
1.938214817241319906e+04 9.775000000000000355e-01
1.936190365624530023e+04 9.778499999999999970e-01
1.934165914007740139e+04 9.758499999999999952e-01
1.932149527935239894e+04 9.751800000000000468e-01
1.930133141862740013e+04 9.772399999999999975e-01
1.928124821334529770e+04 9.735099999999999865e-01
1.926116500806319891e+04 9.757599999999999607e-01
1.924116245822400015e+04 9.768900000000000361e-01
1.922115990838479775e+04 9.786200000000000454e-01
1.920123801398849901e+04 9.802800000000000402e-01
1.918131611959220027e+04 9.748700000000000143e-01
1.916147488063879791e+04 9.769600000000000506e-01
1.914171429712830286e+04 9.779299999999999660e-01
1.912195371361780053e+04 9.794500000000000428e-01
1.910219313010730184e+04 9.734099999999999975e-01
1.908251320203969954e+04 9.758999999999999897e-01
1.906283327397210087e+04 9.791800000000000503e-01
1.904323400134740223e+04 9.781999999999999584e-01
1.902371538416559997e+04 9.721899999999999986e-01
1.900419676698379772e+04 9.773699999999999610e-01
1.898467814980199910e+04 9.770600000000000396e-01
1.896524018806309687e+04 9.735700000000000465e-01
1.894588288176710194e+04 9.813699999999999646e-01
1.892644492002819970e+04 9.794100000000000028e-01
1.890716826917510116e+04 9.786399999999999544e-01
1.888789161832199898e+04 9.781900000000000039e-01
1.886861496746890043e+04 9.811600000000000321e-01
1.884941897205869827e+04 9.760900000000000132e-01
1.883030363209139978e+04 9.748400000000000398e-01
1.881118829212409764e+04 9.738799999999999679e-01
1.879207295215679915e+04 9.825399999999999689e-01
1.877303826763240068e+04 9.744000000000000439e-01
1.875400358310800220e+04 9.796399999999999553e-01
1.873504955402650012e+04 9.761400000000000077e-01
1.871609552494499803e+04 9.791100000000000358e-01
1.869722215130639961e+04 9.783699999999999619e-01
1.867834877766780119e+04 9.833600000000000119e-01
1.865955605947209915e+04 9.814100000000000046e-01
1.864084399671930078e+04 9.776700000000000390e-01
1.862205127852359874e+04 9.792699999999999738e-01
1.860333921577080037e+04 9.774899999999999700e-01
1.858470780846089838e+04 9.802499999999999547e-01
1.856607640115100003e+04 9.788599999999999524e-01
1.854752564928399806e+04 9.781800000000000495e-01
1.852897489741699974e+04 9.778599999999999515e-01
1.851042414554999777e+04 9.719999999999999751e-01
1.849195404912589947e+04 9.772800000000000376e-01
1.847356460814470120e+04 9.804599999999999982e-01
1.845517516716349928e+04 9.812600000000000211e-01
1.843678572618230100e+04 9.802999999999999492e-01
1.841847694064399911e+04 9.766200000000000436e-01
1.840016815510570086e+04 9.803899999999999837e-01
1.838194002501029900e+04 9.799999999999999822e-01
1.836371189491489713e+04 9.848400000000000487e-01
1.834556442026239893e+04 9.786000000000000254e-01
1.832741694560990072e+04 9.760400000000000187e-01
1.830935012640029890e+04 9.817900000000000515e-01
1.829128330719070073e+04 9.809099999999999486e-01
1.827321648798109891e+04 9.785500000000000309e-01
1.825523032421440075e+04 9.809299999999999686e-01
1.823724416044769896e+04 9.743500000000000494e-01
1.821933865212390083e+04 9.831900000000000084e-01
1.820143314380009906e+04 9.786099999999999799e-01
1.818360829091920095e+04 9.794699999999999518e-01
1.816578343803830285e+04 9.783399999999999874e-01
1.814803924060030113e+04 9.846200000000000507e-01
1.813029504316229941e+04 9.796300000000000008e-01
1.811255084572430133e+04 9.802199999999999802e-01
1.809488730372919963e+04 9.773699999999999610e-01
1.807722376173409793e+04 9.820600000000000440e-01
1.805964087518189990e+04 9.809400000000000341e-01
1.804205798862970187e+04 9.819400000000000350e-01
1.802455575752040022e+04 9.833199999999999719e-01
1.800705352641109857e+04 9.829400000000000359e-01
1.798955129530180056e+04 9.812800000000000411e-01
1.797212971963539894e+04 9.808299999999999796e-01
1.795478879941189734e+04 9.809400000000000341e-01
1.793736722374549936e+04 9.822100000000000275e-01
1.792002630352199776e+04 9.804800000000000182e-01
1.790276603874139983e+04 9.815700000000000536e-01
1.788550577396079825e+04 9.800999999999999712e-01
1.786824550918020032e+04 9.787500000000000089e-01
1.785106589984249877e+04 9.840100000000000513e-01
1.783396694594769724e+04 9.795399999999999663e-01
1.781678733660999933e+04 9.835300000000000153e-01
1.779968838271519780e+04 9.829700000000000104e-01
1.778267008426329994e+04 9.810999999999999721e-01
1.776565178581139844e+04 9.784699999999999509e-01
1.774863348735949694e+04 9.780900000000000150e-01
1.773169584435049910e+04 9.794199999999999573e-01
1.771475820134149762e+04 9.797200000000000353e-01
1.769782055833249979e+04 9.791600000000000303e-01
1.768096357076639833e+04 9.788200000000000234e-01
1.766418723864320054e+04 9.855899999999999661e-01
1.764733025107709909e+04 9.841999999999999638e-01
1.763063457439679769e+04 9.850900000000000212e-01
1.761385824227359990e+04 9.837799999999999878e-01
1.759716256559330213e+04 9.754199999999999537e-01
1.758046688891300073e+04 9.867500000000000160e-01
1.756385186767559935e+04 9.852499999999999591e-01
1.754723684643820161e+04 9.809200000000000141e-01
1.753070248064370026e+04 9.802699999999999747e-01
1.751416811484919890e+04 9.816799999999999971e-01
1.749763374905470118e+04 9.825800000000000090e-01
1.748118003870309985e+04 9.803399999999999892e-01
1.746472632835150216e+04 9.811499999999999666e-01
1.744827261799990083e+04 9.817200000000000371e-01
1.743189956309119952e+04 9.812499999999999556e-01
1.741560716362540188e+04 9.821800000000000530e-01
1.739923410871670058e+04 9.782100000000000239e-01
1.738294170925089929e+04 9.849099999999999522e-01
1.736672996522799804e+04 9.814599999999999991e-01
1.735051822120510042e+04 9.761600000000000277e-01
1.733430647718219916e+04 9.794300000000000228e-01
1.731809473315930154e+04 9.847299999999999942e-01
1.730196364457929667e+04 9.829099999999999504e-01
1.728591321144219910e+04 9.777000000000000135e-01
1.726978212286219787e+04 9.823399999999999910e-01
1.725373168972510030e+04 9.853300000000000392e-01
1.723776191203089911e+04 9.798499999999999988e-01
1.722179213433669793e+04 9.826500000000000234e-01
1.720582235664249674e+04 9.746900000000000563e-01
1.718993323439119922e+04 9.819200000000000150e-01
1.717404411213989806e+04 9.858599999999999586e-01
1.715815498988859690e+04 9.788799999999999724e-01
1.714234652308019940e+04 9.833699999999999664e-01
1.712653805627179827e+04 9.802400000000000002e-01
1.711072958946339713e+04 9.778299999999999770e-01
1.709500177809789966e+04 9.823899999999999855e-01
1.707927396673240219e+04 9.739200000000000079e-01
1.706362681080979746e+04 9.756799999999999917e-01
1.704797965488720001e+04 9.804500000000000437e-01
1.703233249896460256e+04 9.791199999999999903e-01
1.701668534304199784e+04 9.787700000000000289e-01
1.700111884256230042e+04 9.844600000000000017e-01
1.698563299752549938e+04 9.765700000000000491e-01
1.697006649704579831e+04 9.822100000000000275e-01
1.695458065200900091e+04 9.744899999999999674e-01
1.693917546241509990e+04 9.750699999999999923e-01
1.692377027282119889e+04 9.860700000000000021e-01
1.690836508322729787e+04 9.794699999999999518e-01
1.689295989363340050e+04 9.755399999999999627e-01
1.687763535948239951e+04 9.741699999999999804e-01
1.686231082533140216e+04 9.793699999999999628e-01
1.684706694662329755e+04 9.772899999999999920e-01
1.683182306791519659e+04 9.779999999999999805e-01
1.681657918920709926e+04 9.753899999999999793e-01
1.680141596594189832e+04 9.803699999999999637e-01
1.678617208723380099e+04 9.745300000000000074e-01
1.677108951941149644e+04 9.674899999999999611e-01
1.675592629614629914e+04 9.749299999999999633e-01
1.674084372832400186e+04 9.749499999999999833e-01
1.672584181594459733e+04 9.772499999999999520e-01
1.671075924812230005e+04 9.763500000000000512e-01
1.669575733574289916e+04 9.710999999999999632e-01
1.668083607880640193e+04 9.736299999999999955e-01
1.666583416642700104e+04 9.767700000000000271e-01
1.665091290949050017e+04 9.728200000000000180e-01
1.663607230799689933e+04 9.713800000000000212e-01
1.662115105106040210e+04 9.729999999999999760e-01
1.660631044956680125e+04 9.703800000000000203e-01
1.659155050351610043e+04 9.751800000000000468e-01
1.657670990202249959e+04 9.707099999999999618e-01
1.656194995597179877e+04 9.664300000000000113e-01
1.654727066536400162e+04 9.716500000000000137e-01
1.653259137475620082e+04 9.683599999999999985e-01
1.651791208414839639e+04 9.697200000000000264e-01
1.650323279354059923e+04 9.697000000000000064e-01
1.648863415837569846e+04 9.653599999999999959e-01
1.647403552321080133e+04 9.711600000000000232e-01
1.645943688804589692e+04 9.678499999999999881e-01
1.644491890832389981e+04 9.651800000000000379e-01
1.643040092860190271e+04 9.673599999999999977e-01
1.641588294887989832e+04 9.630699999999999816e-01
1.640136496915790121e+04 9.667700000000000182e-01
1.638692764487880049e+04 9.699299999999999589e-01
1.637257097604259798e+04 9.684899999999999620e-01
1.635813365176350089e+04 9.661899999999999933e-01
1.634377698292730020e+04 9.605299999999999949e-01
1.632942031409109950e+04 9.613899999999999668e-01
1.631514430069779883e+04 9.663500000000000423e-01
1.630086828730449815e+04 9.665500000000000203e-01
1.628659227391120112e+04 9.719400000000000261e-01
1.627239691596080047e+04 9.721999999999999531e-01
1.625812090256750162e+04 9.619499999999999718e-01
1.624400620005999735e+04 9.694199999999999484e-01
1.622981084210959852e+04 9.692699999999999649e-01
1.621569613960209790e+04 9.633699999999999486e-01
1.620158143709459910e+04 9.647000000000000020e-01
1.618746673458710029e+04 9.634199999999999431e-01
1.617343268752250151e+04 9.726000000000000201e-01
1.615939864045789909e+04 9.723199999999999621e-01
1.614536459339330031e+04 9.698200000000000154e-01
1.613141120177159792e+04 9.748700000000000143e-01
1.611745781014989916e+04 9.699100000000000499e-01
1.610350441852820040e+04 9.731800000000000450e-01
1.608963168234939985e+04 9.729700000000000015e-01
1.607567829072770110e+04 9.727900000000000436e-01
1.606188620999179875e+04 9.700499999999999678e-01
1.604801347381300002e+04 9.743100000000000094e-01
1.603422139307709949e+04 9.738999999999999879e-01
1.602042931234120078e+04 9.766700000000000381e-01
1.600663723160529844e+04 9.728099999999999525e-01
1.599292580631229976e+04 9.750499999999999723e-01
1.597921438101930107e+04 9.792999999999999483e-01
1.596550295572630057e+04 9.814300000000000246e-01
1.595187218587620009e+04 9.754599999999999937e-01
1.593816076058319959e+04 9.762999999999999456e-01
1.592461064617599914e+04 9.778799999999999715e-01
1.591097987632589866e+04 9.767500000000000071e-01
1.589742976191870002e+04 9.790799999999999503e-01
1.588387964751149957e+04 9.799600000000000533e-01
1.587032953310429912e+04 9.766099999999999781e-01
1.585686007413999869e+04 9.772499999999999520e-01
1.584339061517569826e+04 9.792100000000000248e-01
1.582992115621139965e+04 9.799900000000000277e-01
1.581645169724709922e+04 9.827599999999999669e-01
1.580306289372570063e+04 9.819499999999999895e-01
1.578967409020430023e+04 9.805500000000000327e-01
1.577628528668289982e+04 9.789900000000000269e-01
1.576297713860440126e+04 9.825599999999999890e-01
1.574966899052589906e+04 9.807799999999999851e-01
1.573636084244740050e+04 9.806599999999999762e-01
1.572313334981179833e+04 9.831299999999999484e-01
1.570982520173329976e+04 9.815300000000000136e-01
1.569659770909769941e+04 9.849700000000000122e-01
1.568345087190499908e+04 9.822499999999999565e-01
1.567022337926940054e+04 9.769799999999999596e-01
1.565707654207670021e+04 9.830699999999999994e-01
1.564401036032689990e+04 9.826899999999999524e-01
1.563086352313419957e+04 9.772100000000000231e-01
1.561779734138440108e+04 9.791999999999999593e-01
1.560473115963459895e+04 9.823699999999999655e-01
1.559166497788479865e+04 9.778999999999999915e-01
1.557867945157790018e+04 9.778299999999999770e-01
1.556569392527099990e+04 9.803500000000000547e-01
1.555270839896409962e+04 9.759600000000000497e-01
1.553972287265719933e+04 9.831900000000000084e-01
1.552681800179319907e+04 9.779799999999999605e-01
1.551391313092920063e+04 9.766899999999999471e-01
1.550100826006520037e+04 9.760799999999999477e-01
1.548810338920120012e+04 9.798799999999999732e-01
1.547527917378009988e+04 9.795300000000000118e-01
1.546245495835899965e+04 9.789099999999999469e-01
1.544971139838079944e+04 9.762899999999999912e-01
1.543688718295969920e+04 9.821199999999999930e-01
1.542414362298149899e+04 9.747500000000000053e-01
1.541140006300330060e+04 9.747200000000000308e-01
1.539865650302509857e+04 9.761699999999999822e-01
1.538599359848980021e+04 9.738299999999999734e-01
1.537333069395450002e+04 9.740699999999999914e-01
1.536066778941919983e+04 9.744599999999999929e-01
1.534808554032679967e+04 9.722199999999999731e-01
1.533542263579150131e+04 9.709900000000000198e-01
1.532284038669910115e+04 9.758700000000000152e-01
1.531033879304959919e+04 9.696900000000000519e-01
1.529775654395719903e+04 9.720499999999999696e-01
1.528525495030769889e+04 9.724800000000000111e-01
1.527275335665820057e+04 9.667000000000000037e-01
1.526025176300870044e+04 9.705899999999999528e-01
1.524783082480210032e+04 9.724599999999999911e-01
1.523532923115260019e+04 9.689200000000000035e-01
1.522290829294600007e+04 9.694000000000000394e-01
1.521056801018229999e+04 9.672600000000000087e-01
1.519814707197569987e+04 9.730100000000000415e-01
1.518580678921199979e+04 9.714000000000000412e-01
1.517346650644829970e+04 9.648900000000000254e-01
1.516120687912749963e+04 9.692199999999999704e-01
1.514886659636379954e+04 9.698700000000000099e-01
1.513660696904299948e+04 9.680100000000000371e-01
1.512434734172219942e+04 9.688299999999999690e-01
1.511208771440140117e+04 9.700299999999999478e-01
1.509990874252349931e+04 9.731499999999999595e-01
1.508772977064560109e+04 9.648099999999999454e-01
1.507555079876769923e+04 9.699999999999999734e-01
1.506337182688980101e+04 9.750600000000000378e-01
1.505127351045479918e+04 9.753199999999999648e-01
1.503917519401979916e+04 9.729299999999999615e-01
1.502707687758480097e+04 9.746299999999999963e-01
1.501497856114980095e+04 9.761699999999999822e-01
1.500296090015770096e+04 9.771100000000000341e-01
1.499094323916560097e+04 9.787399999999999434e-01
1.497892557817350098e+04 9.777000000000000135e-01
1.496690791718140099e+04 9.810799999999999521e-01
1.495497091163219920e+04 9.758000000000000007e-01
1.494303390608299924e+04 9.799400000000000333e-01
1.493109690053380109e+04 9.839299999999999713e-01
1.491915989498459930e+04 9.827099999999999724e-01
1.490730354487830118e+04 9.875699999999999479e-01
1.489536653932909940e+04 9.825699999999999434e-01
1.488351018922279945e+04 9.879000000000000004e-01
1.487173449455939954e+04 9.818599999999999550e-01
1.485987814445309959e+04 9.866700000000000470e-01
1.484810244978969968e+04 9.858500000000000041e-01
1.483632675512629976e+04 9.864500000000000490e-01
1.482455106046289984e+04 9.903499999999999526e-01
1.481285602124239995e+04 9.870999999999999774e-01
1.480108032657900003e+04 9.849299999999999722e-01
1.478938528735850014e+04 9.908700000000000285e-01
1.477769024813800024e+04 9.901100000000000456e-01
1.476607586436039855e+04 9.904600000000000071e-01
1.475446148058280050e+04 9.874300000000000299e-01
1.474276644136230061e+04 9.931100000000000483e-01
1.473123271302760077e+04 9.905899999999999705e-01
1.471961832924999908e+04 9.912600000000000300e-01
1.470808460091529923e+04 9.891100000000000447e-01
1.469647021713769936e+04 9.877700000000000369e-01
1.468493648880299952e+04 9.896899999999999586e-01
1.467348341591119970e+04 9.869400000000000395e-01
1.466194968757649985e+04 9.934399999999999897e-01
1.465049661468470003e+04 9.959999999999999964e-01
1.463904354179290021e+04 9.912999999999999590e-01
1.462759046890110039e+04 9.920700000000000074e-01
1.461621805145219878e+04 9.904600000000000071e-01
1.460476497856039896e+04 9.925599999999999978e-01
1.459339256111149916e+04 9.929200000000000248e-01
1.458202014366260119e+04 9.910999999999999810e-01
1.457072838165659959e+04 9.921999999999999709e-01
1.455935596420769798e+04 9.891499999999999737e-01
1.454806420220170003e+04 9.932699999999999863e-01
1.453677244019570026e+04 9.909599999999999520e-01
1.452548067818969866e+04 9.924800000000000288e-01
1.451426957162659892e+04 9.942400000000000126e-01
1.450297780962060096e+04 9.941600000000000437e-01
1.449176670305749940e+04 9.938200000000000367e-01
1.448055559649439965e+04 9.917200000000000459e-01
1.446942514537419811e+04 9.940700000000000092e-01
1.445821403881109836e+04 9.938500000000000112e-01
1.444708358769089864e+04 9.892100000000000337e-01
1.443595313657070074e+04 9.912900000000000045e-01
1.442482268545050101e+04 9.942499999999999671e-01
1.441377288977319949e+04 9.923300000000000454e-01
1.440264243865299977e+04 9.951999999999999735e-01
1.439159264297570007e+04 9.903899999999999926e-01
1.438054284729840037e+04 9.900200000000000111e-01
1.436957370706400070e+04 9.899799999999999711e-01
1.435852391138669918e+04 9.931400000000000228e-01
1.434755477115229951e+04 9.943100000000000271e-01
1.433658563091789983e+04 9.915500000000000425e-01
1.432561649068349834e+04 9.931200000000000028e-01
1.431472800589199869e+04 9.925699999999999523e-01
1.430375886565759902e+04 9.900400000000000311e-01
1.429287038086609937e+04 9.934300000000000352e-01
1.428198189607459972e+04 9.979400000000000492e-01
1.427109341128310007e+04 9.948299999999999921e-01
1.426028558193449862e+04 9.918000000000000149e-01
1.424939709714299897e+04 9.903600000000000181e-01
1.423858926779439935e+04 9.945599999999999996e-01
1.422778143844579972e+04 9.904800000000000271e-01
1.421705426454010012e+04 9.939200000000000257e-01
1.420624643519149868e+04 1.000416828999999952e+00
1.419551926128579908e+04 9.906700000000000506e-01
1.418479208738009947e+04 9.911799999999999500e-01
1.417406491347439987e+04 9.929499999999999993e-01
1.416333773956870027e+04 9.942999999999999616e-01
1.415269122110589888e+04 9.933800000000000407e-01
1.414204470264309930e+04 9.845800000000000107e-01
1.413139818418029972e+04 9.923499999999999543e-01
1.412075166571750015e+04 9.942400000000000126e-01
1.411010514725470057e+04 9.944699999999999651e-01
1.409953928423479920e+04 9.920200000000000129e-01
1.408889276577199962e+04 9.906099999999999905e-01
1.407832690275210007e+04 9.959799999999999764e-01
1.406784169517509872e+04 9.905500000000000416e-01
1.405727583215519917e+04 9.881199999999999983e-01
1.404679062457819964e+04 9.906800000000000050e-01
1.403622476155830009e+04 9.914500000000000535e-01
1.402573955398129874e+04 9.877099999999999769e-01
1.401533500184719924e+04 9.845399999999999707e-01
1.400484979427019971e+04 9.947399999999999576e-01
1.399444524213610021e+04 9.932199999999999918e-01
1.398396003455909886e+04 9.918099999999999694e-01
1.397355548242499935e+04 9.885000000000000453e-01
1.396323158573379988e+04 9.951900000000000190e-01
1.395282703359969855e+04 9.906000000000000361e-01
1.394250313690849907e+04 9.941600000000000437e-01
1.393209858477439957e+04 9.901100000000000456e-01
1.392177468808320009e+04 9.946000000000000396e-01
1.391153144683489882e+04 9.930700000000000083e-01
1.390120755014369934e+04 9.914500000000000535e-01
1.389096430889539806e+04 9.923499999999999543e-01
1.388064041220419858e+04 9.887700000000000378e-01
1.387039717095590095e+04 9.943800000000000416e-01
1.386023458515049970e+04 9.935899999999999732e-01
1.384999134390219842e+04 9.936800000000000077e-01
1.383974810265390079e+04 9.955800000000000205e-01
1.382958551684849954e+04 9.970299999999999718e-01
1.381942293104310011e+04 9.935100000000000042e-01
1.380926034523769886e+04 9.912199999999999900e-01
1.379917841487519945e+04 9.877599999999999714e-01
1.378901582906979820e+04 9.957899999999999530e-01
1.377893389870729879e+04 9.953800000000000425e-01
1.376885196834479939e+04 9.952999999999999625e-01
1.375877003798229998e+04 9.952699999999999880e-01
1.374868810761980058e+04 9.926000000000000378e-01
1.373860617725729935e+04 9.900700000000000056e-01
1.372860490233769815e+04 9.900700000000000056e-01
1.371860362741810059e+04 9.878299999999999859e-01
1.370860235249850120e+04 9.882499999999999618e-01
1.369860107757890000e+04 9.979099999999999637e-01
1.368868045810219883e+04 9.934899999999999842e-01
1.367867918318259944e+04 9.944600000000000106e-01
1.366875856370590009e+04 9.921200000000000019e-01
1.365883794422920073e+04 9.877200000000000424e-01
1.364891732475249955e+04 9.965699999999999559e-01
1.363899670527580020e+04 9.948500000000000121e-01
1.362915674124199904e+04 9.898099999999999676e-01
1.361931677720819971e+04 9.840799999999999548e-01
1.360939615773149853e+04 9.928599999999999648e-01
1.359963684914059922e+04 9.886399999999999633e-01
1.358979688510679989e+04 9.902999999999999581e-01
1.357995692107299874e+04 9.889400000000000412e-01
1.357019761248209943e+04 9.934800000000000297e-01
1.356043830389120012e+04 9.966500000000000359e-01
1.355067899530029899e+04 9.887200000000000433e-01
1.354091968670939968e+04 9.943600000000000216e-01
1.353116037811850038e+04 9.921100000000000474e-01
1.352148172497049927e+04 9.895300000000000207e-01
1.351172241637959996e+04 9.895599999999999952e-01
1.350204376323159886e+04 9.903899999999999926e-01
1.349236511008360139e+04 9.990898150000000477e-01
1.348276711237850031e+04 9.945500000000000451e-01
1.347308845923049921e+04 9.933300000000000463e-01
1.346349046152539995e+04 9.945800000000000196e-01
1.345381180837740067e+04 9.869499999999999940e-01
1.344421381067229959e+04 9.934199999999999697e-01
1.343461581296720033e+04 9.935800000000000187e-01
1.342509847070500109e+04 9.872400000000000064e-01
1.341550047299990001e+04 9.981600000000000472e-01
1.340598313073770078e+04 9.926099999999999923e-01
1.339646578847549972e+04 9.937399999999999567e-01
1.338694844621329867e+04 9.883199999999999763e-01
1.337743110395109943e+04 9.885399999999999743e-01
1.336791376168890019e+04 9.855599999999999916e-01
1.335847707486959916e+04 9.858299999999999841e-01
1.334895973260739993e+04 9.965699999999999559e-01
1.333952304578810072e+04 9.827399999999999469e-01
1.333008635896879969e+04 9.914699999999999624e-01
1.332073032759239868e+04 9.958099999999999730e-01
1.331129364077309947e+04 9.927700000000000413e-01
1.330185695395379844e+04 9.844600000000000017e-01
1.329250092257740107e+04 9.864199999999999635e-01
1.328314489120100006e+04 9.882100000000000328e-01
1.327378885982459906e+04 9.919799999999999729e-01
1.326443282844819987e+04 9.971400000000000263e-01
1.325515745251469889e+04 9.939099999999999602e-01
1.324580142113829970e+04 9.903199999999999781e-01
1.323652604520479872e+04 9.876399999999999624e-01
1.322725066927129956e+04 9.952400000000000135e-01
1.321797529333779858e+04 9.882499999999999618e-01
1.320869991740429941e+04 9.921600000000000419e-01
1.319950519691370027e+04 9.910600000000000520e-01
1.319022982098019929e+04 9.924300000000000344e-01
1.318103510048959834e+04 9.878099999999999659e-01
1.317184037999899920e+04 9.937099999999999822e-01
1.316264565950840006e+04 9.903899999999999926e-01
1.315345093901779910e+04 9.885800000000000143e-01
1.314433687397009999e+04 9.875800000000000134e-01
1.313514215347949903e+04 9.864100000000000090e-01
1.312602808843179992e+04 9.909900000000000375e-01
1.311691402338409898e+04 9.848000000000000087e-01
1.310779995833639987e+04 9.886599999999999833e-01
1.309868589328870075e+04 9.937099999999999822e-01
1.308965248368389985e+04 9.956899999999999640e-01
1.308053841863619891e+04 9.917099999999999804e-01
1.307150500903139982e+04 9.886399999999999633e-01
1.306247159942659891e+04 9.862999999999999545e-01
1.305343818982179982e+04 9.939000000000000057e-01
1.304440478021699892e+04 9.806000000000000272e-01
1.303545202605509985e+04 9.918700000000000294e-01
1.302641861645029894e+04 9.921900000000000164e-01
1.301746586228839988e+04 9.861900000000000110e-01
1.300851310812649899e+04 9.862400000000000055e-01
1.299956035396459993e+04 9.852499999999999591e-01
1.299060759980269904e+04 9.882300000000000528e-01
1.298165484564079998e+04 9.864899999999999780e-01
1.297278274692179912e+04 9.970999999999999863e-01
1.296382999275990005e+04 9.938599999999999657e-01
1.295495789404089919e+04 9.942800000000000527e-01
1.294608579532190015e+04 9.881999999999999673e-01
1.293721369660289929e+04 9.919999999999999929e-01
1.292842225332679845e+04 9.936199999999999477e-01
1.291955015460779941e+04 9.955100000000000060e-01
1.291075871133170040e+04 9.874699999999999589e-01
1.290188661261270136e+04 9.924800000000000288e-01
1.289309516933660052e+04 9.905199999999999561e-01
1.288430372606049968e+04 1.000151189999999968e+00
1.287559293822730069e+04 9.924600000000000088e-01
1.286680149495119986e+04 9.837799999999999878e-01
1.285801005167509902e+04 9.893199999999999772e-01
1.284929926384190003e+04 9.938700000000000312e-01
1.284058847600870104e+04 9.866200000000000525e-01
1.283187768817550023e+04 9.892499999999999627e-01
1.282316690034229941e+04 9.926599999999999868e-01
1.281445611250909860e+04 9.887299999999999978e-01
1.280582598011879963e+04 9.831999999999999629e-01
1.279719584772849885e+04 9.885099999999999998e-01
1.278848505989529986e+04 9.825199999999999489e-01
1.277985492750499907e+04 9.857399999999999496e-01
1.277122479511469828e+04 9.925100000000000033e-01
1.276259466272439931e+04 9.780200000000000005e-01
1.275404518577699855e+04 9.912199999999999900e-01
1.274541505338669958e+04 9.945399999999999796e-01
1.273686557643929882e+04 9.800799999999999512e-01
1.272831609949189806e+04 9.848099999999999632e-01
1.271976662254450093e+04 9.902699999999999836e-01
1.271121714559710017e+04 9.902900000000000036e-01
1.270266766864969941e+04 9.893199999999999772e-01
1.269419884714519867e+04 9.907500000000000195e-01
1.268564937019779973e+04 9.938799999999999857e-01
1.267718054869329899e+04 9.869099999999999540e-01
1.266871172718879825e+04 9.965100000000000069e-01
1.266024290568429933e+04 9.931999999999999718e-01
1.265177408417979859e+04 9.970499999999999918e-01
1.264330526267529967e+04 9.846099999999999852e-01
1.263483644117079893e+04 9.877500000000000169e-01
1.262644827510920004e+04 9.929999999999999938e-01
1.261806010904759933e+04 9.948000000000000176e-01
1.260967194298599861e+04 9.821100000000000385e-01
1.260128377692439972e+04 9.935199999999999587e-01
1.259289561086280082e+04 9.870400000000000285e-01
1.258450744480119829e+04 9.889499999999999957e-01
1.257619993418249942e+04 9.919499999999999984e-01
1.256781176812090052e+04 9.910299999999999665e-01
1.255950425750219983e+04 9.862699999999999800e-01
1.255119674688349915e+04 9.886399999999999633e-01
1.254288923626480027e+04 9.884399999999999853e-01
1.253458172564609958e+04 9.849999999999999867e-01
