W
12000
12007.1
12014.1
12021.2
12028.3
12035.3
12042.4
12049.5
12056.5
12063.6
12070.7
12077.7
12084.8
12091.8
12098.9
12106
12113
12120.1
12127.2
12134.2
12141.3
12148.4
12155.4
12162.5
12169.6
12176.6
12183.7
12190.8
12197.8
12204.9
12212
12219
12226.1
12233.2
12240.2
12247.3
12254.3
12261.4
12268.5
12275.5
12282.6
12289.7
12296.7
12303.8
12310.9
12317.9
12325
12332.1
12339.1
12346.2
12353.3
12360.3
12367.4
12374.5
12381.5
12388.6
12395.7
12402.7
12409.8
12416.8
12423.9
12431
12438
12445.1
12452.2
12459.2
12466.3
12473.4
12480.4
12487.5
12494.6
12501.6
12508.7
12515.8
12522.8
12529.9
12537
12544
12551.1
12558.2
12565.2
12572.3
12579.3
12586.4
12593.5
12600.5
12607.6
12614.7
12621.7
12628.8
12635.9
12642.9
12650
12657.1
12664.1
12671.2
12678.3
12685.3
12692.4
12699.5
12706.5
12713.6
12720.7
12727.7
12734.8
12741.8
12748.9
12756
12763
12770.1
12777.2
12784.2
12791.3
12798.4
12805.4
12812.5
12819.6
12826.6
12833.7
12840.8
12847.8
12854.9
12862
12869
12876.1
12883.2
12890.2
12897.3
12904.3
12911.4
12918.5
12925.5
12932.6
12939.7
12946.7
12953.8
12960.9
12967.9
12975
12982.1
12989.1
12996.2
13003.3
13010.3
13017.4
13024.5
13031.5
13038.6
13045.7
13052.7
13059.8
13066.8
13073.9
13081
13088
13095.1
13102.2
13109.2
13116.3
13123.4
13130.4
13137.5
13144.6
13151.6
13158.7
13165.8
13172.8
13179.9
13187
13194
13201.1
13208.2
13215.2
13222.3
13229.3
13236.4
13243.5
13250.5
13257.6
13264.7
13271.7
13278.8
13285.9
13292.9
13300
13307.1
13314.1
13321.2
13328.3
13335.3
13342.4
13349.5
13356.5
13363.6
13370.7
13377.7
13384.8
13391.8
13398.9
13406
13413
13420.1
13427.2
13434.2
13441.3
13448.4
13455.4
13462.5
13469.6
13476.6
13483.7
13490.8
13497.8
13504.9
13512
13519
13526.1
13533.2
13540.2
13547.3
13554.3
13561.4
13568.5
13575.5
13582.6
13589.7
13596.7
13603.8
13610.9
13617.9
13625
13632.1
13639.1
13646.2
13653.3
13660.3
13667.4
13674.5
13681.5
13688.6
13695.7
13702.7
13709.8
13716.8
13723.9
13731
13738
13745.1
13752.2
13759.2
13766.3
13773.4
13780.4
13787.5
13794.6
13801.6
13808.7
13815.8
13822.8
13829.9
13837
13844
13851.1
13858.2
13865.2
13872.3
13879.3
13886.4
13893.5
13900.5
13907.6
13914.7
13921.7
13928.8
13935.9
13942.9
13950
13957.1
13964.1
13971.2
13978.3
13985.3
13992.4
13999.5
14006.5
14013.6
14020.7
14027.7
14034.8
14041.8
14048.9
14056
14063
14070.1
14077.2
14084.2
14091.3
14098.4
14105.4
14112.5
14119.6
14126.6
14133.7
14140.8
14147.8
14154.9
14162
14169
14176.1
14183.2
14190.2
14197.3
14204.3
14211.4
14218.5
14225.5
14232.6
14239.7
14246.7
14253.8
14260.9
14267.9
14275
14282.1
14289.1
14296.2
14303.3
14310.3
14317.4
14324.5
14331.5
14338.6
14345.7
14352.7
14359.8
14366.8
14373.9
14381
14388
14395.1
14402.2
14409.2
14416.3
14423.4
14430.4
14437.5
14444.6
14451.6
14458.7
14465.8
14472.8
14479.9
14487
14494
14501.1
14508.2
14515.2
14522.3
14529.3
14536.4
14543.5
14550.5
14557.6
14564.7
14571.7
14578.8
14585.9
14592.9
14600
14607.1
14614.1
14621.2
14628.3
14635.3
14642.4
14649.5
14656.5
14663.6
14670.7
14677.7
14684.8
14691.8
14698.9
14706
14713
14720.1
14727.2
14734.2
14741.3
14748.4
14755.4
14762.5
14769.6
14776.6
14783.7
14790.8
14797.8
14804.9
14812
14819
14826.1
14833.2
14840.2
14847.3
14854.3
14861.4
14868.5
14875.5
14882.6
14889.7
14896.7
14903.8
14910.9
14917.9
14925
14932.1
14939.1
14946.2
14953.3
14960.3
14967.4
14974.5
14981.5
14988.6
14995.7
15002.7
15009.8
15016.8
15023.9
15031
15038
15045.1
15052.2
15059.2
15066.3
15073.4
15080.4
15087.5
15094.6
15101.6
15108.7
15115.8
15122.8
15129.9
15137
15144
15151.1
15158.2
15165.2
15172.3
15179.3
15186.4
15193.5
15200.5
15207.6
15214.7
15221.7
15228.8
15235.9
15242.9
15250
15257.1
15264.1
15271.2
15278.3
15285.3
15292.4
15299.5
15306.5
15313.6
15320.7
15327.7
15334.8
15341.8
15348.9
15356
15363
15370.1
15377.2
15384.2
15391.3
15398.4
15405.4
15412.5
15419.6
15426.6
15433.7
15440.8
15447.8
15454.9
15462
15469
15476.1
15483.2
15490.2
15497.3
15504.3
15511.4
15518.5
15525.5
15532.6
15539.7
15546.7
15553.8
15560.9
15567.9
15575
15582.1
15589.1
15596.2
15603.3
15610.3
15617.4
15624.5
15631.5
15638.6
15645.7
15652.7
15659.8
15666.8
15673.9
15681
15688
15695.1
15702.2
15709.2
15716.3
15723.4
15730.4
15737.5
15744.6
15751.6
15758.7
15765.8
15772.8
15779.9
15787
15794
15801.1
15808.2
15815.2
15822.3
15829.3
15836.4
15843.5
15850.5
15857.6
15864.7
15871.7
15878.8
15885.9
15892.9
15900
15907.1
15914.1
15921.2
15928.3
15935.3
15942.4
15949.5
15956.5
15963.6
15970.7
15977.7
15984.8
15991.8
15998.9
16006
16013
16020.1
16027.2
16034.2
16041.3
16048.4
16055.4
16062.5
16069.6
16076.6
16083.7
16090.8
16097.8
16104.9
16112
16119
16126.1
16133.2
16140.2
16147.3
16154.3
16161.4
16168.5
16175.5
16182.6
16189.7
16196.7
16203.8
16210.9
16217.9
16225
16232.1
16239.1
16246.2
16253.3
16260.3
16267.4
16274.5
16281.5
16288.6
16295.7
16302.7
16309.8
16316.8
16323.9
16331
16338
16345.1
16352.2
16359.2
16366.3
16373.4
16380.4
16387.5
16394.6
16401.6
16408.7
16415.8
16422.8
16429.9
16437
16444
16451.1
16458.2
16465.2
16472.3
16479.3
16486.4
16493.5
16500.5
16507.6
16514.7
16521.7
16528.8
16535.9
16542.9
16550
16557.1
16564.1
16571.2
16578.3
16585.3
16592.4
16599.5
16606.5
16613.6
16620.7
16627.7
16634.8
16641.8
16648.9
16656
16663
16670.1
16677.2
16684.2
16691.3
16698.4
16705.4
16712.5
16719.6
16726.6
16733.7
16740.8
16747.8
16754.9
16762
16769
16776.1
16783.2
16790.2
16797.3
16804.3
16811.4
16818.5
16825.5
16832.6
16839.7
16846.7
16853.8
16860.9
16867.9
16875
16882.1
16889.1
16896.2
16903.3
16910.3
16917.4
16924.5
16931.5
16938.6
16945.7
16952.7
16959.8
16966.8
16973.9
16981
16988
16995.1
17002.2
17009.2
17016.3
17023.4
17030.4
17037.5
17044.6
17051.6
17058.7
17065.8
17072.8
17079.9
17087
17094
17101.1
17108.2
17115.2
17122.3
17129.3
17136.4
17143.5
17150.5
17157.6
17164.7
17171.7
17178.8
17185.9
17192.9
17200
17207.1
17214.1
17221.2
17228.3
17235.3
17242.4
17249.5
17256.5
17263.6
17270.7
17277.7
17284.8
17291.8
17298.9
17306
17313
17320.1
17327.2
17334.2
17341.3
17348.4
17355.4
17362.5
17369.6
17376.6
17383.7
17390.8
17397.8
17404.9
17412
17419
17426.1
17433.2
17440.2
17447.3
17454.3
17461.4
17468.5
17475.5
17482.6
17489.7
17496.7
17503.8
17510.9
17517.9
17525
17532.1
17539.1
17546.2
17553.3
17560.3
17567.4
17574.5
17581.5
17588.6
17595.7
17602.7
17609.8
17616.8
17623.9
17631
17638
17645.1
17652.2
17659.2
17666.3
17673.4
17680.4
17687.5
17694.6
17701.6
17708.7
17715.8
17722.8
17729.9
17737
17744
17751.1
17758.2
17765.2
17772.3
17779.3
17786.4
17793.5
17800.5
17807.6
17814.7
17821.7
17828.8
17835.9
17842.9
17850
17857.1
17864.1
17871.2
17878.3
17885.3
17892.4
17899.5
17906.5
17913.6
17920.7
17927.7
17934.8
17941.8
17948.9
17956
17963
17970.1
17977.2
17984.2
17991.3
17998.4
18005.4
18012.5
18019.6
18026.6
18033.7
18040.8
18047.8
18054.9
18062
18069
18076.1
18083.2
18090.2
18097.3
18104.3
18111.4
18118.5
18125.5
18132.6
18139.7
18146.7
18153.8
18160.9
18167.9
18175
18182.1
18189.1
18196.2
18203.3
18210.3
18217.4
18224.5
18231.5
18238.6
18245.7
18252.7
18259.8
18266.8
18273.9
18281
18288
18295.1
18302.2
18309.2
18316.3
18323.4
18330.4
18337.5
18344.6
18351.6
18358.7
18365.8
18372.8
18379.9
18387
18394
18401.1
18408.2
18415.2
18422.3
18429.3
18436.4
18443.5
18450.5
18457.6
18464.7
18471.7
18478.8
18485.9
18492.9
18500
18507.1
18514.1
18521.2
18528.3
18535.3
18542.4
18549.5
18556.5
18563.6
18570.7
18577.7
18584.8
18591.8
18598.9
18606
18613
18620.1
18627.2
18634.2
18641.3
18648.4
18655.4
18662.5
18669.6
18676.6
18683.7
18690.8
18697.8
18704.9
18712
18719
18726.1
18733.2
18740.2
18747.3
18754.3
18761.4
18768.5
18775.5
18782.6
18789.7
18796.7
18803.8
18810.9
18817.9
18825
18832.1
18839.1
18846.2
18853.3
18860.3
18867.4
18874.5
18881.5
18888.6
18895.7
18902.7
18909.8
18916.8
18923.9
18931
18938
18945.1
18952.2
18959.2
18966.3
18973.4
18980.4
18987.5
18994.6
19001.6
19008.7
19015.8
19022.8
19029.9
19037
19044
19051.1
19058.2
19065.2
19072.3
19079.3
19086.4
19093.5
19100.5
19107.6
19114.7
19121.7
19128.8
19135.9
19142.9
19150
19157.1
19164.1
19171.2
19178.3
19185.3
19192.4
19199.5
19206.5
19213.6
19220.7
19227.7
19234.8
19241.8
19248.9
19256
19263
19270.1
19277.2
19284.2
19291.3
19298.4
19305.4
19312.5
19319.6
19326.6
19333.7
19340.8
19347.8
19354.9
19362
19369
19376.1
19383.2
19390.2
19397.3
19404.3
19411.4
19418.5
19425.5
19432.6
19439.7
19446.7
19453.8
19460.9
19467.9
19475
19482.1
19489.1
19496.2
19503.3
19510.3
19517.4
19524.5
19531.5
19538.6
19545.7
19552.7
19559.8
19566.8
19573.9
19581
19588
19595.1
19602.2
19609.2
19616.3
19623.4
19630.4
19637.5
19644.6
19651.6
19658.7
19665.8
19672.8
19679.9
19687
19694
19701.1
19708.2
19715.2
19722.3
19729.3
19736.4
19743.5
19750.5
19757.6
19764.7
19771.7
19778.8
19785.9
19792.9
19800
19807.1
19814.1
19821.2
19828.3
19835.3
19842.4
19849.5
19856.5
19863.6
19870.7
19877.7
19884.8
19891.8
19898.9
19906
19913
19920.1
19927.2
19934.2
19941.3
19948.4
19955.4
19962.5
19969.6
19976.6
19983.7
19990.8
19997.8
20004.9
20012
20019
20026.1
20033.2
20040.2
20047.3
20054.3
20061.4
20068.5
20075.5
20082.6
20089.7
20096.7
20103.8
20110.9
20117.9
20125
20132.1
20139.1
20146.2
20153.3
20160.3
20167.4
20174.5
20181.5
20188.6
20195.7
20202.7
20209.8
20216.8
20223.9
20231
20238
20245.1
20252.2
20259.2
20266.3
20273.4
20280.4
20287.5
20294.6
20301.6
20308.7
20315.8
20322.8
20329.9
20337
20344
20351.1
20358.2
20365.2
20372.3
20379.3
20386.4
20393.5
20400.5
20407.6
20414.7
20421.7
20428.8
20435.9
20442.9
20450
20457.1
20464.1
20471.2
20478.3
20485.3
20492.4
20499.5
20506.5
20513.6
20520.7
20527.7
20534.8
20541.8
20548.9
20556
20563
20570.1
20577.2
20584.2
20591.3
20598.4
20605.4
20612.5
20619.6
20626.6
20633.7
20640.8
20647.8
20654.9
20662
20669
20676.1
20683.2
20690.2
20697.3
20704.3
20711.4
20718.5
20725.5
20732.6
20739.7
20746.7
20753.8
20760.9
20767.9
20775
20782.1
20789.1
20796.2
20803.3
20810.3
20817.4
20824.5
20831.5
20838.6
20845.7
20852.7
20859.8
20866.8
20873.9
20881
20888
20895.1
20902.2
20909.2
20916.3
20923.4
20930.4
20937.5
20944.6
20951.6
20958.7
20965.8
20972.8
20979.9
20987
20994
21001.1
21008.2
21015.2
21022.3
21029.3
21036.4
21043.5
21050.5
21057.6
21064.7
21071.7
21078.8
21085.9
21092.9
21100
21107.1
21114.1
21121.2
21128.3
21135.3
21142.4
21149.5
21156.5
21163.6
21170.7
21177.7
21184.8
21191.8
21198.9
21206
21213
21220.1
21227.2
21234.2
21241.3
21248.4
21255.4
21262.5
21269.6
21276.6
21283.7
21290.8
21297.8
21304.9
21312
21319
21326.1
21333.2
21340.2
21347.3
21354.3
21361.4
21368.5
21375.5
21382.6
21389.7
21396.7
21403.8
21410.9
21417.9
21425
21432.1
21439.1
21446.2
21453.3
21460.3
21467.4
21474.5
21481.5
21488.6
21495.7
21502.7
21509.8
21516.8
21523.9
21531
21538
21545.1
21552.2
21559.2
21566.3
21573.4
21580.4
21587.5
21594.6
21601.6
21608.7
21615.8
21622.8
21629.9
21637
21644
21651.1
21658.2
21665.2
21672.3
21679.3
21686.4
21693.5
21700.5
21707.6
21714.7
21721.7
21728.8
21735.9
21742.9
21750
21757.1
21764.1
21771.2
21778.3
21785.3
21792.4
21799.5
21806.5
21813.6
21820.7
21827.7
21834.8
21841.8
21848.9
21856
21863
21870.1
21877.2
21884.2
21891.3
21898.4
21905.4
21912.5
21919.6
21926.6
21933.7
21940.8
21947.8
21954.9
21962
21969
21976.1
21983.2
21990.2
21997.3
22004.3
22011.4
22018.5
22025.5
22032.6
22039.7
22046.7
22053.8
22060.9
22067.9
22075
22082.1
22089.1
22096.2
22103.3
22110.3
22117.4
22124.5
22131.5
22138.6
22145.7
22152.7
22159.8
22166.8
22173.9
22181
22188
22195.1
22202.2
22209.2
22216.3
22223.4
22230.4
22237.5
22244.6
22251.6
22258.7
22265.8
22272.8
22279.9
22287
22294
22301.1
22308.2
22315.2
22322.3
22329.3
22336.4
22343.5
22350.5
22357.6
22364.7
22371.7
22378.8
22385.9
22392.9
22400
22407.1
22414.1
22421.2
22428.3
22435.3
22442.4
22449.5
22456.5
22463.6
22470.7
22477.7
22484.8
22491.8
22498.9
22506
22513
22520.1
22527.2
22534.2
22541.3
22548.4
22555.4
22562.5
22569.6
22576.6
22583.7
22590.8
22597.8
22604.9
22612
22619
22626.1
22633.2
22640.2
22647.3
22654.3
22661.4
22668.5
22675.5
22682.6
22689.7
22696.7
22703.8
22710.9
22717.9
22725
22732.1
22739.1
22746.2
22753.3
22760.3
22767.4
22774.5
22781.5
22788.6
22795.7
22802.7
22809.8
22816.8
22823.9
22831
22838
22845.1
22852.2
22859.2
22866.3
22873.4
22880.4
22887.5
22894.6
22901.6
22908.7
22915.8
22922.8
22929.9
22937
22944
22951.1
22958.2
22965.2
22972.3
22979.3
22986.4
22993.5
23000.5
23007.6
23014.7
23021.7
23028.8
23035.9
23042.9
23050
23057.1
23064.1
23071.2
23078.3
23085.3
23092.4
23099.5
23106.5
23113.6
23120.7
23127.7
23134.8
23141.8
23148.9
23156
23163
23170.1
23177.2
23184.2
23191.3
23198.4
23205.4
23212.5
23219.6
23226.6
23233.7
23240.8
23247.8
23254.9
23262
23269
23276.1
23283.2
23290.2
23297.3
23304.3
23311.4
23318.5
23325.5
23332.6
23339.7
23346.7
23353.8
23360.9
23367.9
23375
23382.1
23389.1
23396.2
23403.3
23410.3
23417.4
23424.5
23431.5
23438.6
23445.7
23452.7
23459.8
23466.8
23473.9
23481
23488
23495.1
23502.2
23509.2
23516.3
23523.4
23530.4
23537.5
23544.6
23551.6
23558.7
23565.8
23572.8
23579.9
23587
23594
23601.1
23608.2
23615.2
23622.3
23629.3
23636.4
23643.5
23650.5
23657.6
23664.7
23671.7
23678.8
23685.9
23692.9
23700
23707.1
23714.1
23721.2
23728.3
23735.3
23742.4
23749.5
23756.5
23763.6
23770.7
23777.7
23784.8
23791.8
23798.9
23806
23813
23820.1
23827.2
23834.2
23841.3
23848.4
23855.4
23862.5
23869.6
23876.6
23883.7
23890.8
23897.8
23904.9
23912
23919
23926.1
23933.2
23940.2
23947.3
23954.3
23961.4
23968.5
23975.5
23982.6
23989.7
23996.7
24003.8
24010.9
24017.9
24025
24032.1
24039.1
24046.2
24053.3
24060.3
24067.4
24074.5
24081.5
24088.6
24095.7
24102.7
24109.8
24116.8
24123.9
24131
24138
24145.1
24152.2
24159.2
24166.3
24173.4
24180.4
24187.5
24194.6
24201.6
24208.7
24215.8
24222.8
24229.9
24237
24244
24251.1
24258.2
24265.2
24272.3
24279.3
24286.4
24293.5
24300.5
24307.6
24314.7
24321.7
24328.8
24335.9
24342.9
24350
24357.1
24364.1
24371.2
24378.3
24385.3
24392.4
24399.5
24406.5
24413.6
24420.7
24427.7
24434.8
24441.8
24448.9
24456
24463
24470.1
24477.2
24484.2
24491.3
24498.4
24505.4
24512.5
24519.6
24526.6
24533.7
24540.8
24547.8
24554.9
24562
24569
24576.1
24583.2
24590.2
24597.3
24604.3
24611.4
24618.5
24625.5
24632.6
24639.7
24646.7
24653.8
24660.9
24667.9
24675
24682.1
24689.1
24696.2
24703.3
24710.3
24717.4
24724.5
24731.5
24738.6
24745.7
24752.7
24759.8
24766.8
24773.9
24781
24788
24795.1
24802.2
24809.2
24816.3
24823.4
24830.4
24837.5
24844.6
24851.6
24858.7
24865.8
24872.8
24879.9
24887
24894
24901.1
24908.2
24915.2
24922.3
24929.3
24936.4
24943.5
24950.5
24957.6
24964.7
24971.7
24978.8
24985.9
24992.9
25000
