1.252531583858823433e+04 2.163934426229508290e+01
1.276253772947058678e+04 2.163934426229508290e+01
1.295231524217647166e+04 2.188524590163933681e+01
1.314209275488235289e+04 2.237704918032788726e+01
1.333187026758823413e+04 2.286885245901639507e+01
1.347420340211764596e+04 2.311475409836066319e+01
1.361653653664705962e+04 2.360655737704919943e+01
1.375886967117647146e+04 2.409836065573770725e+01
1.394864718388235269e+04 2.483606557377049739e+01
1.404353594023529331e+04 2.557377049180328754e+01
1.418586907476470515e+04 2.655737704918034581e+01
1.428075783111764576e+04 2.729508196721312174e+01
1.437564658747058638e+04 2.803278688524589768e+01
1.447053534382352700e+04 2.877049180327870204e+01
1.456542410017647308e+04 2.926229508196723827e+01
1.466031285652941006e+04 3.024590163934428233e+01
1.475520161288235431e+04 2.975409836065574609e+01
1.485009036923529493e+04 2.901639344262297016e+01
1.489753474741176433e+04 2.778688524590165798e+01
1.494497912558823555e+04 2.680327868852458550e+01
1.499242350376470677e+04 2.581967213114754145e+01
1.503986788194117617e+04 2.483606557377049739e+01
1.508731226011764738e+04 2.409836065573770725e+01
1.522964539464705740e+04 2.311475409836066319e+01
1.541942290735294409e+04 2.336065573770493131e+01
1.556175604188235411e+04 2.385245901639345334e+01
1.565664479823529473e+04 2.459016393442624349e+01
1.584642231094117778e+04 2.434426229508197537e+01
1.594131106729411840e+04 2.360655737704919943e+01
1.603619982364705902e+04 2.262295081967215538e+01
1.613108857999999964e+04 2.163934426229508290e+01
1.622597733635294026e+04 2.040983606557378494e+01
1.632086609270588451e+04 1.918032786885245855e+01
1.641575484905882695e+04 1.844262295081969683e+01
1.655808798358823697e+04 1.770491803278687826e+01
1.674786549629411820e+04 1.819672131147541450e+01
1.693764300899999944e+04 1.868852459016395073e+01
1.707997614352941309e+04 1.918032786885245855e+01
1.722230927805882675e+04 1.967213114754099479e+01
1.741208679076470435e+04 2.016393442622950261e+01
1.760186430347058922e+04 2.090163934426229275e+01
1.774419743799999924e+04 2.139344262295082899e+01
1.783908619435294167e+04 2.139344262295082899e+01
1.802886370705882291e+04 2.163934426229508290e+01
1.826608559794117537e+04 2.213114754098361914e+01
1.840841873247058538e+04 2.237704918032788726e+01
1.855075186700000268e+04 2.262295081967215538e+01
1.869308500152941269e+04 2.286885245901639507e+01
1.888286251423529393e+04 2.311475409836066319e+01
1.907264002694117517e+04 2.360655737704919943e+01
1.926241753964706004e+04 2.409836065573770725e+01
1.945219505235294491e+04 2.459016393442624349e+01
1.964197256505882615e+04 2.483606557377049739e+01
1.978430569958823617e+04 2.532786885245903363e+01
1.992663883411764618e+04 2.581967213114754145e+01
2.011641634682352742e+04 2.631147540983607769e+01
2.025874948135294471e+04 2.655737704918034581e+01
2.040108261588235473e+04 2.704918032786885362e+01
2.059086012858823597e+04 2.729508196721312174e+01
2.073319326311764962e+04 2.778688524590165798e+01
2.092297077582353450e+04 2.803278688524589768e+01
2.106530391035294087e+04 2.803278688524589768e+01
2.120763704488235089e+04 2.803278688524589768e+01
2.139741455758823940e+04 2.827868852459016580e+01
2.153974769211764942e+04 2.827868852459016580e+01
2.172952520482353066e+04 2.803278688524589768e+01
2.196674709570588311e+04 2.754098360655738986e+01
2.206163585205882191e+04 2.680327868852458550e+01
2.215652460841176435e+04 2.606557377049180957e+01
2.225141336476470678e+04 2.508196721311476551e+01
2.239374649929412044e+04 2.409836065573770725e+01
2.248863525564705924e+04 2.286885245901639507e+01
2.258352401200000168e+04 2.188524590163933681e+01
2.267841276835294411e+04 2.065573770491803884e+01
2.272585714652941169e+04 1.942622950819674088e+01
2.282074590288235413e+04 1.795081967213116059e+01
2.291563465923529293e+04 1.672131147540983420e+01
2.296307903741176415e+04 1.549180327868853624e+01
2.301052341558823537e+04 1.450819672131149218e+01
2.310541217194117780e+04 1.303278688524591189e+01
2.324774530647058782e+04 1.180327868852461393e+01
2.334263406282353026e+04 1.057377049180328754e+01
2.339007844100000148e+04 9.098360655737707248e+00
2.353241157552941513e+04 7.868852459016409284e+00
2.362730033188235393e+04 6.639344262295082899e+00
2.372218908823529637e+04 5.655737704918038844e+00
2.381707784458823517e+04 4.918032786885248697e+00
2.395941097911764882e+04 3.934426229508204642e+00
2.410174411364706248e+04 3.196721311475414495e+00
