1.254918537046583879e+04 1.293103448275843448e+00
1.269947501562111938e+04 1.293103448275843448e+00
1.289986120916149230e+04 1.293103448275843448e+00
1.305015085431676926e+04 1.293103448275843448e+00
1.330063359624223631e+04 1.293103448275843448e+00
1.350101978978260740e+04 1.293103448275843448e+00
1.375150253170807446e+04 1.551724137931017822e+00
1.400198527363353969e+04 1.810344827586192196e+00
1.415227491878881847e+04 2.327586206896540943e+00
1.435266111232919138e+04 2.844827586206889691e+00
1.440275766071428552e+04 3.620689655172384391e+00
1.450295075748447198e+04 4.137931034482761561e+00
1.455304730586956430e+04 5.172413793103459057e+00
1.460314385425465662e+04 6.206896551724128130e+00
1.465324040263975076e+04 7.500000000000000000e+00
1.470333695102484489e+04 8.534482758620669074e+00
1.475343349940993721e+04 9.568965517241366570e+00
1.480353004779503135e+04 1.060344827586206407e+01
1.485362659618012549e+04 1.137931034482758719e+01
1.485362659618012549e+04 1.215517241379308189e+01
1.490372314456521963e+04 1.318965517241377938e+01
1.500391624133540427e+04 1.396551724137930250e+01
1.510410933810559072e+04 1.318965517241377938e+01
1.520430243487577718e+04 1.241379310344825626e+01
1.530449553164596364e+04 1.163793103448276156e+01
1.540468862841615010e+04 1.086206896551721002e+01
1.550488172518633473e+04 1.060344827586206407e+01
1.565517137034161533e+04 1.112068965517238439e+01
1.575536446711180179e+04 1.189655172413790751e+01
1.580546101549689593e+04 1.267241379310345906e+01
1.590565411226708056e+04 1.344827586206895376e+01
1.595575066065217288e+04 1.422413793103447688e+01
1.605594375742236116e+04 1.500000000000000000e+01
1.620623340257763812e+04 1.551724137931034875e+01
1.630642649934782639e+04 1.474137931034479720e+01
1.640661959611801285e+04 1.396551724137930250e+01
1.645671614450310881e+04 1.318965517241377938e+01
1.655690924127329345e+04 1.241379310344825626e+01
1.665710233804347808e+04 1.137931034482758719e+01
1.675729543481366636e+04 1.060344827586206407e+01
1.690758507996894696e+04 9.827586206896540943e+00
1.705787472512422391e+04 9.310344827586192196e+00
1.725826091866459683e+04 9.310344827586192196e+00
1.750874366059006206e+04 9.310344827586192196e+00
1.770912985413043498e+04 9.310344827586192196e+00
1.790951604767080789e+04 9.310344827586192196e+00
1.805980569282608485e+04 9.568965517241366570e+00
1.821009533798136908e+04 9.568965517241366570e+00
1.836038498313664604e+04 9.568965517241366570e+00
1.851067462829192300e+04 9.827586206896540943e+00
1.866096427344720723e+04 1.008620689655171532e+01
1.881125391860248419e+04 1.034482758620688969e+01
1.901164011214285711e+04 1.060344827586206407e+01
1.916192975729813770e+04 1.086206896551721002e+01
1.931221940245341466e+04 1.137931034482758719e+01
1.946250904760869525e+04 1.163793103448276156e+01
1.961279869276397585e+04 1.189655172413790751e+01
1.976308833791925281e+04 1.241379310344825626e+01
1.991337798307453340e+04 1.293103448275860501e+01
2.006366762822981400e+04 1.344827586206895376e+01
2.021395727338509096e+04 1.422413793103447688e+01
2.036424691854037155e+04 1.500000000000000000e+01
2.051453656369565215e+04 1.551724137931034875e+01
2.061472966046583679e+04 1.629310344827584345e+01
2.076501930562111738e+04 1.706896551724136657e+01
2.086521240239130566e+04 1.784482758620688969e+01
2.096540549916149030e+04 1.836206896551722423e+01
2.101550204754658262e+04 1.887931034482757298e+01
2.116579169270185957e+04 1.991379310344827047e+01
2.126598478947204785e+04 2.068965517241377938e+01
2.136617788624223613e+04 2.172413793103447688e+01
2.151646753139751672e+04 2.249999999999998579e+01
2.161666062816770136e+04 2.353448275862068328e+01
2.166675717655279732e+04 2.456896551724136657e+01
2.176695027332298559e+04 2.560344827586206407e+01
2.186714337009317023e+04 2.663793103448276156e+01
2.191723991847826255e+04 2.741379310344827047e+01
2.201743301524844719e+04 2.870689655172411392e+01
2.211762611201863547e+04 2.974137931034481142e+01
2.216772266040372779e+04 3.077586206896549470e+01
2.226791575717391606e+04 3.181034482758619220e+01
2.236810885394410070e+04 3.310344827586206407e+01
2.246830195071428534e+04 3.413793103448276156e+01
2.256849504748447362e+04 3.543103448275860501e+01
2.266868814425466189e+04 3.672413793103447688e+01
2.276888124102484653e+04 3.775862068965516016e+01
2.291917088618012349e+04 3.853448275862068328e+01
2.311955707972050004e+04 3.879310344827585766e+01
2.331994327326086932e+04 3.879310344827585766e+01
2.342013637003105396e+04 3.801724137931032033e+01
2.352032946680124223e+04 3.724137931034481142e+01
2.362052256357143051e+04 3.620689655172411392e+01
2.372071566034161515e+04 3.517241379310344485e+01
2.387100530549689211e+04 3.413793103448276156e+01
2.397119840226708038e+04 3.336206896551722423e+01
2.407139149903726866e+04 3.232758620689655515e+01
2.417158459580745330e+04 3.129310344827585766e+01
