W
12000
12007.1
12014.2
12021.3
12028.3
12035.4
12042.5
12049.6
12056.7
12063.8
12070.8
12077.9
12085
12092.1
12099.2
12106.3
12113.4
12120.4
12127.5
12134.6
12141.7
12148.8
12155.9
12162.9
12170
12177.1
12184.2
12191.3
12198.4
12205.4
12212.5
12219.6
12226.7
12233.8
12240.9
12248
12255
12262.1
12269.2
12276.3
12283.4
12290.5
12297.5
12304.6
12311.7
12318.8
12325.9
12333
12340.1
12347.1
12354.2
12361.3
12368.4
12375.5
12382.6
12389.6
12396.7
12403.8
12410.9
12418
12425.1
12432.2
12439.2
12446.3
12453.4
12460.5
12467.6
12474.7
12481.7
12488.8
12495.9
12503
12510.1
12517.2
12524.3
12531.3
12538.4
12545.5
12552.6
12559.7
12566.8
12573.8
12580.9
12588
12595.1
12602.2
12609.3
12616.3
12623.4
12630.5
12637.6
12644.7
12651.8
12658.9
12665.9
12673
12680.1
12687.2
12694.3
12701.4
12708.4
12715.5
12722.6
12729.7
12736.8
12743.9
12751
12758
12765.1
12772.2
12779.3
12786.4
12793.5
12800.5
12807.6
12814.7
12821.8
12828.9
12836
12843.1
12850.1
12857.2
12864.3
12871.4
12878.5
12885.6
12892.6
12899.7
12906.8
12913.9
12921
12928.1
12935.1
12942.2
12949.3
12956.4
12963.5
12970.6
12977.7
12984.7
12991.8
12998.9
13006
13013.1
13020.2
13027.2
13034.3
13041.4
13048.5
13055.6
13062.7
13069.8
13076.8
13083.9
13091
13098.1
13105.2
13112.3
13119.3
13126.4
13133.5
13140.6
13147.7
13154.8
13161.9
13168.9
13176
13183.1
13190.2
13197.3
13204.4
13211.4
13218.5
13225.6
13232.7
13239.8
13246.9
13254
13261
13268.1
13275.2
13282.3
13289.4
13296.5
13303.5
13310.6
13317.7
13324.8
13331.9
13339
13346
13353.1
13360.2
13367.3
13374.4
13381.5
13388.6
13395.6
13402.7
13409.8
13416.9
13424
13431.1
13438.1
13445.2
13452.3
13459.4
13466.5
13473.6
13480.7
13487.7
13494.8
13501.9
13509
13516.1
13523.2
13530.2
13537.3
13544.4
13551.5
13558.6
13565.7
13572.8
13579.8
13586.9
13594
13601.1
13608.2
13615.3
13622.3
13629.4
13636.5
13643.6
13650.7
13657.8
13664.9
13671.9
13679
13686.1
13693.2
13700.3
13707.4
13714.4
13721.5
13728.6
13735.7
13742.8
13749.9
13756.9
13764
13771.1
13778.2
13785.3
13792.4
13799.5
13806.5
13813.6
13820.7
13827.8
13834.9
13842
13849
13856.1
13863.2
13870.3
13877.4
13884.5
13891.6
13898.6
13905.7
13912.8
13919.9
13927
13934.1
13941.1
13948.2
13955.3
13962.4
13969.5
13976.6
13983.7
13990.7
13997.8
14004.9
14012
14019.1
14026.2
14033.2
14040.3
14047.4
14054.5
14061.6
14068.7
14075.7
14082.8
14089.9
14097
14104.1
14111.2
14118.3
14125.3
14132.4
14139.5
14146.6
14153.7
14160.8
14167.8
14174.9
14182
14189.1
14196.2
14203.3
14210.4
14217.4
14224.5
14231.6
14238.7
14245.8
14252.9
14259.9
14267
14274.1
14281.2
14288.3
14295.4
14302.5
14309.5
14316.6
14323.7
14330.8
14337.9
14345
14352
14359.1
14366.2
14373.3
14380.4
14387.5
14394.6
14401.6
14408.7
14415.8
14422.9
14430
14437.1
14444.1
14451.2
14458.3
14465.4
14472.5
14479.6
14486.6
14493.7
14500.8
14507.9
14515
14522.1
14529.2
14536.2
14543.3
14550.4
14557.5
14564.6
14571.7
14578.7
14585.8
14592.9
14600
14607.1
14614.2
14621.3
14628.3
14635.4
14642.5
14649.6
14656.7
14663.8
14670.8
14677.9
14685
14692.1
14699.2
14706.3
14713.4
14720.4
14727.5
14734.6
14741.7
14748.8
14755.9
14762.9
14770
14777.1
14784.2
14791.3
14798.4
14805.4
14812.5
14819.6
14826.7
14833.8
14840.9
14848
14855
14862.1
14869.2
14876.3
14883.4
14890.5
14897.5
14904.6
14911.7
14918.8
14925.9
14933
14940.1
14947.1
14954.2
14961.3
14968.4
14975.5
14982.6
14989.6
14996.7
15003.8
15010.9
15018
15025.1
15032.2
15039.2
15046.3
15053.4
15060.5
15067.6
15074.7
15081.7
15088.8
15095.9
15103
15110.1
15117.2
15124.3
15131.3
15138.4
15145.5
15152.6
15159.7
15166.8
15173.8
15180.9
15188
15195.1
15202.2
15209.3
15216.3
15223.4
15230.5
15237.6
15244.7
15251.8
15258.9
15265.9
15273
15280.1
15287.2
15294.3
15301.4
15308.4
15315.5
15322.6
15329.7
15336.8
15343.9
15351
15358
15365.1
15372.2
15379.3
15386.4
15393.5
15400.5
15407.6
15414.7
15421.8
15428.9
15436
15443.1
15450.1
15457.2
15464.3
15471.4
15478.5
15485.6
15492.6
15499.7
15506.8
15513.9
15521
15528.1
15535.1
15542.2
15549.3
15556.4
15563.5
15570.6
15577.7
15584.7
15591.8
15598.9
15606
15613.1
15620.2
15627.2
15634.3
15641.4
15648.5
15655.6
15662.7
15669.8
15676.8
15683.9
15691
15698.1
15705.2
15712.3
15719.3
15726.4
15733.5
15740.6
15747.7
15754.8
15761.9
15768.9
15776
15783.1
15790.2
15797.3
15804.4
15811.4
15818.5
15825.6
15832.7
15839.8
15846.9
15854
15861
15868.1
15875.2
15882.3
15889.4
15896.5
15903.5
15910.6
15917.7
15924.8
15931.9
15939
15946
15953.1
15960.2
15967.3
15974.4
15981.5
15988.6
15995.6
16002.7
16009.8
16016.9
16024
16031.1
16038.1
16045.2
16052.3
16059.4
16066.5
16073.6
16080.7
16087.7
16094.8
16101.9
16109
16116.1
16123.2
16130.2
16137.3
16144.4
16151.5
16158.6
16165.7
16172.8
16179.8
16186.9
16194
16201.1
16208.2
16215.3
16222.3
16229.4
16236.5
16243.6
16250.7
16257.8
16264.9
16271.9
16279
16286.1
16293.2
16300.3
16307.4
16314.4
16321.5
16328.6
16335.7
16342.8
16349.9
16356.9
16364
16371.1
16378.2
16385.3
16392.4
16399.5
16406.5
16413.6
16420.7
16427.8
16434.9
16442
16449
16456.1
16463.2
16470.3
16477.4
16484.5
16491.6
16498.6
16505.7
16512.8
16519.9
16527
16534.1
16541.1
16548.2
16555.3
16562.4
16569.5
16576.6
16583.7
16590.7
16597.8
16604.9
16612
16619.1
16626.2
16633.2
16640.3
16647.4
16654.5
16661.6
16668.7
16675.7
16682.8
16689.9
16697
16704.1
16711.2
16718.3
16725.3
16732.4
16739.5
16746.6
16753.7
16760.8
16767.8
16774.9
16782
16789.1
16796.2
16803.3
16810.4
16817.4
16824.5
16831.6
16838.7
16845.8
16852.9
16859.9
16867
16874.1
16881.2
16888.3
16895.4
16902.5
16909.5
16916.6
16923.7
16930.8
16937.9
16945
16952
16959.1
16966.2
16973.3
16980.4
16987.5
16994.6
17001.6
17008.7
17015.8
17022.9
17030
17037.1
17044.1
17051.2
17058.3
17065.4
17072.5
17079.6
17086.6
17093.7
17100.8
17107.9
17115
17122.1
17129.2
17136.2
17143.3
17150.4
17157.5
17164.6
17171.7
17178.7
17185.8
17192.9
17200
17207.1
17214.2
17221.3
17228.3
17235.4
17242.5
17249.6
17256.7
17263.8
17270.8
17277.9
17285
17292.1
17299.2
17306.3
17313.4
17320.4
17327.5
17334.6
17341.7
17348.8
17355.9
17362.9
17370
17377.1
17384.2
17391.3
17398.4
17405.4
17412.5
17419.6
17426.7
17433.8
17440.9
17448
17455
17462.1
17469.2
17476.3
17483.4
17490.5
17497.5
17504.6
17511.7
17518.8
17525.9
17533
17540.1
17547.1
17554.2
17561.3
17568.4
17575.5
17582.6
17589.6
17596.7
17603.8
17610.9
17618
17625.1
17632.2
17639.2
17646.3
17653.4
17660.5
17667.6
17674.7
17681.7
17688.8
17695.9
17703
17710.1
17717.2
17724.3
17731.3
17738.4
17745.5
17752.6
17759.7
17766.8
17773.8
17780.9
17788
17795.1
17802.2
17809.3
17816.3
17823.4
17830.5
17837.6
17844.7
17851.8
17858.9
17865.9
17873
17880.1
17887.2
17894.3
17901.4
17908.4
17915.5
17922.6
17929.7
17936.8
17943.9
17951
17958
17965.1
17972.2
17979.3
17986.4
17993.5
18000.5
18007.6
18014.7
18021.8
18028.9
18036
18043.1
18050.1
18057.2
18064.3
18071.4
18078.5
18085.6
18092.6
18099.7
18106.8
18113.9
18121
18128.1
18135.1
18142.2
18149.3
18156.4
18163.5
18170.6
18177.7
18184.7
18191.8
18198.9
18206
18213.1
18220.2
18227.2
18234.3
18241.4
18248.5
18255.6
18262.7
18269.8
18276.8
18283.9
18291
18298.1
18305.2
18312.3
18319.3
18326.4
18333.5
18340.6
18347.7
18354.8
18361.9
18368.9
18376
18383.1
18390.2
18397.3
18404.4
18411.4
18418.5
18425.6
18432.7
18439.8
18446.9
18454
18461
18468.1
18475.2
18482.3
18489.4
18496.5
18503.5
18510.6
18517.7
18524.8
18531.9
18539
18546
18553.1
18560.2
18567.3
18574.4
18581.5
18588.6
18595.6
18602.7
18609.8
18616.9
18624
18631.1
18638.1
18645.2
18652.3
18659.4
18666.5
18673.6
18680.7
18687.7
18694.8
18701.9
18709
18716.1
18723.2
18730.2
18737.3
18744.4
18751.5
18758.6
18765.7
18772.8
18779.8
18786.9
18794
18801.1
18808.2
18815.3
18822.3
18829.4
18836.5
18843.6
18850.7
18857.8
18864.9
18871.9
18879
18886.1
18893.2
18900.3
18907.4
18914.4
18921.5
18928.6
18935.7
18942.8
18949.9
18956.9
18964
18971.1
18978.2
18985.3
18992.4
18999.5
19006.5
19013.6
19020.7
19027.8
19034.9
19042
19049
19056.1
19063.2
19070.3
19077.4
19084.5
19091.6
19098.6
19105.7
19112.8
19119.9
19127
19134.1
19141.1
19148.2
19155.3
19162.4
19169.5
19176.6
19183.7
19190.7
19197.8
19204.9
19212
19219.1
19226.2
19233.2
19240.3
19247.4
19254.5
19261.6
19268.7
19275.7
19282.8
19289.9
19297
19304.1
19311.2
19318.3
19325.3
19332.4
19339.5
19346.6
19353.7
19360.8
19367.8
19374.9
19382
19389.1
19396.2
19403.3
19410.4
19417.4
19424.5
19431.6
19438.7
19445.8
19452.9
19459.9
19467
19474.1
19481.2
19488.3
19495.4
19502.5
19509.5
19516.6
19523.7
19530.8
19537.9
19545
19552
19559.1
19566.2
19573.3
19580.4
19587.5
19594.6
19601.6
19608.7
19615.8
19622.9
19630
19637.1
19644.1
19651.2
19658.3
19665.4
19672.5
19679.6
19686.6
19693.7
19700.8
19707.9
19715
19722.1
19729.2
19736.2
19743.3
19750.4
19757.5
19764.6
19771.7
19778.7
19785.8
19792.9
19800
19807.1
19814.2
19821.3
19828.3
19835.4
19842.5
19849.6
19856.7
19863.8
19870.8
19877.9
19885
19892.1
19899.2
19906.3
19913.4
19920.4
19927.5
19934.6
19941.7
19948.8
19955.9
19962.9
19970
19977.1
19984.2
19991.3
19998.4
20005.4
20012.5
20019.6
20026.7
20033.8
20040.9
20048
20055
20062.1
20069.2
20076.3
20083.4
20090.5
20097.5
20104.6
20111.7
20118.8
20125.9
20133
20140.1
20147.1
20154.2
20161.3
20168.4
20175.5
20182.6
20189.6
20196.7
20203.8
20210.9
20218
20225.1
20232.2
20239.2
20246.3
20253.4
20260.5
20267.6
20274.7
20281.7
20288.8
20295.9
20303
20310.1
20317.2
20324.3
20331.3
20338.4
20345.5
20352.6
20359.7
20366.8
20373.8
20380.9
20388
20395.1
20402.2
20409.3
20416.3
20423.4
20430.5
20437.6
20444.7
20451.8
20458.9
20465.9
20473
20480.1
20487.2
20494.3
20501.4
20508.4
20515.5
20522.6
20529.7
20536.8
20543.9
20551
20558
20565.1
20572.2
20579.3
20586.4
20593.5
20600.5
20607.6
20614.7
20621.8
20628.9
20636
20643.1
20650.1
20657.2
20664.3
20671.4
20678.5
20685.6
20692.6
20699.7
20706.8
20713.9
20721
20728.1
20735.1
20742.2
20749.3
20756.4
20763.5
20770.6
20777.7
20784.7
20791.8
20798.9
20806
20813.1
20820.2
20827.2
20834.3
20841.4
20848.5
20855.6
20862.7
20869.8
20876.8
20883.9
20891
20898.1
20905.2
20912.3
20919.3
20926.4
20933.5
20940.6
20947.7
20954.8
20961.9
20968.9
20976
20983.1
20990.2
20997.3
21004.4
21011.4
21018.5
21025.6
21032.7
21039.8
21046.9
21054
21061
21068.1
21075.2
21082.3
21089.4
21096.5
21103.5
21110.6
21117.7
21124.8
21131.9
21139
21146
21153.1
21160.2
21167.3
21174.4
21181.5
21188.6
21195.6
21202.7
21209.8
21216.9
21224
21231.1
21238.1
21245.2
21252.3
21259.4
21266.5
21273.6
21280.7
21287.7
21294.8
21301.9
21309
21316.1
21323.2
21330.2
21337.3
21344.4
21351.5
21358.6
21365.7
21372.8
21379.8
21386.9
21394
21401.1
21408.2
21415.3
21422.3
21429.4
21436.5
21443.6
21450.7
21457.8
21464.9
21471.9
21479
21486.1
21493.2
21500.3
21507.4
21514.4
21521.5
21528.6
21535.7
21542.8
21549.9
21556.9
21564
21571.1
21578.2
21585.3
21592.4
21599.5
21606.5
21613.6
21620.7
21627.8
21634.9
21642
21649
21656.1
21663.2
21670.3
21677.4
21684.5
21691.6
21698.6
21705.7
21712.8
21719.9
21727
21734.1
21741.1
21748.2
21755.3
21762.4
21769.5
21776.6
21783.7
21790.7
21797.8
21804.9
21812
21819.1
21826.2
21833.2
21840.3
21847.4
21854.5
21861.6
21868.7
21875.7
21882.8
21889.9
21897
21904.1
21911.2
21918.3
21925.3
21932.4
21939.5
21946.6
21953.7
21960.8
21967.8
21974.9
21982
21989.1
21996.2
22003.3
22010.4
22017.4
22024.5
22031.6
22038.7
22045.8
22052.9
22059.9
22067
22074.1
22081.2
22088.3
22095.4
22102.5
22109.5
22116.6
22123.7
22130.8
22137.9
22145
22152
22159.1
22166.2
22173.3
22180.4
22187.5
22194.6
22201.6
22208.7
22215.8
22222.9
22230
22237.1
22244.1
22251.2
22258.3
22265.4
22272.5
22279.6
22286.6
22293.7
22300.8
22307.9
22315
22322.1
22329.2
22336.2
22343.3
22350.4
22357.5
22364.6
22371.7
22378.7
22385.8
22392.9
22400
22407.1
22414.2
22421.3
22428.3
22435.4
22442.5
22449.6
22456.7
22463.8
22470.8
22477.9
22485
22492.1
22499.2
22506.3
22513.4
22520.4
22527.5
22534.6
22541.7
22548.8
22555.9
22562.9
22570
22577.1
22584.2
22591.3
22598.4
22605.4
22612.5
22619.6
22626.7
22633.8
22640.9
22648
22655
22662.1
22669.2
22676.3
22683.4
22690.5
22697.5
22704.6
22711.7
22718.8
22725.9
22733
22740.1
22747.1
22754.2
22761.3
22768.4
22775.5
22782.6
22789.6
22796.7
22803.8
22810.9
22818
22825.1
22832.2
22839.2
22846.3
22853.4
22860.5
22867.6
22874.7
22881.7
22888.8
22895.9
22903
22910.1
22917.2
22924.3
22931.3
22938.4
22945.5
22952.6
22959.7
22966.8
22973.8
22980.9
22988
22995.1
23002.2
23009.3
23016.3
23023.4
23030.5
23037.6
23044.7
23051.8
23058.9
23065.9
23073
23080.1
23087.2
23094.3
23101.4
23108.4
23115.5
23122.6
23129.7
23136.8
23143.9
23151
23158
23165.1
23172.2
23179.3
23186.4
23193.5
23200.5
23207.6
23214.7
23221.8
23228.9
23236
23243.1
23250.1
23257.2
23264.3
23271.4
23278.5
23285.6
23292.6
23299.7
23306.8
23313.9
23321
23328.1
23335.1
23342.2
23349.3
23356.4
23363.5
23370.6
23377.7
23384.7
23391.8
23398.9
23406
23413.1
23420.2
23427.2
23434.3
23441.4
23448.5
23455.6
23462.7
23469.8
23476.8
23483.9
23491
23498.1
23505.2
23512.3
23519.3
23526.4
23533.5
23540.6
23547.7
23554.8
23561.9
23568.9
23576
23583.1
23590.2
23597.3
23604.4
23611.4
23618.5
23625.6
23632.7
23639.8
23646.9
23654
23661
23668.1
23675.2
23682.3
23689.4
23696.5
23703.5
23710.6
23717.7
23724.8
23731.9
23739
23746
23753.1
23760.2
23767.3
23774.4
23781.5
23788.6
23795.6
23802.7
23809.8
23816.9
23824
23831.1
23838.1
23845.2
23852.3
23859.4
23866.5
23873.6
23880.7
23887.7
23894.8
23901.9
23909
23916.1
23923.2
23930.2
23937.3
23944.4
23951.5
23958.6
23965.7
23972.8
23979.8
23986.9
23994
24001.1
24008.2
24015.3
24022.3
24029.4
24036.5
24043.6
24050.7
24057.8
24064.9
24071.9
24079
24086.1
24093.2
24100.3
24107.4
24114.4
24121.5
24128.6
24135.7
24142.8
24149.9
24156.9
24164
24171.1
24178.2
24185.3
24192.4
24199.5
24206.5
24213.6
24220.7
24227.8
24234.9
24242
24249
24256.1
24263.2
24270.3
24277.4
24284.5
24291.6
24298.6
24305.7
24312.8
24319.9
24327
24334.1
24341.1
24348.2
24355.3
24362.4
24369.5
24376.6
24383.7
24390.7
24397.8
24404.9
24412
24419.1
24426.2
24433.2
24440.3
24447.4
24454.5
24461.6
24468.7
24475.7
24482.8
24489.9
24497
24504.1
24511.2
24518.3
24525.3
24532.4
24539.5
24546.6
24553.7
24560.8
24567.8
24574.9
24582
24589.1
24596.2
24603.3
24610.4
24617.4
24624.5
24631.6
24638.7
24645.8
24652.9
24659.9
24667
24674.1
24681.2
24688.3
24695.4
24702.5
24709.5
24716.6
24723.7
24730.8
24737.9
24745
24752
24759.1
24766.2
24773.3
24780.4
24787.5
24794.6
24801.6
24808.7
24815.8
24822.9
24830
24837.1
24844.1
24851.2
24858.3
24865.4
24872.5
24879.6
24886.6
24893.7
24900.8
24907.9
24915
24922.1
24929.2
24936.2
24943.3
24950.4
24957.5
24964.6
24971.7
24978.7
24985.8
24992.9
25000
