2.502839212490624777e+04 2.299999999999999822e+00
2.496597718195137350e+04 2.229999999999999982e+00
2.490387276110074890e+04 2.262999999999999901e+00
2.484207655077543677e+04 2.427000000000000046e+00
2.478058626228341745e+04 2.168000000000000149e+00
2.471939962953703798e+04 2.263999999999999790e+00
2.465851440877463392e+04 2.369000000000000217e+00
2.459792837828624761e+04 2.277000000000000135e+00
2.453763933814338816e+04 2.392999999999999794e+00
2.447764510993276417e+04 2.314000000000000057e+00
2.441794353649390905e+04 2.370000000000000107e+00
2.435853248166058620e+04 2.362000000000000099e+00
2.429940983000607230e+04 2.439000000000000057e+00
2.424057348659201671e+04 2.391000000000000014e+00
2.418202137672101890e+04 2.318000000000000060e+00
2.412375144569277836e+04 2.374000000000000110e+00
2.406576165856370790e+04 2.365000000000000213e+00
2.400804999991007571e+04 2.313000000000000167e+00
2.395061447359450540e+04 2.455000000000000071e+00
2.389345310253580465e+04 2.349000000000000199e+00
2.383656392848214455e+04 2.392999999999999794e+00
2.377994501178741848e+04 2.295999999999999819e+00
2.372359443119076241e+04 2.287999999999999812e+00
2.366751028359929478e+04 2.277000000000000135e+00
2.361169068387382504e+04 2.237000000000000099e+00
2.355613376461765074e+04 2.290999999999999925e+00
2.350083767596831240e+04 2.201000000000000068e+00
2.344580058539227684e+04 2.233000000000000096e+00
2.339102067748248010e+04 2.095000000000000195e+00
2.333649615375874419e+04 2.064999999999999947e+00
2.328222523247093341e+04 2.119000000000000217e+00
2.322820614840487542e+04 1.828999999999999959e+00
2.317443715269097447e+04 1.909999999999999920e+00
2.312091651261548031e+04 1.731000000000000094e+00
2.306764251143433648e+04 1.727000000000000091e+00
2.301461344818966245e+04 1.705999999999999961e+00
2.296182763752867686e+04 1.618000000000000105e+00
2.290928340952517465e+04 1.792999999999999927e+00
2.285697910950343066e+04 1.774999999999999911e+00
2.280491309786446800e+04 1.560000000000000053e+00
2.275308374991477467e+04 1.497999999999999998e+00
2.270148945569728312e+04 1.536999999999999922e+00
2.265012861982466347e+04 1.485999999999999988e+00
2.259899966131490146e+04 1.548000000000000043e+00
2.254810101342905909e+04 1.389000000000000012e+00
2.249743112351124000e+04 1.399000000000000021e+00
2.244698845283071932e+04 1.241000000000000103e+00
2.239677147642617638e+04 1.419999999999999929e+00
2.234677868295200824e+04 1.320000000000000062e+00
2.229700857452672790e+04 1.354999999999999982e+00
2.224745966658333782e+04 1.320999999999999952e+00
2.219813048772172988e+04 1.264999999999999902e+00
2.214901957956305341e+04 1.298999999999999932e+00
2.210012549660596051e+04 1.258000000000000007e+00
2.205144680608480485e+04 1.260999999999999899e+00
2.200298208782967049e+04 1.092999999999999972e+00
2.195472993412829237e+04 1.169999999999999929e+00
2.190668894958971578e+04 1.129000000000000004e+00
2.185885775100982937e+04 1.129000000000000004e+00
2.181123496723856442e+04 1.225000000000000089e+00
2.176381923904891300e+04 1.217999999999999972e+00
2.171660921900759786e+04 1.014000000000000012e+00
2.166960357134740480e+04 1.106000000000000094e+00
2.162280097184125407e+04 1.193999999999999950e+00
2.157620010767780332e+04 1.177000000000000046e+00
2.152979967733871308e+04 1.046999999999999931e+00
2.148359839047746937e+04 9.579999999999999627e-01
2.143759496779978872e+04 9.280000000000000471e-01
2.139178814094551490e+04 1.056000000000000050e+00
2.134617665237207257e+04 9.469999999999999529e-01
2.130075925523936530e+04 9.020000000000000240e-01
2.125553471329618333e+04 9.789999999999999813e-01
2.121050180076801189e+04 9.879999999999999893e-01
2.116565930224630574e+04 9.379999999999999449e-01
2.112100601257911694e+04 1.014999999999999902e+00
2.107654073676315966e+04 8.189999999999999503e-01
2.103226228983719193e+04 9.030000000000000249e-01
2.098816949677673256e+04 8.689999999999999947e-01
2.094426119239016771e+04 8.840000000000000080e-01
2.090053622121607987e+04 9.619999999999999662e-01
2.085699343742187921e+04 8.339999999999999636e-01
2.081363170470374462e+04 9.499999999999999556e-01
2.077044989618776526e+04 8.279999999999999583e-01
2.072744689433230451e+04 8.319999999999999618e-01
2.068462159083161532e+04 7.740000000000000213e-01
2.064197288652062343e+04 8.639999999999999902e-01
2.059949969128086741e+04 8.299999999999999600e-01
2.055720092394763924e+04 8.729999999999999982e-01
2.051507551221824178e+04 8.760000000000000009e-01
2.047312239256135217e+04 8.820000000000000062e-01
2.043134051012755299e+04 9.110000000000000320e-01
2.038972881866090029e+04 7.680000000000000160e-01
2.034828628041159027e+04 8.329999999999999627e-01
2.030701186604970280e+04 8.649999999999999911e-01
2.026590455457996359e+04 8.229999999999999538e-01
2.022496333325757587e+04 8.800000000000000044e-01
2.018418719750504169e+04 8.930000000000000160e-01
2.014357515082998361e+04 8.820000000000000062e-01
2.010312620474397772e+04 8.459999999999999742e-01
2.006283937868236899e+04 8.639999999999999902e-01
2.002271369992500331e+04 8.970000000000000195e-01
1.998274820351796734e+04 8.950000000000000178e-01
1.994294193219621593e+04 8.579999999999999849e-01
1.990329393630715640e+04 8.339999999999999636e-01
1.986380327373512409e+04 8.040000000000000480e-01
1.982446900982673833e+04 8.659999999999999920e-01
1.978529021731719695e+04 8.940000000000000169e-01
1.974626597625739669e+04 7.950000000000000400e-01
1.970739537394193394e+04 7.730000000000000204e-01
1.966867750483792042e+04 7.930000000000000382e-01
1.963011147051470834e+04 7.690000000000000169e-01
1.959169637957436498e+04 7.469999999999999973e-01
1.955343134758300948e+04 7.860000000000000320e-01
1.951531549700292817e+04 7.449999999999999956e-01
1.947734795712548657e+04 7.980000000000000426e-01
1.943952786400485638e+04 7.369999999999999885e-01
1.940185436039244814e+04 7.500000000000000000e-01
1.936432659567215160e+04 7.500000000000000000e-01
1.932694372579633273e+04 7.209999999999999742e-01
1.928970491322254384e+04 7.129999999999999671e-01
1.925260932685096486e+04 7.079999999999999627e-01
1.921565614196257593e+04 7.269999999999999796e-01
1.917884454015805022e+04 7.109999999999999654e-01
1.914217370929732351e+04 6.520000000000000240e-01
1.910564284343988402e+04 7.089999999999999636e-01
1.906925114278571709e+04 6.660000000000000364e-01
1.903299781361692294e+04 6.520000000000000240e-01
1.899688206824004010e+04 6.490000000000000213e-01
1.896090312492898011e+04 5.989999999999999769e-01
1.892506020786862064e+04 6.470000000000000195e-01
1.888935254709905712e+04 6.390000000000000124e-01
1.885377937846045461e+04 6.390000000000000124e-01
1.881833994353853632e+04 6.290000000000000036e-01
1.878303348961069787e+04 5.969999999999999751e-01
1.874785926959269636e+04 5.999999999999999778e-01
1.871281654198598335e+04 5.939999999999999725e-01
1.867790457082556168e+04 5.739999999999999547e-01
1.864312262562849355e+04 5.659999999999999476e-01
1.860846998134293608e+04 5.420000000000000373e-01
1.857394591829777710e+04 5.639999999999999458e-01
1.853954972215277667e+04 5.410000000000000364e-01
1.850528068384935250e+04 5.510000000000000453e-01
1.847113809956181285e+04 5.819999999999999618e-01
1.843712127064917149e+04 5.550000000000000488e-01
1.840322950360753748e+04 6.029999999999999805e-01
1.836946211002293785e+04 5.560000000000000497e-01
1.833581840652472602e+04 5.849999999999999645e-01
1.830229771473948858e+04 5.779999999999999583e-01
1.826889936124543965e+04 5.839999999999999636e-01
1.823562267752732077e+04 5.300000000000000266e-01
1.820246699993181755e+04 5.170000000000000151e-01
1.816943166962341274e+04 5.170000000000000151e-01
1.813651603254075962e+04 5.879999999999999671e-01
1.810371943935352829e+04 5.659999999999999476e-01
1.807104124541967758e+04 5.799999999999999600e-01
1.803848081074324364e+04 5.400000000000000355e-01
1.800603749993255769e+04 5.819999999999999618e-01
1.797371068215888954e+04 5.759999999999999565e-01
1.794149973111559302e+04 5.759999999999999565e-01
1.790940402497763716e+04 5.150000000000000133e-01
1.787742294636160659e+04 6.039999999999999813e-01
1.784555588228609486e+04 5.639999999999999458e-01
1.781380222413256342e+04 6.099999999999999867e-01
1.778216136760657537e+04 5.620000000000000551e-01
1.775063271269947290e+04 5.520000000000000462e-01
1.771921566365044418e+04 5.919999999999999707e-01
1.768790962890901574e+04 5.150000000000000133e-01
1.765671402109788687e+04 5.659999999999999476e-01
1.762562825697623703e+04 6.149999999999999911e-01
1.759465175740334234e+04 5.729999999999999538e-01
1.756378394730263608e+04 6.460000000000000187e-01
1.753302425562610006e+04 6.139999999999999902e-01
1.750237211531905996e+04 5.969999999999999751e-01
1.747182696328534439e+04 6.179999999999999938e-01
1.744138824035278958e+04 6.310000000000000053e-01
1.741105539123913695e+04 6.840000000000000524e-01
1.738082786451823267e+04 6.630000000000000338e-01
1.735070511258665647e+04 6.889999999999999458e-01
1.732068659163062694e+04 7.009999999999999565e-01
1.729077176159326700e+04 7.179999999999999716e-01
1.726096008614224775e+04 7.009999999999999565e-01
1.723125103263769779e+04 7.560000000000000053e-01
1.720164407210052013e+04 7.670000000000000151e-01
1.717213867918096366e+04 7.730000000000000204e-01
1.714273433212757300e+04 8.110000000000000542e-01
1.711343051275641483e+04 8.209999999999999520e-01
1.708422670642065350e+04 8.110000000000000542e-01
1.705512240198041400e+04 8.000000000000000444e-01
1.702611709177296143e+04 8.629999999999999893e-01
1.699721027158319339e+04 8.920000000000000151e-01
1.696840144061440878e+04 9.399999999999999467e-01
1.693969010145939319e+04 9.489999999999999547e-01
1.691107576007179523e+04 9.569999999999999618e-01
1.688255792573777580e+04 9.639999999999999680e-01
1.685413611104798110e+04 1.004000000000000004e+00
1.682580983186975209e+04 1.022999999999999909e+00
1.679757860731963228e+04 1.064000000000000057e+00
1.676944195973618480e+04 1.110000000000000098e+00
1.674139941465301308e+04 1.080999999999999961e+00
1.671345050077212363e+04 1.102999999999999980e+00
1.668559474993750337e+04 1.153000000000000025e+00
1.665783169710898801e+04 1.191000000000000059e+00
1.663016088033637789e+04 1.179999999999999938e+00
1.660258184073383381e+04 1.195000000000000062e+00
1.657509412245447311e+04 1.118999999999999995e+00
1.654769727266528935e+04 1.165000000000000036e+00
1.652039084152228315e+04 1.169000000000000039e+00
1.649317438214580397e+04 1.179999999999999938e+00
1.646604745059621928e+04 1.122999999999999998e+00
1.643900960584975473e+04 1.125000000000000000e+00
1.641206040977459270e+04 1.096999999999999975e+00
1.638519942710720352e+04 1.102999999999999980e+00
1.635842622542892605e+04 1.074999999999999956e+00
1.633174037514274460e+04 1.012999999999999901e+00
1.630514144945032604e+04 9.939999999999999947e-01
1.627862902432926967e+04 9.689999999999999725e-01
1.625220267851055360e+04 9.110000000000000320e-01
1.622586199345624118e+04 9.360000000000000542e-01
1.619960655333738214e+04 8.980000000000000204e-01
1.617343594501211919e+04 8.609999999999999876e-01
1.614734975800403481e+04 8.739999999999999991e-01
1.612134758448067987e+04 8.399999999999999689e-01
1.609542901923231693e+04 8.339999999999999636e-01
1.606959365965088728e+04 8.040000000000000480e-01
1.604384110570913799e+04 7.810000000000000275e-01
1.601817095994000192e+04 7.069999999999999618e-01
1.599258282741613766e+04 7.550000000000000044e-01
1.596707631572966784e+04 6.939999999999999503e-01
1.594165103497213568e+04 7.049999999999999600e-01
1.591630659771462888e+04 7.219999999999999751e-01
1.589104261898809818e+04 6.660000000000000364e-01
1.586585871626386870e+04 6.949999999999999512e-01
1.584075450943433862e+04 6.870000000000000551e-01
1.581572962079383979e+04 7.560000000000000053e-01
1.579078367501971661e+04 7.199999999999999734e-01
1.576591629915354497e+04 7.500000000000000000e-01
1.574112712258254760e+04 7.139999999999999680e-01
1.571641577702119503e+04 7.500000000000000000e-01
1.569178189649294836e+04 7.770000000000000240e-01
1.566722511731220948e+04 7.950000000000000400e-01
1.564274507806640759e+04 7.700000000000000178e-01
1.561834141959828594e+04 8.199999999999999512e-01
1.559401378498831946e+04 8.810000000000000053e-01
1.556976181953732703e+04 8.870000000000000107e-01
1.554558517074922565e+04 9.170000000000000373e-01
1.552148348831395560e+04 9.360000000000000542e-01
1.549745642409056018e+04 9.529999999999999583e-01
1.547350363209042007e+04 9.849999999999999867e-01
1.544962476846064965e+04 9.679999999999999716e-01
1.542581949146764237e+04 9.409999999999999476e-01
1.540208746148076898e+04 9.809999999999999831e-01
1.537842834095622493e+04 1.006000000000000005e+00
1.535484179442101595e+04 9.969999999999999973e-01
1.533132748845712194e+04 9.799999999999999822e-01
1.530788509168578094e+04 9.949999999999999956e-01
1.528451427475190940e+04 9.569999999999999618e-01
1.526121471030869179e+04 9.120000000000000329e-01
1.523798607300228650e+04 8.850000000000000089e-01
1.521482803945669002e+04 8.389999999999999680e-01
1.519174028825872665e+04 7.990000000000000435e-01
1.516872249994318190e+04 7.540000000000000036e-01
1.514577435697806504e+04 7.069999999999999618e-01
1.512289554375000262e+04 6.550000000000000266e-01
1.510008574654977565e+04 6.039999999999999813e-01
1.507734465355798420e+04 5.699999999999999512e-01
1.505467195483082651e+04 4.699999999999999734e-01
1.503206734228603636e+04 4.620000000000000218e-01
1.500953050968890420e+04 4.119999999999999774e-01
1.498706115263847641e+04 3.649999999999999911e-01
1.496465896855381288e+04 3.589999999999999858e-01
1.494232365666045007e+04 3.290000000000000147e-01
1.492005491797690047e+04 3.079999999999999960e-01
1.489785245530133943e+04 3.150000000000000022e-01
1.487571597319836837e+04 2.770000000000000240e-01
1.485364517798590714e+04 2.660000000000000142e-01
1.483163977772222279e+04 2.379999999999999893e-01
1.480969948219304752e+04 2.419999999999999929e-01
1.478782400289882025e+04 2.610000000000000098e-01
1.476601305304203379e+04 1.859999999999999987e-01
1.474426634751473102e+04 2.260000000000000064e-01
1.472258360288603217e+04 2.640000000000000124e-01
1.470096453738986929e+04 1.829999999999999960e-01
1.467940887091275727e+04 2.030000000000000138e-01
1.465791632498169929e+04 1.710000000000000131e-01
1.463648662275219249e+04 1.360000000000000098e-01
1.461511948899635172e+04 2.220000000000000029e-01
1.459381465009110980e+04 2.320000000000000118e-01
1.457257183400655231e+04 1.670000000000000095e-01
1.455139077029433611e+04 1.380000000000000115e-01
1.453027119007620058e+04 1.310000000000000053e-01
1.450921282603261170e+04 1.469999999999999918e-01
1.448821541239146427e+04 1.260000000000000009e-01
1.446727868491691152e+04 1.039999999999999952e-01
1.444640238089827108e+04 1.340000000000000080e-01
1.442558623913905285e+04 1.350000000000000089e-01
1.440482999994604688e+04 1.549999999999999989e-01
1.438413340511853676e+04 1.549999999999999989e-01
1.436349619793759121e+04 8.000000000000000167e-02
1.434291812315544848e+04 7.299999999999999545e-02
1.432239892698498261e+04 6.700000000000000400e-02
1.430193835708928782e+04 1.079999999999999988e-01
1.428153616257132853e+04 6.099999999999999867e-02
1.426119209396367660e+04 1.270000000000000018e-01
1.424090590321835407e+04 4.599999999999999922e-02
1.422067734369673599e+04 2.599999999999999881e-02
1.420050617015957869e+04 4.599999999999999922e-02
1.418039213875708629e+04 7.799999999999999989e-02
1.416033500701909543e+04 1.570000000000000007e-01
1.414033453384534005e+04 8.500000000000000611e-02
1.412039047949577252e+04 1.260000000000000009e-01
1.410050260558098853e+04 1.360000000000000098e-01
1.408067067505274645e+04 1.049999999999999961e-01
1.406089445219452500e+04 1.469999999999999918e-01
1.404117370261220458e+04 6.000000000000000125e-03
1.402150819322479219e+04 8.799999999999999489e-02
1.400189769225524833e+04 8.699999999999999400e-02
1.398234196922137198e+04 5.399999999999999939e-02
1.396284079492678211e+04 6.800000000000000488e-02
1.394339394145195183e+04 1.789999999999999925e-01
1.392400118214534086e+04 4.800000000000000100e-02
1.390466229161458796e+04 1.670000000000000095e-01
1.388537704571775612e+04 1.029999999999999943e-01
1.386614522155471241e+04 6.500000000000000222e-02
1.384696659745850775e+04 3.599999999999999728e-02
1.382784095298688044e+04 1.600000000000000033e-01
1.380876806891379420e+04 5.899999999999999689e-02
1.378974772722107809e+04 4.100000000000000172e-02
1.377077971109009923e+04 7.499999999999999722e-02
1.375186380489354633e+04 6.000000000000000125e-03
1.373299979418724615e+04 1.089999999999999997e-01
1.371418746570205622e+04 2.500000000000000139e-02
1.369542660733584307e+04 3.699999999999999817e-02
1.367671700814549513e+04 2.100000000000000130e-02
1.365805845833902094e+04 8.000000000000000167e-03
1.363945074926771304e+04 1.260000000000000009e-01
1.362089367341836805e+04 9.500000000000000111e-02
1.360238702440557245e+04 3.599999999999999728e-02
1.358393059696404453e+04 2.699999999999999969e-02
1.356552418694106018e+04 1.260000000000000009e-01
1.354716759128890590e+04 1.099999999999999936e-02
1.352886060805743364e+04 3.500000000000000333e-02
1.351060303638664118e+04 1.350000000000000089e-01
1.349239467649932703e+04 1.869999999999999996e-01
1.347423532969381085e+04 7.000000000000000666e-02
1.345612479833669568e+04 8.500000000000000611e-02
1.343806288585570655e+04 2.999999999999999889e-02
1.342004939673257650e+04 4.800000000000000100e-02
1.340208413649598515e+04 1.039999999999999952e-01
1.338416691171457387e+04 7.000000000000000146e-03
1.336629752998998993e+04 8.200000000000000344e-02
1.334847579995000160e+04 1.199999999999999956e-01
