2.502839212490624777e+04 2.225999999999999979e+00
2.496597718195137350e+04 2.294999999999999929e+00
2.490387276110074890e+04 2.402000000000000135e+00
2.484207655077543677e+04 2.302999999999999936e+00
2.478058626228341745e+04 2.443000000000000060e+00
2.471939962953703798e+04 2.475999999999999979e+00
2.465851440877463392e+04 2.439999999999999947e+00
2.459792837828624761e+04 2.649999999999999911e+00
2.453763933814338816e+04 2.556000000000000050e+00
2.447764510993276417e+04 2.657000000000000028e+00
2.441794353649390905e+04 2.619000000000000217e+00
2.435853248166058620e+04 2.661999999999999922e+00
2.429940983000607230e+04 2.616000000000000103e+00
2.424057348659201671e+04 2.751999999999999780e+00
2.418202137672101890e+04 2.806999999999999940e+00
2.412375144569277836e+04 2.810000000000000053e+00
2.406576165856370790e+04 2.983000000000000096e+00
2.400804999991007571e+04 2.919000000000000039e+00
2.395061447359450540e+04 2.980999999999999872e+00
2.389345310253580465e+04 2.975000000000000089e+00
2.383656392848214455e+04 3.013999999999999790e+00
2.377994501178741848e+04 3.137999999999999901e+00
2.372359443119076241e+04 3.178999999999999826e+00
2.366751028359929478e+04 3.173999999999999932e+00
2.361169068387382504e+04 3.283999999999999808e+00
2.355613376461765074e+04 3.248000000000000220e+00
2.350083767596831240e+04 3.357000000000000206e+00
2.344580058539227684e+04 3.341000000000000192e+00
2.339102067748248010e+04 3.426000000000000156e+00
2.333649615375874419e+04 3.479000000000000092e+00
2.328222523247093341e+04 3.403999999999999915e+00
2.322820614840487542e+04 3.654999999999999805e+00
2.317443715269097447e+04 3.509999999999999787e+00
2.312091651261548031e+04 3.754000000000000004e+00
2.306764251143433648e+04 3.645999999999999908e+00
2.301461344818966245e+04 3.713999999999999968e+00
2.296182763752867686e+04 3.911000000000000032e+00
2.290928340952517465e+04 3.712000000000000188e+00
2.285697910950343066e+04 3.838999999999999968e+00
2.280491309786446800e+04 3.928999999999999826e+00
2.275308374991477467e+04 4.166999999999999815e+00
2.270148945569728312e+04 4.099000000000000199e+00
2.265012861982466347e+04 4.142000000000000348e+00
2.259899966131490146e+04 4.174000000000000377e+00
2.254810101342905909e+04 4.283999999999999808e+00
2.249743112351124000e+04 4.296000000000000263e+00
2.244698845283071932e+04 4.400000000000000355e+00
2.239677147642617638e+04 4.323000000000000398e+00
2.234677868295200824e+04 4.389999999999999680e+00
2.229700857452672790e+04 4.350999999999999979e+00
2.224745966658333782e+04 4.256999999999999673e+00
2.219813048772172988e+04 4.368999999999999773e+00
2.214901957956305341e+04 4.352999999999999758e+00
2.210012549660596051e+04 4.437000000000000277e+00
2.205144680608480485e+04 4.386000000000000121e+00
2.200298208782967049e+04 4.474000000000000199e+00
2.195472993412829237e+04 4.560999999999999943e+00
2.190668894958971578e+04 4.578999999999999737e+00
2.185885775100982937e+04 4.429000000000000270e+00
2.181123496723856442e+04 4.419999999999999929e+00
2.176381923904891300e+04 4.549000000000000377e+00
2.171660921900759786e+04 4.626999999999999780e+00
2.166960357134740480e+04 4.448999999999999844e+00
2.162280097184125407e+04 4.456999999999999851e+00
2.157620010767780332e+04 4.407000000000000028e+00
2.152979967733871308e+04 4.540000000000000036e+00
2.148359839047746937e+04 4.458000000000000185e+00
2.143759496779978872e+04 4.488999999999999879e+00
2.139178814094551490e+04 4.461000000000000298e+00
2.134617665237207257e+04 4.512999999999999901e+00
2.130075925523936530e+04 4.532000000000000028e+00
2.125553471329618333e+04 4.491999999999999993e+00
2.121050180076801189e+04 4.423000000000000043e+00
2.116565930224630574e+04 4.397000000000000242e+00
2.112100601257911694e+04 4.535999999999999588e+00
2.107654073676315966e+04 4.418000000000000149e+00
2.103226228983719193e+04 4.474999999999999645e+00
2.098816949677673256e+04 4.429000000000000270e+00
2.094426119239016771e+04 4.445999999999999730e+00
2.090053622121607987e+04 4.504999999999999893e+00
2.085699343742187921e+04 4.459999999999999964e+00
2.081363170470374462e+04 4.509999999999999787e+00
2.077044989618776526e+04 4.488999999999999879e+00
2.072744689433230451e+04 4.500000000000000000e+00
2.068462159083161532e+04 4.415000000000000036e+00
2.064197288652062343e+04 4.493999999999999773e+00
2.059949969128086741e+04 4.450000000000000178e+00
2.055720092394763924e+04 4.597000000000000419e+00
2.051507551221824178e+04 4.421999999999999709e+00
2.047312239256135217e+04 4.552999999999999936e+00
2.043134051012755299e+04 4.556000000000000050e+00
2.038972881866090029e+04 4.397999999999999687e+00
2.034828628041159027e+04 4.552999999999999936e+00
2.030701186604970280e+04 4.642999999999999794e+00
2.026590455457996359e+04 4.506000000000000227e+00
2.022496333325757587e+04 4.616999999999999993e+00
2.018418719750504169e+04 4.657000000000000028e+00
2.014357515082998361e+04 4.644000000000000128e+00
2.010312620474397772e+04 4.533000000000000362e+00
2.006283937868236899e+04 4.705000000000000071e+00
2.002271369992500331e+04 4.762999999999999901e+00
1.998274820351796734e+04 4.703999999999999737e+00
1.994294193219621593e+04 4.669999999999999929e+00
1.990329393630715640e+04 4.690000000000000391e+00
1.986380327373512409e+04 4.693999999999999950e+00
1.982446900982673833e+04 4.653999999999999915e+00
1.978529021731719695e+04 4.780000000000000249e+00
1.974626597625739669e+04 4.703000000000000291e+00
1.970739537394193394e+04 4.508000000000000007e+00
1.966867750483792042e+04 4.597999999999999865e+00
1.963011147051470834e+04 4.644000000000000128e+00
1.959169637957436498e+04 4.751999999999999780e+00
1.955343134758300948e+04 4.719999999999999751e+00
1.951531549700292817e+04 4.679000000000000270e+00
1.947734795712548657e+04 4.706000000000000405e+00
1.943952786400485638e+04 4.495000000000000107e+00
1.940185436039244814e+04 4.727999999999999758e+00
1.936432659567215160e+04 4.543000000000000149e+00
1.932694372579633273e+04 4.623999999999999666e+00
1.928970491322254384e+04 4.543999999999999595e+00
1.925260932685096486e+04 4.503000000000000114e+00
1.921565614196257593e+04 4.584999999999999964e+00
1.917884454015805022e+04 4.621000000000000441e+00
1.914217370929732351e+04 4.504999999999999893e+00
1.910564284343988402e+04 4.559000000000000163e+00
1.906925114278571709e+04 4.532000000000000028e+00
1.903299781361692294e+04 4.493000000000000327e+00
1.899688206824004010e+04 4.535999999999999588e+00
1.896090312492898011e+04 4.373000000000000220e+00
1.892506020786862064e+04 4.491999999999999993e+00
1.888935254709905712e+04 4.453999999999999737e+00
1.885377937846045461e+04 4.467999999999999972e+00
1.881833994353853632e+04 4.408000000000000362e+00
1.878303348961069787e+04 4.405000000000000249e+00
1.874785926959269636e+04 4.355000000000000426e+00
1.871281654198598335e+04 4.366999999999999993e+00
1.867790457082556168e+04 4.389999999999999680e+00
1.864312262562849355e+04 4.322000000000000064e+00
1.860846998134293608e+04 4.360000000000000320e+00
1.857394591829777710e+04 4.331000000000000405e+00
1.853954972215277667e+04 4.238000000000000433e+00
1.850528068384935250e+04 4.280000000000000249e+00
1.847113809956181285e+04 4.320999999999999730e+00
1.843712127064917149e+04 4.266000000000000014e+00
1.840322950360753748e+04 4.256000000000000227e+00
1.836946211002293785e+04 4.270999999999999908e+00
1.833581840652472602e+04 4.270999999999999908e+00
1.830229771473948858e+04 4.084999999999999964e+00
1.826889936124543965e+04 4.198999999999999844e+00
1.823562267752732077e+04 4.123000000000000220e+00
1.820246699993181755e+04 4.141000000000000014e+00
1.816943166962341274e+04 4.224000000000000199e+00
1.813651603254075962e+04 4.080000000000000071e+00
1.810371943935352829e+04 4.128000000000000114e+00
1.807104124541967758e+04 4.062999999999999723e+00
1.803848081074324364e+04 4.065999999999999837e+00
1.800603749993255769e+04 4.113999999999999879e+00
1.797371068215888954e+04 3.983999999999999986e+00
1.794149973111559302e+04 4.016000000000000014e+00
1.790940402497763716e+04 4.072000000000000064e+00
1.787742294636160659e+04 4.035999999999999588e+00
1.784555588228609486e+04 4.011000000000000121e+00
1.781380222413256342e+04 4.059000000000000163e+00
1.778216136760657537e+04 3.972999999999999865e+00
1.775063271269947290e+04 3.968999999999999861e+00
1.771921566365044418e+04 3.991000000000000103e+00
1.768790962890901574e+04 4.043999999999999595e+00
1.765671402109788687e+04 4.003999999999999559e+00
1.762562825697623703e+04 3.984999999999999876e+00
1.759465175740334234e+04 3.939000000000000057e+00
1.756378394730263608e+04 3.999000000000000110e+00
1.753302425562610006e+04 4.009000000000000341e+00
1.750237211531905996e+04 3.966000000000000192e+00
1.747182696328534439e+04 3.910000000000000142e+00
1.744138824035278958e+04 3.904999999999999805e+00
1.741105539123913695e+04 3.853000000000000203e+00
1.738082786451823267e+04 3.970000000000000195e+00
1.735070511258665647e+04 3.850000000000000089e+00
1.732068659163062694e+04 3.850000000000000089e+00
1.729077176159326700e+04 3.805000000000000160e+00
1.726096008614224775e+04 3.815999999999999837e+00
1.723125103263769779e+04 3.790000000000000036e+00
1.720164407210052013e+04 3.887999999999999901e+00
1.717213867918096366e+04 3.669999999999999929e+00
1.714273433212757300e+04 3.846999999999999975e+00
1.711343051275641483e+04 3.866999999999999993e+00
1.708422670642065350e+04 3.815999999999999837e+00
1.705512240198041400e+04 3.849000000000000199e+00
1.702611709177296143e+04 3.810000000000000053e+00
1.699721027158319339e+04 3.838000000000000078e+00
1.696840144061440878e+04 3.866999999999999993e+00
1.693969010145939319e+04 3.883000000000000007e+00
1.691107576007179523e+04 3.782999999999999918e+00
1.688255792573777580e+04 3.875000000000000000e+00
1.685413611104798110e+04 3.915999999999999925e+00
1.682580983186975209e+04 3.884999999999999787e+00
1.679757860731963228e+04 3.862999999999999989e+00
1.676944195973618480e+04 3.951999999999999957e+00
1.674139941465301308e+04 3.934000000000000163e+00
1.671345050077212363e+04 3.955000000000000071e+00
1.668559474993750337e+04 3.983000000000000096e+00
1.665783169710898801e+04 3.958000000000000185e+00
1.663016088033637789e+04 4.072000000000000064e+00
1.660258184073383381e+04 4.001000000000000334e+00
1.657509412245447311e+04 4.097000000000000419e+00
1.654769727266528935e+04 4.091999999999999638e+00
1.652039084152228315e+04 4.155999999999999694e+00
1.649317438214580397e+04 4.219000000000000306e+00
1.646604745059621928e+04 4.229000000000000092e+00
1.643900960584975473e+04 4.237000000000000099e+00
1.641206040977459270e+04 4.355999999999999872e+00
1.638519942710720352e+04 4.368000000000000327e+00
1.635842622542892605e+04 4.387999999999999901e+00
1.633174037514274460e+04 4.431000000000000050e+00
1.630514144945032604e+04 4.429000000000000270e+00
1.627862902432926967e+04 4.434999999999999609e+00
1.625220267851055360e+04 4.440000000000000391e+00
1.622586199345624118e+04 4.426000000000000156e+00
1.619960655333738214e+04 4.442999999999999616e+00
1.617343594501211919e+04 4.456000000000000405e+00
1.614734975800403481e+04 4.432000000000000384e+00
1.612134758448067987e+04 4.407000000000000028e+00
1.609542901923231693e+04 4.358999999999999986e+00
1.606959365965088728e+04 4.429999999999999716e+00
1.604384110570913799e+04 4.410999999999999588e+00
1.601817095994000192e+04 4.397999999999999687e+00
1.599258282741613766e+04 4.451999999999999957e+00
1.596707631572966784e+04 4.477000000000000313e+00
1.594165103497213568e+04 4.368000000000000327e+00
1.591630659771462888e+04 4.437000000000000277e+00
1.589104261898809818e+04 4.371000000000000441e+00
1.586585871626386870e+04 4.355000000000000426e+00
1.584075450943433862e+04 4.362000000000000099e+00
1.581572962079383979e+04 4.246999999999999886e+00
1.579078367501971661e+04 4.256000000000000227e+00
1.576591629915354497e+04 4.309999999999999609e+00
1.574112712258254760e+04 4.349000000000000199e+00
1.571641577702119503e+04 4.296000000000000263e+00
1.569178189649294836e+04 4.296000000000000263e+00
1.566722511731220948e+04 4.275000000000000355e+00
1.564274507806640759e+04 4.280000000000000249e+00
1.561834141959828594e+04 4.139999999999999680e+00
1.559401378498831946e+04 4.182999999999999829e+00
1.556976181953732703e+04 4.304000000000000270e+00
1.554558517074922565e+04 4.201999999999999957e+00
1.552148348831395560e+04 4.275000000000000355e+00
1.549745642409056018e+04 4.293000000000000149e+00
1.547350363209042007e+04 4.371000000000000441e+00
1.544962476846064965e+04 4.330000000000000071e+00
1.542581949146764237e+04 4.395999999999999908e+00
1.540208746148076898e+04 4.320000000000000284e+00
1.537842834095622493e+04 4.488000000000000433e+00
1.535484179442101595e+04 4.456000000000000405e+00
1.533132748845712194e+04 4.503999999999999559e+00
1.530788509168578094e+04 4.506999999999999673e+00
1.528451427475190940e+04 4.594000000000000306e+00
1.526121471030869179e+04 4.634000000000000341e+00
1.523798607300228650e+04 4.732000000000000206e+00
1.521482803945669002e+04 4.727999999999999758e+00
1.519174028825872665e+04 4.791999999999999815e+00
1.516872249994318190e+04 4.799000000000000377e+00
1.514577435697806504e+04 4.817999999999999616e+00
1.512289554375000262e+04 4.807999999999999829e+00
1.510008574654977565e+04 4.780999999999999694e+00
1.507734465355798420e+04 4.740000000000000213e+00
1.505467195483082651e+04 4.820999999999999730e+00
1.503206734228603636e+04 4.791000000000000369e+00
1.500953050968890420e+04 4.750000000000000000e+00
1.498706115263847641e+04 4.841000000000000192e+00
1.496465896855381288e+04 4.756999999999999673e+00
1.494232365666045007e+04 4.698000000000000398e+00
1.492005491797690047e+04 4.626999999999999780e+00
1.489785245530133943e+04 4.746999999999999886e+00
1.487571597319836837e+04 4.618999999999999773e+00
1.485364517798590714e+04 4.543000000000000149e+00
1.483163977772222279e+04 4.543999999999999595e+00
1.480969948219304752e+04 4.408999999999999808e+00
1.478782400289882025e+04 4.456000000000000405e+00
1.476601305304203379e+04 4.455000000000000071e+00
1.474426634751473102e+04 4.360000000000000320e+00
1.472258360288603217e+04 4.354000000000000092e+00
1.470096453738986929e+04 4.378999999999999559e+00
1.467940887091275727e+04 4.285999999999999588e+00
1.465791632498169929e+04 4.200999999999999623e+00
1.463648662275219249e+04 4.282000000000000028e+00
1.461511948899635172e+04 4.299999999999999822e+00
1.459381465009110980e+04 4.141000000000000014e+00
1.457257183400655231e+04 4.269999999999999574e+00
1.455139077029433611e+04 4.097000000000000419e+00
1.453027119007620058e+04 4.014000000000000234e+00
1.450921282603261170e+04 4.128999999999999559e+00
1.448821541239146427e+04 4.089999999999999858e+00
1.446727868491691152e+04 3.999000000000000110e+00
1.444640238089827108e+04 4.097000000000000419e+00
1.442558623913905285e+04 4.065000000000000391e+00
1.440482999994604688e+04 3.971000000000000085e+00
1.438413340511853676e+04 4.011000000000000121e+00
1.436349619793759121e+04 3.994000000000000217e+00
1.434291812315544848e+04 3.964999999999999858e+00
1.432239892698498261e+04 3.992999999999999883e+00
1.430193835708928782e+04 3.906000000000000139e+00
1.428153616257132853e+04 3.890000000000000124e+00
1.426119209396367660e+04 3.955000000000000071e+00
1.424090590321835407e+04 3.843999999999999861e+00
1.422067734369673599e+04 3.809000000000000163e+00
1.420050617015957869e+04 3.823999999999999844e+00
1.418039213875708629e+04 3.767999999999999794e+00
1.416033500701909543e+04 3.849000000000000199e+00
1.414033453384534005e+04 3.717000000000000082e+00
1.412039047949577252e+04 3.745999999999999996e+00
1.410050260558098853e+04 3.781000000000000139e+00
1.408067067505274645e+04 3.750999999999999890e+00
1.406089445219452500e+04 3.605999999999999872e+00
1.404117370261220458e+04 3.853000000000000203e+00
1.402150819322479219e+04 3.640000000000000124e+00
1.400189769225524833e+04 3.709999999999999964e+00
1.398234196922137198e+04 3.802999999999999936e+00
1.396284079492678211e+04 3.661000000000000032e+00
1.394339394145195183e+04 3.553999999999999826e+00
1.392400118214534086e+04 3.750999999999999890e+00
1.390466229161458796e+04 3.697000000000000064e+00
1.388537704571775612e+04 3.576999999999999957e+00
1.386614522155471241e+04 3.713999999999999968e+00
1.384696659745850775e+04 3.513999999999999790e+00
1.382784095298688044e+04 3.599000000000000199e+00
1.380876806891379420e+04 3.579000000000000181e+00
1.378974772722107809e+04 3.516999999999999904e+00
1.377077971109009923e+04 3.584999999999999964e+00
1.375186380489354633e+04 3.708000000000000185e+00
1.373299979418724615e+04 3.487000000000000099e+00
1.371418746570205622e+04 3.529999999999999805e+00
1.369542660733584307e+04 3.524000000000000021e+00
1.367671700814549513e+04 3.410000000000000142e+00
1.365805845833902094e+04 3.443000000000000060e+00
1.363945074926771304e+04 3.396999999999999797e+00
1.362089367341836805e+04 3.543000000000000149e+00
1.360238702440557245e+04 3.446000000000000174e+00
1.358393059696404453e+04 3.306000000000000050e+00
1.356552418694106018e+04 3.435000000000000053e+00
1.354716759128890590e+04 3.357000000000000206e+00
1.352886060805743364e+04 3.043000000000000149e+00
1.351060303638664118e+04 3.447000000000000064e+00
1.349239467649932703e+04 3.326999999999999957e+00
1.347423532969381085e+04 3.277000000000000135e+00
1.345612479833669568e+04 3.353000000000000203e+00
1.343806288585570655e+04 3.277000000000000135e+00
1.342004939673257650e+04 3.081999999999999851e+00
1.340208413649598515e+04 3.225999999999999979e+00
1.338416691171457387e+04 3.367999999999999883e+00
1.336629752998998993e+04 3.173999999999999932e+00
1.334847579995000160e+04 3.158999999999999808e+00
