1.999357462502878479e+04 7.247787610619469412e-01
1.991156050523632803e+04 7.212389380530973559e-01
1.985046016270845212e+04 7.203539823008850984e-01
1.979984631015842751e+04 7.185840707964602503e-01
1.975951694148273600e+04 7.185840707964602503e-01
1.969935949420025281e+04 7.168141592920354022e-01
1.963955257058885036e+04 7.159292035398231446e-01
1.959990209706427777e+04 7.141592920353982965e-01
1.955055631691848248e+04 7.123893805309734484e-01
1.949167703936564430e+04 7.097345132743363427e-01
1.943313698934299828e+04 7.079646017699116056e-01
1.938462631151434834e+04 7.061946902654867575e-01
1.934602594263227365e+04 7.026548672566371723e-01
1.927880154118901919e+04 6.991150442477876981e-01
1.923107144533746396e+04 6.964601769911504814e-01
1.919307959885658784e+04 6.929203539823008962e-01
1.915522361901479962e+04 6.902654867256636795e-01
1.911753056945268327e+04 6.867256637168142053e-01
1.908937183938001908e+04 6.831858407079646200e-01
1.908002708279691069e+04 6.805309734513274034e-01
1.904261531914505031e+04 6.778761061946902977e-01
1.901469042751465531e+04 6.734513274336284550e-01
1.898681991149888563e+04 6.707964601769911273e-01
1.896829858869164309e+04 6.681415929203540216e-01
1.895905830231029540e+04 6.663716814159292845e-01
1.894059107553037029e+04 6.637168141592921788e-01
1.892214618078424974e+04 6.619469026548673307e-01
1.891295079450568301e+04 6.601769911504424826e-01
1.889460037704868955e+04 6.557522123893805288e-01
1.887627199094845491e+04 6.522123893805310546e-01
1.884880547472360195e+04 6.495575221238938379e-01
1.883968121426410653e+04 6.477876106194691008e-01
1.883056578320742483e+04 6.460176991150442527e-01
1.881233445453731474e+04 6.442477876106195156e-01
1.880324546091871889e+04 6.424778761061947785e-01
1.877600429914734923e+04 6.389380530973450822e-01
1.875789179096286898e+04 6.362831858407079766e-01
1.874885531545820049e+04 6.345132743362832395e-01
1.873079512342961607e+04 6.318584070796461338e-01
1.870375003395241947e+04 6.292035398230089172e-01
1.868577659278869032e+04 6.265486725663717005e-01
1.864990670058514297e+04 6.230088495575222263e-01
1.860524937521357060e+04 6.194690265486726410e-01
1.856968768854983136e+04 6.159292035398229448e-01
1.852540020631986772e+04 6.132743362831858391e-01
1.848132346693921500e+04 6.106194690265487335e-01
1.842866097701646868e+04 6.106194690265487335e-01
1.836762511764345618e+04 6.088495575221238854e-01
1.831559493830081556e+04 6.097345132743363649e-01
1.828108007463337708e+04 6.097345132743363649e-01
1.824668239452724083e+04 6.106194690265487335e-01
1.821240130918240902e+04 6.123893805309734706e-01
1.816974949222338910e+04 6.132743362831858391e-01
1.812729698199629638e+04 6.141592920353982077e-01
1.808502995300090333e+04 6.159292035398229448e-01
1.803458627996576251e+04 6.168141592920354244e-01
1.799277460001043437e+04 6.168141592920354244e-01
1.793456290224298937e+04 6.168141592920354244e-01
1.787673879932286218e+04 6.159292035398229448e-01
1.783567917759819466e+04 6.141592920353982077e-01
1.779481977259496853e+04 6.115044247787611020e-01
1.775414714770798309e+04 6.088495575221238854e-01
1.772985898127638939e+04 6.053097345132743001e-01
1.770563717783098036e+04 6.017699115044248259e-01
1.768148146575569262e+04 5.982300884955752407e-01
1.766541819552142260e+04 5.955752212389380240e-01
1.765741527649321142e+04 5.929203539823009184e-01
1.762538151679005750e+04 5.893805309734514442e-01
1.760943175667002288e+04 5.858407079646017479e-01
1.760147947262598245e+04 5.831858407079646422e-01
1.759353436772061104e+04 5.805309734513274256e-01
1.757765391248312517e+04 5.761061946902654718e-01
1.756179037694573344e+04 5.725663716814159976e-01
1.754594374707941461e+04 5.699115044247787809e-01
1.753804868820782212e+04 5.672566371681415642e-01
1.752225652611425903e+04 5.637168141592920900e-01
1.750649277858657297e+04 5.601769911504425048e-01
1.749074574085727727e+04 5.575221238938052881e-01
1.749076899716804473e+04 5.557522123893805510e-01
1.747506182831243495e+04 5.522123893805309658e-01
1.746724201201186952e+04 5.486725663716813806e-01
1.745940601802688980e+04 5.469026548672566435e-01
1.744374353728467395e+04 5.442477876106195378e-01
1.743596327391361774e+04 5.398230088495574730e-01
1.742036587561157285e+04 5.353982300884956302e-01
1.740479635777688600e+04 5.309734513274335654e-01
1.738146548531858571e+04 5.265486725663717227e-01
1.738149993526034814e+04 5.238938053097345060e-01
1.737375213811783397e+04 5.212389380530972893e-01
1.735825434152775779e+04 5.176991150442478151e-01
1.735053869180649781e+04 5.141592920353982299e-01
1.733505941886958681e+04 5.123893805309733818e-01
1.731964194613698783e+04 5.079646017699115390e-01
1.729652728879800998e+04 5.044247787610619538e-01
1.728115554674458690e+04 5.017699115044247371e-01
1.726581110273089143e+04 4.991150442477876314e-01
1.723516994600531689e+04 4.964601769911504148e-01
1.720464860347900685e+04 4.929203539823008295e-01
1.718176111660231254e+04 4.955752212389379352e-01
1.715136138749301244e+04 4.973451327433628943e-01
1.712861536418773176e+04 5.000000000000000000e-01
1.709086130412497369e+04 5.026548672566371057e-01
1.706074891073336039e+04 5.070796460176991705e-01
1.704568277260280593e+04 5.132743362831858613e-01
1.703067629375835168e+04 5.168141592920354466e-01
1.700824903853214346e+04 5.194690265486725522e-01
1.699329739324628099e+04 5.238938053097345060e-01
1.697836105547368788e+04 5.292035398230088283e-01
1.697089178133091627e+04 5.327433628318584136e-01
1.694858884873848001e+04 5.380530973451327359e-01
1.693373096678551883e+04 5.433628318584070582e-01
1.691152553590829848e+04 5.486725663716813806e-01
1.689671083378391995e+04 5.557522123893805510e-01
1.687461314673464585e+04 5.601769911504425048e-01
1.685988462611161594e+04 5.654867256637168271e-01
1.683786154222805635e+04 5.716814159292035180e-01
1.681588517008721465e+04 5.787610619469026885e-01
1.679399824969455949e+04 5.831858407079646422e-01
1.677213615271518938e+04 5.902654867256637017e-01
1.675033090103240102e+04 5.973451327433627611e-01
1.672139487130469570e+04 6.026548672566371945e-01
1.669254805152480913e+04 6.088495575221238854e-01
1.667813550120906075e+04 6.141592920353982077e-01
1.664945869044472420e+04 6.185840707964601615e-01
1.664228646686502907e+04 6.212389380530973781e-01
1.662798156009167724e+04 6.247787610619469634e-01
1.660659121431499807e+04 6.283185840707964376e-01
1.657815969628270977e+04 6.327433628318583914e-01
1.655688683926526573e+04 6.371681415929204562e-01
1.651452522080249764e+04 6.442477876106195156e-01
1.647241075833102877e+04 6.486725663716813584e-01
1.643749108685247847e+04 6.513274336283186861e-01
1.640274983322895787e+04 6.513274336283186861e-01
1.636127403527352544e+04 6.495575221238938379e-01
1.634063499174137178e+04 6.469026548672567323e-01
1.631319712963021266e+04 6.433628318584070360e-01
1.627903917928158990e+04 6.380530973451327137e-01
1.625863709898709567e+04 6.327433628318583914e-01
1.623830613836303019e+04 6.256637168141593319e-01
1.621801596335398972e+04 6.194690265486726410e-01
1.619778640375526084e+04 6.123893805309734706e-01
1.618432472581282855e+04 6.079646017699115168e-01
1.617090528365992941e+04 6.017699115044248259e-01
1.615077317814831076e+04 5.964601769911503926e-01
1.615082275187511914e+04 5.920353982300885498e-01
1.613745878647196150e+04 5.858407079646017479e-01
1.613081970956707301e+04 5.796460176991150570e-01
1.611749868685388174e+04 5.725663716814159976e-01
1.611087601990457733e+04 5.663716814159291957e-01
1.609756820371122376e+04 5.610619469026548733e-01
1.607763782496012936e+04 5.539823008849558139e-01
1.607105768547585649e+04 5.469026548672566435e-01
1.607110677104676688e+04 5.424778761061948007e-01
1.605785474574416367e+04 5.380530973451327359e-01
1.603801274671731153e+04 5.318584070796460450e-01
1.603143568932484777e+04 5.274336283185840912e-01
1.601824898094626769e+04 5.230088495575221375e-01
1.601167837548680473e+04 5.194690265486725522e-01
1.600511315827597173e+04 5.159292035398230780e-01
1.599197942066398355e+04 5.106194690265486447e-01
1.597229978654824845e+04 5.044247787610619538e-01
1.595264918224537541e+04 5.000000000000000000e-01
1.592649775744805083e+04 4.964601769911504148e-01
1.589389999740726489e+04 4.946902654867256777e-01
1.586788325530304246e+04 4.964601769911504148e-01
1.583545803013125624e+04 5.008849557522123686e-01
1.580317454589635599e+04 5.044247787610619538e-01
1.577103187940978933e+04 5.070796460176991705e-01
1.574539665775230787e+04 5.106194690265486447e-01
1.571347897244898559e+04 5.141592920353982299e-01
1.566271066421880278e+04 5.168141592920354466e-01
1.561859035248861073e+04 5.159292035398230780e-01
1.557473634782973568e+04 5.132743362831858613e-01
1.554980831549858158e+04 5.097345132743362761e-01
1.552495995241937453e+04 5.061946902654866909e-01
1.550638487290839475e+04 5.026548672566371057e-01
1.549402920230377640e+04 5.000000000000000000e-01
1.547553712311799427e+04 4.955752212389379352e-01
1.546323963235424890e+04 4.920353982300884610e-01
1.544483906483012470e+04 4.858407079646017701e-01
1.542646414620872383e+04 4.814159292035398163e-01
1.540813289737481864e+04 4.769911504424778625e-01
1.538984516283492121e+04 4.725663716814159088e-01
1.538377988359643132e+04 4.690265486725664346e-01
1.537163671250358675e+04 4.646017699115043698e-01
1.535343545799125968e+04 4.601769911504425270e-01
1.534740779086711518e+04 4.557522123893804622e-01
1.533531301108962180e+04 4.522123893805309880e-01
1.532323727928548215e+04 4.486725663716812917e-01
1.530515929821285863e+04 4.433628318584070804e-01
1.528713280550485979e+04 4.371681415929202785e-01
1.527515940981013409e+04 4.309734513274335876e-01
1.525719462646364627e+04 4.256637168141592653e-01
1.523328957009442638e+04 4.203539823008848320e-01
1.522139153024231200e+04 4.150442477876106206e-01
1.520354413509023652e+04 4.106194690265485558e-01
1.518573854379926706e+04 4.061946902654867131e-01
1.516205670487077987e+04 4.008849557522122797e-01
1.515026963540147517e+04 3.955752212389380684e-01
1.512669820745151628e+04 3.902654867256636351e-01
1.510906337576086480e+04 3.867256637168141609e-01
1.509150424108218067e+04 3.796460176991149904e-01
1.507397723530754047e+04 3.734513274336281885e-01
1.505646504335001009e+04 3.699115044247787143e-01
1.504482430766817015e+04 3.663716814159291291e-01
1.502157959875361485e+04 3.610619469026548067e-01
1.499260316605088337e+04 3.566371681415928530e-01
1.496951090233605828e+04 3.522123893805308992e-01
1.493498438274809996e+04 3.477876106194689454e-01
1.490056612934203986e+04 3.486725663716814250e-01
1.486628934683242915e+04 3.513274336283185306e-01
1.484350888524883885e+04 3.548672566371681159e-01
1.482642752589259180e+04 3.619469026548671753e-01
1.482071464246766300e+04 3.672566371681414976e-01
1.479805688695463868e+04 3.725663716814158199e-01
1.479801526985944838e+04 3.769911504424778848e-01
1.478106330787054867e+04 3.814159292035397275e-01
1.476976974112366588e+04 3.858407079646017923e-01
1.476410042840786809e+04 3.911504424778761146e-01
1.475282448546103478e+04 3.964601769911504370e-01
1.474715990522952961e+04 4.026548672566371279e-01
1.473590981390926208e+04 4.079646017699114502e-01
1.472466863301068770e+04 4.141592920353982521e-01
1.472461918663683718e+04 4.194690265486725744e-01
1.470780198201812345e+04 4.274336283185840024e-01
1.470773620454454249e+04 4.345132743362831729e-01
1.470208975782279231e+04 4.424778761061947119e-01
1.469090009688624559e+04 4.486725663716812917e-01
1.469084267377106153e+04 4.548672566371680936e-01
1.467966192914707426e+04 4.619469026548672641e-01
1.466294720216437781e+04 4.699115044247788031e-01
1.465734325230480681e+04 4.769911504424778625e-01
1.465727792538760150e+04 4.840707964601769220e-01
1.464616450010618973e+04 4.893805309734513553e-01
1.464610742617874348e+04 4.955752212389379352e-01
1.463498650432931390e+04 5.035398230088494742e-01
1.462940390230961748e+04 5.106194690265486447e-01
1.462933882420257942e+04 5.176991150442478151e-01
1.461826771044991074e+04 5.230088495575221375e-01
1.460718090021661737e+04 5.318584070796460450e-01
1.460161948723814567e+04 5.389380530973451044e-01
1.460156275995267606e+04 5.451327433628319064e-01
1.459050126444582929e+04 5.539823008849558139e-01
1.458493637186574233e+04 5.628318584070797215e-01
1.457939188115779507e+04 5.699115044247787809e-01
1.456291264840619260e+04 5.769911504424778403e-01
1.455740099642568202e+04 5.823008849557522737e-01
1.455733655734279273e+04 5.893805309734514442e-01
1.454634998543561233e+04 5.973451327433627611e-01
1.454083478774607829e+04 6.044247787610619316e-01
1.452986507597270793e+04 6.132743362831858391e-01
1.451891190298342917e+04 6.221238938053097467e-01
1.451342549417251030e+04 6.283185840707964376e-01
1.450249708342286613e+04 6.371681415929204562e-01
1.449702307092991396e+04 6.433628318584070360e-01
1.448615124353690226e+04 6.486725663716813584e-01
1.448068159109414046e+04 6.557522123893805288e-01
1.447521606753358537e+04 6.628318584070796993e-01
1.446434510183834391e+04 6.716814159292036068e-01
1.445349839254186190e+04 6.796460176991150348e-01
1.443728652519461866e+04 6.884955752212390534e-01
1.442646452348491221e+04 6.982300884955753295e-01
1.440495587699491807e+04 7.079646017699116056e-01
1.438886840119547560e+04 7.150442477876106651e-01
1.437813455343408896e+04 7.230088495575222041e-01
1.436210689671999899e+04 7.300884955752213745e-01
1.434611493305646218e+04 7.371681415929203229e-01
1.433015073794193086e+04 7.451327433628319730e-01
1.431423760901748028e+04 7.513274336283186638e-01
1.429308535228289657e+04 7.584070796460177233e-01
1.427725439104385987e+04 7.646017699115045252e-01
1.425098326605279726e+04 7.707964601769912161e-01
1.421958832842031552e+04 7.778761061946903865e-01
1.419874532238497886e+04 7.814159292035398607e-01
1.417794804911103347e+04 7.867256637168142941e-01
1.415206362024530608e+04 7.902654867256637683e-01
1.412627353262990619e+04 7.938053097345133535e-01
1.408521489581533206e+04 7.982300884955753073e-01
1.404949419818736351e+04 8.008849557522124130e-01
1.400383933214116041e+04 8.035398230088496296e-01
1.397356724160163867e+04 8.053097345132743667e-01
1.393342713544856633e+04 8.053097345132743667e-01
1.389847855675440587e+04 8.070796460176992149e-01
1.384886130465152382e+04 8.088495575221240630e-01
1.380450625552684141e+04 8.106194690265486891e-01
1.377021503605092767e+04 8.106194690265486891e-01
1.372637585747481171e+04 8.106194690265486891e-01
1.370212688664836969e+04 8.123893805309735372e-01
1.366352184912303346e+04 8.132743362831859057e-01
1.361080342832323731e+04 8.132743362831859057e-01
1.356322238238539830e+04 8.141592920353983853e-01
1.352068923582091884e+04 8.141592920353983853e-01
1.347841511108573832e+04 8.150442477876107539e-01
1.344572977017731500e+04 8.141592920353983853e-01
1.341319573211068382e+04 8.141592920353983853e-01
1.338081195087550623e+04 8.150442477876107539e-01
