2.780932458322916864e+04 7.319760319999999432e-01
2.773229044310941754e+04 7.356076240000000155e-01
2.765568190597376088e+04 7.319202419999999432e-01
2.757949545444214891e+04 7.206649780000000671e-01
2.750372760978709266e+04 7.144632340000000026e-01
2.742837493140411243e+04 7.123041150000000155e-01
2.735343401629098662e+04 7.182555200000000362e-01
2.727890149853542607e+04 7.274665830000000000e-01
2.720477404881114489e+04 7.325019839999999949e-01
2.713104837388211308e+04 7.360210419999999587e-01
2.705772121611486727e+04 7.352976799999999535e-01
2.698478935299865407e+04 7.377591130000000774e-01
2.691224959667338771e+04 7.391118999999999328e-01
2.684009879346515299e+04 7.406339650000000052e-01
2.676833382342914774e+04 7.426676750000000826e-01
2.669695159989999956e+04 7.435536380000000722e-01
2.662594906904920572e+04 7.456927300000000258e-01
2.655532320944960520e+04 7.466402050000000568e-01
2.648507103164683213e+04 7.471270560000000671e-01
2.641518957773747024e+04 7.488532070000000207e-01
2.634567592095394866e+04 7.473402019999999535e-01
2.627652716525590949e+04 7.505564689999999484e-01
2.620774044492801113e+04 7.506008149999999768e-01
2.613931292418407611e+04 7.526316640000000335e-01
2.607124179677734719e+04 7.523598670000000155e-01
2.600352428561688430e+04 7.544288639999999768e-01
2.593615764238989505e+04 7.552509309999999587e-01
2.586913914718992601e+04 7.573523520000000619e-01
2.580246610815077656e+04 7.588496209999999742e-01
2.573613586108612435e+04 7.581596369999999974e-01
2.567014576913461497e+04 7.605762480000000103e-01
2.560449322241048867e+04 7.619152070000000387e-01
2.553917563765944578e+04 7.651767729999999768e-01
2.547419045791984900e+04 7.651581760000000232e-01
2.540953515218908797e+04 7.666816709999999535e-01
2.534520721509493887e+04 7.684950830000000233e-01
2.528120416657196984e+04 7.709803579999999767e-01
2.521752355154282122e+04 7.723193170000000052e-01
2.515416293960427356e+04 7.746715550000000672e-01
2.509111992471804842e+04 7.743935589999999536e-01
2.502839212490625505e+04 7.754554750000000052e-01
2.496597718195137350e+04 7.771468160000000180e-01
2.490387276110074890e+04 7.789640429999999949e-01
2.484207655077543677e+04 7.812623979999999690e-01
2.478058626228341745e+04 7.816934589999999794e-01
2.471939962953703798e+04 7.831077579999999871e-01
2.465851440877463392e+04 7.832298279999999613e-01
2.459792837828624397e+04 7.845268250000000387e-01
2.453763933814338452e+04 7.864284520000000001e-01
2.447764510993276417e+04 7.870788570000000206e-01
2.441794353649390541e+04 7.885055539999999974e-01
2.435853248166058620e+04 7.879252429999999974e-01
2.429940983000607230e+04 7.900295259999999820e-01
2.424057348659201307e+04 7.908415789999999612e-01
2.418202137672101890e+04 7.909431460000000413e-01
2.412375144569277472e+04 7.914586070000000362e-01
2.406576165856370426e+04 7.927627560000000129e-01
2.400804999991007571e+04 7.929329870000000335e-01
2.395061447359450176e+04 7.927083969999999535e-01
2.389345310253580101e+04 7.949123380000000516e-01
2.383656392848214455e+04 7.942209239999999948e-01
2.377994501178741120e+04 7.954111099999999768e-01
2.372359443119075877e+04 7.952780720000000025e-01
2.366751028359929478e+04 7.950377459999999896e-01
2.361169068387382140e+04 7.942152019999999535e-01
2.355613376461765074e+04 7.947487829999999587e-01
2.350083767596831240e+04 7.952480319999999381e-01
2.344580058539227321e+04 7.972836490000000387e-01
2.339102067748248010e+04 7.966465950000000129e-01
2.333649615375874419e+04 7.973656650000000568e-01
2.328222523247092977e+04 7.979221340000000051e-01
2.322820614840487542e+04 7.959256169999999742e-01
2.317443715269097447e+04 7.960510250000000232e-01
2.312091651261547668e+04 7.987728119999999432e-01
2.306764251143433648e+04 7.995133399999999613e-01
2.301461344818965881e+04 7.975172999999999845e-01
2.296182763752867686e+04 7.988953589999999716e-01
2.290928340952517465e+04 7.987279889999999716e-01
2.285697910950342703e+04 7.986040119999999742e-01
2.280491309786446800e+04 7.992286680000000310e-01
2.275308374991477467e+04 7.985353470000000620e-01
2.270148945569727948e+04 8.000583649999999380e-01
2.265012861982466347e+04 7.986836429999999432e-01
2.259899966131490146e+04 7.984676360000000361e-01
2.254810101342905546e+04 7.981953619999999638e-01
2.249743112351124000e+04 7.984852789999999922e-01
2.244698845283071932e+04 7.980718609999999380e-01
2.239677147642617638e+04 7.979207040000000362e-01
2.234677868295200824e+04 7.964816089999999793e-01
2.229700857452672790e+04 7.974252699999999638e-01
2.224745966658333782e+04 7.964668269999999328e-01
2.219813048772172988e+04 7.952351570000000258e-01
2.214901957956305341e+04 7.961711879999999741e-01
2.210012549660596051e+04 7.943949700000000336e-01
2.205144680608480485e+04 7.945065500000000336e-01
2.200298208782967049e+04 7.942943570000000619e-01
2.195472993412829237e+04 7.939939499999999484e-01
2.190668894958971578e+04 7.936635020000000207e-01
2.185885775100982573e+04 7.931718829999999665e-01
2.181123496723856442e+04 7.924289700000000103e-01
2.176381923904891300e+04 7.909784319999999536e-01
2.171660921900759786e+04 7.895088200000000001e-01
2.166960357134740480e+04 7.892389300000000052e-01
2.162280097184125407e+04 7.903342250000000568e-01
2.157620010767780332e+04 7.895140649999999871e-01
2.152979967733871308e+04 7.891082759999999974e-01
2.148359839047746937e+04 7.876791949999999431e-01
2.143759496779978872e+04 7.861952779999999974e-01
2.139178814094551490e+04 7.856674190000000335e-01
2.134617665237206893e+04 7.844672200000000206e-01
2.130075925523936166e+04 7.836899760000000104e-01
2.125553471329617969e+04 7.838869090000000206e-01
2.121050180076801189e+04 7.834815980000000568e-01
2.116565930224630210e+04 7.832508089999999923e-01
2.112100601257911694e+04 7.812547679999999328e-01
2.107654073676315966e+04 7.797660829999999432e-01
2.103226228983718829e+04 7.796630860000000052e-01
2.098816949677673256e+04 7.767586710000000672e-01
2.094426119239016771e+04 7.769231800000000465e-01
2.090053622121607623e+04 7.749047279999999871e-01
2.085699343742187557e+04 7.746820450000000413e-01
2.081363170470374462e+04 7.728610040000000181e-01
2.077044989618776162e+04 7.711772919999999587e-01
2.072744689433230451e+04 7.695169450000000078e-01
2.068462159083161532e+04 7.688198090000000207e-01
2.064197288652061980e+04 7.705354690000000284e-01
2.059949969128086741e+04 7.684860230000000181e-01
2.055720092394763924e+04 7.603344920000000284e-01
2.051507551221823815e+04 7.575588229999999923e-01
2.047312239256135217e+04 7.585258480000000025e-01
2.043134051012755299e+04 7.572026250000000180e-01
2.038972881866089665e+04 7.550354000000000232e-01
2.034828628041159027e+04 7.537498470000000284e-01
2.030701186604969917e+04 7.525830270000000155e-01
2.026590455457995995e+04 7.512316700000000180e-01
2.022496333325757587e+04 7.473025319999999638e-01
2.018418719750504169e+04 7.491722109999999768e-01
2.014357515082998361e+04 7.455658910000000361e-01
2.010312620474397772e+04 7.437582019999999794e-01
2.006283937868236535e+04 7.443003649999999638e-01
2.002271369992500331e+04 7.413372990000000051e-01
1.998274820351796734e+04 7.405123710000000026e-01
1.994294193219621593e+04 7.412309649999999639e-01
1.990329393630715640e+04 7.388758659999999923e-01
1.986380327373512409e+04 7.384314539999999871e-01
1.982446900982673469e+04 7.368321420000000233e-01
1.978529021731719695e+04 7.371368409999999871e-01
1.974626597625739669e+04 7.347230909999999948e-01
1.970739537394193394e+04 7.348670959999999974e-01
1.966867750483792042e+04 7.349286079999999277e-01
1.963011147051470834e+04 7.326235770000000258e-01
1.959169637957436498e+04 7.327313420000000077e-01
1.955343134758300948e+04 7.300977710000000620e-01
1.951531549700292817e+04 7.292747500000000827e-01
1.947734795712548657e+04 7.272863389999999484e-01
1.943952786400485638e+04 7.253561020000000026e-01
1.940185436039244451e+04 7.227973939999999820e-01
1.936432659567215160e+04 7.243070600000000026e-01
1.932694372579633273e+04 7.178244590000000258e-01
1.928970491322254384e+04 7.191147799999999535e-01
1.925260932685096486e+04 7.124032970000000464e-01
1.921565614196257593e+04 7.101063730000000129e-01
1.917884454015805022e+04 7.064595220000000619e-01
1.914217370929732351e+04 7.030410769999999587e-01
1.910564284343988402e+04 7.022447590000000517e-01
1.906925114278571709e+04 6.944417949999999173e-01
1.903299781361692294e+04 6.918845179999999484e-01
1.899688206824004010e+04 6.882238389999999484e-01
1.896090312492898011e+04 6.828393939999999329e-01
1.892506020786862064e+04 6.788878440000000181e-01
1.888935254709905712e+04 6.745820049999999846e-01
1.885377937846045461e+04 6.678962710000000413e-01
1.881833994353853632e+04 6.640706060000000077e-01
1.878303348961069787e+04 6.622128489999999923e-01
1.874785926959269636e+04 6.560845379999999949e-01
1.871281654198598335e+04 6.525120739999999975e-01
1.867790457082556168e+04 6.477646830000000078e-01
1.864312262562849355e+04 6.450633999999999535e-01
1.860846998134293608e+04 6.427497859999999896e-01
1.857394591829777710e+04 6.391282080000000310e-01
1.853954972215277667e+04 6.369280820000000620e-01
1.850528068384935250e+04 6.368899350000000181e-01
1.847113809956181285e+04 6.349625589999999820e-01
1.843712127064917149e+04 6.349606509999999870e-01
1.840322950360754112e+04 6.333656309999999845e-01
1.836946211002293785e+04 6.342644689999999974e-01
1.833581840652472602e+04 6.328873630000000361e-01
1.830229771473948858e+04 6.349525449999999793e-01
1.826889936124543965e+04 6.376986499999999225e-01
1.823562267752732077e+04 6.332168579999999380e-01
1.820246699993182119e+04 6.361269949999999174e-01
1.816943166962341274e+04 6.355133060000000000e-01
1.813651603254075962e+04 6.377253529999999948e-01
1.810371943935352829e+04 6.375555989999999174e-01
1.807104124541967758e+04 6.363468169999999535e-01
1.803848081074324728e+04 6.360406880000000207e-01
1.800603749993255769e+04 6.382269860000000516e-01
1.797371068215888954e+04 6.355662349999999794e-01
1.794149973111559666e+04 6.356701849999999432e-01
1.790940402497763716e+04 6.329154969999999381e-01
1.787742294636160659e+04 6.328706740000000774e-01
1.784555588228609849e+04 6.295723920000000362e-01
1.781380222413256342e+04 6.247258190000000155e-01
1.778216136760657173e+04 6.243085859999999432e-01
1.775063271269946927e+04 6.206226349999999226e-01
1.771921566365044418e+04 6.171278949999999819e-01
1.768790962890901574e+04 6.118540759999999690e-01
1.765671402109788687e+04 6.085686679999999793e-01
1.762562825697623339e+04 6.019983289999999432e-01
1.759465175740333871e+04 5.961656570000000155e-01
1.756378394730263244e+04 5.899524689999999794e-01
1.753302425562609642e+04 5.818009379999999897e-01
1.750237211531905996e+04 5.754384989999999922e-01
1.747182696328534439e+04 5.656633380000000155e-01
1.744138824035278958e+04 5.580534930000000671e-01
1.741105539123913331e+04 5.493879320000000233e-01
1.738082786451823267e+04 5.417094230000000232e-01
1.735070511258665283e+04 5.344896319999999923e-01
1.732068659163062330e+04 5.271992679999999432e-01
1.729077176159326336e+04 5.194878579999999690e-01
1.726096008614224411e+04 5.159602169999999433e-01
1.723125103263769415e+04 5.139183999999999974e-01
1.720164407210051650e+04 5.093131069999999871e-01
1.717213867918096366e+04 5.043792719999999896e-01
1.714273433212757300e+04 5.092458719999999328e-01
1.711343051275641119e+04 5.128788950000000568e-01
1.708422670642064986e+04 5.127282140000000155e-01
1.705512240198041036e+04 5.203156469999999922e-01
1.702611709177295779e+04 5.245881079999999974e-01
1.699721027158319339e+04 5.296654700000000826e-01
1.696840144061440878e+04 5.368747709999999174e-01
1.693969010145939319e+04 5.457816120000000826e-01
1.691107576007179159e+04 5.543670649999999922e-01
1.688255792573777580e+04 5.658731459999999380e-01
1.685413611104798110e+04 5.698056220000000671e-01
1.682580983186974845e+04 5.809178349999999380e-01
1.679757860731963228e+04 5.846242900000000464e-01
1.676944195973618480e+04 5.948796270000000774e-01
1.674139941465301308e+04 6.043863300000000827e-01
1.671345050077211999e+04 6.117153170000000362e-01
1.668559474993749973e+04 6.168923379999999845e-01
1.665783169710898437e+04 6.236009599999999820e-01
1.663016088033637789e+04 6.289501189999999742e-01
1.660258184073383018e+04 6.368951800000000052e-01
1.657509412245447311e+04 6.410942079999999432e-01
1.654769727266528935e+04 6.449284550000000671e-01
1.652039084152227952e+04 6.499152180000000723e-01
1.649317438214580034e+04 6.524586679999999639e-01
1.646604745059621928e+04 6.554288859999999328e-01
1.643900960584975473e+04 6.573133469999999923e-01
1.641206040977459270e+04 6.579947470000000465e-01
1.638519942710720352e+04 6.570448879999999381e-01
1.635842622542892241e+04 6.567153930000000361e-01
1.633174037514274096e+04 6.534881590000000129e-01
1.630514144945032604e+04 6.503038409999999381e-01
1.627862902432926967e+04 6.446204190000000001e-01
1.625220267851055360e+04 6.356158259999999949e-01
1.622586199345624118e+04 6.277637480000000103e-01
1.619960655333737850e+04 6.185359950000000051e-01
1.617343594501211919e+04 6.066603660000000620e-01
1.614734975800403481e+04 5.944862369999999174e-01
1.612134758448067805e+04 5.816469189999999845e-01
1.609542901923231693e+04 5.682387349999999948e-01
1.606959365965088546e+04 5.561847690000000233e-01
1.604384110570913617e+04 5.432705879999999432e-01
1.601817095994000192e+04 5.314726830000000568e-01
1.599258282741613584e+04 5.201692580000000232e-01
1.596707631572966784e+04 5.101294519999999277e-01
1.594165103497213568e+04 4.997224810000000517e-01
1.591630659771462706e+04 4.931311609999999845e-01
1.589104261898809818e+04 4.886116980000000387e-01
1.586585871626386870e+04 4.890494349999999768e-01
1.584075450943433680e+04 4.889135359999999819e-01
1.581572962079383979e+04 4.908952709999999664e-01
1.579078367501971661e+04 4.924468990000000490e-01
1.576591629915354315e+04 4.945311550000000000e-01
1.574112712258254760e+04 4.984302520000000181e-01
1.571641577702119503e+04 5.005998609999999793e-01
1.569178189649294836e+04 5.030212400000000361e-01
1.566722511731220948e+04 5.027470590000000517e-01
1.564274507806640759e+04 5.012784000000000129e-01
1.561834141959828594e+04 5.031456949999999484e-01
1.559401378498831946e+04 5.006642340000000413e-01
1.556976181953732521e+04 4.968991280000000232e-01
1.554558517074922565e+04 4.954433440000000077e-01
1.552148348831395560e+04 4.920816420000000413e-01
1.549745642409055836e+04 4.844689370000000439e-01
1.547350363209042007e+04 4.798622129999999819e-01
1.544962476846064965e+04 4.766211510000000207e-01
1.542581949146764237e+04 4.664158819999999483e-01
1.540208746148076898e+04 4.592699999999999561e-01
1.537842834095622493e+04 4.564876559999999639e-01
1.535484179442101595e+04 4.448146819999999613e-01
1.533132748845712194e+04 4.405846599999999613e-01
1.530788509168578094e+04 4.325065609999999561e-01
1.528451427475190940e+04 4.262695309999999793e-01
1.526121471030869179e+04 4.252834319999999613e-01
1.523798607300228650e+04 4.228596690000000491e-01
1.521482803945669002e+04 4.150924679999999922e-01
1.519174028825872665e+04 4.053335190000000310e-01
1.516872249994318190e+04 3.950881960000000026e-01
1.514577435697806504e+04 3.891787530000000439e-01
1.512289554375000262e+04 3.851218220000000025e-01
1.510008574654977565e+04 3.835282330000000517e-01
1.507734465355798420e+04 3.782367709999999716e-01
1.505467195483082651e+04 3.756809229999999999e-01
1.503206734228603636e+04 3.731589320000000543e-01
1.500953050968890784e+04 3.764772419999999897e-01
1.498706115263847641e+04 3.696708680000000413e-01
1.496465896855381288e+04 3.813843730000000543e-01
1.494232365666045007e+04 3.750419619999999510e-01
1.492005491797690047e+04 3.804898260000000310e-01
1.489785245530133943e+04 3.847098350000000000e-01
1.487571597319836837e+04 3.907790180000000335e-01
1.485364517798590714e+04 4.001827239999999897e-01
1.483163977772222279e+04 4.127583500000000516e-01
1.480969948219304752e+04 4.245452880000000206e-01
1.478782400289882025e+04 4.378666879999999484e-01
1.476601305304203379e+04 4.563212389999999896e-01
1.474426634751473102e+04 4.718608859999999794e-01
1.472258360288603217e+04 4.946379659999999845e-01
1.470096453738986929e+04 5.134325029999999845e-01
1.467940887091275727e+04 5.343208310000000516e-01
1.465791632498169929e+04 5.568690299999999871e-01
1.463648662275219431e+04 5.812702180000000052e-01
1.461511948899635172e+04 6.010632510000000206e-01
1.459381465009110980e+04 6.214809420000000362e-01
1.457257183400655231e+04 6.425008770000000258e-01
1.455139077029433247e+04 6.606550220000000362e-01
1.453027119007619694e+04 6.790823939999999226e-01
1.450921282603261170e+04 6.960735319999999948e-01
1.448821541239146427e+04 7.120842929999999793e-01
1.446727868491690788e+04 7.265486720000000620e-01
1.444640238089826926e+04 7.389373779999999226e-01
1.442558623913904921e+04 7.494544979999999690e-01
1.440482999994604688e+04 7.607116700000000620e-01
1.438413340511853676e+04 7.687592509999999768e-01
1.436349619793759121e+04 7.792949679999999768e-01
1.434291812315544666e+04 7.865281109999999742e-01
1.432239892698497897e+04 7.941236499999999587e-01
1.430193835708928600e+04 7.990479470000000362e-01
1.428153616257132853e+04 8.037981990000000465e-01
1.426119209396367660e+04 8.100681299999999974e-01
1.424090590321835043e+04 8.144083020000000284e-01
1.422067734369673235e+04 8.185935020000000284e-01
1.420050617015957505e+04 8.211455349999999820e-01
1.418039213875708629e+04 8.260855670000000206e-01
1.416033500701909543e+04 8.294548990000000233e-01
1.414033453384534005e+04 8.315620420000000568e-01
1.412039047949576889e+04 8.339343070000000413e-01
1.410050260558098671e+04 8.358764650000000129e-01
1.408067067505274281e+04 8.381872180000000672e-01
1.406089445219452500e+04 8.388113980000000414e-01
1.404117370261220458e+04 8.409705160000000568e-01
1.402150819322479219e+04 8.422312739999999742e-01
1.400189769225524469e+04 8.446106909999999690e-01
1.398234196922137016e+04 8.454380040000000207e-01
1.396284079492678211e+04 8.463983539999999639e-01
1.394339394145195183e+04 8.484458919999999793e-01
1.392400118214534086e+04 8.500862120000000077e-01
1.390466229161458432e+04 8.492140770000000671e-01
1.388537704571775248e+04 8.504176139999999329e-01
1.386614522155470877e+04 8.510251049999999484e-01
1.384696659745850775e+04 8.522143359999999612e-01
1.382784095298688044e+04 8.527722359999999613e-01
1.380876806891379420e+04 8.537702560000000052e-01
1.378974772722107446e+04 8.545427319999999716e-01
1.377077971109009741e+04 8.538227080000000413e-01
1.375186380489354633e+04 8.558635709999999897e-01
1.373299979418724615e+04 8.549566269999999690e-01
1.371418746570205622e+04 8.560056689999999691e-01
1.369542660733584307e+04 8.576092720000000336e-01
1.367671700814549331e+04 8.571443560000000517e-01
1.365805845833901913e+04 8.575429919999999484e-01
1.363945074926771304e+04 8.587074279999999948e-01
1.362089367341836805e+04 8.585104940000000129e-01
1.360238702440557245e+04 8.586072919999999664e-01
1.358393059696404453e+04 8.598093989999999742e-01
1.356552418694105654e+04 8.593568799999999896e-01
1.354716759128890590e+04 8.600721359999999871e-01
1.352886060805743364e+04 8.599462509999999948e-01
1.351060303638664118e+04 8.604421620000000104e-01
1.349239467649932703e+04 8.603281969999999612e-01
1.347423532969380904e+04 8.600897789999999432e-01
1.345612479833669386e+04 8.597521780000000335e-01
1.343806288585570655e+04 8.606348040000000310e-01
1.342004939673257650e+04 8.609628679999999923e-01
1.340208413649598515e+04 8.616018300000000130e-01
1.338416691171457387e+04 8.630981450000000388e-01
1.336629752998998629e+04 8.620195390000000568e-01
1.334847579994999978e+04 8.622107509999999975e-01
1.333070153124168064e+04 8.637595179999999484e-01
1.331297453452460286e+04 8.646278379999999819e-01
1.329529462146414335e+04 8.630690570000000283e-01
1.327766160472480260e+04 8.637390139999999716e-01
1.326007529796357630e+04 8.645901679999999923e-01
1.324253551582341606e+04 8.640174870000000285e-01
1.322504207392668468e+04 8.641276359999999768e-01
1.320759478886873512e+04 8.635816570000000025e-01
1.319019347821146403e+04 8.647789959999999665e-01
1.317283796047697433e+04 8.651027679999999664e-01
1.315552805514125976e+04 8.658862109999999612e-01
1.313826358262795475e+04 8.655424120000000388e-01
1.312104436430209898e+04 8.646879199999999432e-01
1.310387022246400556e+04 8.647685050000000206e-01
1.308674098034313829e+04 8.681206700000000387e-01
1.306965646209203805e+04 8.667144780000000104e-01
1.305261649278031655e+04 8.653225900000000026e-01
1.303562089838867360e+04 8.641915319999999845e-01
1.301866950580299272e+04 8.661813739999999484e-01
1.300176214280844215e+04 8.664493559999999484e-01
1.298489863808365772e+04 8.648610119999999846e-01
1.296807882119494752e+04 8.661422730000000181e-01
1.295130252259055851e+04 8.663001059999999587e-01
1.293456957359496300e+04 8.663153649999999484e-01
1.291787980640322712e+04 8.645486829999999845e-01
1.290123305407538828e+04 8.643436429999999948e-01
1.288462915053088727e+04 8.665585519999999820e-01
1.286806793054306218e+04 8.660173420000000233e-01
1.285154922973363500e+04 8.655891420000000336e-01
1.283507288456730748e+04 8.662462229999999819e-01
1.281863873234635139e+04 8.656344409999999767e-01
1.280224661120524433e+04 8.667535779999999690e-01
1.278589636010536378e+04 8.656768799999999819e-01
1.276958781882972289e+04 8.685207369999999871e-01
1.275332082797770818e+04 8.681759829999999845e-01
1.273709522895992450e+04 8.665666579999999897e-01
1.272091086399301093e+04 8.667302129999999716e-01
1.270476757609454398e+04 8.694252970000000413e-01
1.268866520907794802e+04 8.678565030000000569e-01
1.267260360754746944e+04 8.653697970000000517e-01
1.265658261689317442e+04 8.672575949999999922e-01
1.264060208328598492e+04 8.675680159999999974e-01
1.262466185367276194e+04 8.650217060000000568e-01
1.260876177577141061e+04 8.655867580000000672e-01
1.259290169806603990e+04 8.694071770000000310e-01
1.257708146980213678e+04 8.668317789999999690e-01
1.256130094098180780e+04 8.666582110000000672e-01
1.254555996235902421e+04 8.678121570000000284e-01
1.252985838543491991e+04 8.664941790000000310e-01
1.251419606245312752e+04 8.665428159999999380e-01
1.249857284639513273e+04 8.690509800000000284e-01
1.248298859097568675e+04 8.676686289999999691e-01
1.246744315063823160e+04 8.666749000000000258e-01
1.245193638055037445e+04 8.685793880000000078e-01
1.243646813659937834e+04 8.665733340000000284e-01
1.242103827538771839e+04 8.650941850000000155e-01
1.240564665422862709e+04 8.710713390000000000e-01
1.239029313114170873e+04 8.681354519999999741e-01
1.237497756484857928e+04 8.669419290000000000e-01
1.235969981476851899e+04 8.703536990000000362e-01
1.234445974101418142e+04 8.662967679999999948e-01
1.232925720438731696e+04 8.677477839999999665e-01
1.231409206637454008e+04 8.680243490000000284e-01
1.229896418914312198e+04 8.673243520000000206e-01
1.228387343553681058e+04 8.684811590000000026e-01
1.226881966907169226e+04 8.708949089999999948e-01
1.225380275393207012e+04 8.662447930000000129e-01
1.223882255496638209e+04 8.694572449999999897e-01
1.222387893768315189e+04 8.691110610000000181e-01
1.220897176824695271e+04 8.671455379999999380e-01
1.219410091347442176e+04 8.705043789999999948e-01
1.217926624083029310e+04 8.686609269999999716e-01
1.216446761842345222e+04 8.671159740000000671e-01
1.214970491500303615e+04 8.711104389999999587e-01
1.213497799995454625e+04 8.672833440000000671e-01
1.212028674329600653e+04 8.702807430000000233e-01
1.210563101567412377e+04 8.698892590000000258e-01
1.209101068836050945e+04 8.656125070000000310e-01
1.207642563324789080e+04 8.696918489999999613e-01
1.206187572284638736e+04 8.695325849999999690e-01
1.204736083027978384e+04 8.676114080000000284e-01
1.203288082928185213e+04 8.696508410000000078e-01
1.201843559419267694e+04 8.654026989999999975e-01
1.200402499995503786e+04 8.703584669999999690e-01
1.198964892211077859e+04 8.696269990000000671e-01
1.197530723679725088e+04 8.691310880000000516e-01
1.196099982074372747e+04 8.716964720000000000e-01
1.194672655126790050e+04 8.670344349999999922e-01
1.193248730627235091e+04 8.691735270000000568e-01
1.191828196424107227e+04 8.681626319999999897e-01
1.190411040423602935e+04 8.681907650000000309e-01
1.188997250589370560e+04 8.711810110000000051e-01
1.187586814942170713e+04 8.655843730000000180e-01
1.186179721559537938e+04 8.716669080000000180e-01
1.184775958575444020e+04 8.680949209999999638e-01
1.183375514179964739e+04 8.692669870000000465e-01
1.181978376618949369e+04 8.675522799999999535e-01
1.180584534193691070e+04 8.675422670000000336e-01
1.179193975260600746e+04 8.706789019999999768e-01
1.177806688230882537e+04 8.672804830000000464e-01
1.176422661570211676e+04 8.709583279999999483e-01
1.175041883798415620e+04 8.666129110000000413e-01
1.173664343489156090e+04 8.706593510000000258e-01
1.172290029269613660e+04 8.716044430000000620e-01
1.170918929820175435e+04 8.706879619999999820e-01
1.169551033874124005e+04 8.734502790000000516e-01
1.168186330217328032e+04 8.695297239999999483e-01
1.166824807687937209e+04 8.723492619999999587e-01
1.165466455176076852e+04 8.670468329999999613e-01
1.164111261623546488e+04 8.730902670000000310e-01
1.162759216023519366e+04 8.679671289999999484e-01
1.161410307420243771e+04 8.701925280000000207e-01
1.160064524908748717e+04 8.699665070000000000e-01
1.158721857634548724e+04 8.701605799999999613e-01
1.157382294793352594e+04 8.702740669999999845e-01
1.156045825630773834e+04 8.681116100000000335e-01
1.154712439442041614e+04 8.715844150000000568e-01
1.153382125571716824e+04 8.675169940000000413e-01
1.152054873413406312e+04 8.712840079999999432e-01
1.150730672409482941e+04 8.688259120000000335e-01
1.149409512050803642e+04 8.710026739999999768e-01
1.148091381876433843e+04 8.676028249999999664e-01
1.146776271473367888e+04 8.721513750000000620e-01
1.145464170476258732e+04 8.695197110000000285e-01
1.144155068567143098e+04 8.720350270000000181e-01
1.142848955475171351e+04 8.702087400000000361e-01
1.141545820976339928e+04 8.717594149999999820e-01
1.140245654893223400e+04 8.696665759999999690e-01
1.138948447094710173e+04 8.701663020000000026e-01
1.137654187495738734e+04 8.719525340000000568e-01
1.136362866057037536e+04 8.724093440000000310e-01
1.135074472784863974e+04 8.703060149999999329e-01
1.133788997730747724e+04 8.728075029999999845e-01
1.132506430991233174e+04 8.723297119999999794e-01
1.131226762707627313e+04 8.709831239999999974e-01
1.129949983065745073e+04 8.708176610000000206e-01
1.128676082295659580e+04 8.735027309999999767e-01
1.127405050671452773e+04 8.713169100000000000e-01
1.126136878510967654e+04 8.730645180000000671e-01
1.124871556175562000e+04 8.712215420000000154e-01
1.123609074069865346e+04 8.716444970000000181e-01
1.122349422641535966e+04 8.701877590000000051e-01
1.121092592381019131e+04 8.710923189999999483e-01
1.119838573821308819e+04 8.689684870000000672e-01
1.118587357537709795e+04 8.739986419999999923e-01
1.117338934147600412e+04 8.697819709999999871e-01
1.116093294310200690e+04 8.727383610000000180e-01
1.114850428726336395e+04 8.707809450000000284e-01
1.113610328138209115e+04 8.726325040000000310e-01
1.112372983329166891e+04 8.698863980000000051e-01
