W N1
10000 0.000279185
10009.9 0.000279769
10019.8 0.000280346
10029.8 0.000280914
10039.7 0.000281474
10049.6 0.000282025
10059.5 0.000282567
10069.5 0.0002831
10079.4 0.000283623
10089.3 0.000284137
10099.2 0.00028464
10109.1 0.000285132
10119.1 0.000285614
10129 0.000286084
10138.9 0.000286542
10148.8 0.000286989
10158.8 0.000287423
10168.7 0.000287844
10178.6 0.000288251
10188.5 0.000288646
10198.4 0.000289026
10208.4 0.000289391
10218.3 0.000289742
10228.2 0.000290077
10238.1 0.000290397
10248.1 0.0002907
10258 0.000290986
10267.9 0.000291255
10277.8 0.000291506
10287.7 0.000291739
10297.7 0.000291953
10307.6 0.000292148
10317.5 0.000292323
10327.4 0.000292477
10337.3 0.00029261
10347.3 0.000292721
10357.2 0.000292811
10367.1 0.000292877
10377 0.00029292
10387 0.000292939
10396.9 0.000292932
10406.8 0.000292901
10416.7 0.000292843
10426.6 0.000292758
10436.6 0.000292646
10446.5 0.000292506
10456.4 0.000292336
10466.3 0.000292137
10476.3 0.000291907
10486.2 0.000291645
10496.1 0.000291352
10506 0.000291025
10515.9 0.000290665
10525.9 0.00029027
10535.8 0.000289839
10545.7 0.000289372
10555.6 0.000288867
10565.6 0.000288325
10575.5 0.000287742
10585.4 0.00028712
10595.3 0.000286457
10605.2 0.000285751
10615.2 0.000285002
10625.1 0.000284208
10635 0.00028337
10644.9 0.000282485
10654.9 0.000281552
10664.8 0.000280571
10674.7 0.00027954
10684.6 0.000278458
10694.5 0.000277324
10704.5 0.000276137
10714.4 0.000274896
10724.3 0.000273598
10734.2 0.000272244
10744.2 0.000270831
10754.1 0.000269359
10764 0.000267826
10773.9 0.00026623
10783.8 0.000264571
10793.8 0.000262847
10803.7 0.000261057
10813.6 0.000259199
10823.5 0.000257272
10833.5 0.000255274
10843.4 0.000253204
10853.3 0.00025106
10863.2 0.000248841
10873.1 0.000246546
10883.1 0.000244172
10893 0.000241718
10902.9 0.000239183
10912.8 0.000236565
10922.7 0.000233862
10932.7 0.000231073
10942.6 0.000228196
10952.5 0.000225229
10962.4 0.000222171
10972.4 0.000219019
10982.3 0.000215773
10992.2 0.000212429
11002.1 0.000208987
11012 0.000205445
11022 0.000201799
11031.9 0.00019805
11041.8 0.000194193
11051.7 0.000190227
11061.7 0.00018615
11071.6 0.000181958
11081.5 0.000177646
11091.4 0.000173211
11101.3 0.000168644
11111.3 0.000163926
11121.2 0.000158997
11131.1 0.000156111
11141 0.000154303
11151 0.000152021
11160.9 0.000147021
11170.8 0.00014178
11180.7 0.000135949
11190.6 0.000129721
11200.6 0.000123492
11210.5 0.000118084
11220.4 0.000112598
11230.3 0.000106552
11240.3 0.000100101
11250.2 9.35662e-05
11260.1 8.75327e-05
11270 8.14099e-05
11279.9 7.42367e-05
11289.9 6.61326e-05
11299.8 5.78332e-05
11309.7 5.09526e-05
11319.6 4.39678e-05
11329.6 3.71788e-05
11339.5 3.07046e-05
11349.4 2.4134e-05
11359.3 1.58677e-05
11369.2 7.14071e-06
11379.2 -1.94268e-06
11389.1 -1.17248e-05
11399 -2.16841e-05
11408.9 -3.0075e-05
11418.9 -3.76809e-05
11428.8 -4.54643e-05
11438.7 -5.45541e-05
11448.6 -6.38001e-05
11458.5 -7.29405e-05
11468.5 -8.18508e-05
11478.4 -9.09464e-05
11488.3 -0.00010289
11498.2 -0.00011582
11508.2 -0.000128267
11518.1 -0.000136144
11528 -0.000144308
11537.9 -0.000153886
11547.8 -0.000165156
11557.8 -0.00017657
11567.7 -0.000188614
11577.6 -0.000200941
11587.5 -0.000213371
11597.4 -0.000225669
11607.4 -0.000238073
11617.3 -0.000249817
11627.2 -0.00026047
11637.1 -0.000271392
11647.1 -0.000283544
11657 -0.000296378
11666.9 -0.000309407
11676.8 -0.000324358
11686.7 -0.000339417
11696.7 -0.000353767
11706.6 -0.000365408
11716.5 -0.000377379
11726.4 -0.000389579
11736.4 -0.000401997
11746.3 -0.000414645
11756.2 -0.000428498
11766.1 -0.000442931
11776 -0.00045746
11786 -0.000473042
11795.9 -0.000488633
11805.8 -0.000503797
11815.7 -0.000515369
11825.7 -0.000527596
11835.6 -0.00054097
11845.5 -0.00055639
11855.4 -0.000571735
11865.3 -0.000587622
11875.3 -0.000603975
11885.2 -0.000620057
11895.1 -0.00063438
11905 -0.000648019
11915 -0.000661912
11924.9 -0.000676165
11934.8 -0.000690606
11944.7 -0.00070527
11954.6 -0.000721321
11964.6 -0.000737362
11974.5 -0.000753339
11984.4 -0.000769734
11994.3 -0.000785795
12004.3 -0.000800999
12014.2 -0.000813112
12024.1 -0.000826024
12034 -0.000839986
12043.9 -0.000855766
12053.9 -0.000871325
12063.8 -0.000887297
12073.7 -0.000903864
12083.6 -0.00091995
12093.6 -0.000934683
12103.5 -0.000948222
12113.4 -0.000962057
12123.3 -0.000976206
12133.2 -0.000990585
12143.2 -0.00100505
12153.1 -0.00102042
12163 -0.0010362
12172.9 -0.0010515
12182.8 -0.00106565
12192.8 -0.00107921
12202.7 -0.0010928
12212.6 -0.00110592
12222.5 -0.0011189
12232.5 -0.00113214
12242.4 -0.00114647
12252.3 -0.00116119
12262.2 -0.00117563
12272.1 -0.00119023
12282.1 -0.00120469
12292 -0.0012185
12301.9 -0.00123013
12311.8 -0.00124075
12321.8 -0.00125212
12331.7 -0.00126483
12341.6 -0.00127841
12351.5 -0.0012918
12361.4 -0.00130609
12371.4 -0.00132103
12381.3 -0.00133478
12391.2 -0.00134613
12401.1 -0.00135477
12411.1 -0.00136472
12421 -0.0013759
12430.9 -0.00138952
12440.8 -0.00140221
12450.7 -0.00141455
12460.7 -0.0014267
12470.6 -0.00143843
12480.5 -0.00144961
12490.4 -0.0014592
12500.4 -0.00146916
12510.3 -0.00147936
12520.2 -0.00149002
12530.1 -0.00150069
12540 -0.00151145
12550 -0.00152353
12559.9 -0.00153506
12569.8 -0.00154518
12579.7 -0.00155124
12589.7 -0.00155913
12599.6 -0.00157013
12609.5 -0.0015862
12619.4 -0.00160131
12629.3 -0.0016135
12639.3 -0.00162481
12649.2 -0.00163648
12659.1 -0.00164538
12669 -0.00165107
12679 -0.00165164
12688.9 -0.00165742
12698.8 -0.00166527
12708.7 -0.00167406
12718.6 -0.00168345
12728.6 -0.00169452
12738.5 -0.00171017
12748.4 -0.00172471
12758.3 -0.00173661
12768.2 -0.00174755
12778.2 -0.00175743
12788.1 -0.00176438
12798 -0.00176814
12807.9 -0.00176586
12817.9 -0.00176922
12827.8 -0.00177534
12837.7 -0.00178494
12847.6 -0.00179539
12857.5 -0.00180592
12867.5 -0.0018178
12877.4 -0.00182854
12887.3 -0.00183655
12897.2 -0.00184323
12907.2 -0.00184889
12917.1 -0.00185422
12927 -0.00185832
12936.9 -0.00185906
12946.8 -0.00186208
12956.8 -0.00186626
12966.7 -0.00186962
12976.6 -0.00187209
12986.5 -0.00187918
12996.5 -0.00188883
13006.4 -0.0019007
13016.3 -0.00191297
13026.2 -0.00192711
13036.1 -0.00194598
13046.1 -0.00196614
13056 -0.00198418
13065.9 -0.0020024
13075.8 -0.002022
13085.8 -0.00203917
13095.7 -0.00205587
13105.6 -0.00207437
13115.5 -0.00209037
13125.4 -0.00210378
13135.4 -0.00211516
13145.3 -0.00212386
13155.2 -0.00213332
13165.1 -0.00214285
13175.1 -0.00215263
13185 -0.00216269
13194.9 -0.00217254
13204.8 -0.00218257
13214.7 -0.00219336
13224.7 -0.00220211
13234.6 -0.00220945
13244.5 -0.0022147
13254.4 -0.00221874
13264.4 -0.00222207
13274.3 -0.00222364
13284.2 -0.00222247
13294.1 -0.00222456
13304 -0.00222739
13314 -0.00222933
13323.9 -0.0022326
13333.8 -0.00223747
13343.7 -0.00224309
13353.6 -0.00224879
13363.6 -0.00225609
13373.5 -0.00226478
13383.4 -0.00227547
13393.3 -0.00228744
13403.3 -0.00229817
13413.2 -0.00230908
13423.1 -0.00232158
13433 -0.00233232
13442.9 -0.00234161
13452.9 -0.00234955
13462.8 -0.0023556
13472.7 -0.00236204
13482.6 -0.00236779
13492.6 -0.00237044
13502.5 -0.00237419
13512.4 -0.0023813
13522.3 -0.00238956
13532.2 -0.00239697
13542.2 -0.00240828
13552.1 -0.00242292
13562 -0.00244116
13571.9 -0.00246403
13581.9 -0.00248473
13591.8 -0.00250624
13601.7 -0.00253132
13611.6 -0.00255818
13621.5 -0.00257959
13631.5 -0.00259907
13641.4 -0.00261734
13651.3 -0.00263434
13661.2 -0.00265018
13671.2 -0.00266467
13681.1 -0.0026767
13691 -0.00268991
13700.9 -0.0027033
13710.8 -0.00271601
13720.8 -0.00272728
13730.7 -0.00274117
13740.6 -0.00275606
13750.5 -0.00277122
13760.5 -0.00278665
13770.4 -0.0028043
13780.3 -0.0028237
13790.2 -0.00284642
13800.1 -0.0028692
13810.1 -0.00289046
13820 -0.00291162
13829.9 -0.00293461
13839.8 -0.00295486
13849.8 -0.00297222
13859.7 -0.00298648
13869.6 -0.00299372
13879.5 -0.00300557
13889.4 -0.00301966
13899.4 -0.00303358
13909.3 -0.00304335
13919.2 -0.00306102
13929.1 -0.00308363
13939.1 -0.00311053
13949 -0.00314272
13958.9 -0.00317448
13968.8 -0.00320762
13978.7 -0.00324326
13988.7 -0.00328271
13998.6 -0.00332086
14008.5 -0.00335993
14018.4 -0.0034015
14028.3 -0.0034471
14038.3 -0.00348919
14048.2 -0.00353111
14058.1 -0.00357493
14068 -0.00362216
14078 -0.00366242
14087.9 -0.00369939
14097.8 -0.00373314
14107.7 -0.0037634
14117.6 -0.00379533
14127.6 -0.00382661
14137.5 -0.00385533
14147.4 -0.0038797
14157.3 -0.00391208
14167.3 -0.00394851
14177.2 -0.0039894
14187.1 -0.00403648
14197 -0.00407836
14206.9 -0.0041188
14216.9 -0.00415905
14226.8 -0.00420046
14236.7 -0.00423729
14246.6 -0.0042707
14256.6 -0.00429965
14266.5 -0.00432035
14276.4 -0.00434729
14286.3 -0.00437572
14296.2 -0.00440314
14306.2 -0.00442454
14316.1 -0.00445302
14326 -0.0044857
14335.9 -0.00452143
14345.9 -0.00456247
14355.8 -0.00460231
14365.7 -0.00464048
14375.6 -0.00467778
14385.5 -0.00471494
14395.5 -0.00475016
14405.4 -0.00478388
14415.3 -0.00481738
14425.2 -0.00485647
14435.2 -0.00489752
14445.1 -0.00491862
14455 -0.00492617
14464.9 -0.00491624
14474.8 -0.00487966
14484.8 -0.00485371
14494.7 -0.00482822
14504.6 -0.00480324
14514.5 -0.00479231
14524.5 -0.00475764
14534.4 -0.00470211
14544.3 -0.00462499
14554.2 -0.00450819
14564.1 -0.00438678
14574.1 -0.00426466
14584 -0.00413797
14593.9 -0.00401727
14603.8 -0.0038882
14613.7 -0.00372027
14623.7 -0.00352126
14633.6 -0.00328022
14643.5 -0.00295701
14653.4 -0.00267506
14663.4 -0.00241241
14673.3 -0.00217129
14683.2 -0.00199364
14693.1 -0.00178364
14703 -0.00154832
14713 -0.00129952
14722.9 -0.00103587
14732.8 -0.000757679
14742.7 -0.000490537
14752.7 -0.000233081
14762.6 9.57329e-06
14772.5 0.000220245
14782.4 0.000438888
14792.3 0.000656245
14802.3 0.000866314
14812.2 0.00104333
14822.1 0.00120331
14832 0.00137395
14842 0.00155286
14851.9 0.0017506
14861.8 0.00198461
14871.7 0.00217298
14881.6 0.00233834
14891.6 0.00248548
14901.5 0.00261897
14911.4 0.00273783
14921.3 0.00284066
14931.3 0.00292861
14941.2 0.00300261
14951.1 0.00306985
14961 0.00312591
14970.9 0.00317073
14980.9 0.0032053
14990.8 0.00323654
15000.7 0.00326591
15010.6 0.00328488
15020.6 0.00329311
15030.5 0.0032866
15040.4 0.0032585
15050.3 0.00324061
15060.2 0.00322552
15070.2 0.0032127
15080.1 0.00320589
15090 0.0031987
15099.9 0.0031903
15109.9 0.00318267
15119.8 0.00317847
15129.7 0.00317971
15139.6 0.00317094
15149.5 0.00315865
15159.5 0.00314452
15169.4 0.00313143
15179.3 0.00311328
15189.2 0.00308918
15199.1 0.00306027
15209.1 0.00302571
15219 0.00297928
15228.9 0.00293224
15238.8 0.00288435
15248.8 0.00283319
15258.7 0.00277466
15268.6 0.00270122
15278.5 0.00264059
15288.4 0.0025854
15298.4 0.0025343
15308.3 0.00248927
15318.2 0.00244851
15328.1 0.00240612
15338.1 0.00236418
15348 0.00232393
15357.9 0.0022905
15367.8 0.00225525
15377.7 0.00221698
15387.7 0.00217711
15397.6 0.00213589
15407.5 0.00209202
15417.4 0.00205039
15427.4 0.00201091
15437.3 0.00197407
15447.2 0.00194215
15457.1 0.00191976
15467 0.0018904
15477 0.00185877
15486.9 0.00182644
15496.8 0.00179536
15506.7 0.00176441
15516.7 0.00172922
15526.6 0.00169187
15536.5 0.00165217
15546.4 0.00160646
15556.3 0.00156229
15566.3 0.00152248
15576.2 0.00148473
15586.1 0.00144826
15596 0.00141103
15606 0.00137608
15615.9 0.00134418
15625.8 0.00131447
15635.7 0.00128637
15645.6 0.00125797
15655.6 0.00123197
15665.5 0.00120833
15675.4 0.00118569
15685.3 0.0011617
15695.3 0.0011256
15705.2 0.00110395
15715.1 0.00109404
15725 0.00109263
15734.9 0.00109846
15744.9 0.00110864
15754.8 0.0011268
15764.7 0.00115468
15774.6 0.00119346
15784.5 0.00124747
15794.5 0.0013397
15804.4 0.00141624
15814.3 0.00148153
15824.2 0.00154229
15834.2 0.00160176
15844.1 0.0016673
15854 0.00171999
15863.9 0.00176226
15873.8 0.00179531
15883.8 0.00181716
15893.7 0.00181487
15903.6 0.00181713
15913.5 0.00182224
15923.5 0.00182421
15933.4 0.00181892
15943.3 0.00179228
15953.2 0.00176674
15963.1 0.0017484
15973.1 0.0017313
15983 0.00171355
15992.9 0.00169389
16002.8 0.00167276
16012.8 0.00165038
16022.7 0.00162705
16032.6 0.00160436
16042.5 0.00158827
16052.4 0.00158104
16062.4 0.00155405
16072.3 0.00151853
16082.2 0.00147766
16092.1 0.00143485
16102.1 0.00139522
16112 0.00134229
16121.9 0.00128159
16131.8 0.00121457
16141.7 0.00114085
16151.7 0.00105472
16161.6 0.000975137
16171.5 0.000899283
16181.4 0.000825411
16191.4 0.000752412
16201.3 0.000675209
16211.2 0.000604236
16221.1 0.000541623
16231 0.000485525
16241 0.000436157
16250.9 0.000396458
16260.8 0.000366488
16270.7 0.000329565
16280.7 0.000291563
16290.6 0.000253249
16300.5 0.00021447
16310.4 0.000174079
16320.3 0.000135532
16330.3 9.73904e-05
16340.2 5.85155e-05
16350.1 1.70457e-05
16360 -3.64457e-05
16370 -8.27624e-05
16379.9 -0.000119138
16389.8 -0.000149828
16399.7 -0.000175909
16409.6 -0.000197408
16419.6 -0.000214104
16429.5 -0.000229331
16439.4 -0.000241519
16449.3 -0.000249571
16459.2 -0.000251121
16469.2 -0.000234667
16479.1 -0.000228355
16489 -0.000229551
16498.9 -0.000234195
16508.9 -0.000240559
16518.8 -0.000246352
16528.7 -0.000250925
16538.6 -0.000263138
16548.5 -0.000279616
16558.5 -0.000300069
16568.4 -0.000325353
16578.3 -0.000361189
16588.2 -0.000392735
16598.2 -0.00042163
16608.1 -0.000450124
16618 -0.000479588
16627.9 -0.000512913
16637.8 -0.000552597
16647.8 -0.000581741
16657.7 -0.000606344
16667.6 -0.000627694
16677.5 -0.000646401
16687.5 -0.000663278
16697.4 -0.000677257
16707.3 -0.000688229
16717.2 -0.000696356
16727.1 -0.000701474
16737.1 -0.000702884
16747 -0.000698458
16756.9 -0.000695514
16766.8 -0.000692101
16776.8 -0.000687515
16786.7 -0.000681359
16796.6 -0.00067295
16806.5 -0.000662155
16816.4 -0.000651216
16826.4 -0.000639134
16836.3 -0.000625575
16846.2 -0.000610103
16856.1 -0.000590709
16866.1 -0.000571754
16876 -0.000553531
16885.9 -0.000535291
16895.8 -0.000516942
16905.7 -0.000498736
16915.7 -0.000481843
16925.6 -0.000462718
16935.5 -0.000442316
16945.4 -0.000421259
16955.4 -0.000400225
16965.3 -0.00038096
16975.2 -0.000366801
16985.1 -0.00034399
16995 -0.000316524
17005 -0.000285229
17014.9 -0.00025006
17024.8 -0.000209505
17034.7 -0.000163422
17044.6 -0.00012013
17054.6 -7.63161e-05
17064.5 -3.10132e-05
17074.4 1.69786e-05
17084.3 7.29945e-05
17094.3 0.000130951
17104.2 0.000180744
17114.1 0.000226927
17124 0.000270373
17133.9 0.000311358
17143.9 0.000349659
17153.8 0.000385653
17163.7 0.000419554
17173.6 0.000450978
17183.6 0.000479497
17193.5 0.00050432
17203.4 0.000521628
17213.3 0.000537862
17223.2 0.00055437
17233.2 0.000569313
17243.1 0.000581756
17253 0.000590524
17262.9 0.000590799
17272.9 0.000591476
17282.8 0.000593375
17292.7 0.000594293
17302.6 0.000593084
17312.5 0.000588166
17322.5 0.00057174
17332.4 0.000558686
17342.3 0.000552076
17352.2 0.000549012
17362.2 0.000549169
17372.1 0.00055343
17382 0.000568644
17391.9 0.000582736
17401.8 0.000591209
17411.8 0.000598021
17421.7 0.000604908
17431.6 0.000614005
17441.5 0.00063398
17451.5 0.000654659
17461.4 0.000661229
17471.3 0.000660835
17481.2 0.000654832
17491.1 0.000643277
17501.1 0.000623722
17511 0.000595883
17520.9 0.00057468
17530.8 0.000554767
17540.8 0.000535048
17550.7 0.000514722
17560.6 0.000492122
17570.5 0.000464246
17580.4 0.000443968
17590.4 0.000427521
17600.3 0.00041412
17610.2 0.000403712
17620.1 0.000396959
17630 0.000397127
17640 0.000394503
17649.9 0.000390904
17659.8 0.000387298
17669.7 0.000384054
17679.7 0.000381438
17689.6 0.000380251
17699.5 0.000379245
17709.4 0.000378047
17719.3 0.000376967
17729.3 0.000376084
17739.2 0.000375432
17749.1 0.000375072
17759 0.00037489
17769 0.000374559
17778.9 0.000374178
17788.8 0.000373692
17798.7 0.000372991
17808.6 0.000371832
17818.6 0.000369441
17828.5 0.000367827
17838.4 0.000366442
17848.3 0.000364938
17858.3 0.000363009
17868.2 0.000360151
17878.1 0.000353954
17888 0.00034847
17897.9 0.000345693
17907.9 0.000344048
17917.8 0.000343029
17927.7 0.000342214
17937.6 0.000340814
17947.6 0.00033689
17957.5 0.000336885
17967.4 0.000339168
17977.3 0.000343337
17987.2 0.000349427
17997.2 0.0003579
18007.1 0.000371947
18017 0.000385995
18026.9 0.000397661
18036.9 0.000408769
18046.8 0.000419971
18056.7 0.000431895
18066.6 0.000445846
18076.5 0.000465241
18086.5 0.000478037
18096.4 0.000487485
18106.3 0.00049454
18116.2 0.000499398
18126.2 0.000501792
18136.1 0.000499767
18146 0.000495356
18155.9 0.000494783
18165.8 0.000495204
18175.8 0.000496105
18185.7 0.000497254
18195.6 0.000498511
18205.5 0.000499601
18215.5 0.000500624
18225.4 0.000501743
18235.3 0.000502903
18245.2 0.000504083
18255.1 0.000505276
18265.1 0.000506501
18275 0.000508001
18284.9 0.000509412
18294.8 0.000510696
18304.7 0.000511868
18314.7 0.000512929
18324.6 0.000513865
18334.5 0.000514621
18344.4 0.000514937
18354.4 0.000515325
18364.3 0.000515722
18374.2 0.000516113
18384.1 0.000516501
18394 0.000516908
18404 0.000517497
18413.9 0.000518325
18423.8 0.000518933
18433.7 0.000519402
18443.7 0.000519748
18453.6 0.000519971
18463.5 0.000520052
18473.4 0.000519781
18483.3 0.000519336
18493.3 0.00051896
18503.2 0.000518603
18513.1 0.000518257
18523 0.000517927
18533 0.000517642
18542.9 0.000517645
18552.8 0.000517646
18562.7 0.000517496
18572.6 0.00051724
18582.6 0.000516892
18592.5 0.000516454
18602.4 0.000515915
18612.3 0.000515149
18622.3 0.000514341
18632.2 0.000513542
18642.1 0.000512732
18652 0.000511907
18661.9 0.000511067
18671.9 0.000510222
18681.8 0.000509437
18691.7 0.000508613
18701.6 0.000507729
18711.6 0.000506797
18721.5 0.000505819
18731.4 0.000504796
18741.3 0.000503722
18751.2 0.000502547
18761.2 0.000501348
18771.1 0.000500149
18781 0.000498942
18790.9 0.000497724
18800.9 0.000496496
18810.8 0.000495265
18820.7 0.000494078
18830.6 0.000492875
18840.5 0.000491618
18850.5 0.000490321
18860.4 0.000488988
18870.3 0.000487617
18880.2 0.000486202
18890.1 0.000484702
18900.1 0.000483147
18910 0.000481618
18919.9 0.000480092
18929.8 0.000478563
18939.8 0.00047703
18949.7 0.000475491
18959.6 0.000473952
18969.5 0.000472422
18979.4 0.000470865
18989.4 0.000469289
18999.3 0.000467696
19009.2 0.000466083
19019.1 0.000464447
19029.1 0.000462776
19039 0.000461021
19048.9 0.000459301
19058.8 0.000457598
19068.7 0.000455904
19078.7 0.000454216
19088.6 0.000452532
19098.5 0.000450852
19108.4 0.000449185
19118.4 0.000447515
19128.3 0.000445838
19138.2 0.000444156
19148.1 0.000442469
19158 0.000440777
19168 0.000439076
19177.9 0.000437356
19187.8 0.000435606
19197.7 0.000433889
19207.7 0.000432187
19217.6 0.000430497
19227.5 0.000428819
19237.4 0.000427156
19247.3 0.000425517
19257.3 0.00042395
19267.2 0.000422344
19277.1 0.000420709
19287 0.000419053
19297 0.000417378
19306.9 0.000415681
19316.8 0.000413953
19326.7 0.000412148
19336.6 0.000410279
19346.6 0.000408509
19356.5 0.000406782
19366.4 0.000405087
19376.3 0.000403422
19386.3 0.00040179
19396.2 0.0004002
19406.1 0.000398716
19416 0.00039719
19425.9 0.000395633
19435.9 0.000394061
19445.8 0.000392477
19455.7 0.000390883
19465.6 0.000389275
19475.5 0.000387638
19485.5 0.000385954
19495.4 0.000384327
19505.3 0.000382726
19515.2 0.000381144
19525.2 0.000379579
19535.1 0.000378032
19545 0.000376504
19554.9 0.000375015
19564.8 0.000373531
19574.8 0.000372039
19584.7 0.000370547
19594.6 0.000369059
19604.5 0.000367574
19614.5 0.000366093
19624.4 0.000364617
19634.3 0.00036314
19644.2 0.000361673
19654.1 0.000360216
19664.1 0.000358766
19674 0.000357324
19683.9 0.000355889
19693.8 0.000354458
19703.8 0.000353027
19713.7 0.000351584
19723.6 0.000350174
19733.5 0.000348785
19743.4 0.000347416
19753.4 0.000346064
19763.3 0.000344731
19773.2 0.000343419
19783.1 0.000342131
19793.1 0.000340872
19803 0.000339623
19812.9 0.000338392
19822.8 0.000337186
19832.7 0.000336012
19842.7 0.00033488
19852.6 0.000333814
19862.5 0.0003329
19872.4 0.00033216
19882.4 0.000331164
19892.3 0.000330066
19902.2 0.000328893
19912.1 0.000327654
19922 0.000326349
19932 0.000324964
19941.9 0.000323432
19951.8 0.000321769
19961.7 0.000320287
19971.7 0.000318861
19981.6 0.000317471
19991.5 0.000316105
20001.4 0.000314759
20011.3 0.00031343
20021.3 0.000312114
20031.2 0.00031081
20041.1 0.000309517
20051 0.000308235
20060.9 0.000306963
20070.9 0.000305699
20080.8 0.000304444
20090.7 0.000303197
20100.6 0.000301959
20110.6 0.000300728
20120.5 0.000299505
20130.4 0.000298289
20140.3 0.00029708
20150.2 0.000295878
20160.2 0.000294683
20170.1 0.000293496
20180 0.000292314
20189.9 0.00029114
20199.9 0.000289972
20209.8 0.000288811
20219.7 0.000287656
20229.6 0.000286507
20239.5 0.000285365
20249.5 0.000284229
20259.4 0.0002831
20269.3 0.000281976
20279.2 0.000280859
20289.2 0.000279748
20299.1 0.000278643
20309 0.000277544
20318.9 0.000276451
20328.8 0.000275364
20338.8 0.000274282
20348.7 0.000273207
20358.6 0.000272138
20368.5 0.000271074
20378.5 0.000270016
20388.4 0.000268964
20398.3 0.000267917
20408.2 0.000266876
20418.1 0.000265841
20428.1 0.000264812
20438 0.000263788
20447.9 0.000262769
20457.8 0.000261756
20467.8 0.000260749
20477.7 0.000259747
20487.6 0.00025875
20497.5 0.000257759
20507.4 0.000256773
20517.4 0.000255793
20527.3 0.000254817
20537.2 0.000253848
20547.1 0.000252883
20557.1 0.000251923
20567 0.000250969
20576.9 0.00025002
20586.8 0.000249076
20596.7 0.000248137
20606.7 0.000247203
20616.6 0.000246274
20626.5 0.000245351
20636.4 0.000244432
20646.4 0.000243518
20656.3 0.000242609
20666.2 0.000241705
20676.1 0.000240806
20686 0.000239911
20696 0.000239022
20705.9 0.000238137
20715.8 0.000237257
20725.7 0.000236382
20735.6 0.000235511
20745.6 0.000234645
20755.5 0.000233784
20765.4 0.000232927
20775.3 0.000232075
20785.3 0.000231228
20795.2 0.000230385
20805.1 0.000229546
20815 0.000228712
20824.9 0.000227883
20834.9 0.000227058
20844.8 0.000226237
20854.7 0.00022542
20864.6 0.000224608
20874.6 0.000223801
20884.5 0.000222997
20894.4 0.000222198
20904.3 0.000221403
20914.2 0.000220613
20924.2 0.000219826
20934.1 0.000219044
20944 0.000218266
20953.9 0.000217491
20963.9 0.000216721
20973.8 0.000215955
20983.7 0.000215193
20993.6 0.000214436
21003.5 0.000213682
21013.5 0.000212932
21023.4 0.000212186
21033.3 0.000211443
21043.2 0.000210705
21053.2 0.000209971
21063.1 0.00020924
21073 0.000208513
21082.9 0.00020779
21092.8 0.000207071
21102.8 0.000206356
21112.7 0.000205644
21122.6 0.000204936
21132.5 0.000204232
21142.5 0.000203531
21152.4 0.000202834
21162.3 0.00020214
21172.2 0.00020145
21182.1 0.000200764
21192.1 0.000200081
21202 0.000199402
21211.9 0.000198726
21221.8 0.000198054
21231.8 0.000197385
21241.7 0.000196719
21251.6 0.000196057
21261.5 0.000195398
21271.4 0.000194743
21281.4 0.000194091
21291.3 0.000193442
21301.2 0.000192797
21311.1 0.000192155
21321 0.000191516
21331 0.00019088
21340.9 0.000190248
21350.8 0.000189618
21360.7 0.000188992
21370.7 0.000188369
21380.6 0.000187749
21390.5 0.000187133
21400.4 0.000186519
21410.3 0.000185909
21420.3 0.000185301
21430.2 0.000184697
21440.1 0.000184095
21450 0.000183497
21460 0.000182901
21469.9 0.000182309
21479.8 0.000181719
21489.7 0.000181133
21499.6 0.000180549
21509.6 0.000179968
21519.5 0.00017939
21529.4 0.000178815
21539.3 0.000178243
21549.3 0.000177673
21559.2 0.000177107
21569.1 0.000176543
21579 0.000175982
21588.9 0.000175423
21598.9 0.000174867
21608.8 0.000174314
21618.7 0.000173764
21628.6 0.000173217
21638.6 0.000172672
21648.5 0.000172129
21658.4 0.00017159
21668.3 0.000171052
21678.2 0.000170518
21688.2 0.000169986
21698.1 0.000169457
21708 0.00016893
21717.9 0.000168406
21727.9 0.000167884
21737.8 0.000167364
21747.7 0.000166848
21757.6 0.000166333
21767.5 0.000165821
21777.5 0.000165312
21787.4 0.000164805
21797.3 0.0001643
21807.2 0.000163798
21817.2 0.000163298
21827.1 0.000162801
21837 0.000162306
21846.9 0.000161813
21856.8 0.000161322
21866.8 0.000160834
21876.7 0.000160348
21886.6 0.000159864
21896.5 0.000159383
21906.4 0.000158904
21916.4 0.000158427
21926.3 0.000157952
21936.2 0.00015748
21946.1 0.00015701
21956.1 0.000156541
21966 0.000156075
21975.9 0.000155612
21985.8 0.00015515
21995.7 0.000154691
22005.7 0.000154233
22015.6 0.000153778
22025.5 0.000153325
22035.4 0.000152873
22045.4 0.000152424
22055.3 0.000151977
22065.2 0.000151532
22075.1 0.000151089
22085 0.000150648
22095 0.000150209
22104.9 0.000149772
22114.8 0.000149337
22124.7 0.000148904
22134.7 0.000148473
22144.6 0.000148044
22154.5 0.000147617
22164.4 0.000147192
22174.3 0.000146768
22184.3 0.000146347
22194.2 0.000145927
22204.1 0.00014551
22214 0.000145094
22224 0.00014468
22233.9 0.000144267
22243.8 0.000143857
22253.7 0.000143449
22263.6 0.000143042
22273.6 0.000142637
22283.5 0.000142234
22293.4 0.000141833
22303.3 0.000141433
22313.3 0.000141035
22323.2 0.000140639
22333.1 0.000140245
22343 0.000139852
22352.9 0.000139461
22362.9 0.000139072
22372.8 0.000138684
22382.7 0.000138299
22392.6 0.000137914
22402.6 0.000137532
22412.5 0.000137151
22422.4 0.000136772
22432.3 0.000136394
22442.2 0.000136018
22452.2 0.000135644
22462.1 0.000135271
22472 0.0001349
22481.9 0.000134531
22491.8 0.000134163
22501.8 0.000133797
22511.7 0.000133432
22521.6 0.000133069
22531.5 0.000132707
22541.5 0.000132347
22551.4 0.000131988
22561.3 0.000131631
22571.2 0.000131275
22581.1 0.000130921
22591.1 0.000130569
22601 0.000130218
22610.9 0.000129868
22620.8 0.00012952
22630.8 0.000129173
22640.7 0.000128828
22650.6 0.000128484
22660.5 0.000128142
22670.4 0.000127801
22680.4 0.000127461
22690.3 0.000127123
22700.2 0.000126786
22710.1 0.000126451
22720.1 0.000126117
22730 0.000125784
22739.9 0.000125453
22749.8 0.000125123
22759.7 0.000124795
22769.7 0.000124468
22779.6 0.000124142
22789.5 0.000123817
22799.4 0.000123494
22809.4 0.000123173
22819.3 0.000122852
22829.2 0.000122533
22839.1 0.000122215
22849 0.000121898
22859 0.000121583
22868.9 0.000121269
22878.8 0.000120956
22888.7 0.000120645
22898.7 0.000120334
22908.6 0.000120025
22918.5 0.000119718
22928.4 0.000119411
22938.3 0.000119106
22948.3 0.000118802
22958.2 0.000118499
22968.1 0.000118197
22978 0.000117897
22988 0.000117598
22997.9 0.0001173
23007.8 0.000117003
23017.7 0.000116707
23027.6 0.000116412
23037.6 0.000116119
23047.5 0.000115827
23057.4 0.000115536
23067.3 0.000115246
23077.3 0.000114957
23087.2 0.000114669
23097.1 0.000114383
23107 0.000114098
23116.9 0.000113813
23126.9 0.00011353
23136.8 0.000113248
23146.7 0.000112967
23156.6 0.000112687
23166.5 0.000112408
23176.5 0.000112131
23186.4 0.000111854
23196.3 0.000111578
23206.2 0.000111304
23216.2 0.00011103
23226.1 0.000110758
23236 0.000110487
23245.9 0.000110216
23255.8 0.000109947
23265.8 0.000109679
23275.7 0.000109412
23285.6 0.000109145
23295.5 0.00010888
23305.5 0.000108616
23315.4 0.000108353
23325.3 0.000108091
23335.2 0.00010783
23345.1 0.000107569
23355.1 0.00010731
23365 0.000107052
23374.9 0.000106795
23384.8 0.000106538
23394.8 0.000106283
23404.7 0.000106029
23414.6 0.000105775
23424.5 0.000105523
23434.4 0.000105271
23444.4 0.000105021
23454.3 0.000104771
23464.2 0.000104522
23474.1 0.000104275
23484.1 0.000104028
23494 0.000103782
23503.9 0.000103537
23513.8 0.000103292
23523.7 0.000103049
23533.7 0.000102807
23543.6 0.000102565
23553.5 0.000102325
23563.4 0.000102085
23573.4 0.000101846
23583.3 0.000101608
23593.2 0.000101371
23603.1 0.000101135
23613 0.0001009
23623 0.000100665
23632.9 0.000100432
23642.8 0.000100199
23652.7 9.99671e-05
23662.7 9.9736e-05
23672.6 9.95057e-05
23682.5 9.92763e-05
23692.4 9.90477e-05
23702.3 9.882e-05
23712.3 9.8593e-05
23722.2 9.83669e-05
23732.1 9.81416e-05
23742 9.7917e-05
23751.9 9.76933e-05
23761.9 9.74704e-05
23771.8 9.72483e-05
23781.7 9.7027e-05
23791.6 9.68065e-05
23801.6 9.65867e-05
23811.5 9.63678e-05
23821.4 9.61496e-05
23831.3 9.59322e-05
23841.2 9.57155e-05
23851.2 9.54996e-05
23861.1 9.52845e-05
23871 9.50701e-05
23880.9 9.48565e-05
23890.9 9.46437e-05
23900.8 9.44316e-05
23910.7 9.42202e-05
23920.6 9.40096e-05
23930.5 9.37997e-05
23940.5 9.35905e-05
23950.4 9.33821e-05
23960.3 9.31744e-05
23970.2 9.29674e-05
23980.2 9.27612e-05
23990.1 9.25556e-05
24000 9.23508e-05
