1.813651603254075962e+04 9.308685854376513250e-04
1.810371943935352829e+04 9.426449852285462847e-04
1.807104124541967758e+04 9.455563865921065916e-04
1.803848081074324728e+04 9.408079046834593243e-04
1.800603749993255769e+04 9.302069681662061048e-04
1.797371068215888954e+04 9.125982019050520640e-04
1.794149973111559666e+04 9.042933519069434965e-04
1.790940402497763716e+04 9.080802241680858066e-04
1.787742294636160659e+04 9.261150284007646288e-04
1.784555588228609849e+04 9.333158806840559461e-04
1.781380222413256342e+04 9.305099530699781265e-04
1.778216136760657173e+04 9.261809140442760040e-04
1.775063271269946927e+04 9.220000728325104984e-04
1.771921566365044418e+04 9.283776088642272436e-04
1.768790962890901574e+04 9.386169189558817407e-04
1.765671402109788687e+04 9.560036456882991347e-04
1.762562825697623339e+04 9.671852306691428210e-04
1.759465175740333871e+04 9.808167460305173332e-04
1.756378394730263244e+04 9.991510043505845515e-04
1.753302425562609642e+04 1.023860814854602765e-03
1.750237211531905996e+04 1.063788286489948491e-03
1.747182696328534439e+04 1.107627903419647168e-03
1.744138824035278958e+04 1.163712361727501591e-03
1.741105539123913331e+04 1.219792100332712766e-03
1.738082786451823267e+04 1.278900834659564469e-03
1.735070511258665283e+04 1.339028860050286551e-03
1.732068659163062330e+04 1.403362553670091340e-03
1.729077176159326336e+04 1.474768147030671274e-03
1.726096008614224411e+04 1.565310439857364169e-03
1.723125103263769415e+04 1.666025013373345631e-03
1.720164407210051650e+04 1.750238884411663360e-03
1.717213867918096366e+04 1.820865227598297484e-03
1.714273433212757300e+04 1.912169534852595394e-03
1.711343051275641119e+04 1.990326374142111551e-03
1.708422670642064986e+04 2.052041284033522071e-03
1.705512240198041036e+04 2.135987246444387248e-03
1.702611709177295779e+04 2.191103267395729925e-03
1.699721027158319339e+04 2.208644793373681914e-03
1.696840144061440878e+04 2.187536765312997344e-03
1.693969010145939319e+04 2.132771629157722768e-03
1.691107576007179159e+04 2.042874534953611869e-03
1.688255792573777580e+04 1.943767684301233190e-03
1.685413611104798110e+04 1.809150363884518258e-03
1.682580983186974845e+04 1.697087844224746652e-03
1.679757860731963228e+04 1.568295941879278279e-03
1.676944195973618480e+04 1.466021636532287460e-03
1.674139941465301308e+04 1.379850740914409209e-03
1.671345050077211999e+04 1.306387051278432238e-03
1.668559474993749973e+04 1.235437934697604075e-03
1.665783169710898437e+04 1.168917808339055850e-03
1.663016088033637789e+04 1.093298965362946625e-03
1.660258184073383018e+04 1.003181285062166271e-03
1.657509412245447311e+04 8.813295251364876032e-04
1.654769727266528935e+04 7.526493908176026554e-04
1.652039084152227952e+04 6.219402642577676575e-04
1.649317438214580034e+04 4.714196105223243671e-04
1.646604745059621928e+04 3.047985382305930745e-04
1.643900960584975473e+04 1.276275304211650825e-04
1.641206040977459270e+04 -5.022672162905683353e-05
1.638519942710720352e+04 -2.176127581626120127e-04
1.635842622542892241e+04 -3.500012209376918734e-04
1.633174037514274096e+04 -4.374854615350884032e-04
1.630514144945032604e+04 -5.118621640041273084e-04
1.627862902432926967e+04 -5.872630645871876809e-04
1.625220267851055360e+04 -6.950494780323074155e-04
1.622586199345624118e+04 -8.224474200871674393e-04
1.619960655333737850e+04 -9.350621412922406703e-04
1.617343594501211919e+04 -1.009552165801949142e-03
1.614734975800403481e+04 -1.034747466843678873e-03
1.612134758448067805e+04 -9.958914433233832623e-04
1.609542901923231693e+04 -8.956125502605561447e-04
1.606959365965088546e+04 -7.634814916182148777e-04
1.604384110570913617e+04 -6.076212201924198822e-04
1.601817095994000192e+04 -4.459739645020726717e-04
1.599258282741613584e+04 -2.773672624827755754e-04
1.596707631572966784e+04 -1.007965285886653397e-04
1.594165103497213568e+04 6.869978431424165978e-05
1.591630659771462706e+04 2.232844461297546111e-04
1.589104261898809818e+04 3.541453680913289473e-04
1.586585871626386870e+04 4.616698489584621784e-04
1.584075450943433680e+04 5.357643056357491197e-04
1.581572962079383979e+04 5.799559996429426954e-04
1.579078367501971661e+04 5.939571429682036739e-04
1.576591629915354315e+04 5.763132643295135280e-04
1.574112712258254760e+04 5.261298676958600044e-04
1.571641577702119503e+04 4.489903556907782318e-04
1.569178189649294836e+04 3.525028664458828491e-04
1.566722511731220948e+04 2.442967962926507076e-04
1.564274507806640759e+04 1.324293644936657614e-04
1.561834141959828594e+04 3.106596902270510329e-05
1.559401378498831946e+04 -5.453352018293740913e-05
1.556976181953732521e+04 -1.149103615392780848e-04
1.554558517074922565e+04 -1.519013797729417672e-04
1.552148348831395560e+04 -1.658727316295935926e-04
1.549745642409055836e+04 -1.633874638694156431e-04
1.547350363209042007e+04 -1.510633924426553584e-04
1.544962476846064965e+04 -1.356325996641291219e-04
1.542581949146764237e+04 -1.154246130108344340e-04
1.540208746148076898e+04 -9.174442480926301054e-05
1.537842834095622493e+04 -6.320074930928868025e-05
1.535484179442101595e+04 -2.643339473807566399e-05
1.533132748845712194e+04 3.088550939864213711e-05
1.530788509168578094e+04 1.148478538808145728e-04
1.528451427475190940e+04 2.106630652921984994e-04
1.526121471030869179e+04 3.150646520483144216e-04
1.523798607300228650e+04 4.135472578373609485e-04
1.521482803945669002e+04 5.078839289995390688e-04
1.519174028825872665e+04 6.172262215992881974e-04
1.516872249994318190e+04 7.422555931563749702e-04
1.514577435697806504e+04 8.920025541944207438e-04
1.512289554375000262e+04 1.053343392055924388e-03
1.510008574654977565e+04 1.225880096028757801e-03
1.507734465355798420e+04 1.394305134444045070e-03
1.505467195483082651e+04 1.581406430621529148e-03
1.503206734228603636e+04 1.781201789164059022e-03
1.500953050968890784e+04 2.024262978585245586e-03
1.498706115263847641e+04 2.224372981348700287e-03
1.496465896855381288e+04 2.553671924107192657e-03
1.494232365666045007e+04 2.780271087176262694e-03
1.492005491797690047e+04 3.102764373449255937e-03
1.489785245530133943e+04 3.425660735211000663e-03
1.487571597319836837e+04 3.750606681195302067e-03
1.485364517798590714e+04 4.089890655728298588e-03
1.483163977772222279e+04 4.442762593104060062e-03
1.480969948219304752e+04 4.768158218968332820e-03
1.478782400289882025e+04 5.091345046429785956e-03
1.476601305304203379e+04 5.449065825298044646e-03
1.474426634751473102e+04 5.739411603227991682e-03
1.472258360288603217e+04 6.072032772228221249e-03
1.470096453738986929e+04 6.301805835590844514e-03
1.467940887091275727e+04 6.499382572857899734e-03
1.465791632498169929e+04 6.654754187552095954e-03
1.463648662275219431e+04 6.767321592720880810e-03
1.461511948899635172e+04 6.759809286498197865e-03
1.459381465009110980e+04 6.693826054295995594e-03
1.457257183400655231e+04 6.580517102364393141e-03
1.455139077029433247e+04 6.393461746341893258e-03
1.453027119007619694e+04 6.174858512134864114e-03
1.450921282603261170e+04 5.913748692037671013e-03
1.448821541239146427e+04 5.624832994524677637e-03
1.446727868491690788e+04 5.312611450270983762e-03
1.444640238089826926e+04 4.990069378648029352e-03
1.442558623913904921e+04 4.662360252600822146e-03
1.440482999994604688e+04 4.346834703196852251e-03
1.438413340511853676e+04 4.019882375908957403e-03
1.436349619793759121e+04 3.712377656835151151e-03
1.434291812315544666e+04 3.396460810016621069e-03
1.432239892698497897e+04 3.092101751191317360e-03
1.430193835708928600e+04 2.792759615092539095e-03
1.428153616257132853e+04 2.513483452537132283e-03
1.426119209396367660e+04 2.266613967108741402e-03
1.424090590321835043e+04 2.040296654708422495e-03
1.422067734369673235e+04 1.837819420897132986e-03
1.420050617015957505e+04 1.651047591048607080e-03
1.418039213875708629e+04 1.485440810628961073e-03
1.416033500701909543e+04 1.330509360097072939e-03
1.414033453384534005e+04 1.184963897322892238e-03
1.412039047949576889e+04 1.043307770333111581e-03
1.410050260558098671e+04 9.050194846484266049e-04
1.408067067505274281e+04 7.734020797575421160e-04
1.406089445219452500e+04 6.501529815836593843e-04
1.404117370261220458e+04 5.412293013819297798e-04
1.402150819322479219e+04 4.462282965369605251e-04
1.400189769225524469e+04 3.655951694042224465e-04
1.398234196922137016e+04 2.869779407826761547e-04
1.396284079492678211e+04 2.097958755557066375e-04
1.394339394145195183e+04 1.379780843193837228e-04
1.392400118214534086e+04 7.190832417817333603e-05
1.390466229161458432e+04 1.242913702931082012e-05
1.388537704571775248e+04 -4.706783974862652653e-05
1.386614522155470877e+04 -1.125412577873910621e-04
1.384696659745850775e+04 -1.811359723066348023e-04
1.382784095298688044e+04 -2.504596360725577114e-04
1.380876806891379420e+04 -3.137396773240993132e-04
1.378974772722107446e+04 -3.705191112455342496e-04
1.377077971109009741e+04 -4.243422574620017750e-04
1.375186380489354633e+04 -4.779257728391975071e-04
1.373299979418724615e+04 -5.286675643811847162e-04
1.371418746570205622e+04 -5.774268283258598587e-04
1.369542660733584307e+04 -6.220594290881883764e-04
1.367671700814549331e+04 -6.645532917550825685e-04
1.365805845833901913e+04 -7.085156957087880526e-04
1.363945074926771304e+04 -7.530269499473900199e-04
1.362089367341836805e+04 -7.945015253977424311e-04
1.360238702440557245e+04 -8.290467537247652764e-04
1.358393059696404453e+04 -8.575214682993474117e-04
1.356552418694105654e+04 -8.779797577734474836e-04
1.354716759128890590e+04 -9.018837528432587869e-04
1.352886060805743364e+04 -9.343452611531101503e-04
1.351060303638664118e+04 -9.787806381725445981e-04
1.349239467649932703e+04 -1.032630314210452238e-03
1.347423532969380904e+04 -1.082182269499580313e-03
1.345612479833669386e+04 -1.123955261253812904e-03
1.343806288585570655e+04 -1.157524917411019601e-03
1.342004939673257650e+04 -1.182638306137951756e-03
1.340208413649598515e+04 -1.204356079415723957e-03
1.338416691171457387e+04 -1.224304503307137131e-03
1.336629752998998629e+04 -1.238535122809805971e-03
1.334847579994999978e+04 -1.259492969985491094e-03
1.333070153124168064e+04 -1.290319690176934759e-03
1.331297453452460286e+04 -1.328292759158625951e-03
1.329529462146414335e+04 -1.366980948988206221e-03
1.327766160472480260e+04 -1.400802486516485338e-03
1.326007529796357630e+04 -1.426934543155664254e-03
1.324253551582341606e+04 -1.445273833394248100e-03
1.322504207392668468e+04 -1.467957008893299060e-03
1.320759478886873512e+04 -1.499752761497007191e-03
1.319019347821146403e+04 -1.535043437884510160e-03
1.317283796047697433e+04 -1.564669474078885826e-03
1.315552805514125976e+04 -1.587805563978652700e-03
1.313826358262795475e+04 -1.602807707576917994e-03
1.312104436430209898e+04 -1.617970749629109263e-03
1.310387022246400556e+04 -1.637817529944864429e-03
1.308674098034313829e+04 -1.669072955917714953e-03
1.306965646209203805e+04 -1.694557081102208681e-03
1.305261649278031655e+04 -1.721455420356619945e-03
1.303562089838867360e+04 -1.746326232595324596e-03
1.301866950580299272e+04 -1.772956571653438139e-03
1.300176214280844215e+04 -1.788750997261685316e-03
1.298489863808365772e+04 -1.792853622039202116e-03
1.296807882119494752e+04 -1.795601989964785246e-03
1.295130252259055851e+04 -1.796519504076918771e-03
1.293456957359496300e+04 -1.813341143918660841e-03
1.291787980640322712e+04 -1.835941286228621972e-03
1.290123305407538828e+04 -1.864183165403267414e-03
1.288462915053088727e+04 -1.897926225417599384e-03
1.286806793054306218e+04 -1.924657892225972115e-03
1.285154922973363500e+04 -1.948888105287051612e-03
1.283507288456730748e+04 -1.972492072377826124e-03
1.281863873234635139e+04 -1.990416392919737171e-03
1.280224661120524433e+04 -2.012635240167820559e-03
1.278589636010536378e+04 -2.036873613615143748e-03
1.276958781882972289e+04 -2.071949428151183357e-03
1.275332082797770818e+04 -2.094620178865671135e-03
1.273709522895992450e+04 -2.113842221518018229e-03
1.272091086399301093e+04 -2.139367644193092190e-03
1.270476757609454398e+04 -2.171901969806552292e-03
1.268866520907794802e+04 -2.193766577629906785e-03
1.267260360754746944e+04 -2.211432835169666652e-03
1.265658261689317442e+04 -2.240726523246893906e-03
1.264060208328598492e+04 -2.272614481288040729e-03
1.262466185367276194e+04 -2.298773232504632349e-03
1.260876177577141061e+04 -2.328501995369446336e-03
1.259290169806603990e+04 -2.361589883929292918e-03
1.257708146980213678e+04 -2.371222130489173806e-03
