1.813651603254075962e+04 8.875148772569290464e-04
1.810371943935352829e+04 1.020268727880457036e-03
1.807104124541967758e+04 1.130312080319830718e-03
1.803848081074324728e+04 1.194770653034788951e-03
1.800603749993255769e+04 1.199883047203093543e-03
1.797371068215888954e+04 1.149684512499224041e-03
1.794149973111559666e+04 1.075834859041566302e-03
1.790940402497763716e+04 1.026347860317992780e-03
1.787742294636160659e+04 1.011666326867988012e-03
1.784555588228609849e+04 1.006969461484728172e-03
1.781380222413256342e+04 1.010444951704416762e-03
1.778216136760657173e+04 1.028320732478111687e-03
1.775063271269946927e+04 1.061547311949116853e-03
1.771921566365044418e+04 1.113795151586374852e-03
1.768790962890901574e+04 1.123967690827223356e-03
1.765671402109788687e+04 1.091404581462130426e-03
1.762562825697623339e+04 1.017956225743284291e-03
1.759465175740333871e+04 9.411523612481530318e-04
1.756378394730263244e+04 9.010582259545927555e-04
1.753302425562609642e+04 9.053329477923512331e-04
1.750237211531905996e+04 9.630712044011651785e-04
1.747182696328534439e+04 1.043232468882208290e-03
1.744138824035278958e+04 1.142467788412552783e-03
1.741105539123913331e+04 1.228688175000971529e-03
1.738082786451823267e+04 1.293043607145651043e-03
1.735070511258665283e+04 1.313591192339016479e-03
1.732068659163062330e+04 1.297252743226021783e-03
1.729077176159326336e+04 1.253022057650891776e-03
1.726096008614224411e+04 1.234420011197535265e-03
1.723125103263769415e+04 1.255972986882569536e-03
1.720164407210051650e+04 1.334641928392006193e-03
1.717213867918096366e+04 1.465211148832869540e-03
1.714273433212757300e+04 1.636266248189447445e-03
1.711343051275641119e+04 1.775738249199922429e-03
1.708422670642064986e+04 1.816474894557923393e-03
1.705512240198041036e+04 1.817740919007028878e-03
1.702611709177295779e+04 1.755431042312663795e-03
1.699721027158319339e+04 1.683172450077412329e-03
1.696840144061440878e+04 1.614763702252819877e-03
1.693969010145939319e+04 1.540354043740015805e-03
1.691107576007179159e+04 1.450365954819160053e-03
1.688255792573777580e+04 1.347814677798548537e-03
1.685413611104798110e+04 1.221377140121710511e-03
1.682580983186974845e+04 1.118587953085332107e-03
1.679757860731963228e+04 1.018299687125032724e-03
1.676944195973618480e+04 9.468752620958464537e-04
1.674139941465301308e+04 8.628886771105597018e-04
1.671345050077211999e+04 7.589512235131523274e-04
1.668559474993749973e+04 6.366390220567052453e-04
1.665783169710898437e+04 5.188108813981754481e-04
1.663016088033637789e+04 4.314336618972740788e-04
1.660258184073383018e+04 3.788890604231865658e-04
1.657509412245447311e+04 3.541611131359846567e-04
1.654769727266528935e+04 3.040312097505378647e-04
1.652039084152227952e+04 2.090597763925750594e-04
1.649317438214580034e+04 5.674886529605446681e-05
1.646604745059621928e+04 -1.300153852042244557e-04
1.643900960584975473e+04 -2.963662902361878949e-04
1.641206040977459270e+04 -4.291893772167604455e-04
1.638519942710720352e+04 -5.183823569893078638e-04
1.635842622542892241e+04 -6.114236496996352816e-04
1.633174037514274096e+04 -7.289691476301309861e-04
1.630514144945032604e+04 -8.927802030985653369e-04
1.627862902432926967e+04 -1.087604729640732210e-03
1.625220267851055360e+04 -1.257456322702708851e-03
1.622586199345624118e+04 -1.388472295676599711e-03
1.619960655333737850e+04 -1.448075445698392963e-03
1.617343594501211919e+04 -1.428289325469683227e-03
1.614734975800403481e+04 -1.334896631016188866e-03
1.612134758448067805e+04 -1.194073105206094410e-03
1.609542901923231693e+04 -1.022639788680660593e-03
1.606959365965088546e+04 -8.553911499036890133e-04
1.604384110570913617e+04 -6.898505980618164233e-04
1.601817095994000192e+04 -5.197645151183742044e-04
1.599258282741613584e+04 -3.320510755076875957e-04
1.596707631572966784e+04 -1.138350163402848349e-04
1.594165103497213568e+04 1.012498131531908786e-04
1.591630659771462706e+04 2.946127861274462113e-04
1.589104261898809818e+04 4.436964015724801725e-04
1.586585871626386870e+04 5.529985162091461412e-04
1.584075450943433680e+04 6.399006572361026681e-04
1.581572962079383979e+04 7.092626097450523007e-04
1.579078367501971661e+04 7.552136578393971265e-04
1.576591629915354315e+04 7.652707357085500404e-04
1.574112712258254760e+04 7.288398289474599424e-04
1.571641577702119503e+04 6.557253887477284670e-04
1.569178189649294836e+04 5.598236507735158962e-04
1.566722511731220948e+04 4.705100660589373388e-04
1.564274507806640759e+04 3.962447044161323271e-04
1.561834141959828594e+04 3.382412612340974264e-04
1.559401378498831946e+04 2.744616299117175542e-04
1.556976181953732521e+04 1.823616712354088332e-04
1.554558517074922565e+04 9.662282985290084449e-05
1.552148348831395560e+04 4.132593944365732828e-05
1.549745642409055836e+04 4.754789303140947933e-05
1.547350363209042007e+04 1.148085795307230686e-04
1.544962476846064965e+04 1.889801533988335897e-04
1.542581949146764237e+04 2.497042859530641855e-04
1.540208746148076898e+04 2.805380130651916591e-04
1.537842834095622493e+04 3.004314407255600887e-04
1.535484179442101595e+04 3.222152555846933197e-04
1.533132748845712194e+04 3.615542363036595161e-04
1.530788509168578094e+04 4.118968338562922034e-04
1.528451427475190940e+04 4.744629194651566666e-04
1.526121471030869179e+04 5.547477015832763579e-04
1.523798607300228650e+04 6.522174539662197248e-04
1.521482803945669002e+04 7.567277220764343513e-04
1.519174028825872665e+04 8.650477576249254426e-04
1.516872249994318190e+04 9.628810665193684223e-04
1.514577435697806504e+04 1.049260818329005680e-03
1.512289554375000262e+04 1.145677518318249325e-03
1.510008574654977565e+04 1.271483642517179337e-03
1.507734465355798420e+04 1.445040814036329313e-03
1.505467195483082651e+04 1.686928460370405725e-03
1.503206734228603636e+04 1.956285710647692917e-03
1.500953050968890784e+04 2.268318660492169275e-03
1.498706115263847641e+04 2.499019245122067502e-03
1.496465896855381288e+04 2.839412858680419229e-03
1.494232365666045007e+04 3.030902162655327390e-03
1.492005491797690047e+04 3.317137823621542012e-03
1.489785245530133943e+04 3.604259268586978895e-03
1.487571597319836837e+04 3.908343802130932743e-03
1.485364517798590714e+04 4.241091016507560728e-03
1.483163977772222279e+04 4.590086403847086147e-03
1.480969948219304752e+04 4.907624415568386314e-03
1.478782400289882025e+04 5.212724959731357063e-03
1.476601305304203379e+04 5.545106162815480882e-03
1.474426634751473102e+04 5.803478752813315093e-03
1.472258360288603217e+04 6.115259339080341555e-03
1.470096453738986929e+04 6.342675799138615400e-03
1.467940887091275727e+04 6.568435405933291393e-03
1.465791632498169929e+04 6.779497190418671063e-03
1.463648662275219431e+04 6.956248739863211440e-03
1.461511948899635172e+04 7.008655523518625939e-03
1.459381465009110980e+04 6.986084048490933535e-03
1.457257183400655231e+04 6.900905469271421781e-03
1.455139077029433247e+04 6.725580900532120328e-03
1.453027119007619694e+04 6.506508479241507846e-03
1.450921282603261170e+04 6.238312577318564679e-03
1.448821541239146427e+04 5.966003140230009133e-03
1.446727868491690788e+04 5.693077911906968720e-03
1.444640238089826926e+04 5.418237413330191481e-03
1.442558623913904921e+04 5.130122604314533291e-03
1.440482999994604688e+04 4.829190762569285193e-03
1.438413340511853676e+04 4.503346902725568861e-03
1.436349619793759121e+04 4.196436993091584230e-03
1.434291812315544666e+04 3.894826709582456265e-03
1.432239892698497897e+04 3.625202444693467925e-03
1.430193835708928600e+04 3.376549141165048357e-03
1.428153616257132853e+04 3.161235853930504085e-03
1.426119209396367660e+04 2.984450981436542749e-03
1.424090590321835043e+04 2.824652944166574330e-03
1.422067734369673235e+04 2.679795045874089256e-03
1.420050617015957505e+04 2.536269955624098800e-03
1.418039213875708629e+04 2.401747576726003409e-03
1.416033500701909543e+04 2.259799797252013808e-03
1.414033453384534005e+04 2.111194491407482245e-03
1.412039047949576889e+04 1.960871828586815795e-03
1.410050260558098671e+04 1.813742147201367113e-03
1.408067067505274281e+04 1.684374661502511389e-03
1.406089445219452500e+04 1.567443806314217179e-03
1.404117370261220458e+04 1.467285873775508575e-03
1.402150819322479219e+04 1.368945538662287185e-03
1.400189769225524469e+04 1.270988140470158314e-03
1.398234196922137016e+04 1.168348040373911288e-03
1.396284079492678211e+04 1.068957095958322822e-03
1.394339394145195183e+04 9.940290470660136362e-04
1.392400118214534086e+04 9.379568444586196653e-04
1.390466229161458432e+04 8.883679672281502614e-04
1.388537704571775248e+04 8.431912053003285746e-04
1.386614522155470877e+04 7.939874245335039587e-04
1.384696659745850775e+04 7.494934319914774764e-04
1.382784095298688044e+04 7.116984624494081691e-04
1.380876806891379420e+04 6.805072048327139500e-04
1.378974772722107446e+04 6.515956464489547351e-04
1.377077971109009741e+04 6.115698026274079624e-04
1.375186380489354633e+04 5.611373658788558223e-04
1.373299979418724615e+04 4.941925707090145123e-04
1.371418746570205622e+04 4.231452796959939470e-04
1.369542660733584307e+04 3.547627569432523298e-04
1.367671700814549331e+04 2.888191073636536127e-04
1.365805845833901913e+04 2.255620453993503283e-04
1.363945074926771304e+04 1.550314832230369698e-04
1.362089367341836805e+04 7.915467427695345318e-05
1.360238702440557245e+04 1.313683287838717812e-05
1.358393059696404453e+04 -3.774962002492751888e-05
1.356552418694105654e+04 -6.623177422028129297e-05
1.354716759128890590e+04 -8.658954006757420589e-05
1.352886060805743364e+04 -1.107839177982342761e-04
1.351060303638664118e+04 -1.468463829339921429e-04
1.349239467649932703e+04 -1.970491984386029283e-04
1.347423532969380904e+04 -2.560915694480967613e-04
1.345612479833669386e+04 -3.178108007329894305e-04
1.343806288585570655e+04 -3.653435351360223701e-04
1.342004939673257650e+04 -3.935564404007591390e-04
1.340208413649598515e+04 -3.975009596933350132e-04
1.338416691171457387e+04 -3.879802380555719002e-04
1.336629752998998629e+04 -3.727387947633802241e-04
1.334847579994999978e+04 -3.620906030583491051e-04
1.333070153124168064e+04 -3.593890882660906688e-04
1.331297453452460286e+04 -3.623534593527910934e-04
1.329529462146414335e+04 -3.727018323302414265e-04
1.327766160472480260e+04 -4.022882099481137931e-04
1.326007529796357630e+04 -4.482389286976283483e-04
1.324253551582341606e+04 -5.044599649065261695e-04
1.322504207392668468e+04 -5.609129718790253905e-04
1.320759478886873512e+04 -6.072594673290303670e-04
1.319019347821146403e+04 -6.449038745006328800e-04
1.317283796047697433e+04 -6.729853601652776695e-04
1.315552805514125976e+04 -7.012005407377434494e-04
1.313826358262795475e+04 -7.288613770471334512e-04
1.312104436430209898e+04 -7.516214040294299809e-04
1.310387022246400556e+04 -7.688468583082516249e-04
1.308674098034313829e+04 -7.799345568349503590e-04
1.306965646209203805e+04 -7.862617681258164378e-04
1.305261649278031655e+04 -8.000395770832927208e-04
1.303562089838867360e+04 -8.224549143830222307e-04
1.301866950580299272e+04 -8.559395536836947099e-04
1.300176214280844215e+04 -8.888302795633717598e-04
1.298489863808365772e+04 -9.192392776676735480e-04
1.296807882119494752e+04 -9.524898141028739209e-04
1.295130252259055851e+04 -9.856773742566470650e-04
1.293456957359496300e+04 -1.022435719854884609e-03
1.291787980640322712e+04 -1.055848576181718079e-03
1.290123305407538828e+04 -1.085058722633137429e-03
1.288462915053088727e+04 -1.115125916261861753e-03
1.286806793054306218e+04 -1.140624282439517759e-03
1.285154922973363500e+04 -1.158238844534000044e-03
1.283507288456730748e+04 -1.167228492428308605e-03
1.281863873234635139e+04 -1.162900922566706755e-03
1.280224661120524433e+04 -1.155747857533867638e-03
1.278589636010536378e+04 -1.155276364523763607e-03
1.276958781882972289e+04 -1.172423664108014586e-03
1.275332082797770818e+04 -1.200089697238286958e-03
1.273709522895992450e+04 -1.238094439062960815e-03
1.272091086399301093e+04 -1.287819641598359887e-03
1.270476757609454398e+04 -1.334168342913833556e-03
1.268866520907794802e+04 -1.362429903281588270e-03
1.267260360754746944e+04 -1.379201690081023829e-03
1.265658261689317442e+04 -1.395167653877836750e-03
1.264060208328598492e+04 -1.405631013923423680e-03
1.262466185367276194e+04 -1.410134614232756408e-03
1.260876177577141061e+04 -1.420240468386552548e-03
1.259290169806603990e+04 -1.436393476234913268e-03
1.257708146980213678e+04 -1.442706473346776902e-03
