1.813651603254075962e+04 8.711687212212985759e-04
1.810371943935352829e+04 7.710971639622088208e-04
1.807104124541967758e+04 7.171428899738221084e-04
1.803848081074324728e+04 6.922505546263542234e-04
1.800603749993255769e+04 6.841911037105275883e-04
1.797371068215888954e+04 6.825093388966800134e-04
1.794149973111559666e+04 6.991610620513751158e-04
1.790940402497763716e+04 7.516252015181072287e-04
1.787742294636160659e+04 8.407939515822192159e-04
1.784555588228609849e+04 9.395669297443006145e-04
1.781380222413256342e+04 1.026466655483334461e-03
1.778216136760657173e+04 1.088304060266270280e-03
1.775063271269946927e+04 1.078607725515094923e-03
1.771921566365044418e+04 9.964645065498253795e-04
1.768790962890901574e+04 8.946537651058857933e-04
1.765671402109788687e+04 8.097852243747488557e-04
1.762562825697623339e+04 7.959279689488257814e-04
1.759465175740333871e+04 8.346733265533946454e-04
1.756378394730263244e+04 8.839091974537725133e-04
1.753302425562609642e+04 9.043529923396458709e-04
1.750237211531905996e+04 8.827770774600530827e-04
1.747182696328534439e+04 8.485194928472999162e-04
1.744138824035278958e+04 8.339051100186124039e-04
1.741105539123913331e+04 8.932973738880230089e-04
1.738082786451823267e+04 1.025892449969916832e-03
1.735070511258665283e+04 1.211564963132227444e-03
1.732068659163062330e+04 1.385401838508394093e-03
1.729077176159326336e+04 1.489304784586180201e-03
1.726096008614224411e+04 1.537100977503240906e-03
1.723125103263769415e+04 1.533536281639473735e-03
1.720164407210051650e+04 1.544000624352764384e-03
1.717213867918096366e+04 1.590163559479284639e-03
1.714273433212757300e+04 1.707620763721333975e-03
1.711343051275641119e+04 1.822727100327693099e-03
1.708422670642064986e+04 1.866536560642034336e-03
1.705512240198041036e+04 1.882637431621287261e-03
1.702611709177295779e+04 1.835290736035313916e-03
1.699721027158319339e+04 1.780962608204203013e-03
1.696840144061440878e+04 1.735522130008268016e-03
1.693969010145939319e+04 1.693836102085317192e-03
1.691107576007179159e+04 1.643912131185863148e-03
1.688255792573777580e+04 1.583948765057989570e-03
1.685413611104798110e+04 1.488543639385972927e-03
1.682580983186974845e+04 1.402099424342762718e-03
1.679757860731963228e+04 1.295133293546632059e-03
1.676944195973618480e+04 1.202641772540987081e-03
1.674139941465301308e+04 1.101402734562807956e-03
1.671345050077211999e+04 9.882402991288744866e-04
1.668559474993749973e+04 8.646834570995987198e-04
1.665783169710898437e+04 7.487273087415643536e-04
1.663016088033637789e+04 6.553036994697073988e-04
1.660258184073383018e+04 5.660413133730555699e-04
1.657509412245447311e+04 4.586148955260034338e-04
1.654769727266528935e+04 3.243407582216885072e-04
1.652039084152227952e+04 1.715816169614782939e-04
1.649317438214580034e+04 5.872155074641330737e-05
1.646604745059621928e+04 -1.629842884586594890e-05
1.643900960584975473e+04 -8.025572478917883889e-05
1.641206040977459270e+04 -1.642840796575869785e-04
1.638519942710720352e+04 -2.990680025317061174e-04
1.635842622542892241e+04 -4.568021524394540395e-04
1.633174037514274096e+04 -6.195157776391264394e-04
1.630514144945032604e+04 -7.761151398605878110e-04
1.627862902432926967e+04 -9.218679010203365085e-04
1.625220267851055360e+04 -1.059203993785591026e-03
1.622586199345624118e+04 -1.173666319253539479e-03
1.619960655333737850e+04 -1.226362564762230193e-03
1.617343594501211919e+04 -1.212554316024434505e-03
1.614734975800403481e+04 -1.139354523435401117e-03
1.612134758448067805e+04 -1.040060645768834009e-03
1.609542901923231693e+04 -9.265004801115069976e-04
1.606959365965088546e+04 -7.974263242076068924e-04
1.604384110570913617e+04 -6.479163279356631167e-04
1.601817095994000192e+04 -4.765819988193723813e-04
1.599258282741613584e+04 -2.923102504927522442e-04
1.596707631572966784e+04 -1.067032010083425914e-04
1.594165103497213568e+04 7.251956610099422149e-05
1.591630659771462706e+04 2.427044237873288504e-04
1.589104261898809818e+04 4.089553901304634337e-04
1.586585871626386870e+04 5.666251092032029753e-04
1.584075450943433680e+04 6.655858710363808314e-04
1.581572962079383979e+04 6.995434195859832069e-04
1.579078367501971661e+04 6.549989716153034646e-04
1.576591629915354315e+04 5.748680272113697396e-04
1.574112712258254760e+04 4.996580795212736186e-04
1.571641577702119503e+04 4.266790691929971016e-04
1.569178189649294836e+04 3.573404408269994061e-04
1.566722511731220948e+04 2.801164862911409946e-04
1.564274507806640759e+04 1.959165832707235756e-04
1.561834141959828594e+04 1.097892310252919572e-04
1.559401378498831946e+04 2.897970473646948998e-05
1.556976181953732521e+04 -3.050257362716120998e-05
1.554558517074922565e+04 -5.854612871357194411e-05
1.552148348831395560e+04 -5.076467904030471556e-05
1.549745642409055836e+04 -4.985906007132743389e-05
1.547350363209042007e+04 -6.867999678506582148e-05
1.544962476846064965e+04 -9.663539179153367666e-05
1.542581949146764237e+04 -1.091140656387881323e-04
1.540208746148076898e+04 -5.501127144019194381e-05
1.537842834095622493e+04 4.262978463959726111e-05
1.535484179442101595e+04 1.506871533004875818e-04
1.533132748845712194e+04 2.382295225992374431e-04
1.530788509168578094e+04 2.888475364853934982e-04
1.528451427475190940e+04 3.592255114628287041e-04
1.526121471030869179e+04 4.684450905084694308e-04
1.523798607300228650e+04 6.160214522942669430e-04
1.521482803945669002e+04 7.774909576267576613e-04
1.519174028825872665e+04 9.208231253318199848e-04
1.516872249994318190e+04 1.052202644830439607e-03
1.514577435697806504e+04 1.190779468788707605e-03
1.512289554375000262e+04 1.327381291406721543e-03
1.510008574654977565e+04 1.465652621007196852e-03
1.507734465355798420e+04 1.596104677302934757e-03
1.505467195483082651e+04 1.753882699521874897e-03
1.503206734228603636e+04 1.954197190355762368e-03
1.500953050968890784e+04 2.231430867475031436e-03
1.498706115263847641e+04 2.488773274881971899e-03
1.496465896855381288e+04 2.903530531132118842e-03
1.494232365666045007e+04 3.200783323093032810e-03
1.492005491797690047e+04 3.591316449830827314e-03
1.489785245530133943e+04 3.960713860914708701e-03
1.487571597319836837e+04 4.318334495927630620e-03
1.485364517798590714e+04 4.679272037590480153e-03
1.483163977772222279e+04 5.042146935218101700e-03
1.480969948219304752e+04 5.358544705693616197e-03
1.478782400289882025e+04 5.655247264840053932e-03
1.476601305304203379e+04 5.986784047196823909e-03
1.474426634751473102e+04 6.251796840881249616e-03
1.472258360288603217e+04 6.572041618917765816e-03
1.470096453738986929e+04 6.789924246185459304e-03
1.467940887091275727e+04 6.975057305620740306e-03
1.465791632498169929e+04 7.118803422940443021e-03
1.463648662275219431e+04 7.230191386560474998e-03
1.461511948899635172e+04 7.224478441580402775e-03
1.459381465009110980e+04 7.162560674436877980e-03
1.457257183400655231e+04 7.038356068518629959e-03
1.455139077029433247e+04 6.812654089110799921e-03
1.453027119007619694e+04 6.546708944170354788e-03
1.450921282603261170e+04 6.237969578143130051e-03
1.448821541239146427e+04 5.922404496637377093e-03
1.446727868491690788e+04 5.596488611696867795e-03
1.444640238089826926e+04 5.244869907273966986e-03
1.442558623913904921e+04 4.870320306275566571e-03
1.440482999994604688e+04 4.490204933224083324e-03
1.438413340511853676e+04 4.111447195427407608e-03
1.436349619793759121e+04 3.783645697366178236e-03
1.434291812315544666e+04 3.482623581746410388e-03
1.432239892698497897e+04 3.225481146029115977e-03
1.430193835708928600e+04 2.984157247115558353e-03
1.428153616257132853e+04 2.757985861482307489e-03
1.426119209396367660e+04 2.530811177657917455e-03
1.424090590321835043e+04 2.281926523283834760e-03
1.422067734369673235e+04 2.009122105157613424e-03
1.420050617015957505e+04 1.730507008095490476e-03
1.418039213875708629e+04 1.468097199848489992e-03
1.416033500701909543e+04 1.240651112330728003e-03
1.414033453384534005e+04 1.056654652919330768e-03
1.412039047949576889e+04 9.195436954376848574e-04
1.410050260558098671e+04 8.245799257992358650e-04
1.408067067505274281e+04 7.646952968009311860e-04
1.406089445219452500e+04 7.197082211715278167e-04
1.404117370261220458e+04 6.750000861214722940e-04
1.402150819322479219e+04 6.110643674193661206e-04
1.400189769225524469e+04 5.219363737327537001e-04
1.398234196922137016e+04 4.086818741004643045e-04
1.396284079492678211e+04 2.825089375949120822e-04
1.394339394145195183e+04 1.781128894415950740e-04
1.392400118214534086e+04 1.016912379643419021e-04
1.390466229161458432e+04 5.967942085564071757e-05
1.388537704571775248e+04 3.823528868970122260e-05
1.386614522155470877e+04 2.406658292604565275e-05
1.384696659745850775e+04 4.724276793375296386e-06
1.382784095298688044e+04 -2.519805351902569627e-05
1.380876806891379420e+04 -6.644040623125435836e-05
1.378974772722107446e+04 -1.178116718757235689e-04
1.377077971109009741e+04 -1.744396329665581292e-04
1.375186380489354633e+04 -2.332599406451248993e-04
1.373299979418724615e+04 -2.866808709854137696e-04
1.371418746570205622e+04 -3.294727192736237134e-04
1.369542660733584307e+04 -3.563355036020556693e-04
1.367671700814549331e+04 -3.762903808603212984e-04
1.365805845833901913e+04 -3.966445749562239943e-04
1.363945074926771304e+04 -4.315901209904565109e-04
1.362089367341836805e+04 -4.777601833702189993e-04
1.360238702440557245e+04 -5.181335291785528051e-04
1.358393059696404453e+04 -5.493345296909043747e-04
1.356552418694105654e+04 -5.653885037428463744e-04
1.354716759128890590e+04 -5.752632047485611074e-04
1.352886060805743364e+04 -5.840148447086315970e-04
1.351060303638664118e+04 -6.017666022689445665e-04
1.349239467649932703e+04 -6.309660619021301804e-04
1.347423532969380904e+04 -6.688909475189619468e-04
1.345612479833669386e+04 -7.107917251904523987e-04
1.343806288585570655e+04 -7.435981049329040997e-04
1.342004939673257650e+04 -7.649225566086039537e-04
1.340208413649598515e+04 -7.759781600247402881e-04
1.338416691171457387e+04 -7.865589782582077570e-04
1.336629752998998629e+04 -8.015037224299941497e-04
1.334847579994999978e+04 -8.298679793927930771e-04
1.333070153124168064e+04 -8.731184520110078177e-04
1.331297453452460286e+04 -9.215959303889191068e-04
1.329529462146414335e+04 -9.688058573533138776e-04
1.327766160472480260e+04 -1.009848199019181166e-03
1.326007529796357630e+04 -1.038960278621002802e-03
1.324253551582341606e+04 -1.049266225403214627e-03
1.322504207392668468e+04 -1.051025498556410918e-03
1.320759478886873512e+04 -1.049622517796567180e-03
1.319019347821146403e+04 -1.053869504907900458e-03
1.317283796047697433e+04 -1.062876839902929683e-03
1.315552805514125976e+04 -1.076379600354693180e-03
1.313826358262795475e+04 -1.093208836358449754e-03
1.312104436430209898e+04 -1.118664768722699761e-03
1.310387022246400556e+04 -1.154644837016032899e-03
1.308674098034313829e+04 -1.203819680360090167e-03
1.306965646209203805e+04 -1.252685152735221515e-03
1.305261649278031655e+04 -1.305015814883604035e-03
1.303562089838867360e+04 -1.352263475661127923e-03
1.301866950580299272e+04 -1.394185193539087576e-03
1.300176214280844215e+04 -1.415549663968132532e-03
1.298489863808365772e+04 -1.416149647434280243e-03
1.296807882119494752e+04 -1.411095820943782803e-03
1.295130252259055851e+04 -1.402243473115576729e-03
1.293456957359496300e+04 -1.406655807784387051e-03
1.291787980640322712e+04 -1.418350890732802266e-03
1.290123305407538828e+04 -1.439032124000641163e-03
1.288462915053088727e+04 -1.470927300938258166e-03
1.286806793054306218e+04 -1.504915923484017671e-03
1.285154922973363500e+04 -1.538713115667140075e-03
1.283507288456730748e+04 -1.571580407431543954e-03
1.281863873234635139e+04 -1.596071765034720157e-03
1.280224661120524433e+04 -1.619299911361543349e-03
1.278589636010536378e+04 -1.638356827858570425e-03
1.276958781882972289e+04 -1.662972518174282753e-03
1.275332082797770818e+04 -1.677472721101629094e-03
1.273709522895992450e+04 -1.689101806416801535e-03
1.272091086399301093e+04 -1.705356025680096824e-03
1.270476757609454398e+04 -1.723018429776063034e-03
1.268866520907794802e+04 -1.728460060660103265e-03
1.267260360754746944e+04 -1.734071610479877160e-03
1.265658261689317442e+04 -1.752494997574465148e-03
1.264060208328598492e+04 -1.774902604026257474e-03
1.262466185367276194e+04 -1.795368838386180669e-03
1.260876177577141061e+04 -1.821970907596018969e-03
1.259290169806603990e+04 -1.854267641681825885e-03
1.257708146980213678e+04 -1.870696826733152024e-03
