1.813651603254075962e+04 1.093783709703899897e-03
1.810371943935352829e+04 1.130723261099425645e-03
1.807104124541967758e+04 1.118340064471571747e-03
1.803848081074324728e+04 1.089509100296382751e-03
1.800603749993255769e+04 1.066450722007501132e-03
1.797371068215888954e+04 1.021891740866650179e-03
1.794149973111559666e+04 9.666410287806674823e-04
1.790940402497763716e+04 9.067499539193051884e-04
1.787742294636160659e+04 8.630638896716121651e-04
1.784555588228609849e+04 8.512031354362443883e-04
1.781380222413256342e+04 8.686155715091310259e-04
1.778216136760657173e+04 9.173678824936393498e-04
1.775063271269946927e+04 9.762888625117474226e-04
1.771921566365044418e+04 1.042792539347322514e-03
1.768790962890901574e+04 1.093200716505642696e-03
1.765671402109788687e+04 1.128014665404261305e-03
1.762562825697623339e+04 1.130703661121297077e-03
1.759465175740333871e+04 1.104821203196702274e-03
1.756378394730263244e+04 1.043447767358306102e-03
1.753302425562609642e+04 9.622947586937362395e-04
1.750237211531905996e+04 8.851838556810335146e-04
1.747182696328534439e+04 8.767434235479625764e-04
1.744138824035278958e+04 9.650919056064028627e-04
1.741105539123913331e+04 1.148278576719540802e-03
1.738082786451823267e+04 1.373985571426768844e-03
1.735070511258665283e+04 1.529473729825548030e-03
1.732068659163062330e+04 1.579418696890886979e-03
1.729077176159326336e+04 1.500835480065967507e-03
1.726096008614224411e+04 1.429445292148646528e-03
1.723125103263769415e+04 1.408004377175879531e-03
1.720164407210051650e+04 1.429934059463167356e-03
1.717213867918096366e+04 1.480445193348277648e-03
1.714273433212757300e+04 1.526338222936948763e-03
1.711343051275641119e+04 1.536101501048015147e-03
1.708422670642064986e+04 1.509283608420272649e-03
1.705512240198041036e+04 1.499919040376927878e-03
1.702611709177295779e+04 1.489366190945461046e-03
1.699721027158319339e+04 1.502634751214574141e-03
1.696840144061440878e+04 1.541394363790744891e-03
1.693969010145939319e+04 1.574847544362420687e-03
1.691107576007179159e+04 1.582664994322426598e-03
1.688255792573777580e+04 1.550372737651291343e-03
1.685413611104798110e+04 1.465077148464517332e-03
1.682580983186974845e+04 1.383342883539723884e-03
1.679757860731963228e+04 1.285087932036523559e-03
1.676944195973618480e+04 1.208414990795993313e-03
1.674139941465301308e+04 1.125498222769079175e-03
1.671345050077211999e+04 1.036249858209942285e-03
1.668559474993749973e+04 9.558418002015085964e-04
1.665783169710898437e+04 8.908175758419588797e-04
1.663016088033637789e+04 8.352695547924395567e-04
1.660258184073383018e+04 7.555404175521553611e-04
1.657509412245447311e+04 6.168735923856351073e-04
1.654769727266528935e+04 4.196826043023859612e-04
1.652039084152227952e+04 1.727392511475750003e-04
1.649317438214580034e+04 -7.649491365024812584e-05
1.646604745059621928e+04 -3.076733553495762143e-04
1.643900960584975473e+04 -4.915213985487155946e-04
1.641206040977459270e+04 -6.244165415643257531e-04
1.638519942710720352e+04 -7.047264999003451059e-04
1.635842622542892241e+04 -7.615731999320092972e-04
1.633174037514274096e+04 -8.085651725821863022e-04
1.630514144945032604e+04 -8.889078334933718474e-04
1.627862902432926967e+04 -9.983998183330257663e-04
1.625220267851055360e+04 -1.103299300475704507e-03
1.622586199345624118e+04 -1.187899368976331116e-03
1.619960655333737850e+04 -1.215599236161921982e-03
1.617343594501211919e+04 -1.198948193719674661e-03
1.614734975800403481e+04 -1.154836680731991189e-03
1.612134758448067805e+04 -1.087537822086467876e-03
1.609542901923231693e+04 -9.967145365508600554e-04
1.606959365965088546e+04 -8.679573356493931920e-04
1.604384110570913617e+04 -7.023982577349728151e-04
1.601817095994000192e+04 -5.180765477389452558e-04
1.599258282741613584e+04 -3.278525821833904765e-04
1.596707631572966784e+04 -1.468036446289051975e-04
1.594165103497213568e+04 2.637803011159237522e-05
1.591630659771462706e+04 1.916217986542325378e-04
1.589104261898809818e+04 3.364073987729804499e-04
1.586585871626386870e+04 4.559835215528798514e-04
1.584075450943433680e+04 5.224860411975197454e-04
1.581572962079383979e+04 5.495066420944479850e-04
1.579078367501971661e+04 5.617762040647297913e-04
1.576591629915354315e+04 5.790298304561956747e-04
1.574112712258254760e+04 6.182895929881936526e-04
1.571641577702119503e+04 6.391816180489132138e-04
1.569178189649294836e+04 6.248766543527270716e-04
1.566722511731220948e+04 5.473135864966762127e-04
1.564274507806640759e+04 4.181331847879241688e-04
1.561834141959828594e+04 2.864586240653810918e-04
1.559401378498831946e+04 1.667760415027156695e-04
1.556976181953732521e+04 8.719354454244510185e-05
1.554558517074922565e+04 3.645460841518678225e-05
1.552148348831395560e+04 4.636310759523840475e-06
1.549745642409055836e+04 -1.717450529977768584e-05
1.547350363209042007e+04 -3.094028575080000083e-05
1.544962476846064965e+04 -2.911561393662453191e-05
1.542581949146764237e+04 -1.928720143680962235e-05
1.540208746148076898e+04 -2.477976676170926508e-05
1.537842834095622493e+04 -3.369428542249226094e-05
1.535484179442101595e+04 -2.875538819708893705e-05
1.533132748845712194e+04 3.057220753287736935e-05
1.530788509168578094e+04 1.612839282412419214e-04
1.528451427475190940e+04 3.176853535644819505e-04
1.526121471030869179e+04 4.844150710122348052e-04
1.523798607300228650e+04 6.202468260555795950e-04
1.521482803945669002e+04 7.266159768862178684e-04
1.519174028825872665e+04 8.345579873345245620e-04
1.516872249994318190e+04 9.534568618495141597e-04
1.514577435697806504e+04 1.101987085091355855e-03
1.512289554375000262e+04 1.269217072777046327e-03
1.510008574654977565e+04 1.455812197391879222e-03
1.507734465355798420e+04 1.635468652504115140e-03
1.505467195483082651e+04 1.832665825494992490e-03
1.503206734228603636e+04 2.037473746237424867e-03
1.500953050968890784e+04 2.291738963306559282e-03
1.498706115263847641e+04 2.510701258018921064e-03
1.496465896855381288e+04 2.884343741967151497e-03
1.494232365666045007e+04 3.145966270060861301e-03
1.492005491797690047e+04 3.501116961056935720e-03
1.489785245530133943e+04 3.833382556439603357e-03
1.487571597319836837e+04 4.139241936289705590e-03
1.485364517798590714e+04 4.434953106665101390e-03
1.483163977772222279e+04 4.734753286309707244e-03
1.480969948219304752e+04 5.010885291014474316e-03
1.478782400289882025e+04 5.315867298323339284e-03
1.476601305304203379e+04 5.681005867816752743e-03
1.474426634751473102e+04 5.993884316421083450e-03
1.472258360288603217e+04 6.346915373201699427e-03
1.470096453738986929e+04 6.580458965475547567e-03
1.467940887091275727e+04 6.771997129435992392e-03
1.465791632498169929e+04 6.912656087949639420e-03
1.463648662275219431e+04 7.005851294152181351e-03
1.461511948899635172e+04 6.978222602054861765e-03
1.459381465009110980e+04 6.903042521349615247e-03
1.457257183400655231e+04 6.805953200413106252e-03
1.455139077029433247e+04 6.668617189092632125e-03
1.453027119007619694e+04 6.523397350043673090e-03
1.450921282603261170e+04 6.350562505075157613e-03
1.448821541239146427e+04 6.139338032482928066e-03
1.446727868491690788e+04 5.886657956093612268e-03
1.444640238089826926e+04 5.597789850678828311e-03
1.442558623913904921e+04 5.276807381231614531e-03
1.440482999994604688e+04 4.942911015839255608e-03
1.438413340511853676e+04 4.582959402889237761e-03
1.436349619793759121e+04 4.241689017404969703e-03
1.434291812315544666e+04 3.909420587906431259e-03
1.432239892698497897e+04 3.613276355600837306e-03
1.430193835708928600e+04 3.337470002986958704e-03
1.428153616257132853e+04 3.088807448725641985e-03
1.426119209396367660e+04 2.861408774153209600e-03
1.424090590321835043e+04 2.638913769205006657e-03
1.422067734369673235e+04 2.424988533406770026e-03
1.420050617015957505e+04 2.225293695929726756e-03
1.418039213875708629e+04 2.055546082520115416e-03
1.416033500701909543e+04 1.904405057338349203e-03
1.414033453384534005e+04 1.772078871287514857e-03
1.412039047949576889e+04 1.657328326691283847e-03
1.410050260558098671e+04 1.554492224299408240e-03
1.408067067505274281e+04 1.457751758594939655e-03
1.406089445219452500e+04 1.362482475222001436e-03
1.404117370261220458e+04 1.273698811107112656e-03
1.402150819322479219e+04 1.200237447411514353e-03
1.400189769225524469e+04 1.148440422043391258e-03
1.398234196922137016e+04 1.095612249074090711e-03
1.396284079492678211e+04 1.036586952453334882e-03
1.394339394145195183e+04 9.600684815695958432e-04
1.392400118214534086e+04 8.689803772173482774e-04
1.390466229161458432e+04 7.724563273447590788e-04
1.388537704571775248e+04 6.812302402226813819e-04
1.386614522155470877e+04 5.979215756338226821e-04
1.384696659745850775e+04 5.224900713407424702e-04
1.382784095298688044e+04 4.531613841307472238e-04
1.380876806891379420e+04 3.861911502104370007e-04
1.378974772722107446e+04 3.198731891227770958e-04
1.377077971109009741e+04 2.523670612989756387e-04
1.375186380489354633e+04 1.861809439249545125e-04
1.373299979418724615e+04 1.223101709206058339e-04
1.371418746570205622e+04 7.616762471721458185e-05
1.369542660733584307e+04 5.912504217240609113e-05
1.367671700814549331e+04 6.502425845482665207e-05
1.365805845833901913e+04 8.720020106390644218e-05
1.363945074926771304e+04 9.340101693829406539e-05
1.362089367341836805e+04 7.800637053780243844e-05
1.360238702440557245e+04 4.512854118305705274e-05
1.358393059696404453e+04 -1.311453681197619212e-06
1.356552418694105654e+04 -5.512791869302416359e-05
1.354716759128890590e+04 -1.157641173007125171e-04
1.352886060805743364e+04 -1.825988446721982770e-04
1.351060303638664118e+04 -2.550459584940126972e-04
1.349239467649932703e+04 -3.304700709647359581e-04
1.347423532969380904e+04 -3.942898897915206075e-04
1.345612479833669386e+04 -4.406782205188962864e-04
1.343806288585570655e+04 -4.602949803708560376e-04
1.342004939673257650e+04 -4.603763216091720989e-04
1.340208413649598515e+04 -4.570269954250797372e-04
1.338416691171457387e+04 -4.546138615256184565e-04
1.336629752998998629e+04 -4.548014661906503312e-04
1.334847579994999978e+04 -4.668011246468674043e-04
1.333070153124168064e+04 -4.938712337007714103e-04
1.331297453452460286e+04 -5.365249775176057345e-04
1.329529462146414335e+04 -5.894134056738742702e-04
1.327766160472480260e+04 -6.400676267587075653e-04
1.326007529796357630e+04 -6.832314162613588966e-04
1.324253551582341606e+04 -7.128169258832955024e-04
1.322504207392668468e+04 -7.390526573096975818e-04
1.320759478886873512e+04 -7.683638211910910273e-04
1.319019347821146403e+04 -8.045695507269677062e-04
1.317283796047697433e+04 -8.442261236401490130e-04
1.315552805514125976e+04 -8.739482613436665853e-04
1.313826358262795475e+04 -8.880521492518191973e-04
1.312104436430209898e+04 -8.836325497012777414e-04
1.310387022246400556e+04 -8.703393764466445031e-04
1.308674098034313829e+04 -8.664288675314733412e-04
1.306965646209203805e+04 -8.736633879206841822e-04
1.305261649278031655e+04 -9.047081636389421849e-04
1.303562089838867360e+04 -9.410712127992341015e-04
1.301866950580299272e+04 -9.769638134501437959e-04
1.300176214280844215e+04 -1.002504076527541664e-03
1.298489863808365772e+04 -1.018863485070080083e-03
1.296807882119494752e+04 -1.041645987748708244e-03
1.295130252259055851e+04 -1.068170884873391371e-03
1.293456957359496300e+04 -1.101563122893696803e-03
1.291787980640322712e+04 -1.139568542377399378e-03
1.290123305407538828e+04 -1.186294945964181833e-03
1.288462915053088727e+04 -1.241264378888163851e-03
1.286806793054306218e+04 -1.294881362234978888e-03
1.285154922973363500e+04 -1.338001872901401672e-03
1.283507288456730748e+04 -1.369220138534310962e-03
1.281863873234635139e+04 -1.386151057534503383e-03
1.280224661120524433e+04 -1.398332614990643007e-03
1.278589636010536378e+04 -1.409649931580481607e-03
1.276958781882972289e+04 -1.427863174062062859e-03
1.275332082797770818e+04 -1.438479525619376469e-03
1.273709522895992450e+04 -1.445201390155619959e-03
1.272091086399301093e+04 -1.453946078839160909e-03
1.270476757609454398e+04 -1.471968483079252312e-03
1.268866520907794802e+04 -1.488571831834139929e-03
1.267260360754746944e+04 -1.505020022157230837e-03
1.265658261689317442e+04 -1.529410841154406255e-03
1.264060208328598492e+04 -1.549967872567970103e-03
1.262466185367276194e+04 -1.566109184431820718e-03
1.260876177577141061e+04 -1.590939344035011832e-03
1.259290169806603990e+04 -1.618790751675387891e-03
1.257708146980213678e+04 -1.627816149684685682e-03
