1.813651603254075962e+04 1.096296212313216129e-03
1.810371943935352829e+04 1.105016388681616304e-03
1.807104124541967758e+04 1.061939942679030347e-03
1.803848081074324728e+04 9.983327217879779062e-04
1.800603749993255769e+04 9.378819681696875426e-04
1.797371068215888954e+04 8.974032912551233856e-04
1.794149973111559666e+04 8.928209747148402060e-04
1.790940402497763716e+04 8.957232154674578568e-04
1.787742294636160659e+04 9.078305746963600403e-04
1.784555588228609849e+04 9.132698261587342790e-04
1.781380222413256342e+04 9.096113758949189807e-04
1.778216136760657173e+04 9.013588446425363585e-04
1.775063271269946927e+04 8.854444691678986382e-04
1.771921566365044418e+04 8.711322142320114103e-04
1.768790962890901574e+04 8.601722149165816865e-04
1.765671402109788687e+04 8.591307803679362276e-04
1.762562825697623339e+04 8.619039636039283305e-04
1.759465175740333871e+04 8.782927948993487360e-04
1.756378394730263244e+04 9.124236439503789027e-04
1.753302425562609642e+04 9.456240234721159047e-04
1.750237211531905996e+04 9.745477240573695949e-04
1.747182696328534439e+04 9.990611144591271617e-04
1.744138824035278958e+04 1.032773192595631351e-03
1.741105539123913331e+04 1.077716466186655515e-03
1.738082786451823267e+04 1.127702441074643997e-03
1.735070511258665283e+04 1.159816348883363751e-03
1.732068659163062330e+04 1.217852087494522865e-03
1.729077176159326336e+04 1.339272299475770213e-03
1.726096008614224411e+04 1.474052355877700574e-03
1.723125103263769415e+04 1.587654573962974996e-03
1.720164407210051650e+04 1.642253187500105922e-03
1.717213867918096366e+04 1.656409922856815669e-03
1.714273433212757300e+04 1.713654296409786908e-03
1.711343051275641119e+04 1.765627638316525586e-03
1.708422670642064986e+04 1.779538914927709546e-03
1.705512240198041036e+04 1.797315974002593056e-03
1.702611709177295779e+04 1.784710245678923718e-03
1.699721027158319339e+04 1.791147637112670441e-03
1.696840144061440878e+04 1.822037400868531387e-03
1.693969010145939319e+04 1.829104808059856240e-03
1.691107576007179159e+04 1.793948389172099131e-03
1.688255792573777580e+04 1.715471949516465550e-03
1.685413611104798110e+04 1.593972289364391963e-03
1.682580983186974845e+04 1.504762571005727927e-03
1.679757860731963228e+04 1.394874891494208473e-03
1.676944195973618480e+04 1.292100951636768972e-03
1.674139941465301308e+04 1.170746210727689491e-03
1.671345050077211999e+04 1.041565828121144080e-03
1.668559474993749973e+04 9.534504604175351528e-04
1.665783169710898437e+04 8.959370403698000297e-04
1.663016088033637789e+04 8.325756395069199706e-04
1.660258184073383018e+04 7.518506790804536325e-04
1.657509412245447311e+04 6.358545765982483557e-04
1.654769727266528935e+04 5.038814490669454903e-04
1.652039084152227952e+04 3.652645533778622693e-04
1.649317438214580034e+04 2.364131384790443813e-04
1.646604745059621928e+04 1.241005773272445582e-04
1.643900960584975473e+04 3.325735110280490759e-05
1.641206040977459270e+04 -7.142676297362387247e-05
1.638519942710720352e+04 -2.264749380183237143e-04
1.635842622542892241e+04 -4.010397365711909829e-04
1.633174037514274096e+04 -5.726314305549467165e-04
1.630514144945032604e+04 -7.004541675843128402e-04
1.627862902432926967e+04 -7.861419201306284492e-04
1.625220267851055360e+04 -8.750625597902923726e-04
1.622586199345624118e+04 -9.727736937988426145e-04
1.619960655333737850e+04 -1.069167849219324843e-03
1.617343594501211919e+04 -1.131826058774913595e-03
1.614734975800403481e+04 -1.144445114673073131e-03
1.612134758448067805e+04 -1.108278247806938248e-03
1.609542901923231693e+04 -1.025792410047456473e-03
1.606959365965088546e+04 -8.994642281562944142e-04
1.604384110570913617e+04 -7.415205690031437171e-04
1.601817095994000192e+04 -5.916421274104890311e-04
1.599258282741613584e+04 -4.477273470414407553e-04
1.596707631572966784e+04 -3.067690727716759769e-04
1.594165103497213568e+04 -1.676466292788561020e-04
1.591630659771462706e+04 -3.184762170908350866e-05
1.589104261898809818e+04 9.693259106614380974e-05
1.586585871626386870e+04 2.177502983357191733e-04
1.584075450943433680e+04 3.205472987568578681e-04
1.581572962079383979e+04 4.012227325735637836e-04
1.579078367501971661e+04 4.481080756588517013e-04
1.576591629915354315e+04 4.582327459572533104e-04
1.574112712258254760e+04 4.300799788633353181e-04
1.571641577702119503e+04 3.782330497105897116e-04
1.569178189649294836e+04 3.106753512349631004e-04
1.566722511731220948e+04 2.140067552004787420e-04
1.564274507806640759e+04 1.025846173587117923e-04
1.561834141959828594e+04 2.617813736835395829e-05
1.559401378498831946e+04 -2.372418565668580389e-05
1.556976181953732521e+04 -6.458953894554601588e-05
1.554558517074922565e+04 -1.172617936981523143e-04
1.552148348831395560e+04 -1.913031056005548114e-04
1.549745642409055836e+04 -2.279216882705505131e-04
1.547350363209042007e+04 -2.183585816602244469e-04
1.544962476846064965e+04 -1.967133465532617262e-04
1.542581949146764237e+04 -1.678570656337357941e-04
1.540208746148076898e+04 -1.425903630876953012e-04
1.537842834095622493e+04 -1.113774112878523957e-04
1.535484179442101595e+04 -5.982846540550828461e-05
1.533132748845712194e+04 -6.237309003800649557e-06
1.530788509168578094e+04 4.413974034013089416e-05
1.528451427475190940e+04 1.066234749616402748e-04
1.526121471030869179e+04 1.884750063569619544e-04
1.523798607300228650e+04 2.944639192156290860e-04
1.521482803945669002e+04 4.237840575481110453e-04
1.519174028825872665e+04 5.826754753254244747e-04
1.516872249994318190e+04 7.493941144921300928e-04
1.514577435697806504e+04 9.138579587707809909e-04
1.512289554375000262e+04 1.065039369979352540e-03
1.510008574654977565e+04 1.206464768873555726e-03
1.507734465355798420e+04 1.348345919776033474e-03
1.505467195483082651e+04 1.523343998807718744e-03
1.503206734228603636e+04 1.743317374593568708e-03
1.500953050968890784e+04 2.034514211766286652e-03
1.498706115263847641e+04 2.300459688593125152e-03
1.496465896855381288e+04 2.692786152820605527e-03
1.494232365666045007e+04 2.947995001815848382e-03
1.492005491797690047e+04 3.266909638909674431e-03
1.489785245530133943e+04 3.550862597315850109e-03
1.487571597319836837e+04 3.843531824088520371e-03
1.485364517798590714e+04 4.170191794124779132e-03
1.483163977772222279e+04 4.546671881154634894e-03
1.480969948219304752e+04 4.919228402177967460e-03
1.478782400289882025e+04 5.291137084808662273e-03
1.476601305304203379e+04 5.682725425687617550e-03
1.474426634751473102e+04 5.974672024511321240e-03
1.472258360288603217e+04 6.299417547731748709e-03
1.470096453738986929e+04 6.515610442025886184e-03
1.467940887091275727e+04 6.715340281820881933e-03
1.465791632498169929e+04 6.887665005942070900e-03
1.463648662275219431e+04 7.018399112565486264e-03
1.461511948899635172e+04 7.023453924853552063e-03
1.459381465009110980e+04 6.962060212415389047e-03
1.457257183400655231e+04 6.843143062316487356e-03
1.455139077029433247e+04 6.638698103459770433e-03
1.453027119007619694e+04 6.410319707564240965e-03
1.450921282603261170e+04 6.154806740522544839e-03
1.448821541239146427e+04 5.898375376274364069e-03
1.446727868491690788e+04 5.633007624532143653e-03
1.444640238089826926e+04 5.335646951616829919e-03
1.442558623913904921e+04 4.998197785773041482e-03
1.440482999994604688e+04 4.626698346182090207e-03
1.438413340511853676e+04 4.240862050431028034e-03
1.436349619793759121e+04 3.900120909972746869e-03
1.434291812315544666e+04 3.595126393609579096e-03
1.432239892698497897e+04 3.343079887703159347e-03
1.430193835708928600e+04 3.094369390323460645e-03
1.428153616257132853e+04 2.844526647156278652e-03
1.426119209396367660e+04 2.573988809279158154e-03
1.424090590321835043e+04 2.283644110996478540e-03
1.422067734369673235e+04 1.994699540826903178e-03
1.420050617015957505e+04 1.745645399316894750e-03
1.418039213875708629e+04 1.563205831895630527e-03
1.416033500701909543e+04 1.417710640564510483e-03
1.414033453384534005e+04 1.293261993608453521e-03
1.412039047949576889e+04 1.144148325861393638e-03
1.410050260558098671e+04 9.741753405477154371e-04
1.408067067505274281e+04 8.035236496168987911e-04
1.406089445219452500e+04 6.589842818815990540e-04
1.404117370261220458e+04 5.685761746389866476e-04
1.402150819322479219e+04 5.072488446902550987e-04
1.400189769225524469e+04 4.607174552931810052e-04
1.398234196922137016e+04 3.849972663523845251e-04
1.396284079492678211e+04 2.794199073152238639e-04
1.394339394145195183e+04 1.723663171741578106e-04
1.392400118214534086e+04 7.652344017597436363e-05
1.390466229161458432e+04 1.148258355383450610e-05
1.388537704571775248e+04 -3.345338087032819564e-05
1.386614522155470877e+04 -6.882638976333583158e-05
1.384696659745850775e+04 -1.074709638726015383e-04
1.382784095298688044e+04 -1.537710761741928236e-04
1.380876806891379420e+04 -2.009259926932763674e-04
1.378974772722107446e+04 -2.477145560838183228e-04
1.377077971109009741e+04 -2.949282666172917946e-04
1.375186380489354633e+04 -3.463744103327123488e-04
1.373299979418724615e+04 -4.038289476706869970e-04
1.371418746570205622e+04 -4.572924098249701147e-04
1.369542660733584307e+04 -4.963887017183116635e-04
1.367671700814549331e+04 -5.249167713614347414e-04
1.365805845833901913e+04 -5.495518047720381917e-04
1.363945074926771304e+04 -5.908672412273972352e-04
1.362089367341836805e+04 -6.472464277151059302e-04
1.360238702440557245e+04 -7.049102747128063208e-04
1.358393059696404453e+04 -7.554669403652090887e-04
1.356552418694105654e+04 -7.827891208558671867e-04
1.354716759128890590e+04 -7.942801527522427851e-04
1.352886060805743364e+04 -7.930502874941389602e-04
1.351060303638664118e+04 -7.951478312958726964e-04
1.349239467649932703e+04 -8.068942224156081238e-04
1.347423532969380904e+04 -8.395866983703819449e-04
1.345612479833669386e+04 -8.914636151003717864e-04
1.343806288585570655e+04 -9.505317983333163483e-04
1.342004939673257650e+04 -1.005188123354398702e-03
1.340208413649598515e+04 -1.041300894128602533e-03
1.338416691171457387e+04 -1.061041394456828943e-03
1.336629752998998629e+04 -1.062045912402250067e-03
1.334847579994999978e+04 -1.058007624917741167e-03
1.333070153124168064e+04 -1.054736029753254242e-03
1.331297453452460286e+04 -1.064800747772662228e-03
1.329529462146414335e+04 -1.088039891373023633e-03
1.327766160472480260e+04 -1.126540523432634569e-03
1.326007529796357630e+04 -1.167602781603848273e-03
1.324253551582341606e+04 -1.191265550830961084e-03
1.322504207392668468e+04 -1.203541796999069852e-03
1.320759478886873512e+04 -1.206348392860571430e-03
1.319019347821146403e+04 -1.220359549227472600e-03
1.317283796047697433e+04 -1.249577394078255901e-03
1.315552805514125976e+04 -1.297761484642560165e-03
1.313826358262795475e+04 -1.356924906396841934e-03
1.312104436430209898e+04 -1.405767937685557713e-03
1.310387022246400556e+04 -1.441361419058475798e-03
1.308674098034313829e+04 -1.461631576275351351e-03
1.306965646209203805e+04 -1.465765167463158091e-03
1.305261649278031655e+04 -1.473618210143229964e-03
1.303562089838867360e+04 -1.487672501739795324e-03
1.301866950580299272e+04 -1.513139730305113843e-03
1.300176214280844215e+04 -1.535528873978625995e-03
1.298489863808365772e+04 -1.553117026175297082e-03
1.296807882119494752e+04 -1.574655633571529550e-03
1.295130252259055851e+04 -1.594078330247682357e-03
1.293456957359496300e+04 -1.615286998391847776e-03
1.291787980640322712e+04 -1.636383186417406620e-03
1.290123305407538828e+04 -1.664719258199040108e-03
1.288462915053088727e+04 -1.699915882572618914e-03
1.286806793054306218e+04 -1.729801104469508343e-03
1.285154922973363500e+04 -1.750128801160454484e-03
1.283507288456730748e+04 -1.761758845568484142e-03
1.281863873234635139e+04 -1.765607334062965642e-03
1.280224661120524433e+04 -1.774623033482702851e-03
1.278589636010536378e+04 -1.794503544650498991e-03
1.276958781882972289e+04 -1.832085150082375354e-03
1.275332082797770818e+04 -1.865169684437430414e-03
1.273709522895992450e+04 -1.886205667348514947e-03
1.272091086399301093e+04 -1.896862048431541790e-03
1.270476757609454398e+04 -1.913367962393117475e-03
1.268866520907794802e+04 -1.926252157412077122e-03
1.267260360754746944e+04 -1.949575913776500696e-03
1.265658261689317442e+04 -1.989051513521173861e-03
1.264060208328598492e+04 -2.013417353845221771e-03
1.262466185367276194e+04 -2.021320252616458195e-03
1.260876177577141061e+04 -2.030159091435502963e-03
1.259290169806603990e+04 -2.050010271155460178e-03
1.257708146980213678e+04 -2.063553579990119822e-03
