1.813651603254075962e+04 9.508714909720449721e-04
1.810371943935352829e+04 9.618388261364127674e-04
1.807104124541967758e+04 9.637625123598752902e-04
1.803848081074324728e+04 9.620093517566151529e-04
1.800603749993255769e+04 9.603333031480139163e-04
1.797371068215888954e+04 9.426455802196121413e-04
1.794149973111559666e+04 9.204723861801208462e-04
1.790940402497763716e+04 8.940976656126719147e-04
1.787742294636160659e+04 8.759714859160171868e-04
1.784555588228609849e+04 8.652478950589568337e-04
1.781380222413256342e+04 8.626893112890252980e-04
1.778216136760657173e+04 8.743750094446532195e-04
1.775063271269946927e+04 8.835107776562350912e-04
1.771921566365044418e+04 8.918604524435572991e-04
1.768790962890901574e+04 8.943940948548079976e-04
1.765671402109788687e+04 8.978907938263692599e-04
1.762562825697623339e+04 8.999344924747083863e-04
1.759465175740333871e+04 9.130941877253354218e-04
1.756378394730263244e+04 9.446123459172071522e-04
1.753302425562609642e+04 9.800512679849504322e-04
1.750237211531905996e+04 1.018007100195919296e-03
1.747182696328534439e+04 1.047814059355380197e-03
1.744138824035278958e+04 1.080104788715900883e-03
1.741105539123913331e+04 1.113879237967156091e-03
1.738082786451823267e+04 1.155283001286398076e-03
1.735070511258665283e+04 1.206770748780960217e-03
1.732068659163062330e+04 1.280844947254162428e-03
1.729077176159326336e+04 1.387683929151229279e-03
1.726096008614224411e+04 1.518496252142054236e-03
1.723125103263769415e+04 1.654331688661583475e-03
1.720164407210051650e+04 1.750709953788571593e-03
1.717213867918096366e+04 1.810795935013569417e-03
1.714273433212757300e+04 1.878868467186777446e-03
1.711343051275641119e+04 1.924001989368379593e-03
1.708422670642064986e+04 1.946773841042477582e-03
1.705512240198041036e+04 1.978183806565412661e-03
1.702611709177295779e+04 1.968737032238019463e-03
1.699721027158319339e+04 1.944206399073828426e-03
1.696840144061440878e+04 1.913621700258885715e-03
1.693969010145939319e+04 1.882200042640577156e-03
1.691107576007179159e+04 1.840039841955225935e-03
1.688255792573777580e+04 1.789804853173735527e-03
1.685413611104798110e+04 1.707461492303900732e-03
1.682580983186974845e+04 1.648485378554909739e-03
1.679757860731963228e+04 1.586850130528504130e-03
1.676944195973618480e+04 1.564215207744932678e-03
1.674139941465301308e+04 1.521441234727192440e-03
1.671345050077211999e+04 1.448018516723693699e-03
1.668559474993749973e+04 1.348904086245511112e-03
1.665783169710898437e+04 1.240738831841746003e-03
1.663016088033637789e+04 1.129658772773192623e-03
1.660258184073383018e+04 1.019436879924803243e-03
1.657509412245447311e+04 8.980276463105088276e-04
1.654769727266528935e+04 7.822451802576070069e-04
1.652039084152227952e+04 6.771896753099398286e-04
1.649317438214580034e+04 5.788342499230107480e-04
1.646604745059621928e+04 4.798738867682210462e-04
1.643900960584975473e+04 3.546919025980518241e-04
1.641206040977459270e+04 2.039607224285899508e-04
1.638519942710720352e+04 3.083099523862564391e-05
1.635842622542892241e+04 -1.292421110445207265e-04
1.633174037514274096e+04 -2.618271195405310237e-04
1.630514144945032604e+04 -3.919921489459137864e-04
1.627862902432926967e+04 -5.302312475081562629e-04
1.625220267851055360e+04 -6.983461104094637693e-04
1.622586199345624118e+04 -8.669812033773269819e-04
1.619960655333737850e+04 -9.767326216729066337e-04
1.617343594501211919e+04 -1.015528059417792651e-03
1.614734975800403481e+04 -9.851252279125066822e-04
1.612134758448067805e+04 -9.307701599734061930e-04
1.609542901923231693e+04 -8.669235275323766352e-04
1.606959365965088546e+04 -7.864783800159108433e-04
1.604384110570913617e+04 -6.751273406884590817e-04
1.601817095994000192e+04 -5.094702921698107375e-04
1.599258282741613584e+04 -3.154575837965695163e-04
1.596707631572966784e+04 -1.257210693443383206e-04
1.594165103497213568e+04 4.032776174995296670e-05
1.591630659771462706e+04 1.750821447610343925e-04
1.589104261898809818e+04 2.953391395944676440e-04
1.586585871626386870e+04 4.022685552540328615e-04
1.584075450943433680e+04 4.641725371699077850e-04
1.581572962079383979e+04 4.927720557616732102e-04
1.579078367501971661e+04 5.109412280247116337e-04
1.576591629915354315e+04 5.063762505855450491e-04
1.574112712258254760e+04 4.670259399126321900e-04
1.571641577702119503e+04 3.900368780252334291e-04
1.569178189649294836e+04 2.835328324911564365e-04
1.566722511731220948e+04 1.910430887594733026e-04
1.564274507806640759e+04 1.189697550072367217e-04
1.561834141959828594e+04 5.338949713379262786e-05
1.559401378498831946e+04 -1.260050911328169374e-05
1.556976181953732521e+04 -8.478093312025354903e-05
1.554558517074922565e+04 -1.368586317796569745e-04
1.552148348831395560e+04 -1.510377948015525866e-04
1.549745642409055836e+04 -1.527367591755019729e-04
1.547350363209042007e+04 -1.561702781981808995e-04
1.544962476846064965e+04 -1.776240620276798730e-04
1.542581949146764237e+04 -1.998219597003740035e-04
1.540208746148076898e+04 -1.853997686351641343e-04
1.537842834095622493e+04 -1.404439240445613780e-04
1.535484179442101595e+04 -7.038865443122747532e-05
1.533132748845712194e+04 4.447743361951336430e-06
1.530788509168578094e+04 7.767388691363953570e-05
1.528451427475190940e+04 1.575916247525766607e-04
1.526121471030869179e+04 2.485668429411131558e-04
1.523798607300228650e+04 3.461714360052519117e-04
1.521482803945669002e+04 4.462693976879713730e-04
1.519174028825872665e+04 5.518883573212834005e-04
1.516872249994318190e+04 6.704792714600882157e-04
1.514577435697806504e+04 8.169399495587685621e-04
1.512289554375000262e+04 9.772733773389964945e-04
1.510008574654977565e+04 1.150375463314793787e-03
1.507734465355798420e+04 1.322189080240460416e-03
1.505467195483082651e+04 1.515358442547595427e-03
1.503206734228603636e+04 1.728551141279017610e-03
1.500953050968890784e+04 1.988946333567683140e-03
1.498706115263847641e+04 2.206411589833875021e-03
1.496465896855381288e+04 2.549646672918064183e-03
1.494232365666045007e+04 2.786191327919542143e-03
1.492005491797690047e+04 3.109692275239211035e-03
1.489785245530133943e+04 3.424460023757922109e-03
1.487571597319836837e+04 3.744402651483581465e-03
1.485364517798590714e+04 4.083995767544461135e-03
1.483163977772222279e+04 4.442124597212305202e-03
1.480969948219304752e+04 4.772501532699926878e-03
1.478782400289882025e+04 5.091706052588881697e-03
1.476601305304203379e+04 5.441240331693094831e-03
1.474426634751473102e+04 5.723107310965304569e-03
1.472258360288603217e+04 6.049473047142720807e-03
1.470096453738986929e+04 6.276491303722542270e-03
1.467940887091275727e+04 6.472339882811365373e-03
1.465791632498169929e+04 6.626152995498096887e-03
1.463648662275219431e+04 6.735733439130889462e-03
1.461511948899635172e+04 6.725706453379968683e-03
1.459381465009110980e+04 6.659816678053136034e-03
1.457257183400655231e+04 6.549545935813181653e-03
1.455139077029433247e+04 6.368344120520437988e-03
1.453027119007619694e+04 6.151298036606215811e-03
1.450921282603261170e+04 5.886128965928784026e-03
1.448821541239146427e+04 5.592580065673876701e-03
1.446727868491690788e+04 5.278048668846504685e-03
1.444640238089826926e+04 4.960805684058573230e-03
1.442558623913904921e+04 4.637425755227742898e-03
1.440482999994604688e+04 4.314825479367069908e-03
1.438413340511853676e+04 3.975447678789392758e-03
1.436349619793759121e+04 3.653563615310133437e-03
1.434291812315544666e+04 3.326594416397476387e-03
1.432239892698497897e+04 3.015906023468728752e-03
1.430193835708928600e+04 2.716489851752879481e-03
1.428153616257132853e+04 2.442165947126434186e-03
1.426119209396367660e+04 2.202620478535694329e-03
1.424090590321835043e+04 1.980188631495168137e-03
1.422067734369673235e+04 1.771856251060217576e-03
1.420050617015957505e+04 1.570610203824857228e-03
1.418039213875708629e+04 1.383033111923795844e-03
1.416033500701909543e+04 1.208454100037360856e-03
1.414033453384534005e+04 1.046857162150150291e-03
1.412039047949576889e+04 8.884058405428745496e-04
1.410050260558098671e+04 7.356322470613964673e-04
1.408067067505274281e+04 5.982622531962773250e-04
1.406089445219452500e+04 4.776598553383769644e-04
1.404117370261220458e+04 3.777781300898585366e-04
1.402150819322479219e+04 2.861125706302702909e-04
1.400189769225524469e+04 1.988183109992744217e-04
1.398234196922137016e+04 1.183733852788611284e-04
1.396284079492678211e+04 4.712676111674665019e-05
1.394339394145195183e+04 -1.075844404611801042e-05
1.392400118214534086e+04 -6.072791199535459137e-05
1.390466229161458432e+04 -1.129852882150278833e-04
1.388537704571775248e+04 -1.677791036536375470e-04
1.386614522155470877e+04 -2.243943652496699392e-04
1.384696659745850775e+04 -2.817959670598244666e-04
1.382784095298688044e+04 -3.377346982294083351e-04
1.380876806891379420e+04 -3.823345639376612873e-04
1.378974772722107446e+04 -4.185086886226949978e-04
1.377077971109009741e+04 -4.642593623516915813e-04
1.375186380489354633e+04 -5.202034739176167452e-04
1.373299979418724615e+04 -5.771652146538142894e-04
1.371418746570205622e+04 -6.324300482586349501e-04
1.369542660733584307e+04 -6.806888676386881488e-04
1.367671700814549331e+04 -7.234811966128419950e-04
1.365805845833901913e+04 -7.651146723097546412e-04
1.363945074926771304e+04 -8.091396943225093782e-04
1.362089367341836805e+04 -8.526755243698734815e-04
1.360238702440557245e+04 -8.917191541120117991e-04
1.358393059696404453e+04 -9.248014198743598332e-04
1.356552418694105654e+04 -9.456368176838805904e-04
1.354716759128890590e+04 -9.654440502510320491e-04
1.352886060805743364e+04 -9.888882101401631330e-04
1.351060303638664118e+04 -1.019893341851663745e-03
1.349239467649932703e+04 -1.056642120315083849e-03
1.347423532969380904e+04 -1.090138693510712877e-03
1.345612479833669386e+04 -1.119507156952312312e-03
1.343806288585570655e+04 -1.150049883931926128e-03
1.342004939673257650e+04 -1.177572100469054944e-03
1.340208413649598515e+04 -1.199398143016119087e-03
1.338416691171457387e+04 -1.219988413163591856e-03
1.336629752998998629e+04 -1.237838082363021787e-03
1.334847579994999978e+04 -1.264033890519723844e-03
1.333070153124168064e+04 -1.299877848368805608e-03
1.331297453452460286e+04 -1.332694522132279622e-03
1.329529462146414335e+04 -1.357176223624222740e-03
1.327766160472480260e+04 -1.378866735940755244e-03
1.326007529796357630e+04 -1.398495509845104970e-03
1.324253551582341606e+04 -1.420671559570087401e-03
1.322504207392668468e+04 -1.449377236632226357e-03
1.320759478886873512e+04 -1.482307877062860688e-03
1.319019347821146403e+04 -1.512649662353124846e-03
1.317283796047697433e+04 -1.532608041843523845e-03
1.315552805514125976e+04 -1.555713823632915794e-03
1.313826358262795475e+04 -1.582165343118581034e-03
1.312104436430209898e+04 -1.615359401628110132e-03
1.310387022246400556e+04 -1.648675530185877243e-03
1.308674098034313829e+04 -1.668698241143871290e-03
1.306965646209203805e+04 -1.669355497746056365e-03
1.305261649278031655e+04 -1.669115066914202790e-03
1.303562089838867360e+04 -1.677836683446345782e-03
1.301866950580299272e+04 -1.704362348880382981e-03
1.300176214280844215e+04 -1.730504294680119612e-03
1.298489863808365772e+04 -1.752670254176594711e-03
1.296807882119494752e+04 -1.775911998553494041e-03
1.295130252259055851e+04 -1.794153854838970380e-03
1.293456957359496300e+04 -1.814363907136325952e-03
1.291787980640322712e+04 -1.833696641738306269e-03
1.290123305407538828e+04 -1.859592389883476604e-03
1.288462915053088727e+04 -1.891058957235975313e-03
1.286806793054306218e+04 -1.915975333018386838e-03
1.285154922973363500e+04 -1.946366867052037311e-03
1.283507288456730748e+04 -1.982953616328744523e-03
1.281863873234635139e+04 -2.007359912322783518e-03
1.280224661120524433e+04 -2.027236310740779864e-03
1.278589636010536378e+04 -2.038401444263855319e-03
1.276958781882972289e+04 -2.059857615282676378e-03
1.275332082797770818e+04 -2.079680588508712666e-03
1.273709522895992450e+04 -2.097266907428464808e-03
1.272091086399301093e+04 -2.117288273044059740e-03
1.270476757609454398e+04 -2.142883536918242880e-03
1.268866520907794802e+04 -2.157792227278442550e-03
1.267260360754746944e+04 -2.170844632998077030e-03
1.265658261689317442e+04 -2.192700040406686795e-03
1.264060208328598492e+04 -2.201519387707408151e-03
1.262466185367276194e+04 -2.200692295037309006e-03
1.260876177577141061e+04 -2.214372902247854595e-03
1.259290169806603990e+04 -2.244476851681873053e-03
1.257708146980213678e+04 -2.265934351450314427e-03
