1.813651603254075962e+04 1.867404644024189472e-03
1.810371943935352829e+04 1.808431804497871416e-03
1.807104124541967758e+04 1.720278875296419544e-03
1.803848081074324728e+04 1.617969616174460331e-03
1.800603749993255769e+04 1.513080217243388407e-03
1.797371068215888954e+04 1.408882672755044788e-03
1.794149973111559666e+04 1.331480687820507701e-03
1.790940402497763716e+04 1.276389807161976749e-03
1.787742294636160659e+04 1.252367091536377760e-03
1.784555588228609849e+04 1.239213916530516489e-03
1.781380222413256342e+04 1.225863258590369383e-03
1.778216136760657173e+04 1.209663560300693573e-03
1.775063271269946927e+04 1.171633327742831188e-03
1.771921566365044418e+04 1.121322617019400968e-03
1.768790962890901574e+04 1.087687976126488609e-03
1.765671402109788687e+04 1.081107332019368367e-03
1.762562825697623339e+04 1.083703968576100064e-03
1.759465175740333871e+04 1.095588190392578426e-03
1.756378394730263244e+04 1.105796680230291618e-03
1.753302425562609642e+04 1.117471325364527727e-03
1.750237211531905996e+04 1.142234766619384294e-03
1.747182696328534439e+04 1.179567192632008724e-03
1.744138824035278958e+04 1.244400436636556011e-03
1.741105539123913331e+04 1.336803818356659254e-03
1.738082786451823267e+04 1.449150680653744482e-03
1.735070511258665283e+04 1.554774314474156871e-03
1.732068659163062330e+04 1.647217297680268972e-03
1.729077176159326336e+04 1.722386974411218175e-03
1.726096008614224411e+04 1.818601920469804095e-03
1.723125103263769415e+04 1.934274415539246608e-03
1.720164407210051650e+04 2.031054384773653496e-03
1.717213867918096366e+04 2.109065750925311327e-03
1.714273433212757300e+04 2.202136270544145617e-03
1.711343051275641119e+04 2.269259475566443029e-03
1.708422670642064986e+04 2.305406060775537242e-03
1.705512240198041036e+04 2.370137079231358912e-03
1.702611709177295779e+04 2.418432741438265258e-03
1.699721027158319339e+04 2.465084238445013499e-03
1.696840144061440878e+04 2.512647847588929829e-03
1.693969010145939319e+04 2.547085057655725827e-03
1.691107576007179159e+04 2.553671317576426073e-03
1.688255792573777580e+04 2.539542805958121523e-03
1.685413611104798110e+04 2.464410849267642100e-03
1.682580983186974845e+04 2.400622538966416895e-03
1.679757860731963228e+04 2.295471032180470411e-03
1.676944195973618480e+04 2.213505467345964171e-03
1.674139941465301308e+04 2.156380965546187984e-03
1.671345050077211999e+04 2.120064714344118643e-03
1.668559474993749973e+04 2.083208136051503852e-03
1.665783169710898437e+04 2.047767089255960512e-03
1.663016088033637789e+04 1.990220436818459018e-03
1.660258184073383018e+04 1.939086919213956059e-03
1.657509412245447311e+04 1.884404968838636818e-03
1.654769727266528935e+04 1.816223682859827767e-03
1.652039084152227952e+04 1.731917516035550580e-03
1.649317438214580034e+04 1.621116762143329920e-03
1.646604745059621928e+04 1.497041543973571653e-03
1.643900960584975473e+04 1.369041505450619605e-03
1.641206040977459270e+04 1.220331829186160769e-03
1.638519942710720352e+04 1.032712509410525347e-03
1.635842622542892241e+04 8.244050251299312902e-04
1.633174037514274096e+04 6.023373123909698526e-04
1.630514144945032604e+04 4.046091000160228091e-04
1.627862902432926967e+04 2.369428213645455197e-04
1.625220267851055360e+04 9.922847963831579212e-05
1.622586199345624118e+04 -1.935838434204982774e-05
1.619960655333737850e+04 -1.386928129342477429e-04
1.617343594501211919e+04 -2.382251750980372287e-04
1.614734975800403481e+04 -3.035005671529305811e-04
1.612134758448067805e+04 -3.185222151116647656e-04
1.609542901923231693e+04 -2.855212732918350777e-04
1.606959365965088546e+04 -2.371672935896298627e-04
1.604384110570913617e+04 -1.795474303240981941e-04
1.601817095994000192e+04 -1.177851460287015258e-04
1.599258282741613584e+04 -3.104064823810991314e-05
1.596707631572966784e+04 1.045362620577922720e-04
1.594165103497213568e+04 2.547887586804764484e-04
1.591630659771462706e+04 3.999190969977908664e-04
1.589104261898809818e+04 4.944272769614566727e-04
1.586585871626386870e+04 5.432952432048918350e-04
1.584075450943433680e+04 5.913958860049246856e-04
1.581572962079383979e+04 6.418890631215509344e-04
1.579078367501971661e+04 6.797321610398303999e-04
1.576591629915354315e+04 6.723967541164433542e-04
1.574112712258254760e+04 5.922061326162213505e-04
1.571641577702119503e+04 4.962482918344271986e-04
1.569178189649294836e+04 4.126385469427617538e-04
1.566722511731220948e+04 3.275612595560317003e-04
1.564274507806640759e+04 2.414799349609671371e-04
1.561834141959828594e+04 1.590564247908222582e-04
1.559401378498831946e+04 8.255036175151792910e-05
1.556976181953732521e+04 2.153680739582116205e-05
1.554558517074922565e+04 -3.296483996450319645e-05
1.552148348831395560e+04 -8.590149035545880957e-05
1.549745642409055836e+04 -1.119239290653324307e-04
1.547350363209042007e+04 -1.092519230844790542e-04
1.544962476846064965e+04 -1.012707383875035362e-04
1.542581949146764237e+04 -8.493859101611070449e-05
1.540208746148076898e+04 -4.960283125509492620e-05
1.537842834095622493e+04 -1.671668284697352440e-06
1.535484179442101595e+04 4.984551363112703874e-05
1.533132748845712194e+04 1.012664428058886792e-04
1.530788509168578094e+04 1.510304187965086711e-04
1.528451427475190940e+04 2.226267894630448425e-04
1.526121471030869179e+04 3.219377237939520238e-04
1.523798607300228650e+04 4.339412217555375147e-04
1.521482803945669002e+04 5.470549449797823018e-04
1.519174028825872665e+04 6.541036635948665112e-04
1.516872249994318190e+04 7.703261910044162733e-04
1.514577435697806504e+04 9.188309522794600769e-04
1.512289554375000262e+04 1.080104596597491161e-03
1.510008574654977565e+04 1.251396846567113391e-03
1.507734465355798420e+04 1.419740225633742874e-03
1.505467195483082651e+04 1.611367599283848075e-03
1.503206734228603636e+04 1.828934236253550302e-03
1.500953050968890784e+04 2.095661609843543251e-03
1.498706115263847641e+04 2.306493596926059101e-03
1.496465896855381288e+04 2.640250525664669147e-03
1.494232365666045007e+04 2.858409174239786351e-03
1.492005491797690047e+04 3.181904474526243976e-03
1.489785245530133943e+04 3.518045654921508978e-03
1.487571597319836837e+04 3.864442600849036808e-03
1.485364517798590714e+04 4.231550276156723078e-03
1.483163977772222279e+04 4.613248598510606875e-03
1.480969948219304752e+04 4.960413615141172697e-03
1.478782400289882025e+04 5.289147276572195820e-03
1.476601305304203379e+04 5.641524482227259184e-03
1.474426634751473102e+04 5.914935629956393111e-03
1.472258360288603217e+04 6.226411630988415435e-03
1.470096453738986929e+04 6.430069109544809050e-03
1.467940887091275727e+04 6.611525441321973798e-03
1.465791632498169929e+04 6.759713399609013941e-03
1.463648662275219431e+04 6.863548738353180377e-03
1.461511948899635172e+04 6.847057399216855897e-03
1.459381465009110980e+04 6.777103388863902483e-03
1.457257183400655231e+04 6.667147992899879506e-03
1.455139077029433247e+04 6.491104478862911274e-03
1.453027119007619694e+04 6.280409631839348888e-03
1.450921282603261170e+04 6.021615695132335501e-03
1.448821541239146427e+04 5.736957830019613798e-03
1.446727868491690788e+04 5.430930671136604236e-03
1.444640238089826926e+04 5.113900603799029221e-03
1.442558623913904921e+04 4.792145009780222897e-03
1.440482999994604688e+04 4.484536148517895802e-03
1.438413340511853676e+04 4.150549208521576647e-03
1.436349619793759121e+04 3.814414630799604737e-03
1.434291812315544666e+04 3.462346941190444418e-03
1.432239892698497897e+04 3.123692666857923877e-03
1.430193835708928600e+04 2.813060702426450378e-03
1.428153616257132853e+04 2.538443212693648320e-03
1.426119209396367660e+04 2.291100770550748116e-03
1.424090590321835043e+04 2.059199710073247001e-03
1.422067734369673235e+04 1.847031649696585440e-03
1.420050617015957505e+04 1.649139230812255363e-03
1.418039213875708629e+04 1.471810233981166519e-03
1.416033500701909543e+04 1.300321577710196203e-03
1.414033453384534005e+04 1.135725780294606028e-03
1.412039047949576889e+04 9.855520939834735636e-04
1.410050260558098671e+04 8.455189708491520116e-04
1.408067067505274281e+04 7.087746985138433523e-04
1.406089445219452500e+04 5.815671669674812470e-04
1.404117370261220458e+04 4.738281039801801289e-04
1.402150819322479219e+04 3.830330337446898937e-04
1.400189769225524469e+04 3.073741433229098706e-04
1.398234196922137016e+04 2.259986232351722784e-04
1.396284079492678211e+04 1.383586107785076509e-04
1.394339394145195183e+04 5.587387527905709030e-05
1.392400118214534086e+04 -1.697929790979928500e-05
1.390466229161458432e+04 -7.313319994913918811e-05
1.388537704571775248e+04 -1.264783236072008414e-04
1.386614522155470877e+04 -1.883898642557387134e-04
1.384696659745850775e+04 -2.481321754444708837e-04
1.382784095298688044e+04 -3.003836541049749237e-04
1.380876806891379420e+04 -3.426950265662253052e-04
1.378974772722107446e+04 -3.787767963256135164e-04
1.377077971109009741e+04 -4.238859595337841186e-04
1.375186380489354633e+04 -4.724413010681521646e-04
1.373299979418724615e+04 -5.054367161748855126e-04
1.371418746570205622e+04 -5.351969435868780562e-04
1.369542660733584307e+04 -5.694884685180128447e-04
1.367671700814549331e+04 -6.112519782138279125e-04
1.365805845833901913e+04 -6.617576056178907026e-04
1.363945074926771304e+04 -7.017856781469201466e-04
1.362089367341836805e+04 -7.286430037140038864e-04
1.360238702440557245e+04 -7.537927301180004369e-04
1.358393059696404453e+04 -7.796824076542322769e-04
1.356552418694105654e+04 -8.052408653661062825e-04
1.354716759128890590e+04 -8.290986095571329685e-04
1.352886060805743364e+04 -8.468360663127653997e-04
1.351060303638664118e+04 -8.765296443202558099e-04
1.349239467649932703e+04 -9.220737677302354293e-04
1.347423532969380904e+04 -9.717234039390042818e-04
1.345612479833669386e+04 -1.018635978401821523e-03
1.343806288585570655e+04 -1.049304893754303891e-03
1.342004939673257650e+04 -1.070678248425319416e-03
1.340208413649598515e+04 -1.101833934566865498e-03
1.338416691171457387e+04 -1.141573942228898096e-03
1.336629752998998629e+04 -1.183000561170673755e-03
1.334847579994999978e+04 -1.222063543675819437e-03
1.333070153124168064e+04 -1.255356354572267821e-03
1.331297453452460286e+04 -1.280550090606825953e-03
1.329529462146414335e+04 -1.296846983520733325e-03
1.327766160472480260e+04 -1.317411620870735569e-03
1.326007529796357630e+04 -1.338457713593435572e-03
1.324253551582341606e+04 -1.355107284403953873e-03
1.322504207392668468e+04 -1.368234336336336676e-03
1.320759478886873512e+04 -1.374401088166790847e-03
1.319019347821146403e+04 -1.394363476943936411e-03
1.317283796047697433e+04 -1.430471463578377074e-03
1.315552805514125976e+04 -1.478947916905519813e-03
1.313826358262795475e+04 -1.529783730849063614e-03
1.312104436430209898e+04 -1.561750807589271485e-03
1.310387022246400556e+04 -1.581206614955565568e-03
1.308674098034313829e+04 -1.603450425074633015e-03
1.306965646209203805e+04 -1.616191691329039483e-03
1.305261649278031655e+04 -1.630183741191026632e-03
1.303562089838867360e+04 -1.644769568450099627e-03
1.301866950580299272e+04 -1.665782481398246336e-03
1.300176214280844215e+04 -1.691274765550460253e-03
1.298489863808365772e+04 -1.719802742186067254e-03
1.296807882119494752e+04 -1.750001678409492155e-03
1.295130252259055851e+04 -1.771147229475066162e-03
1.293456957359496300e+04 -1.781714330708776550e-03
1.291787980640322712e+04 -1.783227358537892377e-03
1.290123305407538828e+04 -1.787681438369362460e-03
1.288462915053088727e+04 -1.800087954335917277e-03
1.286806793054306218e+04 -1.811042455942405045e-03
1.285154922973363500e+04 -1.824044681464892688e-03
1.283507288456730748e+04 -1.841493527529516417e-03
1.281863873234635139e+04 -1.862577120918710400e-03
1.280224661120524433e+04 -1.891771679617980373e-03
1.278589636010536378e+04 -1.915111885937200928e-03
1.276958781882972289e+04 -1.946219292791997362e-03
1.275332082797770818e+04 -1.969675461615154680e-03
1.273709522895992450e+04 -1.991187893506054032e-03
1.272091086399301093e+04 -2.018377763009991579e-03
1.270476757609454398e+04 -2.051100208006056969e-03
1.268866520907794802e+04 -2.073313727217314818e-03
1.267260360754746944e+04 -2.095480845839884504e-03
1.265658261689317442e+04 -2.128755266607470446e-03
1.264060208328598492e+04 -2.153494755810280402e-03
1.262466185367276194e+04 -2.170266792959848513e-03
1.260876177577141061e+04 -2.199184957029597792e-03
1.259290169806603990e+04 -2.232793660417295347e-03
1.257708146980213678e+04 -2.241190167939847901e-03
