1.813651603254075962e+04 9.100235926963472265e-04
1.810371943935352829e+04 8.601193394210886840e-04
1.807104124541967758e+04 8.559793534882894055e-04
1.803848081074324728e+04 8.847697007546125253e-04
1.800603749993255769e+04 9.357808174634137891e-04
1.797371068215888954e+04 9.661433153939499256e-04
1.794149973111559666e+04 9.767121636539296235e-04
1.790940402497763716e+04 9.589012395853960778e-04
1.787742294636160659e+04 9.274243147529974722e-04
1.784555588228609849e+04 8.873294055534611084e-04
1.781380222413256342e+04 8.609892417472238485e-04
1.778216136760657173e+04 8.750159569924607916e-04
1.775063271269946927e+04 9.013640823201307314e-04
1.771921566365044418e+04 9.338142281164716089e-04
1.768790962890901574e+04 9.461217896379260812e-04
1.765671402109788687e+04 9.446060429436026282e-04
1.762562825697623339e+04 9.369373345429883549e-04
1.759465175740333871e+04 9.364611412292522287e-04
1.756378394730263244e+04 9.498530168149047891e-04
1.753302425562609642e+04 9.662833616730187548e-04
1.750237211531905996e+04 9.877048678305021777e-04
1.747182696328534439e+04 1.018167348373255317e-03
1.744138824035278958e+04 1.066795332539733536e-03
1.741105539123913331e+04 1.110402044050161222e-03
1.738082786451823267e+04 1.160453306362178773e-03
1.735070511258665283e+04 1.235852622197991871e-03
1.732068659163062330e+04 1.327920993068056835e-03
1.729077176159326336e+04 1.427590351988608681e-03
1.726096008614224411e+04 1.534568546855355096e-03
1.723125103263769415e+04 1.633793434079884371e-03
1.720164407210051650e+04 1.686781062491342440e-03
1.717213867918096366e+04 1.706222883231146500e-03
1.714273433212757300e+04 1.758761301815165703e-03
1.711343051275641119e+04 1.806429965157412562e-03
1.708422670642064986e+04 1.834618778142382660e-03
1.705512240198041036e+04 1.864732927506737017e-03
1.702611709177295779e+04 1.845884288356116872e-03
1.699721027158319339e+04 1.811353522588902412e-03
1.696840144061440878e+04 1.770872564190093673e-03
1.693969010145939319e+04 1.722753974592369092e-03
1.691107576007179159e+04 1.667397794000866290e-03
1.688255792573777580e+04 1.630555475564932381e-03
1.685413611104798110e+04 1.567505177799090408e-03
1.682580983186974845e+04 1.504879456126579631e-03
1.679757860731963228e+04 1.418951832597167536e-03
1.676944195973618480e+04 1.352306559839841537e-03
1.674139941465301308e+04 1.290048406173462288e-03
1.671345050077211999e+04 1.225245257494740831e-03
1.668559474993749973e+04 1.141310695041293814e-03
1.665783169710898437e+04 1.047927171687872399e-03
1.663016088033637789e+04 9.459545802104904824e-04
1.660258184073383018e+04 8.368479297044878126e-04
1.657509412245447311e+04 7.093752614328566360e-04
1.654769727266528935e+04 5.760271485831372279e-04
1.652039084152227952e+04 4.441770639697684739e-04
1.649317438214580034e+04 3.307224917068590764e-04
1.646604745059621928e+04 2.296558357743051196e-04
1.643900960584975473e+04 1.148000374993628258e-04
1.641206040977459270e+04 -5.009954780987699888e-06
1.638519942710720352e+04 -1.192082595543189161e-04
1.635842622542892241e+04 -2.306774374293606514e-04
1.633174037514274096e+04 -3.423973467392130610e-04
1.630514144945032604e+04 -4.806765457695748550e-04
1.627862902432926967e+04 -6.380246953461595058e-04
1.625220267851055360e+04 -7.749915848593991316e-04
1.622586199345624118e+04 -8.911109104191523638e-04
1.619960655333737850e+04 -9.803447765505241517e-04
1.617343594501211919e+04 -1.030684773290248485e-03
1.614734975800403481e+04 -1.039465150634530941e-03
1.612134758448067805e+04 -1.001783997404657144e-03
1.609542901923231693e+04 -9.201273518118603190e-04
1.606959365965088546e+04 -8.087491203691680747e-04
1.604384110570913617e+04 -6.669075312327360809e-04
1.601817095994000192e+04 -4.966935402819644407e-04
1.599258282741613584e+04 -3.121981652081752870e-04
1.596707631572966784e+04 -1.311092906550672830e-04
1.594165103497213568e+04 2.503091810794310095e-05
1.591630659771462706e+04 1.489675567160801488e-04
1.589104261898809818e+04 2.745672291086338410e-04
1.586585871626386870e+04 4.080666349619810037e-04
1.584075450943433680e+04 5.220261563579467511e-04
1.581572962079383979e+04 6.007293886326703575e-04
1.579078367501971661e+04 6.089001999493315071e-04
1.576591629915354315e+04 5.645939915365254724e-04
1.574112712258254760e+04 4.866549370532248834e-04
1.571641577702119503e+04 3.963743719541379645e-04
1.569178189649294836e+04 3.067979977763759364e-04
1.566722511731220948e+04 2.156789464723752909e-04
1.564274507806640759e+04 1.288073580557800007e-04
1.561834141959828594e+04 6.091833628309888983e-05
1.559401378498831946e+04 1.361050185518862960e-06
1.556976181953732521e+04 -6.497903511182629072e-05
1.554558517074922565e+04 -1.244231999235345665e-04
1.552148348831395560e+04 -1.660292230213400216e-04
1.549745642409055836e+04 -1.839962345472034280e-04
1.547350363209042007e+04 -1.836240334169211559e-04
1.544962476846064965e+04 -1.851264341069485514e-04
1.542581949146764237e+04 -1.819368029337249616e-04
1.540208746148076898e+04 -1.616239166678786821e-04
1.537842834095622493e+04 -1.212104544093461564e-04
1.535484179442101595e+04 -5.469744430933148177e-05
1.533132748845712194e+04 2.715106706056414121e-05
1.530788509168578094e+04 1.191080871538023758e-04
1.528451427475190940e+04 1.988657593943265838e-04
1.526121471030869179e+04 2.711790807112304780e-04
1.523798607300228650e+04 3.650377231216590909e-04
1.521482803945669002e+04 4.850367889507721129e-04
1.519174028825872665e+04 6.438355877071295355e-04
1.516872249994318190e+04 8.061299506150237026e-04
1.514577435697806504e+04 9.505820992240928639e-04
1.512289554375000262e+04 1.091302179717256642e-03
1.510008574654977565e+04 1.244087344151113914e-03
1.507734465355798420e+04 1.427326718787541885e-03
1.505467195483082651e+04 1.660243038756045947e-03
1.503206734228603636e+04 1.898076803088470134e-03
1.500953050968890784e+04 2.168638494557000029e-03
1.498706115263847641e+04 2.376916240444466172e-03
1.496465896855381288e+04 2.710123305411212425e-03
1.494232365666045007e+04 2.924945969420250213e-03
1.492005491797690047e+04 3.244519910709503432e-03
1.489785245530133943e+04 3.573671947606419600e-03
1.487571597319836837e+04 3.918785465722101659e-03
1.485364517798590714e+04 4.291866306709467803e-03
1.483163977772222279e+04 4.685876266835409081e-03
1.480969948219304752e+04 5.043650819920300274e-03
1.478782400289882025e+04 5.369571203752320637e-03
1.476601305304203379e+04 5.715438445247735151e-03
1.474426634751473102e+04 5.984593130371763589e-03
1.472258360288603217e+04 6.300642074710489926e-03
1.470096453738986929e+04 6.516550030774860384e-03
1.467940887091275727e+04 6.707970889713451949e-03
1.465791632498169929e+04 6.862937553029249509e-03
1.463648662275219431e+04 6.973827799765375604e-03
1.461511948899635172e+04 6.956475217810763507e-03
1.459381465009110980e+04 6.868693082690493709e-03
1.457257183400655231e+04 6.736208589253150220e-03
1.455139077029433247e+04 6.541031384798124890e-03
1.453027119007619694e+04 6.317699805870809725e-03
1.450921282603261170e+04 6.048821299376480436e-03
1.448821541239146427e+04 5.731630258245491542e-03
1.446727868491690788e+04 5.371229324705233989e-03
1.444640238089826926e+04 4.989677686784999185e-03
1.442558623913904921e+04 4.610686941323324968e-03
1.440482999994604688e+04 4.272187790918104654e-03
1.438413340511853676e+04 3.928183735455509015e-03
1.436349619793759121e+04 3.595842482973078767e-03
1.434291812315544666e+04 3.242377474418965330e-03
1.432239892698497897e+04 2.893187274959526691e-03
1.430193835708928600e+04 2.575677341567330150e-03
1.428153616257132853e+04 2.300475795516579870e-03
1.426119209396367660e+04 2.062482052205755374e-03
1.424090590321835043e+04 1.834427240378055371e-03
1.422067734369673235e+04 1.603790703954067033e-03
1.420050617015957505e+04 1.389648404633934487e-03
1.418039213875708629e+04 1.210155030574523033e-03
1.416033500701909543e+04 1.064484656593117423e-03
1.414033453384534005e+04 9.437121202018156031e-04
1.412039047949576889e+04 8.039668509495032783e-04
1.410050260558098671e+04 6.485532283248465063e-04
1.408067067505274281e+04 4.952898474395914762e-04
1.406089445219452500e+04 3.676828522368807647e-04
1.404117370261220458e+04 2.884902108984412593e-04
1.402150819322479219e+04 2.218779852908642951e-04
1.400189769225524469e+04 1.508477844661338036e-04
1.398234196922137016e+04 5.847444236070159306e-05
1.396284079492678211e+04 -4.896866855668310746e-05
1.394339394145195183e+04 -1.368531544090722380e-04
1.392400118214534086e+04 -2.048517975003813062e-04
1.390466229161458432e+04 -2.577183079220030418e-04
1.388537704571775248e+04 -3.078063207664393842e-04
1.386614522155470877e+04 -3.638593656527626397e-04
1.384696659745850775e+04 -4.248913795843163393e-04
1.382784095298688044e+04 -4.882358914785520608e-04
1.380876806891379420e+04 -5.430971555151822014e-04
1.378974772722107446e+04 -5.866987940221748054e-04
1.377077971109009741e+04 -6.179402300189102597e-04
1.375186380489354633e+04 -6.485459073441953749e-04
1.373299979418724615e+04 -6.895373433007157037e-04
1.371418746570205622e+04 -7.305868312742357269e-04
1.369542660733584307e+04 -7.586564539559334129e-04
1.367671700814549331e+04 -7.710694186180931924e-04
1.365805845833901913e+04 -7.740424735746564457e-04
1.363945074926771304e+04 -7.953150201865678013e-04
1.362089367341836805e+04 -8.355019632767304036e-04
1.360238702440557245e+04 -8.856321230918231049e-04
1.358393059696404453e+04 -9.331641219398074255e-04
1.356552418694105654e+04 -9.533036807144849595e-04
1.354716759128890590e+04 -9.595056341007554470e-04
1.352886060805743364e+04 -9.593633009571940311e-04
1.351060303638664118e+04 -9.747671007284646047e-04
1.349239467649932703e+04 -1.010873487083087862e-03
1.347423532969380904e+04 -1.055665405896389318e-03
1.345612479833669386e+04 -1.103510530763761972e-03
1.343806288585570655e+04 -1.145535865202488473e-03
1.342004939673257650e+04 -1.180098234637120365e-03
1.340208413649598515e+04 -1.211005878590263284e-03
1.338416691171457387e+04 -1.241040668767216630e-03
1.336629752998998629e+04 -1.266816725132059685e-03
1.334847579994999978e+04 -1.293360988056459909e-03
1.333070153124168064e+04 -1.319998901830114453e-03
1.331297453452460286e+04 -1.338169130628198093e-03
1.329529462146414335e+04 -1.345448234900461235e-03
1.327766160472480260e+04 -1.354278499085627852e-03
1.326007529796357630e+04 -1.365199740872279641e-03
1.324253551582341606e+04 -1.381498221704613753e-03
1.322504207392668468e+04 -1.404863986363817999e-03
1.320759478886873512e+04 -1.431478840608540809e-03
1.319019347821146403e+04 -1.462041993778608311e-03
1.317283796047697433e+04 -1.490614011129102546e-03
1.315552805514125976e+04 -1.517985174035932925e-03
1.313826358262795475e+04 -1.540741493538151088e-03
1.312104436430209898e+04 -1.558734677495823319e-03
1.310387022246400556e+04 -1.576676629966141481e-03
1.308674098034313829e+04 -1.603112351658426840e-03
1.306965646209203805e+04 -1.623352717931460156e-03
1.305261649278031655e+04 -1.645643047042986929e-03
1.303562089838867360e+04 -1.657958977738667548e-03
1.301866950580299272e+04 -1.661692794534725976e-03
1.300176214280844215e+04 -1.660708409299689083e-03
1.298489863808365772e+04 -1.661491333170280610e-03
1.296807882119494752e+04 -1.687851372944791997e-03
1.295130252259055851e+04 -1.728604408009779946e-03
1.293456957359496300e+04 -1.775464306054592512e-03
1.291787980640322712e+04 -1.818813746025984548e-03
1.290123305407538828e+04 -1.859846468815247542e-03
1.288462915053088727e+04 -1.904483995198168016e-03
1.286806793054306218e+04 -1.942210187217471113e-03
1.285154922973363500e+04 -1.968235409115282920e-03
1.283507288456730748e+04 -1.984247828911678627e-03
1.281863873234635139e+04 -1.994370031809453592e-03
1.280224661120524433e+04 -2.010150350793507134e-03
1.278589636010536378e+04 -2.030364109900319528e-03
1.276958781882972289e+04 -2.060105535759012250e-03
1.275332082797770818e+04 -2.072006182948869530e-03
1.273709522895992450e+04 -2.074056100554471770e-03
1.272091086399301093e+04 -2.076472759698556013e-03
1.270476757609454398e+04 -2.092500455334972594e-03
1.268866520907794802e+04 -2.109093449042119713e-03
1.267260360754746944e+04 -2.134636625896585514e-03
1.265658261689317442e+04 -2.174743533582479231e-03
1.264060208328598492e+04 -2.195909963106407355e-03
1.262466185367276194e+04 -2.197698108425999615e-03
1.260876177577141061e+04 -2.200315552021258562e-03
1.259290169806603990e+04 -2.216315542044593190e-03
1.257708146980213678e+04 -2.227844527690780053e-03
