1.812729698199629638e+04 2.225768030028969259e-03
1.808502995300090333e+04 2.021300156892933721e-03
1.803458627996576251e+04 1.824803088414985895e-03
1.799277460001043437e+04 1.724042887633374420e-03
1.793456290224298937e+04 1.626765384238048782e-03
1.787673879932286218e+04 1.515866084821246643e-03
1.783567917759819466e+04 1.405947736471181405e-03
1.779481977259496853e+04 1.323450959066245361e-03
1.775414714770798309e+04 1.294807218837830051e-03
1.772985898127638939e+04 1.299743591534644306e-03
1.770563717783098036e+04 1.305448387483002350e-03
1.768148146575569262e+04 1.300851360406094946e-03
1.766541819552142260e+04 1.292896425715101818e-03
1.765741527649321142e+04 1.286085233807845877e-03
1.762538151679005750e+04 1.274937314367557452e-03
1.760943175667002288e+04 1.268320506467687098e-03
1.760147947262598245e+04 1.265813486175411092e-03
1.759353436772061104e+04 1.265121310478242419e-03
1.757765391248312517e+04 1.271027096093513449e-03
1.756179037694573344e+04 1.285478949990357918e-03
1.754594374707941461e+04 1.303276265280550912e-03
1.753804868820782212e+04 1.309034499437681685e-03
1.752225652611425903e+04 1.324475184827078426e-03
1.750649277858657297e+04 1.340278944205719990e-03
1.749074574085727727e+04 1.363934427621023900e-03
1.749076899716804473e+04 1.359554915593216709e-03
1.747506182831243495e+04 1.387760287049819930e-03
1.746724201201186952e+04 1.399774702849854602e-03
1.745940601802688980e+04 1.417923092026940508e-03
1.744374353728467395e+04 1.458526971465244973e-03
1.743596327391361774e+04 1.470278858323130445e-03
1.742036587561157285e+04 1.505582622171362924e-03
1.740479635777688600e+04 1.540562999226125981e-03
1.738146548531858571e+04 1.604877879459584581e-03
1.738149993526034814e+04 1.596663362034664519e-03
1.737375213811783397e+04 1.616719316808595819e-03
1.735825434152775779e+04 1.665806645558350193e-03
1.735053869180649781e+04 1.686162235432869978e-03
1.733505941886958681e+04 1.745770531954794888e-03
1.731964194613698783e+04 1.796665956087836313e-03
1.729652728879800998e+04 1.884938001311930013e-03
1.728115554674458690e+04 1.944839546186801806e-03
1.726581110273089143e+04 2.007719348049454098e-03
1.723516994600531689e+04 2.152292887745378604e-03
1.720464860347900685e+04 2.282446841628549879e-03
1.718176111660231254e+04 2.393782495312527653e-03
1.715136138749301244e+04 2.512325565172138838e-03
1.712861536418773176e+04 2.591442440410371591e-03
1.709086130412497369e+04 2.689190890820800962e-03
1.706074891073336039e+04 2.747952037236389439e-03
1.704568277260280593e+04 2.782304801180191835e-03
1.703067629375835168e+04 2.791378119518505077e-03
1.700824903853214346e+04 2.780976017699970503e-03
1.699329739324628099e+04 2.783170920193468907e-03
1.697836105547368788e+04 2.786245571536107198e-03
1.697089178133091627e+04 2.792317842070321781e-03
1.694858884873848001e+04 2.784406301230701528e-03
1.693373096678551883e+04 2.789643666076241108e-03
1.691152553590829848e+04 2.790311394956214615e-03
1.689671083378391995e+04 2.815045310199944684e-03
1.687461314673464585e+04 2.827538356383178277e-03
1.685988462611161594e+04 2.835431171151431805e-03
1.683786154222805635e+04 2.810445197635346413e-03
1.681588517008721465e+04 2.761456266855464615e-03
1.679399824969455949e+04 2.686375758924761104e-03
1.677213615271518938e+04 2.613969135170709102e-03
1.675033090103240102e+04 2.558822323256229169e-03
1.672139487130469570e+04 2.500278974006847274e-03
1.669254805152480913e+04 2.437514407830405298e-03
1.667813550120906075e+04 2.406937893484374213e-03
1.664945869044472420e+04 2.307187440899535237e-03
1.664228646686502907e+04 2.284970490123098674e-03
1.662798156009167724e+04 2.230728862334829810e-03
1.660659121431499807e+04 2.144241508668287468e-03
1.657815969628270977e+04 2.033830190314027918e-03
1.655688683926526573e+04 1.952614020857017805e-03
1.651452522080249764e+04 1.776660029317200361e-03
1.647241075833102877e+04 1.615482394231661321e-03
1.643749108685247847e+04 1.458466220090565407e-03
1.640274983322895787e+04 1.251428040989870961e-03
1.636127403527352544e+04 9.405107650079153926e-04
1.634063499174137178e+04 7.723083631197472489e-04
1.631319712963021266e+04 5.356074642000890765e-04
1.627903917928158990e+04 2.254118412789355265e-04
1.625863709898709567e+04 5.703782623465801895e-05
1.623830613836303019e+04 -9.166129513641158217e-05
1.621801596335398972e+04 -2.155198427273826768e-04
1.619778640375526084e+04 -3.140482951624948543e-04
1.618432472581282855e+04 -3.694095910785538455e-04
1.617090528365992941e+04 -4.169698354689002780e-04
1.615077317814831076e+04 -4.788611188048033109e-04
1.615082275187511914e+04 -4.751734631947819674e-04
1.613745878647196150e+04 -4.988057153152023132e-04
1.613081970956707301e+04 -5.020669029815625836e-04
1.611749868685388174e+04 -5.019262360343016739e-04
1.611087601990457733e+04 -4.940736984239780865e-04
1.609756820371122376e+04 -4.742715911264854477e-04
1.607763782496012936e+04 -4.212960486181521334e-04
1.607105768547585649e+04 -3.942175135848696027e-04
1.607110677104676688e+04 -3.912002031679278702e-04
1.605785474574416367e+04 -3.361291953965260602e-04
1.603801274671731153e+04 -2.452460038136307970e-04
1.603143568932484777e+04 -2.126315919481196626e-04
1.601824898094626769e+04 -1.471299267952205043e-04
1.601167837548680473e+04 -1.127171251366383003e-04
1.600511315827597173e+04 -7.634883504007753904e-05
1.599197942066398355e+04 2.304868262725380818e-06
1.597229978654824845e+04 1.357420404551172317e-04
1.595264918224537541e+04 2.751262745933191604e-04
1.592649775744805083e+04 4.459914167648809267e-04
1.589389999740726489e+04 6.136908248459754453e-04
1.586788325530304246e+04 7.014981507516654348e-04
1.583545803013125624e+04 7.881398151801473264e-04
1.580317454589635599e+04 8.253902275283524518e-04
1.577103187940978933e+04 7.907788454087704517e-04
1.574539665775230787e+04 7.187703840054726883e-04
1.571347897244898559e+04 5.958638670086859523e-04
1.566271066421880278e+04 3.692702219588473995e-04
1.561859035248861073e+04 2.053464189524698523e-04
1.557473634782973568e+04 1.312070705642379848e-04
1.554980831549858158e+04 8.741859196617171482e-05
1.552495995241937453e+04 -6.799179626394151165e-06
1.550638487290839475e+04 -7.764127131241387123e-05
1.549402920230377640e+04 -1.140006007733949868e-04
1.547553712311799427e+04 -1.492741326276101688e-04
1.546323963235424890e+04 -1.520100831726375629e-04
1.544483906483012470e+04 -1.239838272071810174e-04
1.542646414620872383e+04 -7.556516480306304108e-05
1.540813289737481864e+04 -2.972705704698902509e-05
1.538984516283492121e+04 1.342350478352672869e-05
1.538377988359643132e+04 2.705743317029348353e-05
1.537163671250358675e+04 5.347939725800572082e-05
1.535343545799125968e+04 9.211963438887506674e-05
1.534740779086711518e+04 1.069893238402512206e-04
1.533531301108962180e+04 1.450719902533018372e-04
1.532323727928548215e+04 1.924533990116857616e-04
1.530515929821285863e+04 2.782091777381441545e-04
1.528713280550485979e+04 3.724740702805087061e-04
1.527515940981013409e+04 4.373539827305085404e-04
1.525719462646364627e+04 5.361725707846734480e-04
1.523328957009442638e+04 6.548792191706250378e-04
1.522139153024231200e+04 7.075836742354184913e-04
1.520354413509023652e+04 8.007736421597568596e-04
1.518573854379926706e+04 9.044603365044515250e-04
1.516205670487077987e+04 1.075799991544146815e-03
1.515026963540147517e+04 1.168197082097008821e-03
1.512669820745151628e+04 1.370226747674930861e-03
1.510906337576086480e+04 1.515355058068382265e-03
1.509150424108218067e+04 1.646252685925950329e-03
1.507397723530754047e+04 1.786409118540071509e-03
1.505646504335001009e+04 1.948826240529069826e-03
1.504482430766817015e+04 2.060326732491522209e-03
1.502157959875361485e+04 2.314796454950084157e-03
1.499260316605088337e+04 2.667271230408030033e-03
1.496951090233605828e+04 2.951495353265568434e-03
1.493498438274809996e+04 3.401889600391304336e-03
1.490056612934203986e+04 3.880473197916207029e-03
1.486628934683242915e+04 4.335831892418253938e-03
1.484350888524883885e+04 4.632836784313700343e-03
1.482642752589259180e+04 4.900081807816726413e-03
1.482071464246766300e+04 5.027085200381954666e-03
1.479805688695463868e+04 5.297439439104330294e-03
1.479801526985944838e+04 5.360685958121736913e-03
1.478106330787054867e+04 5.549129880950313433e-03
1.476976974112366588e+04 5.685505008060327999e-03
1.476410042840786809e+04 5.796527181762977168e-03
1.475282448546103478e+04 5.933525247215672670e-03
1.474715990522952961e+04 6.051609132388838068e-03
1.473590981390926208e+04 6.169137679429174265e-03
1.472466863301068770e+04 6.282828126333232788e-03
1.472461918663683718e+04 6.363425553687730024e-03
1.470780198201812345e+04 6.480145338408909057e-03
1.470773620454454249e+04 6.587383996272283895e-03
1.470208975782279231e+04 6.698012018138194655e-03
1.469090009688624559e+04 6.759643266044033233e-03
1.469084267377106153e+04 6.852763414815265901e-03
1.467966192914707426e+04 6.910131347089757889e-03
1.466294720216437781e+04 6.925896769854866450e-03
1.465734325230480681e+04 6.988981298889244964e-03
1.465727792538760150e+04 7.092208241994223290e-03
1.464616450010618973e+04 7.077110235161073078e-03
1.464610742617874348e+04 7.166179986159508172e-03
1.463498650432931390e+04 7.173494942561722126e-03
1.462940390230961748e+04 7.214474718615827668e-03
1.462933882420257942e+04 7.313771975388273783e-03
1.461826771044991074e+04 7.255700938980032960e-03
1.460718090021661737e+04 7.227540554711034231e-03
1.460161948723814567e+04 7.241146987490314733e-03
1.460156275995267606e+04 7.323505859628044214e-03
1.459050126444582929e+04 7.262428425729534551e-03
1.458493637186574233e+04 7.282407879636019696e-03
1.457939188115779507e+04 7.274595862464114902e-03
1.456291264840619260e+04 7.050725907143568470e-03
1.455740099642568202e+04 7.004515904150003351e-03
1.455733655734279273e+04 7.088352518008917899e-03
1.454634998543561233e+04 6.954176654509968206e-03
1.454083478774607829e+04 6.918982363553280966e-03
1.452986507597270793e+04 6.781302684265803210e-03
1.451891190298342917e+04 6.635003253973275998e-03
1.451342549417251030e+04 6.578017910443360698e-03
1.450249708342286613e+04 6.425164365375599269e-03
1.449702307092991396e+04 6.365010522282660635e-03
1.448615124353690226e+04 6.175082190831124480e-03
1.448068159109414046e+04 6.120586319754273315e-03
1.447521606753358537e+04 6.063417750146823763e-03
1.446434510183834391e+04 5.894939795222308224e-03
1.445349839254186190e+04 5.711648163313053778e-03
1.443728652519461866e+04 5.402247166710580882e-03
1.442646452348491221e+04 5.224866279257456454e-03
1.440495587699491807e+04 4.804126407199101403e-03
1.438886840119547560e+04 4.501740921546107388e-03
1.437813455343408896e+04 4.328543263044389890e-03
1.436210689671999899e+04 4.050226415959515616e-03
1.434611493305646218e+04 3.770082352355622664e-03
1.433015073794193086e+04 3.490799577576820297e-03
1.431423760901748028e+04 3.212392857585607674e-03
1.429308535228289657e+04 2.860370415413836243e-03
1.427725439104385987e+04 2.632107922623740277e-03
1.425098326605279726e+04 2.310552088703440431e-03
1.421958832842031552e+04 1.952699630189356659e-03
1.419874532238497886e+04 1.718039256757810307e-03
1.417794804911103347e+04 1.498331141562311234e-03
1.415206362024530608e+04 1.273764967920106407e-03
1.412627353262990619e+04 1.081756128027941671e-03
1.408521489581533206e+04 7.592661184428539179e-04
1.404949419818736351e+04 4.943143419647701240e-04
1.400383933214116041e+04 2.743882835056562640e-04
1.397356724160163867e+04 1.417280806462347623e-04
1.393342713544856633e+04 -5.830582973209736547e-05
1.389847855675440587e+04 -2.154265899190714443e-04
1.384886130465152382e+04 -3.457801860956779974e-04
1.380450625552684141e+04 -4.633406260687422781e-04
1.377021503605092767e+04 -5.384291501239718385e-04
1.372637585747481171e+04 -6.069341739916313781e-04
1.370212688664836969e+04 -6.426700204740924986e-04
1.366352184912303346e+04 -7.010602634868494040e-04
1.361080342832323731e+04 -8.190244717620572728e-04
1.356322238238539830e+04 -9.192730001333397020e-04
1.352068923582091884e+04 -9.514101518898417141e-04
1.347841511108573832e+04 -1.069281922147129324e-03
1.344572977017731500e+04 -1.162010904083445473e-03
1.341319573211068382e+04 -1.236894775066988555e-03
1.338081195087550623e+04 -1.318405344552368765e-03
