1.812729698199629638e+04 9.570802529124566860e-03
1.808502995300090333e+04 8.691590674639614045e-03
1.803458627996576251e+04 7.846653280184440193e-03
1.799277460001043437e+04 7.413384416823510029e-03
1.793456290224298937e+04 6.995091152223610609e-03
1.787673879932286218e+04 6.518224164731360910e-03
1.783567917759819466e+04 6.045575266826079541e-03
1.779481977259496853e+04 5.690839123984854989e-03
1.775414714770798309e+04 5.567671041002669741e-03
1.772985898127638939e+04 5.588897443598971580e-03
1.770563717783098036e+04 5.613428066176910473e-03
1.768148146575569262e+04 5.593660849746207725e-03
1.766541819552142260e+04 5.559454630574937883e-03
1.765741527649321142e+04 5.530166505373736337e-03
1.762538151679005750e+04 5.482230451780496956e-03
1.760943175667002288e+04 5.453778177811054347e-03
1.760147947262598245e+04 5.442997990554266849e-03
1.759353436772061104e+04 5.440021635056442942e-03
1.757765391248312517e+04 5.465416513202109132e-03
1.756179037694573344e+04 5.527559484958539070e-03
1.754594374707941461e+04 5.604087940706369356e-03
1.753804868820782212e+04 5.628848347582031397e-03
1.752225652611425903e+04 5.695243294756437147e-03
1.750649277858657297e+04 5.763199460084595521e-03
1.749074574085727727e+04 5.864918038770402901e-03
1.749076899716804473e+04 5.846086137050831959e-03
1.747506182831243495e+04 5.967369234314225286e-03
1.746724201201186952e+04 6.019031222254374834e-03
1.745940601802688980e+04 6.097069295715845140e-03
1.744374353728467395e+04 6.271665977300553904e-03
1.743596327391361774e+04 6.322199090789460720e-03
1.742036587561157285e+04 6.474005275336860640e-03
1.740479635777688600e+04 6.624420896672342067e-03
1.738146548531858571e+04 6.900974881676213632e-03
1.738149993526034814e+04 6.865652456749057712e-03
1.737375213811783397e+04 6.951893062276962888e-03
1.735825434152775779e+04 7.162968575900905549e-03
1.735053869180649781e+04 7.250497612361341167e-03
1.733505941886958681e+04 7.506813287405618602e-03
1.731964194613698783e+04 7.725663611177695927e-03
1.729652728879800998e+04 8.105233405641298211e-03
1.728115554674458690e+04 8.362810048603248197e-03
1.726581110273089143e+04 8.633193196612654052e-03
1.723516994600531689e+04 9.254859417305126915e-03
1.720464860347900685e+04 9.814521419002764438e-03
1.718176111660231254e+04 1.029326472984386925e-02
1.715136138749301244e+04 1.080299993024019627e-02
1.712861536418773176e+04 1.114320249376459654e-02
1.709086130412497369e+04 1.156352083052944631e-02
1.706074891073336039e+04 1.181619376011647411e-02
1.704568277260280593e+04 1.196391064507482636e-02
1.703067629375835168e+04 1.200292591392957200e-02
1.700824903853214346e+04 1.195819687610987468e-02
1.699329739324628099e+04 1.196763495683191535e-02
1.697836105547368788e+04 1.198085595760526277e-02
1.697089178133091627e+04 1.200696672090238379e-02
1.694858884873848001e+04 1.197294709529201674e-02
1.693373096678551883e+04 1.199546776412783490e-02
1.691152553590829848e+04 1.199833899831172397e-02
1.689671083378391995e+04 1.210469483385976340e-02
1.687461314673464585e+04 1.215841493244766702e-02
1.685988462611161594e+04 1.219235403595115771e-02
1.683786154222805635e+04 1.208491434983199019e-02
1.681588517008721465e+04 1.187426194747849897e-02
1.679399824969455949e+04 1.155141576337647379e-02
1.677213615271518938e+04 1.124006728123404762e-02
1.675033090103240102e+04 1.100293599000178556e-02
1.672139487130469570e+04 1.075119958822944380e-02
1.669254805152480913e+04 1.048131195367074317e-02
1.667813550120906075e+04 1.034983294198280925e-02
1.664945869044472420e+04 9.920905995867999871e-03
1.664228646686502907e+04 9.825373107529324079e-03
1.662798156009167724e+04 9.592134108039768528e-03
1.660659121431499807e+04 9.220238487273635028e-03
1.657815969628270977e+04 8.745469818350320307e-03
1.655688683926526573e+04 8.396240289685176147e-03
1.651452522080249764e+04 7.639638126063961164e-03
1.647241075833102877e+04 6.946574295196143202e-03
1.643749108685247847e+04 6.271404746389430684e-03
1.640274983322895787e+04 5.381140576256444874e-03
1.636127403527352544e+04 4.044196289534036405e-03
1.634063499174137178e+04 3.320925961414912704e-03
1.631319712963021266e+04 2.303112096060383127e-03
1.627903917928158990e+04 9.692709174994227316e-04
1.625863709898709567e+04 2.452626528090294869e-04
1.623830613836303019e+04 -3.941435690865698169e-04
1.621801596335398972e+04 -9.267353237277454938e-04
1.619778640375526084e+04 -1.350407669198727982e-03
1.618432472581282855e+04 -1.588461241637781612e-03
1.617090528365992941e+04 -1.792970292516271038e-03
1.615077317814831076e+04 -2.059102810860654383e-03
1.615082275187511914e+04 -2.043245891737562655e-03
1.613745878647196150e+04 -2.144864575855370131e-03
1.613081970956707301e+04 -2.158887682820719196e-03
1.611749868685388174e+04 -2.158282814947497154e-03
1.611087601990457733e+04 -2.124516903223106021e-03
1.609756820371122376e+04 -2.039367841843887398e-03
1.607763782496012936e+04 -1.811573009058054136e-03
1.607105768547585649e+04 -1.695135308414939162e-03
1.607110677104676688e+04 -1.682160873622089853e-03
1.605785474574416367e+04 -1.445355540205062054e-03
1.603801274671731153e+04 -1.054557816398612579e-03
1.603143568932484777e+04 -9.143158453769145927e-04
1.601824898094626769e+04 -6.326586852194481577e-04
1.601167837548680473e+04 -4.846836380875447375e-04
1.600511315827597173e+04 -3.282999906723334423e-04
1.599197942066398355e+04 9.910933529719137138e-06
1.597229978654824845e+04 5.836907739570040528e-04
1.595264918224537541e+04 1.183042980751272547e-03
1.592649775744805083e+04 1.917763092088987757e-03
1.589389999740726489e+04 2.638870546837694675e-03
1.586788325530304246e+04 3.016442048232161142e-03
1.583545803013125624e+04 3.389001205274633655e-03
1.580317454589635599e+04 3.549177978371915315e-03
1.577103187940978933e+04 3.400349035257712975e-03
1.574539665775230787e+04 3.090712651223532365e-03
1.571347897244898559e+04 2.562214628137350018e-03
1.566271066421880278e+04 1.587861954423043726e-03
1.561859035248861073e+04 8.829896014956203866e-04
1.557473634782973568e+04 5.641904034262233128e-04
1.554980831549858158e+04 3.758999454545384035e-04
1.552495995241937453e+04 -2.923647239349484814e-05
1.550638487290839475e+04 -3.338574666433797113e-04
1.549402920230377640e+04 -4.902025833255984569e-04
1.547553712311799427e+04 -6.418787702987237016e-04
1.546323963235424890e+04 -6.536433576423416074e-04
1.544483906483012470e+04 -5.331304569908783394e-04
1.542646414620872383e+04 -3.249302086531710970e-04
1.540813289737481864e+04 -1.278263453020528123e-04
1.538984516283492121e+04 5.772107056916493065e-05
1.538377988359643132e+04 1.163469626322619755e-04
1.537163671250358675e+04 2.299614082094246124e-04
1.535343545799125968e+04 3.961144278721627585e-04
1.534740779086711518e+04 4.600540925130802011e-04
1.533531301108962180e+04 6.238095580891977023e-04
1.532323727928548215e+04 8.275496157502487638e-04
1.530515929821285863e+04 1.196299464274019897e-03
1.528713280550485979e+04 1.601638502206187507e-03
1.527515940981013409e+04 1.880622125741186756e-03
1.525719462646364627e+04 2.305542054374095338e-03
1.523328957009442638e+04 2.815980642433687457e-03
1.522139153024231200e+04 3.042609799212299578e-03
1.520354413509023652e+04 3.443326661286954041e-03
1.518573854379926706e+04 3.889179446969141807e-03
1.516205670487077987e+04 4.625939963639831912e-03
1.515026963540147517e+04 5.023247453017138341e-03
1.512669820745151628e+04 5.891975015002202422e-03
1.510906337576086480e+04 6.516026749694043239e-03
1.509150424108218067e+04 7.078886549481586479e-03
1.507397723530754047e+04 7.681559209722307359e-03
1.505646504335001009e+04 8.379952834274999318e-03
1.504482430766817015e+04 8.859404949713545196e-03
1.502157959875361485e+04 9.953624756285361919e-03
1.499260316605088337e+04 1.146926629075452862e-02
1.496951090233605828e+04 1.269143001904194344e-02
1.493498438274809996e+04 1.462812528168260830e-02
1.490056612934203986e+04 1.668603475103969114e-02
1.486628934683242915e+04 1.864407713739849037e-02
1.484350888524883885e+04 1.992119817254891026e-02
1.482642752589259180e+04 2.107035177361192210e-02
1.482071464246766300e+04 2.161646636164240437e-02
1.479805688695463868e+04 2.277898958814861957e-02
1.479801526985944838e+04 2.305094961992346786e-02
1.478106330787054867e+04 2.386125848808634889e-02
1.476976974112366588e+04 2.444767153465941117e-02
1.476410042840786809e+04 2.492506688158079714e-02
1.475282448546103478e+04 2.551415856302739413e-02
1.474715990522952961e+04 2.602191926927200152e-02
1.473590981390926208e+04 2.652729202154545385e-02
1.472466863301068770e+04 2.701616094323290237e-02
1.472461918663683718e+04 2.736272988085724014e-02
1.470780198201812345e+04 2.786462495515830765e-02
1.470773620454454249e+04 2.832575118397082092e-02
1.470208975782279231e+04 2.880145167799423589e-02
1.469090009688624559e+04 2.906646604398934255e-02
1.469084267377106153e+04 2.946688268370564051e-02
1.467966192914707426e+04 2.971356479248596014e-02
1.466294720216437781e+04 2.978135611037592556e-02
1.465734325230480681e+04 3.005261958522375057e-02
1.465727792538760150e+04 3.049649544057516162e-02
1.464616450010618973e+04 3.043157401119261224e-02
1.464610742617874348e+04 3.081457394048588150e-02
1.463498650432931390e+04 3.084602825301540827e-02
1.462940390230961748e+04 3.102224129004805750e-02
1.462933882420257942e+04 3.144921949416957380e-02
1.461826771044991074e+04 3.119951403761413861e-02
1.460718090021661737e+04 3.107842438525744780e-02
1.460161948723814567e+04 3.113693204620835223e-02
1.460156275995267606e+04 3.149107519640059055e-02
1.459050126444582929e+04 3.122844223063700117e-02
1.458493637186574233e+04 3.131435388243488521e-02
1.457939188115779507e+04 3.128076220859569295e-02
1.456291264840619260e+04 3.031812140071734468e-02
1.455740099642568202e+04 3.011941838784501155e-02
1.455733655734279273e+04 3.047991582743835026e-02
1.454634998543561233e+04 2.990295961439286276e-02
1.454083478774607829e+04 2.975162416327910980e-02
1.452986507597270793e+04 2.915960154234295207e-02
1.451891190298342917e+04 2.853051399208508809e-02
1.451342549417251030e+04 2.828547701490645438e-02
1.450249708342286613e+04 2.762820677111507695e-02
1.449702307092991396e+04 2.736954524581544645e-02
1.448615124353690226e+04 2.655285342057383396e-02
1.448068159109414046e+04 2.631852117494337673e-02
1.447521606753358537e+04 2.607269632563134071e-02
1.446434510183834391e+04 2.534824111945592484e-02
1.445349839254186190e+04 2.456008710224613298e-02
1.443728652519461866e+04 2.322966281685550152e-02
1.442646452348491221e+04 2.246692500080706492e-02
1.440495587699491807e+04 2.065774355095613760e-02
1.438886840119547560e+04 1.935748596264826385e-02
1.437813455343408896e+04 1.861273603109087765e-02
1.436210689671999899e+04 1.741597358862591663e-02
1.434611493305646218e+04 1.621135411512917776e-02
1.433015073794193086e+04 1.501043818358032723e-02
1.431423760901748028e+04 1.381328928761811278e-02
1.429308535228289657e+04 1.229959278627949619e-02
1.427725439104385987e+04 1.131806406728208189e-02
1.425098326605279726e+04 9.935373981424792944e-03
1.421958832842031552e+04 8.396608409814232746e-03
1.419874532238497886e+04 7.387568804058584210e-03
1.417794804911103347e+04 6.442823908717938003e-03
1.415206362024530608e+04 5.477189362056457227e-03
1.412627353262990619e+04 4.651551350520149661e-03
1.408521489581533206e+04 3.264844309304272118e-03
1.404949419818736351e+04 2.125551670448511208e-03
1.400383933214116041e+04 1.179869619074322027e-03
1.397356724160163867e+04 6.094307467788094698e-04
1.393342713544856633e+04 -2.507150678480186945e-04
1.389847855675440587e+04 -9.263343366520072810e-04
1.384886130465152382e+04 -1.486854800211415270e-03
1.380450625552684141e+04 -1.992364692095592148e-03
1.377021503605092767e+04 -2.315245345533078775e-03
1.372637585747481171e+04 -2.609816948164014796e-03
1.370212688664836969e+04 -2.763481088038597603e-03
1.366352184912303346e+04 -3.014559132993452611e-03
1.361080342832323731e+04 -3.521805228576846501e-03
1.356322238238539830e+04 -3.952873900573361521e-03
1.352068923582091884e+04 -4.091063653126320206e-03
1.347841511108573832e+04 -4.597912265232655289e-03
1.344572977017731500e+04 -4.996646887558815926e-03
1.341319573211068382e+04 -5.318647532788051656e-03
1.338081195087550623e+04 -5.669142981575185994e-03
