1.813651603254075962e+04 8.612685292290636705e-04
1.810371943935352829e+04 8.563492640454862777e-04
1.807104124541967758e+04 8.490944769560305506e-04
1.803848081074324728e+04 8.543115764711447591e-04
1.800603749993255769e+04 8.815980392192985290e-04
1.797371068215888954e+04 9.038965860294909463e-04
1.794149973111559666e+04 9.269168986493806720e-04
1.790940402497763716e+04 9.458410347114971310e-04
1.787742294636160659e+04 9.704349872538443758e-04
1.784555588228609849e+04 9.941293142323795462e-04
1.781380222413256342e+04 1.015108231230807314e-03
1.778216136760657173e+04 1.038448746477588051e-03
1.775063271269946927e+04 1.039188471545083280e-03
1.771921566365044418e+04 1.018205048846186102e-03
1.768790962890901574e+04 9.760908552927907884e-04
1.765671402109788687e+04 9.320119724053973652e-04
1.762562825697623339e+04 9.159830827990585048e-04
1.759465175740333871e+04 9.372482848637807935e-04
1.756378394730263244e+04 9.944064825784723876e-04
1.753302425562609642e+04 1.061854314691113976e-03
1.750237211531905996e+04 1.131103375534812721e-03
1.747182696328534439e+04 1.181471908325924585e-03
1.744138824035278958e+04 1.224385053078021505e-03
1.741105539123913331e+04 1.267150430608044538e-03
1.738082786451823267e+04 1.320165092346741462e-03
1.735070511258665283e+04 1.391116082606114841e-03
1.732068659163062330e+04 1.477061577001473076e-03
1.729077176159326336e+04 1.574352105641435703e-03
1.726096008614224411e+04 1.680830145821621399e-03
1.723125103263769415e+04 1.782463778595740804e-03
1.720164407210051650e+04 1.861581927575850287e-03
1.717213867918096366e+04 1.926083196286971794e-03
1.714273433212757300e+04 2.019901005967482746e-03
1.711343051275641119e+04 2.097547483942110731e-03
1.708422670642064986e+04 2.140842024245654535e-03
1.705512240198041036e+04 2.192681206737202588e-03
1.702611709177295779e+04 2.203525552547108777e-03
1.699721027158319339e+04 2.190469596101031827e-03
1.696840144061440878e+04 2.158752652396789696e-03
1.693969010145939319e+04 2.107387029811124551e-03
1.691107576007179159e+04 2.030796238651258120e-03
1.688255792573777580e+04 1.946745545604609828e-03
1.685413611104798110e+04 1.826546680919739502e-03
1.682580983186974845e+04 1.726671865585370676e-03
1.679757860731963228e+04 1.612550927610951080e-03
1.676944195973618480e+04 1.529400539975158974e-03
1.674139941465301308e+04 1.456153443025369823e-03
1.671345050077211999e+04 1.387162642172605834e-03
1.668559474993749973e+04 1.313176957831768861e-03
1.665783169710898437e+04 1.238837189778151538e-03
1.663016088033637789e+04 1.153806412337823883e-03
1.660258184073383018e+04 1.063084866713677338e-03
1.657509412245447311e+04 9.542232080910710958e-04
1.654769727266528935e+04 8.325258796433405648e-04
1.652039084152227952e+04 7.007892335484431192e-04
1.649317438214580034e+04 5.618628038240205784e-04
1.646604745059621928e+04 4.194458583582637051e-04
1.643900960584975473e+04 2.710862957201227324e-04
1.641206040977459270e+04 1.155092031650688830e-04
1.638519942710720352e+04 -4.840144361277384745e-05
1.635842622542892241e+04 -2.194252814691944492e-04
1.633174037514274096e+04 -3.943685943387381394e-04
1.630514144945032604e+04 -5.636498747609213020e-04
1.627862902432926967e+04 -7.192638901965022749e-04
1.625220267851055360e+04 -8.475665977286381877e-04
1.622586199345624118e+04 -9.503204478489091570e-04
1.619960655333737850e+04 -1.020141479754204912e-03
1.617343594501211919e+04 -1.055227779689461593e-03
1.614734975800403481e+04 -1.059912946393665569e-03
1.612134758448067805e+04 -1.024255789624244420e-03
1.609542901923231693e+04 -9.475729658682925053e-04
1.606959365965088546e+04 -8.369925907560282416e-04
1.604384110570913617e+04 -6.966803773447326946e-04
1.601817095994000192e+04 -5.439793675432041953e-04
1.599258282741613584e+04 -3.761559457661830131e-04
1.596707631572966784e+04 -1.905019384240586597e-04
1.594165103497213568e+04 1.886879750812712137e-06
1.591630659771462706e+04 1.925285653630230502e-04
1.589104261898809818e+04 3.542891201716215506e-04
1.586585871626386870e+04 4.839184265569771966e-04
1.584075450943433680e+04 5.742834150920968477e-04
1.581572962079383979e+04 6.276299235338314315e-04
1.579078367501971661e+04 6.396945971477092149e-04
1.576591629915354315e+04 6.163501630868398152e-04
1.574112712258254760e+04 5.639028832987555591e-04
1.571641577702119503e+04 4.928175202939868169e-04
1.569178189649294836e+04 4.119345112467821357e-04
1.566722511731220948e+04 3.193468006093811199e-04
1.564274507806640759e+04 2.215785949158433662e-04
1.561834141959828594e+04 1.346936600060732244e-04
1.559401378498831946e+04 6.259902485889021640e-05
1.556976181953732521e+04 1.526609457103292263e-05
1.554558517074922565e+04 -1.573011645196252422e-05
1.552148348831395560e+04 -3.695746612260499025e-05
1.549745642409055836e+04 -5.384519526079650835e-05
1.547350363209042007e+04 -6.831678633871014370e-05
1.544962476846064965e+04 -7.626560988608372250e-05
1.542581949146764237e+04 -7.336545889641208067e-05
1.540208746148076898e+04 -5.503676051323521838e-05
1.537842834095622493e+04 -1.992201605567018720e-05
1.535484179442101595e+04 3.347103670222894173e-05
1.533132748845712194e+04 1.011918697041594119e-04
1.530788509168578094e+04 1.794838344869562096e-04
1.528451427475190940e+04 2.667349385018891292e-04
1.526121471030869179e+04 3.651560506237465126e-04
1.523798607300228650e+04 4.676439549444617308e-04
1.521482803945669002e+04 5.688399387846769691e-04
1.519174028825872665e+04 6.728967020084406121e-04
1.516872249994318190e+04 7.857458124786296421e-04
1.514577435697806504e+04 9.221902439615097717e-04
1.512289554375000262e+04 1.076724602833217847e-03
1.510008574654977565e+04 1.252264898754483057e-03
1.507734465355798420e+04 1.431754861271880130e-03
1.505467195483082651e+04 1.636038695241303796e-03
1.503206734228603636e+04 1.851725193643352033e-03
1.500953050968890784e+04 2.107757060344592204e-03
1.498706115263847641e+04 2.310435792033832189e-03
1.496465896855381288e+04 2.639016479802705484e-03
1.494232365666045007e+04 2.854137758090162773e-03
1.492005491797690047e+04 3.166186009227362017e-03
1.489785245530133943e+04 3.479499428673812206e-03
1.487571597319836837e+04 3.799897034026267911e-03
1.485364517798590714e+04 4.139351182747553516e-03
1.483163977772222279e+04 4.493156716399183785e-03
1.480969948219304752e+04 4.816655419355631365e-03
1.478782400289882025e+04 5.130801148129708958e-03
1.476601305304203379e+04 5.474970538632700952e-03
1.474426634751473102e+04 5.748476245343462319e-03
1.472258360288603217e+04 6.061680385403688844e-03
1.470096453738986929e+04 6.271515377428564172e-03
1.467940887091275727e+04 6.460912848897716956e-03
1.465791632498169929e+04 6.622044201802359219e-03
1.463648662275219431e+04 6.752652259924685554e-03
1.461511948899635172e+04 6.770115873831837779e-03
1.459381465009110980e+04 6.727579031713076634e-03
1.457257183400655231e+04 6.637959110842181487e-03
1.455139077029433247e+04 6.475420540680662529e-03
1.453027119007619694e+04 6.280109321061706600e-03
1.450921282603261170e+04 6.039421862193792602e-03
1.448821541239146427e+04 5.765284719839260108e-03
1.446727868491690788e+04 5.463220817896097606e-03
1.444640238089826926e+04 5.150354707192936372e-03
1.442558623913904921e+04 4.834584011989169483e-03
1.440482999994604688e+04 4.536775751245388649e-03
1.438413340511853676e+04 4.228008528550260964e-03
1.436349619793759121e+04 3.938107148619651894e-03
1.434291812315544666e+04 3.636049634007861540e-03
1.432239892698497897e+04 3.342765406199812647e-03
1.430193835708928600e+04 3.052422757144486812e-03
1.428153616257132853e+04 2.780787878676038889e-03
1.426119209396367660e+04 2.540271976706857081e-03
1.424090590321835043e+04 2.315757144835759590e-03
1.422067734369673235e+04 2.108960578749871813e-03
1.420050617015957505e+04 1.910441394939077888e-03
1.418039213875708629e+04 1.727486914485697102e-03
1.416033500701909543e+04 1.557094539155011838e-03
1.414033453384534005e+04 1.402556931258374566e-03
1.412039047949576889e+04 1.267987452435951701e-03
1.410050260558098671e+04 1.146559099551946667e-03
1.408067067505274281e+04 1.027949609993656505e-03
1.406089445219452500e+04 9.116090568610118496e-04
1.404117370261220458e+04 8.031911133615526497e-04
1.402150819322479219e+04 6.977506766545164005e-04
1.400189769225524469e+04 5.957204473079830750e-04
1.398234196922137016e+04 4.928339552208476542e-04
1.396284079492678211e+04 3.935475096596460342e-04
1.394339394145195183e+04 3.115430681762358786e-04
1.392400118214534086e+04 2.446442983377763829e-04
1.390466229161458432e+04 1.875106931560794894e-04
1.388537704571775248e+04 1.297435776716338160e-04
1.386614522155470877e+04 6.080388904923101750e-05
1.384696659745850775e+04 -1.730170900445622204e-05
1.382784095298688044e+04 -1.020352878369710088e-04
1.380876806891379420e+04 -1.800100495761871016e-04
1.378974772722107446e+04 -2.471903125078073887e-04
1.377077971109009741e+04 -2.989741446252279456e-04
1.375186380489354633e+04 -3.435950999172308266e-04
1.373299979418724615e+04 -3.914399165629515033e-04
1.371418746570205622e+04 -4.456608186673473044e-04
1.369542660733584307e+04 -5.060322674720984073e-04
1.367671700814549331e+04 -5.593861402120916529e-04
1.365805845833901913e+04 -6.034773818212500144e-04
1.363945074926771304e+04 -6.442995526678654437e-04
1.362089367341836805e+04 -6.816412192344893694e-04
1.360238702440557245e+04 -7.172544835504676393e-04
1.358393059696404453e+04 -7.497597304068832121e-04
1.356552418694105654e+04 -7.729951096769008701e-04
1.354716759128890590e+04 -7.953181278501135704e-04
1.352886060805743364e+04 -8.199546109356956047e-04
1.351060303638664118e+04 -8.514040353380442809e-04
1.349239467649932703e+04 -8.895815981973488260e-04
1.347423532969380904e+04 -9.338408136807924663e-04
1.345612479833669386e+04 -9.813915994106693977e-04
1.343806288585570655e+04 -1.024955912091890216e-03
1.342004939673257650e+04 -1.061965043270430209e-03
1.340208413649598515e+04 -1.093791178683610000e-03
1.338416691171457387e+04 -1.126061607720654214e-03
1.336629752998998629e+04 -1.158224928264591945e-03
1.334847579994999978e+04 -1.192812257657145094e-03
1.333070153124168064e+04 -1.228923616671176618e-03
1.331297453452460286e+04 -1.262654118973944185e-03
1.329529462146414335e+04 -1.290787835924184094e-03
1.327766160472480260e+04 -1.319117457385538591e-03
1.326007529796357630e+04 -1.346764978422870145e-03
1.324253551582341606e+04 -1.375134366948050366e-03
1.322504207392668468e+04 -1.408025724116843775e-03
1.320759478886873512e+04 -1.443469989373471563e-03
1.319019347821146403e+04 -1.480875283304959556e-03
1.317283796047697433e+04 -1.513570161963620790e-03
1.315552805514125976e+04 -1.541326435050907606e-03
1.313826358262795475e+04 -1.562291420662974663e-03
1.312104436430209898e+04 -1.583096213965199273e-03
1.310387022246400556e+04 -1.608896601957334957e-03
1.308674098034313829e+04 -1.647977131577426377e-03
1.306965646209203805e+04 -1.682398235162839819e-03
1.305261649278031655e+04 -1.718185210031225379e-03
1.303562089838867360e+04 -1.749968372877700037e-03
1.301866950580299272e+04 -1.780773307512787404e-03
1.300176214280844215e+04 -1.798598800080531118e-03
1.298489863808365772e+04 -1.803838455763673212e-03
1.296807882119494752e+04 -1.811339715129418708e-03
1.295130252259055851e+04 -1.816189163799708777e-03
1.293456957359496300e+04 -1.826286952812897907e-03
1.291787980640322712e+04 -1.837565406381403777e-03
1.290123305407538828e+04 -1.856372944528275268e-03
1.288462915053088727e+04 -1.886049257761901118e-03
1.286806793054306218e+04 -1.915349655996540943e-03
1.285154922973363500e+04 -1.943486296900810489e-03
1.283507288456730748e+04 -1.971868936185107619e-03
1.281863873234635139e+04 -1.999276853990863186e-03
1.280224661120524433e+04 -2.035151172097026100e-03
1.278589636010536378e+04 -2.074913284836965056e-03
1.276958781882972289e+04 -2.127987908921692706e-03
1.275332082797770818e+04 -2.170959177857998811e-03
1.273709522895992450e+04 -2.198833651305070937e-03
1.272091086399301093e+04 -2.215144555926397852e-03
1.270476757609454398e+04 -2.232792516168606491e-03
1.268866520907794802e+04 -2.239791852325274685e-03
1.267260360754746944e+04 -2.256395980884493870e-03
1.265658261689317442e+04 -2.292884103592800812e-03
1.264060208328598492e+04 -2.320982377368868872e-03
1.262466185367276194e+04 -2.334669866454570572e-03
1.260876177577141061e+04 -2.347816596902372547e-03
1.259290169806603990e+04 -2.369875482696739803e-03
1.257708146980213678e+04 -2.379932682647962865e-03
