1.813651603254075962e+04 9.973332621109360242e-04
1.810371943935352829e+04 9.821260681068708868e-04
1.807104124541967758e+04 9.755050821857039808e-04
1.803848081074324728e+04 9.830058759313609843e-04
1.800603749993255769e+04 1.006897818739999496e-03
1.797371068215888954e+04 1.006383442094150368e-03
1.794149973111559666e+04 9.879737034587160373e-04
1.790940402497763716e+04 9.625071180722854884e-04
1.787742294636160659e+04 9.511981340173385636e-04
1.784555588228609849e+04 9.675122169579806770e-04
1.781380222413256342e+04 9.993862342526698903e-04
1.778216136760657173e+04 1.040494193213450979e-03
1.775063271269946927e+04 1.061332820993754434e-03
1.771921566365044418e+04 1.061845152967450401e-03
1.768790962890901574e+04 1.051715178121666230e-03
1.765671402109788687e+04 1.042540514928830481e-03
1.762562825697623339e+04 1.032795303046139378e-03
1.759465175740333871e+04 1.028385116299960697e-03
1.756378394730263244e+04 1.025328438551094791e-03
1.753302425562609642e+04 1.031399440479204227e-03
1.750237211531905996e+04 1.059864951602539377e-03
1.747182696328534439e+04 1.106482959854386073e-03
1.744138824035278958e+04 1.179497970392925357e-03
1.741105539123913331e+04 1.258888696337697030e-03
1.738082786451823267e+04 1.345604134032456168e-03
1.735070511258665283e+04 1.435447470836355216e-03
1.732068659163062330e+04 1.528833024745499978e-03
1.729077176159326336e+04 1.625651929174939557e-03
1.726096008614224411e+04 1.727745097893406421e-03
1.723125103263769415e+04 1.822725893231421637e-03
1.720164407210051650e+04 1.895799978152544517e-03
1.717213867918096366e+04 1.955973662912971218e-03
1.714273433212757300e+04 2.048649065003582855e-03
1.711343051275641119e+04 2.127283709183741024e-03
1.708422670642064986e+04 2.172865860551855856e-03
1.705512240198041036e+04 2.225235533409978400e-03
1.702611709177295779e+04 2.231912541843340553e-03
1.699721027158319339e+04 2.212567514936980128e-03
1.696840144061440878e+04 2.174737756712057535e-03
1.693969010145939319e+04 2.124990290335630749e-03
1.691107576007179159e+04 2.056338287384960450e-03
1.688255792573777580e+04 1.981252470426373823e-03
1.685413611104798110e+04 1.866297881192027167e-03
1.682580983186974845e+04 1.765182887277101306e-03
1.679757860731963228e+04 1.649053514860289319e-03
1.676944195973618480e+04 1.566548269956313452e-03
1.674139941465301308e+04 1.492077869468137752e-03
1.671345050077211999e+04 1.417686797103276429e-03
1.668559474993749973e+04 1.329788146913967687e-03
1.665783169710898437e+04 1.234673098141705633e-03
1.663016088033637789e+04 1.124983460365484422e-03
1.660258184073383018e+04 1.014424652108399279e-03
1.657509412245447311e+04 8.976090902484617573e-04
1.654769727266528935e+04 7.871031899935518588e-04
1.652039084152227952e+04 6.842957950872950680e-04
1.649317438214580034e+04 5.731128573764848830e-04
1.646604745059621928e+04 4.536048631090694341e-04
1.643900960584975473e+04 3.212391063478213559e-04
1.641206040977459270e+04 1.760250675966554420e-04
1.638519942710720352e+04 1.811008096372296731e-05
1.635842622542892241e+04 -1.579650454621236045e-04
1.633174037514274096e+04 -3.516853147073628356e-04
1.630514144945032604e+04 -5.463936003326296887e-04
1.627862902432926967e+04 -7.308822010631902668e-04
1.625220267851055360e+04 -8.855375446618496274e-04
1.622586199345624118e+04 -1.014403769510656026e-03
1.619960655333737850e+04 -1.114252959473835273e-03
1.617343594501211919e+04 -1.173624393350670243e-03
1.614734975800403481e+04 -1.190538586083655448e-03
1.612134758448067805e+04 -1.153579696136176544e-03
1.609542901923231693e+04 -1.062926695352787564e-03
1.606959365965088546e+04 -9.306607275230330658e-04
1.604384110570913617e+04 -7.631373941754919380e-04
1.601817095994000192e+04 -5.820895773882968317e-04
1.599258282741613584e+04 -3.877875194231463732e-04
1.596707631572966784e+04 -1.809761124983969743e-04
1.594165103497213568e+04 2.119965823966922410e-05
1.591630659771462706e+04 2.081567815310399205e-04
1.589104261898809818e+04 3.594023275332588552e-04
1.586585871626386870e+04 4.763115020818957943e-04
1.584075450943433680e+04 5.642946911995666733e-04
1.581572962079383979e+04 6.243126741340161018e-04
1.579078367501971661e+04 6.467250951446037966e-04
1.576591629915354315e+04 6.320870062545446604e-04
1.574112712258254760e+04 5.818358606846566307e-04
1.571641577702119503e+04 5.043136439980888458e-04
1.569178189649294836e+04 4.092822113461765240e-04
1.566722511731220948e+04 3.080930229319732211e-04
1.564274507806640759e+04 2.099203866535922776e-04
1.561834141959828594e+04 1.303745626629191007e-04
1.559401378498831946e+04 6.770792391045949831e-05
1.556976181953732521e+04 2.278381633788230398e-05
1.554558517074922565e+04 -1.297410437396657014e-05
1.552148348831395560e+04 -4.560112566158752592e-05
1.549745642409055836e+04 -7.118728327289271316e-05
1.547350363209042007e+04 -8.916357286474970996e-05
1.544962476846064965e+04 -9.713983910978563562e-05
1.542581949146764237e+04 -9.184721638678993230e-05
1.540208746148076898e+04 -7.192740716092840391e-05
1.537842834095622493e+04 -3.484818098643655378e-05
1.535484179442101595e+04 2.282748111846780940e-05
1.533132748845712194e+04 9.372259745609663501e-05
1.530788509168578094e+04 1.725989164109462224e-04
1.528451427475190940e+04 2.556237719910678754e-04
1.526121471030869179e+04 3.464855611653584852e-04
1.523798607300228650e+04 4.474968589324767113e-04
1.521482803945669002e+04 5.536645127072617814e-04
1.519174028825872665e+04 6.670061938719451262e-04
1.516872249994318190e+04 7.873079848681991495e-04
1.514577435697806504e+04 9.241396748734053519e-04
1.512289554375000262e+04 1.076451077539941235e-03
1.510008574654977565e+04 1.249249673195736371e-03
1.507734465355798420e+04 1.426733065168122759e-03
1.505467195483082651e+04 1.630089308936704274e-03
1.503206734228603636e+04 1.846498233159412370e-03
1.500953050968890784e+04 2.105950196886831587e-03
1.498706115263847641e+04 2.316651545376371100e-03
1.496465896855381288e+04 2.651365956416611852e-03
1.494232365666045007e+04 2.864179525673674412e-03
1.492005491797690047e+04 3.165160631395375415e-03
1.489785245530133943e+04 3.459973260058888354e-03
1.487571597319836837e+04 3.770326590879513780e-03
1.485364517798590714e+04 4.110172798672094216e-03
1.483163977772222279e+04 4.471713179017773251e-03
1.480969948219304752e+04 4.805666810179375949e-03
1.478782400289882025e+04 5.125018667688950418e-03
1.476601305304203379e+04 5.470111322417073665e-03
1.474426634751473102e+04 5.741426374686247301e-03
1.472258360288603217e+04 6.055404182184523885e-03
1.470096453738986929e+04 6.270972339279943207e-03
1.467940887091275727e+04 6.466790357227126390e-03
1.465791632498169929e+04 6.632198392741673991e-03
1.463648662275219431e+04 6.758696711617305682e-03
1.461511948899635172e+04 6.767731050146624620e-03
1.459381465009110980e+04 6.719375154379762100e-03
1.457257183400655231e+04 6.626804254267221021e-03
1.455139077029433247e+04 6.464394063755663986e-03
1.453027119007619694e+04 6.271203120700225356e-03
1.450921282603261170e+04 6.034295118737633724e-03
1.448821541239146427e+04 5.765146405255903127e-03
1.446727868491690788e+04 5.467689238860162955e-03
1.444640238089826926e+04 5.155266426504298387e-03
1.442558623913904921e+04 4.839177908089313876e-03
1.440482999994604688e+04 4.544516658975180159e-03
1.438413340511853676e+04 4.239300762630692637e-03
1.436349619793759121e+04 3.951350557195479167e-03
1.434291812315544666e+04 3.645350939850027991e-03
1.432239892698497897e+04 3.343314255972707882e-03
1.430193835708928600e+04 3.049109727541293637e-03
1.428153616257132853e+04 2.779583362427965644e-03
1.426119209396367660e+04 2.546923371504910150e-03
1.424090590321835043e+04 2.333167506475209568e-03
1.422067734369673235e+04 2.136975309985556914e-03
1.420050617015957505e+04 1.944262007439150845e-03
1.418039213875708629e+04 1.760219597425417230e-03
1.416033500701909543e+04 1.581531060144689312e-03
1.414033453384534005e+04 1.412699594576637824e-03
1.412039047949576889e+04 1.262702674658959870e-03
1.410050260558098671e+04 1.129325751281031343e-03
1.408067067505274281e+04 1.010307254637683770e-03
1.406089445219452500e+04 8.958923330252209190e-04
1.404117370261220458e+04 7.831849698262280347e-04
1.402150819322479219e+04 6.751107395144526372e-04
1.400189769225524469e+04 5.757156754494103515e-04
1.398234196922137016e+04 4.820993451186920270e-04
1.396284079492678211e+04 3.965954500315396151e-04
1.394339394145195183e+04 3.242306430456414249e-04
1.392400118214534086e+04 2.609787924887745623e-04
1.390466229161458432e+04 1.995532469399722870e-04
1.388537704571775248e+04 1.356229136320872587e-04
1.386614522155470877e+04 6.379522242624127920e-05
1.384696659745850775e+04 -1.487519248448912484e-05
1.382784095298688044e+04 -9.876452743892344724e-05
1.380876806891379420e+04 -1.783161779818886181e-04
1.378974772722107446e+04 -2.493053808459957032e-04
1.377077971109009741e+04 -3.036253827302779385e-04
1.375186380489354633e+04 -3.485247755099141653e-04
1.373299979418724615e+04 -3.931189299635368681e-04
1.371418746570205622e+04 -4.402064830128351930e-04
1.369542660733584307e+04 -4.895313982567472142e-04
1.367671700814549331e+04 -5.345372253252706710e-04
1.365805845833901913e+04 -5.758684846632130963e-04
1.363945074926771304e+04 -6.213830722242871894e-04
1.362089367341836805e+04 -6.689748774922475065e-04
1.360238702440557245e+04 -7.123477627442340943e-04
1.358393059696404453e+04 -7.489220483773183831e-04
1.356552418694105654e+04 -7.716162812877326149e-04
1.354716759128890590e+04 -7.918841871135509679e-04
1.352886060805743364e+04 -8.155891905596675739e-04
1.351060303638664118e+04 -8.485960160833709272e-04
1.349239467649932703e+04 -8.911378515617122747e-04
1.347423532969380904e+04 -9.407899199533010723e-04
1.345612479833669386e+04 -9.942964230024683211e-04
1.343806288585570655e+04 -1.044061371326016367e-03
1.342004939673257650e+04 -1.084300951847004492e-03
1.340208413649598515e+04 -1.110870954282434453e-03
1.338416691171457387e+04 -1.130958529516505563e-03
1.336629752998998629e+04 -1.145872901281174295e-03
1.334847579994999978e+04 -1.168926428678026272e-03
1.333070153124168064e+04 -1.203077395797303014e-03
1.331297453452460286e+04 -1.240386107123574123e-03
1.329529462146414335e+04 -1.274602636352914053e-03
1.327766160472480260e+04 -1.303612990486523529e-03
1.326007529796357630e+04 -1.325806402852811126e-03
1.324253551582341606e+04 -1.342453739875187554e-03
1.322504207392668468e+04 -1.363471005295653670e-03
1.320759478886873512e+04 -1.392228699247992536e-03
1.319019347821146403e+04 -1.426951506994977772e-03
1.317283796047697433e+04 -1.460345209678013062e-03
1.315552805514125976e+04 -1.489530419483408924e-03
1.313826358262795475e+04 -1.512483246229491237e-03
1.312104436430209898e+04 -1.536886461218654526e-03
1.310387022246400556e+04 -1.564718714694850491e-03
1.308674098034313829e+04 -1.598082505050381526e-03
1.306965646209203805e+04 -1.626748194955405678e-03
1.305261649278031655e+04 -1.663301198784695361e-03
1.303562089838867360e+04 -1.702509867175815150e-03
1.301866950580299272e+04 -1.746264716763599621e-03
1.300176214280844215e+04 -1.773510867422240216e-03
1.298489863808365772e+04 -1.783275105586512154e-03
1.296807882119494752e+04 -1.793603669113059181e-03
1.295130252259055851e+04 -1.803640878211496164e-03
1.293456957359496300e+04 -1.828606472857338986e-03
1.291787980640322712e+04 -1.857432235388303907e-03
1.290123305407538828e+04 -1.889161987500621301e-03
1.288462915053088727e+04 -1.921238487874752125e-03
1.286806793054306218e+04 -1.940295929975713925e-03
1.285154922973363500e+04 -1.955823567621332946e-03
1.283507288456730748e+04 -1.973600703521545974e-03
1.281863873234635139e+04 -2.000257307466318107e-03
1.280224661120524433e+04 -2.042814193796821040e-03
1.278589636010536378e+04 -2.089239403893904980e-03
1.276958781882972289e+04 -2.141332041543206072e-03
1.275332082797770818e+04 -2.167520647473861022e-03
1.273709522895992450e+04 -2.177716167263154829e-03
1.272091086399301093e+04 -2.184131598591418800e-03
1.270476757609454398e+04 -2.207061197629105968e-03
1.268866520907794802e+04 -2.234004318954458269e-03
1.267260360754746944e+04 -2.271168336761123820e-03
1.265658261689317442e+04 -2.325705332450385757e-03
1.264060208328598492e+04 -2.365750526578809434e-03
1.262466185367276194e+04 -2.385569720498335183e-03
1.260876177577141061e+04 -2.400119171565990184e-03
1.259290169806603990e+04 -2.417623639565081271e-03
1.257708146980213678e+04 -2.416130803074491729e-03
