1.813651603254075962e+04 8.795525723246418051e-04
1.810371943935352829e+04 8.895106615023402495e-04
1.807104124541967758e+04 8.972549820658987617e-04
1.803848081074324728e+04 9.013152267414344110e-04
1.800603749993255769e+04 9.009245048584462769e-04
1.797371068215888954e+04 8.843871954369367499e-04
1.794149973111559666e+04 8.651769357348186758e-04
1.790940402497763716e+04 8.514118362002381186e-04
1.787742294636160659e+04 8.532965067029052442e-04
1.784555588228609849e+04 8.639298661670586927e-04
1.781380222413256342e+04 8.792693955480367215e-04
1.778216136760657173e+04 9.012630761577027777e-04
1.775063271269946927e+04 9.119211413061068970e-04
1.771921566365044418e+04 9.139088488413048142e-04
1.768790962890901574e+04 9.105344944387789349e-04
1.765671402109788687e+04 9.116729474808616535e-04
1.762562825697623339e+04 9.188643388605909849e-04
1.759465175740333871e+04 9.367873779188779556e-04
1.756378394730263244e+04 9.608937031633561993e-04
1.753302425562609642e+04 9.843049477554898386e-04
1.750237211531905996e+04 1.011061892802653803e-03
1.747182696328534439e+04 1.037755210246270711e-03
1.744138824035278958e+04 1.076919217439924322e-03
1.741105539123913331e+04 1.128160117211127319e-03
1.738082786451823267e+04 1.195003001199110293e-03
1.735070511258665283e+04 1.274863871203859049e-03
1.732068659163062330e+04 1.366266391837269540e-03
1.729077176159326336e+04 1.467147710180701599e-03
1.726096008614224411e+04 1.574041766762542980e-03
1.723125103263769415e+04 1.671523909021872161e-03
1.720164407210051650e+04 1.729887790261401288e-03
1.717213867918096366e+04 1.760987429589180517e-03
1.714273433212757300e+04 1.824827445402123823e-03
1.711343051275641119e+04 1.891701248838971320e-03
1.708422670642064986e+04 1.960572329130624500e-03
1.705512240198041036e+04 2.044883402342625306e-03
1.702611709177295779e+04 2.081244071279276207e-03
1.699721027158319339e+04 2.068301849563199991e-03
1.696840144061440878e+04 2.009978760754579062e-03
1.693969010145939319e+04 1.926225055219236678e-03
1.691107576007179159e+04 1.818637565826756878e-03
1.688255792573777580e+04 1.712571022486034707e-03
1.685413611104798110e+04 1.587843684173135487e-03
1.682580983186974845e+04 1.498278838497887249e-03
1.679757860731963228e+04 1.403715026002887384e-03
1.676944195973618480e+04 1.338304520885703723e-03
1.674139941465301308e+04 1.278882986191228572e-03
1.671345050077211999e+04 1.219980795710418195e-03
1.668559474993749973e+04 1.155450656098484059e-03
1.665783169710898437e+04 1.081959862427305311e-03
1.663016088033637789e+04 9.789382324364593463e-04
1.660258184073383018e+04 8.716492024879726264e-04
1.657509412245447311e+04 7.651370546734199149e-04
1.654769727266528935e+04 6.759597506337272242e-04
1.652039084152227952e+04 6.017219447472173547e-04
1.649317438214580034e+04 5.009968791175598620e-04
1.646604745059621928e+04 3.665104841925120524e-04
1.643900960584975473e+04 1.863517873410534841e-04
1.641206040977459270e+04 -7.616275718146576129e-06
1.638519942710720352e+04 -1.803310553857683375e-04
1.635842622542892241e+04 -3.185102466005504569e-04
1.633174037514274096e+04 -4.182079156286894347e-04
1.630514144945032604e+04 -5.143694415027723647e-04
1.627862902432926967e+04 -6.147824166691518962e-04
1.625220267851055360e+04 -7.264058481194035459e-04
1.622586199345624118e+04 -8.426391578042532332e-04
1.619960655333737850e+04 -9.418202872692464818e-04
1.617343594501211919e+04 -1.003077851027625545e-03
1.614734975800403481e+04 -1.017440578911390494e-03
1.612134758448067805e+04 -9.796701697974805230e-04
1.609542901923231693e+04 -8.931894191206991547e-04
1.606959365965088546e+04 -7.769089644918252555e-04
1.604384110570913617e+04 -6.377750695313929435e-04
1.601817095994000192e+04 -4.951817169510570361e-04
1.599258282741613584e+04 -3.455270185858957759e-04
1.596707631572966784e+04 -1.849614598362269910e-04
1.594165103497213568e+04 -2.271753895184981643e-05
1.591630659771462706e+04 1.342112878817657549e-04
1.589104261898809818e+04 2.658324956165826849e-04
1.586585871626386870e+04 3.695739865132420207e-04
1.584075450943433680e+04 4.384915165926116785e-04
1.581572962079383979e+04 4.780060194691503083e-04
1.579078367501971661e+04 4.928197844870856699e-04
1.576591629915354315e+04 4.838925628329374638e-04
1.574112712258254760e+04 4.522066953342398664e-04
1.571641577702119503e+04 3.961465469905467137e-04
1.569178189649294836e+04 3.191730795146511179e-04
1.566722511731220948e+04 2.262068019813151065e-04
1.564274507806640759e+04 1.271535559170686115e-04
1.561834141959828594e+04 4.498975494523716276e-05
1.559401378498831946e+04 -2.230213626189883285e-05
1.556976181953732521e+04 -7.774217148466528284e-05
1.554558517074922565e+04 -1.262282194957041221e-04
1.552148348831395560e+04 -1.694446771283156705e-04
1.549745642409055836e+04 -1.973016997477709171e-04
1.547350363209042007e+04 -2.111976575820696247e-04
1.544962476846064965e+04 -2.180941604301893724e-04
1.542581949146764237e+04 -2.139641174741343697e-04
1.540208746148076898e+04 -1.998018654348773196e-04
1.537842834095622493e+04 -1.729199056682830199e-04
1.535484179442101595e+04 -1.249879835570048717e-04
1.533132748845712194e+04 -6.329608339747914720e-05
1.530788509168578094e+04 1.329770026766906030e-05
1.528451427475190940e+04 9.804354185801060560e-05
1.526121471030869179e+04 1.900784160376214459e-04
1.523798607300228650e+04 2.812210919518233357e-04
1.521482803945669002e+04 3.720371111761721391e-04
1.519174028825872665e+04 4.744217132337355167e-04
1.516872249994318190e+04 5.941742148017844800e-04
1.514577435697806504e+04 7.438043203555320688e-04
1.512289554375000262e+04 9.138534618650805304e-04
1.510008574654977565e+04 1.104556341440382939e-03
1.507734465355798420e+04 1.299188124992001073e-03
1.505467195483082651e+04 1.514945301927981278e-03
1.503206734228603636e+04 1.736594527798247757e-03
1.500953050968890784e+04 1.996370512729833766e-03
1.498706115263847641e+04 2.214417418294336009e-03
1.496465896855381288e+04 2.559205278876278133e-03
1.494232365666045007e+04 2.796844520253797227e-03
1.492005491797690047e+04 3.127709019414849287e-03
1.489785245530133943e+04 3.457401713877669355e-03
1.487571597319836837e+04 3.794349679950055707e-03
1.485364517798590714e+04 4.151138237396341697e-03
1.483163977772222279e+04 4.522808874789810592e-03
1.480969948219304752e+04 4.868540712390701311e-03
1.478782400289882025e+04 5.215937128544320504e-03
1.476601305304203379e+04 5.597712692322967531e-03
1.474426634751473102e+04 5.905422675170858907e-03
1.472258360288603217e+04 6.253424386825096742e-03
1.470096453738986929e+04 6.493723515619827073e-03
1.467940887091275727e+04 6.704696434877460871e-03
1.465791632498169929e+04 6.874863830406999395e-03
1.463648662275219431e+04 6.996776247191912462e-03
1.461511948899635172e+04 6.996011747440486137e-03
1.459381465009110980e+04 6.944779015351192422e-03
1.457257183400655231e+04 6.847945843009389105e-03
1.455139077029433247e+04 6.672679748087070525e-03
1.453027119007619694e+04 6.453112065714918313e-03
1.450921282603261170e+04 6.175102095645742216e-03
1.448821541239146427e+04 5.858357792578733347e-03
1.446727868491690788e+04 5.510816447941169378e-03
1.444640238089826926e+04 5.153057835624882607e-03
1.442558623913904921e+04 4.791168736921783307e-03
1.440482999994604688e+04 4.443376312045664231e-03
1.438413340511853676e+04 4.085974580194505316e-03
1.436349619793759121e+04 3.750620653296612636e-03
1.434291812315544666e+04 3.408253994543864775e-03
1.432239892698497897e+04 3.080919864749918913e-03
1.430193835708928600e+04 2.770950723406460925e-03
1.428153616257132853e+04 2.489383943088329613e-03
1.426119209396367660e+04 2.237489490326319535e-03
1.424090590321835043e+04 1.993902804053942438e-03
1.422067734369673235e+04 1.752999081375664764e-03
1.420050617015957505e+04 1.527290065334484942e-03
1.418039213875708629e+04 1.331145928521805825e-03
1.416033500701909543e+04 1.150549893530130588e-03
1.414033453384534005e+04 9.828501019355001447e-04
1.412039047949576889e+04 8.204586231695034509e-04
1.410050260558098671e+04 6.687583920723743323e-04
1.408067067505274281e+04 5.424205069438270323e-04
1.406089445219452500e+04 4.379618927510804216e-04
1.404117370261220458e+04 3.543327497936479137e-04
1.402150819322479219e+04 2.768593623791980058e-04
1.400189769225524469e+04 2.001058287113658698e-04
1.398234196922137016e+04 1.221690300930211082e-04
1.396284079492678211e+04 4.597866602770807511e-05
1.394339394145195183e+04 -1.862337804202626314e-05
1.392400118214534086e+04 -7.524589584056235109e-05
1.390466229161458432e+04 -1.316407692051454407e-04
1.388537704571775248e+04 -1.939151810516913149e-04
1.386614522155470877e+04 -2.661679407641141673e-04
1.384696659745850775e+04 -3.430865330492938745e-04
1.382784095298688044e+04 -4.205175460871993036e-04
1.380876806891379420e+04 -4.888119669315360528e-04
1.378974772722107446e+04 -5.444741901424512412e-04
1.377077971109009741e+04 -5.827853557037348566e-04
1.375186380489354633e+04 -6.112897920404050450e-04
1.373299979418724615e+04 -6.347750233353451239e-04
1.371418746570205622e+04 -6.604254635553146510e-04
1.369542660733584307e+04 -6.901463787155922951e-04
1.367671700814549331e+04 -7.204879178630896937e-04
1.365805845833901913e+04 -7.542165871939725263e-04
1.363945074926771304e+04 -7.985651000153730404e-04
1.362089367341836805e+04 -8.509472999063250444e-04
1.360238702440557245e+04 -9.057420404939550479e-04
1.358393059696404453e+04 -9.541352339577659734e-04
1.356552418694105654e+04 -9.771702488625250670e-04
1.354716759128890590e+04 -9.868898880679990385e-04
1.352886060805743364e+04 -9.893938002621140409e-04
1.351060303638664118e+04 -1.003883575187302637e-03
1.349239467649932703e+04 -1.035120532083237980e-03
1.347423532969380904e+04 -1.076705323669768354e-03
1.345612479833669386e+04 -1.123628985514015010e-03
1.343806288585570655e+04 -1.165298039068933360e-03
1.342004939673257650e+04 -1.197827013482317309e-03
1.340208413649598515e+04 -1.221459898927339726e-03
1.338416691171457387e+04 -1.244554533370554467e-03
1.336629752998998629e+04 -1.268406101475370558e-03
1.334847579994999978e+04 -1.297582123797173716e-03
1.333070153124168064e+04 -1.330742644936779755e-03
1.331297453452460286e+04 -1.355770778056112225e-03
1.329529462146414335e+04 -1.369858043540607374e-03
1.327766160472480260e+04 -1.387038430606269985e-03
1.326007529796357630e+04 -1.407298070330413988e-03
1.324253551582341606e+04 -1.432669417651245315e-03
1.322504207392668468e+04 -1.464100326938165423e-03
1.320759478886873512e+04 -1.496940864923409576e-03
1.319019347821146403e+04 -1.531028649301872718e-03
1.317283796047697433e+04 -1.559887432320207446e-03
1.315552805514125976e+04 -1.585244133019349851e-03
1.313826358262795475e+04 -1.603203158719975624e-03
1.312104436430209898e+04 -1.611640797398391795e-03
1.310387022246400556e+04 -1.616247771959251206e-03
1.308674098034313829e+04 -1.627605031281400714e-03
1.306965646209203805e+04 -1.638785357346586157e-03
1.305261649278031655e+04 -1.665527650886858930e-03
1.303562089838867360e+04 -1.695977649283457933e-03
1.301866950580299272e+04 -1.729595675842451451e-03
1.300176214280844215e+04 -1.750952752475867487e-03
1.298489863808365772e+04 -1.760546721212880202e-03
1.296807882119494752e+04 -1.776916402872536025e-03
1.295130252259055851e+04 -1.795253669036242332e-03
1.293456957359496300e+04 -1.822400266117645126e-03
1.291787980640322712e+04 -1.849650090453667552e-03
1.290123305407538828e+04 -1.878673653070638558e-03
1.288462915053088727e+04 -1.908721751211880837e-03
1.286806793054306218e+04 -1.927193911171544687e-03
1.285154922973363500e+04 -1.941487437806503277e-03
1.283507288456730748e+04 -1.957079556559567553e-03
1.281863873234635139e+04 -1.981666184739781181e-03
1.280224661120524433e+04 -2.021992262943437223e-03
1.278589636010536378e+04 -2.065373558767162870e-03
1.276958781882972289e+04 -2.113743972999094882e-03
1.275332082797770818e+04 -2.136147723086787627e-03
1.273709522895992450e+04 -2.144319438719901553e-03
1.272091086399301093e+04 -2.150440033869183490e-03
1.270476757609454398e+04 -2.164096929658152011e-03
1.268866520907794802e+04 -2.171346362482012501e-03
1.267260360754746944e+04 -2.184399864619759532e-03
1.265658261689317442e+04 -2.213490178862671451e-03
1.264060208328598492e+04 -2.234426296790739414e-03
1.262466185367276194e+04 -2.241527802056060125e-03
1.260876177577141061e+04 -2.248029887214073822e-03
1.259290169806603990e+04 -2.263257213609144985e-03
1.257708146980213678e+04 -2.267333985753573235e-03
