1.813651603254075962e+04 6.692074400077436787e-04
1.810371943935352829e+04 6.662875820634077796e-04
1.807104124541967758e+04 6.807915379147569347e-04
1.803848081074324728e+04 6.940523378682149748e-04
1.800603749993255769e+04 6.925584954287597765e-04
1.797371068215888954e+04 6.578166150791309435e-04
1.794149973111559666e+04 6.030477710245073708e-04
1.790940402497763716e+04 5.645870955502790270e-04
1.787742294636160659e+04 5.488060528622023442e-04
1.784555588228609849e+04 5.402510374625586103e-04
1.781380222413256342e+04 5.360519365169923818e-04
1.778216136760657173e+04 5.370739811924221240e-04
1.775063271269946927e+04 5.297924022179662483e-04
1.771921566365044418e+04 5.153074223535541532e-04
1.768790962890901574e+04 5.004510384148539359e-04
1.765671402109788687e+04 4.862378834660643434e-04
1.762562825697623339e+04 4.564587346855792185e-04
1.759465175740333871e+04 4.162324267525259447e-04
1.756378394730263244e+04 3.691070590224060778e-04
1.753302425562609642e+04 3.648150223954863946e-04
1.750237211531905996e+04 4.334477636249590548e-04
1.747182696328534439e+04 5.386887228604585057e-04
1.744138824035278958e+04 6.593085500972081792e-04
1.741105539123913331e+04 7.222212135648592608e-04
1.738082786451823267e+04 7.365507700280375224e-04
1.735070511258665283e+04 7.305906924196487818e-04
1.732068659163062330e+04 7.404064596775796229e-04
1.729077176159326336e+04 7.967402244538313808e-04
1.726096008614224411e+04 8.851275922008887886e-04
1.723125103263769415e+04 9.913240280758838733e-04
1.720164407210051650e+04 1.093415540539122285e-03
1.717213867918096366e+04 1.190973465311514915e-03
1.714273433212757300e+04 1.305872996356658008e-03
1.711343051275641119e+04 1.400724321778324365e-03
1.708422670642064986e+04 1.449064394925631384e-03
1.705512240198041036e+04 1.471891372041687733e-03
1.702611709177295779e+04 1.432404781774229306e-03
1.699721027158319339e+04 1.366591023597623971e-03
1.696840144061440878e+04 1.289654508517184411e-03
1.693969010145939319e+04 1.224265246769689957e-03
1.691107576007179159e+04 1.164534507802213745e-03
1.688255792573777580e+04 1.107495196264327714e-03
1.685413611104798110e+04 1.021799768234217445e-03
1.682580983186974845e+04 9.246529639255837577e-04
1.679757860731963228e+04 8.025224102911885683e-04
1.676944195973618480e+04 6.803554674612692383e-04
1.674139941465301308e+04 5.402722700147622381e-04
1.671345050077211999e+04 3.818844832174267162e-04
1.668559474993749973e+04 2.123350980314676472e-04
1.665783169710898437e+04 4.598182202652531205e-05
1.663016088033637789e+04 -9.922952637216695825e-05
1.660258184073383018e+04 -2.082012163400088491e-04
1.657509412245447311e+04 -2.693257321030936434e-04
1.654769727266528935e+04 -2.954850313982503810e-04
1.652039084152227952e+04 -2.993376087314906673e-04
1.649317438214580034e+04 -3.203825401109406962e-04
1.646604745059621928e+04 -3.771138839002959389e-04
1.643900960584975473e+04 -4.952004156862829234e-04
1.641206040977459270e+04 -6.533808985047071145e-04
1.638519942710720352e+04 -8.256353623958394847e-04
1.635842622542892241e+04 -9.689097368444059147e-04
1.633174037514274096e+04 -1.058757608542806872e-03
1.630514144945032604e+04 -1.118196601271863582e-03
1.627862902432926967e+04 -1.159756497569067180e-03
1.625220267851055360e+04 -1.225121309948983168e-03
1.622586199345624118e+04 -1.311325932341174654e-03
1.619960655333737850e+04 -1.389599678646306945e-03
1.617343594501211919e+04 -1.410514191586621649e-03
1.614734975800403481e+04 -1.349009368951648068e-03
1.612134758448067805e+04 -1.219293698589156557e-03
1.609542901923231693e+04 -1.038285366102649401e-03
1.606959365965088546e+04 -8.594874681106406695e-04
1.604384110570913617e+04 -6.926556697570071530e-04
1.601817095994000192e+04 -5.553670190668971197e-04
1.599258282741613584e+04 -4.342088433414022469e-04
1.596707631572966784e+04 -3.143163752646140649e-04
1.594165103497213568e+04 -1.796648229480550584e-04
1.591630659771462706e+04 -2.349779671358047335e-05
1.589104261898809818e+04 1.603300402513915259e-04
1.586585871626386870e+04 3.665265187833649475e-04
1.584075450943433680e+04 5.518386551986854786e-04
1.581572962079383979e+04 6.901342934228082027e-04
1.579078367501971661e+04 7.282487709162750690e-04
1.576591629915354315e+04 6.801011029251270929e-04
1.574112712258254760e+04 5.627567179002662288e-04
1.571641577702119503e+04 4.394076440405864353e-04
1.569178189649294836e+04 3.433486367091138653e-04
1.566722511731220948e+04 2.801739357083436418e-04
1.564274507806640759e+04 2.442592477667379874e-04
1.561834141959828594e+04 2.092192971027360938e-04
1.559401378498831946e+04 1.746720702122392995e-04
1.556976181953732521e+04 1.506548094203722103e-04
1.554558517074922565e+04 1.507511303869983924e-04
1.552148348831395560e+04 1.808994779291736305e-04
1.549745642409055836e+04 2.207420135729837557e-04
1.547350363209042007e+04 2.638892642223952725e-04
1.544962476846064965e+04 2.952700509011574044e-04
1.542581949146764237e+04 3.144669678670196106e-04
1.540208746148076898e+04 3.455503378389562699e-04
1.537842834095622493e+04 3.921051948402067000e-04
1.535484179442101595e+04 4.434758313675566982e-04
1.533132748845712194e+04 4.991169079927370656e-04
1.530788509168578094e+04 5.409531176004043996e-04
1.528451427475190940e+04 5.908177937664968590e-04
1.526121471030869179e+04 6.642644793275956491e-04
1.523798607300228650e+04 7.778131623098833358e-04
1.521482803945669002e+04 9.176069459058676945e-04
1.519174028825872665e+04 1.071693783137712529e-03
1.516872249994318190e+04 1.225436514334979441e-03
1.514577435697806504e+04 1.380309338857616582e-03
1.512289554375000262e+04 1.527086034816039790e-03
1.510008574654977565e+04 1.670422263790813594e-03
1.507734465355798420e+04 1.798947785205744351e-03
1.505467195483082651e+04 1.948359088983403313e-03
1.503206734228603636e+04 2.120604436168492275e-03
1.500953050968890784e+04 2.349426692170803257e-03
1.498706115263847641e+04 2.529988343851888744e-03
1.496465896855381288e+04 2.857505531315739436e-03
1.494232365666045007e+04 3.069547836591970339e-03
1.492005491797690047e+04 3.382189739498935466e-03
1.489785245530133943e+04 3.686374088584790619e-03
1.487571597319836837e+04 3.980644824503669528e-03
1.485364517798590714e+04 4.276122117300391011e-03
1.483163977772222279e+04 4.570097570148158247e-03
1.480969948219304752e+04 4.824877630404442175e-03
1.478782400289882025e+04 5.075580518971556376e-03
1.476601305304203379e+04 5.372475348944079181e-03
1.474426634751473102e+04 5.626325650385882900e-03
1.472258360288603217e+04 5.950451315124099388e-03
1.470096453738986929e+04 6.204266990759012106e-03
1.467940887091275727e+04 6.444887103565198790e-03
1.465791632498169929e+04 6.652753392635298371e-03
1.463648662275219431e+04 6.802263949767644972e-03
1.461511948899635172e+04 6.818287509107020562e-03
1.459381465009110980e+04 6.769605126162541939e-03
1.457257183400655231e+04 6.684109362325101056e-03
1.455139077029433247e+04 6.544240843130958926e-03
1.453027119007619694e+04 6.369914341872014163e-03
1.450921282603261170e+04 6.142761696298613440e-03
1.448821541239146427e+04 5.880375018602826062e-03
1.446727868491690788e+04 5.591849422526324123e-03
1.444640238089826926e+04 5.301383329032887531e-03
1.442558623913904921e+04 5.014428579540548825e-03
1.440482999994604688e+04 4.749307398120450156e-03
1.438413340511853676e+04 4.482802469051054214e-03
1.436349619793759121e+04 4.250978156628854726e-03
1.434291812315544666e+04 4.027303866942064450e-03
1.432239892698497897e+04 3.831054729785505434e-03
1.430193835708928600e+04 3.632667228540773993e-03
1.428153616257132853e+04 3.437393244023889162e-03
1.426119209396367660e+04 3.239472721436673606e-03
1.424090590321835043e+04 3.025737451504554795e-03
1.422067734369673235e+04 2.806014638690266811e-03
1.420050617015957505e+04 2.598625773989465208e-03
1.418039213875708629e+04 2.427223942960836205e-03
1.416033500701909543e+04 2.275149952529391482e-03
1.414033453384534005e+04 2.136432349569649877e-03
1.412039047949576889e+04 1.988751586138647574e-03
1.410050260558098671e+04 1.829857512186078327e-03
1.408067067505274281e+04 1.665847581083800899e-03
1.406089445219452500e+04 1.508275478839049902e-03
1.404117370261220458e+04 1.377478047178626146e-03
1.402150819322479219e+04 1.268475820846888102e-03
1.400189769225524469e+04 1.182875017263661319e-03
1.398234196922137016e+04 1.106668381075543188e-03
1.396284079492678211e+04 1.042236484833582557e-03
1.394339394145195183e+04 9.986951146021623600e-04
1.392400118214534086e+04 9.693462610740389597e-04
1.390466229161458432e+04 9.416063149572008332e-04
1.388537704571775248e+04 9.066585237276959417e-04
1.386614522155470877e+04 8.499126005822165309e-04
1.384696659745850775e+04 7.805351535154550751e-04
1.382784095298688044e+04 7.029265698314069799e-04
1.380876806891379420e+04 6.345726294326868751e-04
1.378974772722107446e+04 5.784547749606777168e-04
1.377077971109009741e+04 5.341517910150244937e-04
1.375186380489354633e+04 4.984664171481590408e-04
1.373299979418724615e+04 4.575695473376844625e-04
1.371418746570205622e+04 4.144036233681882143e-04
1.369542660733584307e+04 3.683327837541505788e-04
1.367671700814549331e+04 3.179877910813104199e-04
1.365805845833901913e+04 2.642490908502141624e-04
1.363945074926771304e+04 2.047775276565724962e-04
1.362089367341836805e+04 1.426728050084297812e-04
1.360238702440557245e+04 9.236665379586043014e-05
1.358393059696404453e+04 5.655880530168938330e-05
1.356552418694105654e+04 3.772354309700430347e-05
1.354716759128890590e+04 3.061620923579660292e-05
1.352886060805743364e+04 3.013252903063526664e-05
1.351060303638664118e+04 2.540789229455990114e-05
1.349239467649932703e+04 1.180213754114023537e-05
1.347423532969380904e+04 -1.179908820026549295e-05
1.345612479833669386e+04 -4.404884852415066453e-05
1.343806288585570655e+04 -7.978199531683914777e-05
1.342004939673257650e+04 -1.154552810324761380e-04
1.340208413649598515e+04 -1.458935789863316100e-04
1.338416691171457387e+04 -1.699311806161597879e-04
1.336629752998998629e+04 -1.861543783924455577e-04
1.334847579994999978e+04 -2.017944695387114459e-04
1.333070153124168064e+04 -2.193991565464831379e-04
1.331297453452460286e+04 -2.366917841153436466e-04
1.329529462146414335e+04 -2.549460127035978662e-04
1.327766160472480260e+04 -2.832962481149606444e-04
1.326007529796357630e+04 -3.211696700043815663e-04
1.324253551582341606e+04 -3.666400130056151935e-04
1.322504207392668468e+04 -4.141907256941787844e-04
1.320759478886873512e+04 -4.577927909705276793e-04
1.319019347821146403e+04 -4.983774174423801851e-04
1.317283796047697433e+04 -5.352007572607202744e-04
1.315552805514125976e+04 -5.753736041777773695e-04
1.313826358262795475e+04 -6.192064534290114266e-04
1.312104436430209898e+04 -6.670369814885808131e-04
1.310387022246400556e+04 -7.151985073841715754e-04
1.308674098034313829e+04 -7.568608673266438150e-04
1.306965646209203805e+04 -7.869331146436290853e-04
1.305261649278031655e+04 -8.112547448903745023e-04
1.303562089838867360e+04 -8.288103312068049577e-04
1.301866950580299272e+04 -8.418786339384129458e-04
1.300176214280844215e+04 -8.459302973076476308e-04
1.298489863808365772e+04 -8.425997520879569902e-04
1.296807882119494752e+04 -8.434305560434440839e-04
1.295130252259055851e+04 -8.472194289777335106e-04
1.293456957359496300e+04 -8.589308880819720472e-04
1.291787980640322712e+04 -8.771621764830854311e-04
1.290123305407538828e+04 -9.052594487035603649e-04
1.288462915053088727e+04 -9.397389067465296069e-04
1.286806793054306218e+04 -9.716729903856023351e-04
1.285154922973363500e+04 -9.929319735257631074e-04
1.283507288456730748e+04 -1.004201368527393636e-03
1.281863873234635139e+04 -1.012910930828014606e-03
1.280224661120524433e+04 -1.028555403939296732e-03
1.278589636010536378e+04 -1.057195998819524408e-03
1.276958781882972289e+04 -1.097813187155384940e-03
1.275332082797770818e+04 -1.131579050968704696e-03
1.273709522895992450e+04 -1.157319351574571291e-03
1.272091086399301093e+04 -1.177427100551872155e-03
1.270476757609454398e+04 -1.195049226202992212e-03
1.268866520907794802e+04 -1.203366305683285743e-03
1.267260360754746944e+04 -1.216452425256190750e-03
1.265658261689317442e+04 -1.242848858081244904e-03
1.264060208328598492e+04 -1.273707458691225635e-03
1.262466185367276194e+04 -1.301872480724937647e-03
1.260876177577141061e+04 -1.329844312480739366e-03
1.259290169806603990e+04 -1.362102314478590972e-03
1.257708146980213678e+04 -1.385642827511399762e-03
