1.813651603254075962e+04 4.436888120618126541e-03
1.810371943935352829e+04 4.326423917181426541e-03
1.807104124541967758e+04 4.164608637022889498e-03
1.803848081074324728e+04 4.010812813389902191e-03
1.800603749993255769e+04 3.906782320937829400e-03
1.797371068215888954e+04 3.808400668618031146e-03
1.794149973111559666e+04 3.753692556077750566e-03
1.790940402497763716e+04 3.665685277375168531e-03
1.787742294636160659e+04 3.573669706443070946e-03
1.784555588228609849e+04 3.449727789728509672e-03
1.781380222413256342e+04 3.316457386094476354e-03
1.778216136760657173e+04 3.217969878400981070e-03
1.775063271269946927e+04 3.138788729187500307e-03
1.771921566365044418e+04 3.108881430780987241e-03
1.768790962890901574e+04 3.125976701350130244e-03
1.765671402109788687e+04 3.197517780487741691e-03
1.762562825697623339e+04 3.256331415807933987e-03
1.759465175740333871e+04 3.304991847959026525e-03
1.756378394730263244e+04 3.315559728642225590e-03
1.753302425562609642e+04 3.287284385824124945e-03
1.750237211531905996e+04 3.247998228101916466e-03
1.747182696328534439e+04 3.184059053081704765e-03
1.744138824035278958e+04 3.134367117713740981e-03
1.741105539123913331e+04 3.093663764617235815e-03
1.738082786451823267e+04 3.072695652587395434e-03
1.735070511258665283e+04 3.064448311205320626e-03
1.732068659163062330e+04 3.052934396223095769e-03
1.729077176159326336e+04 3.024938631595729729e-03
1.726096008614224411e+04 3.017528657458288122e-03
1.723125103263769415e+04 3.021764055623348943e-03
1.720164407210051650e+04 3.030548482835935392e-03
1.717213867918096366e+04 3.053069129743501368e-03
1.714273433212757300e+04 3.131261954332547649e-03
1.711343051275641119e+04 3.187190028237448739e-03
1.708422670642064986e+04 3.189372711521548491e-03
1.705512240198041036e+04 3.207011818342885706e-03
1.702611709177295779e+04 3.171221787141026080e-03
1.699721027158319339e+04 3.126756742556423968e-03
1.696840144061440878e+04 3.088069865765337169e-03
1.693969010145939319e+04 3.058478272394504847e-03
1.691107576007179159e+04 3.028282985644739633e-03
1.688255792573777580e+04 3.017506538406741594e-03
1.685413611104798110e+04 2.949121080006861240e-03
1.682580983186974845e+04 2.879139493445639995e-03
1.679757860731963228e+04 2.740557201583424234e-03
1.676944195973618480e+04 2.609448528363532502e-03
1.674139941465301308e+04 2.494517042156099273e-03
1.671345050077211999e+04 2.405496056144777652e-03
1.668559474993749973e+04 2.359524036304617729e-03
1.665783169710898437e+04 2.359115490253244855e-03
1.663016088033637789e+04 2.371964416678360929e-03
1.660258184073383018e+04 2.373189891499338702e-03
1.657509412245447311e+04 2.311908389765067549e-03
1.654769727266528935e+04 2.200596867299060670e-03
1.652039084152227952e+04 2.050453611877525902e-03
1.649317438214580034e+04 1.882883526067326762e-03
1.646604745059621928e+04 1.713526118074309599e-03
1.643900960584975473e+04 1.542307186506307283e-03
1.641206040977459270e+04 1.354578225916586599e-03
1.638519942710720352e+04 1.134652684712223652e-03
1.635842622542892241e+04 8.991016826954307010e-04
1.633174037514274096e+04 6.537198828172167703e-04
1.630514144945032604e+04 4.391592862380848308e-04
1.627862902432926967e+04 2.680631785663259762e-04
1.625220267851055360e+04 1.634598065467004341e-04
1.622586199345624118e+04 1.272000549157435852e-04
1.619960655333737850e+04 1.564368621724301607e-04
1.617343594501211919e+04 2.234106524568764808e-04
1.614734975800403481e+04 3.070806968552824566e-04
1.612134758448067805e+04 3.848898524801966435e-04
1.609542901923231693e+04 4.553620921982840636e-04
1.606959365965088546e+04 5.537577564784563642e-04
1.604384110570913617e+04 6.842092179989824399e-04
1.601817095994000192e+04 8.541466738465901438e-04
1.599258282741613584e+04 1.032116533720401665e-03
1.596707631572966784e+04 1.183935707182041551e-03
1.594165103497213568e+04 1.292044832978807246e-03
1.591630659771462706e+04 1.363962605252428502e-03
1.589104261898809818e+04 1.424626612921032088e-03
1.586585871626386870e+04 1.497129199541977597e-03
1.584075450943433680e+04 1.591323591235919120e-03
1.581572962079383979e+04 1.711932260615579241e-03
1.579078367501971661e+04 1.836422238148538531e-03
1.576591629915354315e+04 1.943374650870253193e-03
1.574112712258254760e+04 2.015086518286435605e-03
1.571641577702119503e+04 2.034635819470748553e-03
1.569178189649294836e+04 2.007210723821901445e-03
1.566722511731220948e+04 1.911085017521637220e-03
1.564274507806640759e+04 1.754844548325687568e-03
1.561834141959828594e+04 1.565426054678900700e-03
1.559401378498831946e+04 1.358264660199146089e-03
1.556976181953732521e+04 1.207233924416910038e-03
1.554558517074922565e+04 1.132129544601598575e-03
1.552148348831395560e+04 1.125725050474237583e-03
1.549745642409055836e+04 1.124009680170212720e-03
1.547350363209042007e+04 1.122787179944016375e-03
1.544962476846064965e+04 1.112046635144105060e-03
1.542581949146764237e+04 1.085897909588770353e-03
1.540208746148076898e+04 1.103893851525877693e-03
1.537842834095622493e+04 1.163405420524121336e-03
1.535484179442101595e+04 1.220671021246468990e-03
1.533132748845712194e+04 1.307567773526683392e-03
1.530788509168578094e+04 1.387446064787726044e-03
1.528451427475190940e+04 1.483630227925210061e-03
1.526121471030869179e+04 1.613077474983464323e-03
1.523798607300228650e+04 1.758911766585627163e-03
1.521482803945669002e+04 1.896614548620182729e-03
1.519174028825872665e+04 2.024437412550521113e-03
1.516872249994318190e+04 2.138811291956990279e-03
1.514577435697806504e+04 2.259542723960949150e-03
1.512289554375000262e+04 2.386640044949824447e-03
1.510008574654977565e+04 2.531950517875826250e-03
1.507734465355798420e+04 2.664469228515016844e-03
1.505467195483082651e+04 2.826380347098899400e-03
1.503206734228603636e+04 2.989771385748599738e-03
1.500953050968890784e+04 3.198180830230763164e-03
1.498706115263847641e+04 3.308206978758040061e-03
1.496465896855381288e+04 3.577458264353843877e-03
1.494232365666045007e+04 3.673777058087538717e-03
1.492005491797690047e+04 3.894432454982461617e-03
1.489785245530133943e+04 4.120000769448946797e-03
1.487571597319836837e+04 4.369971548049864443e-03
1.485364517798590714e+04 4.657111308192728519e-03
1.483163977772222279e+04 4.969001315781890887e-03
1.480969948219304752e+04 5.253895853068178343e-03
1.478782400289882025e+04 5.532713812860570388e-03
1.476601305304203379e+04 5.847421837642678526e-03
1.474426634751473102e+04 6.090228688877267343e-03
1.472258360288603217e+04 6.377727358783997873e-03
1.470096453738986929e+04 6.557686594535617856e-03
1.467940887091275727e+04 6.711713281105802058e-03
1.465791632498169929e+04 6.835525629570819370e-03
1.463648662275219431e+04 6.941936995178670487e-03
1.461511948899635172e+04 6.954093007615021194e-03
1.459381465009110980e+04 6.936041609449099254e-03
1.457257183400655231e+04 6.896269773610502057e-03
1.455139077029433247e+04 6.803508719653267312e-03
1.453027119007619694e+04 6.681712158811765195e-03
1.450921282603261170e+04 6.509153547921871230e-03
1.448821541239146427e+04 6.285162751844576567e-03
1.446727868491690788e+04 6.014721859915581233e-03
1.444640238089826926e+04 5.720297940406939875e-03
1.442558623913904921e+04 5.420734405871610595e-03
1.440482999994604688e+04 5.151696792876855197e-03
1.438413340511853676e+04 4.884071955417199594e-03
1.436349619793759121e+04 4.654948510443843342e-03
1.434291812315544666e+04 4.435771835168064725e-03
1.432239892698497897e+04 4.250378459890217023e-03
1.430193835708928600e+04 4.077860815657982120e-03
1.428153616257132853e+04 3.924441769615295839e-03
1.426119209396367660e+04 3.782082533900089482e-03
1.424090590321835043e+04 3.632557037556011920e-03
1.422067734369673235e+04 3.483401148025116589e-03
1.420050617015957505e+04 3.334594834262960984e-03
1.418039213875708629e+04 3.204748889104676920e-03
1.416033500701909543e+04 3.070946605529021201e-03
1.414033453384534005e+04 2.932196684958771754e-03
1.412039047949576889e+04 2.789309374746814976e-03
1.410050260558098671e+04 2.643906474062422251e-03
1.408067067505274281e+04 2.507385365168400722e-03
1.406089445219452500e+04 2.377106971237683952e-03
1.404117370261220458e+04 2.265448388992214943e-03
1.402150819322479219e+04 2.167419004818127524e-03
1.400189769225524469e+04 2.088833968137190650e-03
1.398234196922137016e+04 2.020536405842608078e-03
1.396284079492678211e+04 1.963125383958555948e-03
1.394339394145195183e+04 1.907227502119953960e-03
1.392400118214534086e+04 1.845930765101820841e-03
1.390466229161458432e+04 1.770603478128404858e-03
1.388537704571775248e+04 1.693131890989619821e-03
1.386614522155470877e+04 1.610181752664890942e-03
1.384696659745850775e+04 1.534553463729516291e-03
1.382784095298688044e+04 1.468149461732035609e-03
1.380876806891379420e+04 1.410469813902232418e-03
1.378974772722107446e+04 1.358458971155394705e-03
1.377077971109009741e+04 1.305331576120477349e-03
1.375186380489354633e+04 1.256123591487167453e-03
1.373299979418724615e+04 1.200451362603462179e-03
1.371418746570205622e+04 1.148300045678997796e-03
1.369542660733584307e+04 1.099844813991863925e-03
1.367671700814549331e+04 1.050001174117351889e-03
1.365805845833901913e+04 1.001241031350783451e-03
1.363945074926771304e+04 9.490357521599240625e-04
1.362089367341836805e+04 8.925476220528312738e-04
1.360238702440557245e+04 8.418942435837508667e-04
1.358393059696404453e+04 8.008713437382861903e-04
1.356552418694105654e+04 7.710615997026326824e-04
1.354716759128890590e+04 7.495295579044047212e-04
1.352886060805743364e+04 7.295170182446986682e-04
1.351060303638664118e+04 7.051012886878500708e-04
1.349239467649932703e+04 6.733604493708093526e-04
1.347423532969380904e+04 6.423535126884033627e-04
1.345612479833669386e+04 6.126510061550860704e-04
1.343806288585570655e+04 5.816769684262361679e-04
1.342004939673257650e+04 5.447802692479841767e-04
1.340208413649598515e+04 4.971436372084549670e-04
1.338416691171457387e+04 4.512782525303855982e-04
1.336629752998998629e+04 4.160730162856339054e-04
1.334847579994999978e+04 4.009052741683885243e-04
1.333070153124168064e+04 4.058549878891395046e-04
1.331297453452460286e+04 4.079592771356997530e-04
1.329529462146414335e+04 4.005174009676568917e-04
1.327766160472480260e+04 3.810347103536473618e-04
1.326007529796357630e+04 3.557187336499084956e-04
1.324253551582341606e+04 3.375895527469406220e-04
1.322504207392668468e+04 3.260357256040519592e-04
1.320759478886873512e+04 3.186221064164877770e-04
1.319019347821146403e+04 3.065701422504505552e-04
1.317283796047697433e+04 2.858394363143451395e-04
1.315552805514125976e+04 2.654742368477585007e-04
1.313826358262795475e+04 2.475933915716619217e-04
1.312104436430209898e+04 2.351860349439561973e-04
1.310387022246400556e+04 2.266336469261767553e-04
1.308674098034313829e+04 2.182338718451565848e-04
1.306965646209203805e+04 2.075660646177196337e-04
1.305261649278031655e+04 1.957361461723695754e-04
1.303562089838867360e+04 1.858062400271030411e-04
1.301866950580299272e+04 1.799004664634245361e-04
1.300176214280844215e+04 1.786037808034257374e-04
1.298489863808365772e+04 1.822165522890724582e-04
1.296807882119494752e+04 1.915776126474354809e-04
1.295130252259055851e+04 2.048512044153341682e-04
1.293456957359496300e+04 2.202708955069415263e-04
1.291787980640322712e+04 2.337817732387126324e-04
1.290123305407538828e+04 2.426919596663408443e-04
1.288462915053088727e+04 2.464126129152996751e-04
1.286806793054306218e+04 2.429952588136515272e-04
1.285154922973363500e+04 2.327115903719054982e-04
1.283507288456730748e+04 2.152738749655251735e-04
1.281863873234635139e+04 1.882147238470138469e-04
1.280224661120524433e+04 1.568044420079273550e-04
1.278589636010536378e+04 1.309792839296162895e-04
1.276958781882972289e+04 1.127261843153049800e-04
1.275332082797770818e+04 1.015052653976970896e-04
1.273709522895992450e+04 8.635950846441991895e-05
1.272091086399301093e+04 6.179387592213107436e-05
1.270476757609454398e+04 3.163440991924850419e-05
1.268866520907794802e+04 -2.460891191595019828e-06
1.267260360754746944e+04 -3.615961516946428211e-05
1.265658261689317442e+04 -6.868790538307434053e-05
1.264060208328598492e+04 -9.844734716274752514e-05
1.262466185367276194e+04 -1.290151880645104001e-04
1.260876177577141061e+04 -1.662483713525465844e-04
1.259290169806603990e+04 -2.073064313122141176e-04
1.257708146980213678e+04 -2.474158142148050773e-04
