1.214039753564347848e+04 3.246753246753253386e-02
1.221053270338261063e+04 3.376623376623388850e-02
1.228066787112173915e+04 3.376623376623388850e-02
1.236483007240869665e+04 3.376623376623388850e-02
1.243496524014782699e+04 3.376623376623388850e-02
1.253315447498260801e+04 3.506493506493502110e-02
1.260328964272174017e+04 3.506493506493502110e-02
1.270147887755652118e+04 3.506493506493502110e-02
1.279966811239130402e+04 3.636363636363637575e-02
1.288383031367825970e+04 3.636363636363637575e-02
1.295396548141739186e+04 3.766233766233761937e-02
1.302410064915652219e+04 3.766233766233761937e-02
1.308020878334782719e+04 3.896103896103897402e-02
1.316437098463478287e+04 4.025974025974021764e-02
1.324853318592173855e+04 4.025974025974021764e-02
1.330464132011304355e+04 4.155844155844157228e-02
1.338880352140000105e+04 4.155844155844157228e-02
1.345893868913913138e+04 4.285714285714281591e-02
1.354310089042608706e+04 4.415584415584417055e-02
1.362726309171304456e+04 4.545454545454552520e-02
1.368337122590434774e+04 4.805194805194812346e-02
1.373947936009565274e+04 5.064935064935072173e-02
1.379558749428695592e+04 5.324675324675320898e-02
1.385169562847826091e+04 5.714285714285716189e-02
1.389377672912173875e+04 6.103896103896100378e-02
1.394988486331304375e+04 6.493506493506495669e-02
1.399196596395652159e+04 7.142857142857150787e-02
1.403404706459999943e+04 7.662337662337659339e-02
1.406210113169565375e+04 8.051948051948054630e-02
1.409015519879130443e+04 8.571428571428574283e-02
1.411820926588695693e+04 8.961038961038969575e-02
1.414626333298260761e+04 9.480519480519478126e-02
1.417431740007826193e+04 1.012987012987013324e-01
1.420237146717391261e+04 1.077922077922076616e-01
1.421639850072173795e+04 1.142857142857142128e-01
1.424445256781739226e+04 1.207792207792207639e-01
1.425847960136521760e+04 1.272727272727273151e-01
1.428653366846087010e+04 1.337662337662338663e-01
1.430056070200869726e+04 1.389610389610389518e-01
1.431458773555652078e+04 1.454545454545455030e-01
1.434264180265217328e+04 1.532467532467531868e-01
1.437069586974782578e+04 1.623376623376623362e-01
1.438472290329565112e+04 1.688311688311688874e-01
1.439874993684347828e+04 1.740259740259739729e-01
1.442680400393913260e+04 1.805194805194805241e-01
1.444083103748695612e+04 1.857142857142857206e-01
1.445485807103478146e+04 1.909090909090908061e-01
1.446888510458260862e+04 1.948051948051947591e-01
1.448291213813043578e+04 1.987012987012987120e-01
1.449693917167826112e+04 2.038961038961039085e-01
1.451096620522608646e+04 2.116883116883115923e-01
1.452499323877391362e+04 2.155844155844155452e-01
1.453902027232173896e+04 2.207792207792207417e-01
1.455304730586956430e+04 2.246753246753246946e-01
1.456707433941739146e+04 2.298701298701298912e-01
1.458110137296521862e+04 2.350649350649350877e-01
1.459512840651304396e+04 2.402597402597402843e-01
1.460915544006086748e+04 2.454545454545454808e-01
1.462318247360869464e+04 2.519480519480519209e-01
1.463720950715652179e+04 2.571428571428571175e-01
1.465123654070434895e+04 2.636363636363635576e-01
1.466526357425217611e+04 2.688311688311688652e-01
1.467929060779999963e+04 2.753246753246753054e-01
1.469331764134782497e+04 2.805194805194805019e-01
1.470734467489565213e+04 2.883116883116882967e-01
1.472137170844347929e+04 2.935064935064934932e-01
1.474942577553912997e+04 3.000000000000000444e-01
1.476345280908695713e+04 3.051948051948051299e-01
1.477747984263478247e+04 3.090909090909090828e-01
1.479150687618260781e+04 3.142857142857142794e-01
1.481956094327826213e+04 3.207792207792208306e-01
1.483358797682608747e+04 3.259740259740259161e-01
1.486164204392173815e+04 3.311688311688312236e-01
1.487566907746956531e+04 3.376623376623376638e-01
1.490372314456521963e+04 3.415584415584416167e-01
1.493177721166086849e+04 3.480519480519480569e-01
1.497385831230434815e+04 3.506493506493506551e-01
1.502996644649565133e+04 3.532467532467532534e-01
1.507204754713913098e+04 3.506493506493506551e-01
1.510010161423478166e+04 3.480519480519480569e-01
1.512815568133043598e+04 3.441558441558442150e-01
1.517023678197391200e+04 3.389610389610389074e-01
1.518426381552173916e+04 3.324675324675324672e-01
1.521231788261739166e+04 3.272727272727272707e-01
1.524037194971304234e+04 3.220779220779220742e-01
1.526842601680869484e+04 3.168831168831168776e-01
1.526842601680869484e+04 3.103896103896104375e-01
1.529648008390434916e+04 3.051948051948051299e-01
1.531050711745217450e+04 2.987012987012986898e-01
1.533856118454782518e+04 2.922077922077922496e-01
1.535258821809565234e+04 2.870129870129870531e-01
1.538064228519130666e+04 2.831168831168831002e-01
1.542272338583478268e+04 2.753246753246753054e-01
1.547883152002608585e+04 2.714285714285714635e-01
1.554896668776521801e+04 2.714285714285714635e-01
1.561910185550435017e+04 2.727272727272727071e-01
1.568923702324347687e+04 2.727272727272727071e-01
1.574534515743478187e+04 2.701298701298701088e-01
1.581548032517391221e+04 2.649350649350650233e-01
1.584353439226956652e+04 2.584415584415584721e-01
1.587158845936521720e+04 2.519480519480519209e-01
1.589964252646086970e+04 2.454545454545454808e-01
1.592769659355652038e+04 2.376623376623376860e-01
1.595575066065217470e+04 2.298701298701298912e-01
1.598380472774782538e+04 2.207792207792207417e-01
1.599783176129565254e+04 2.129870129870130580e-01
1.601185879484347788e+04 2.077922077922078614e-01
1.603991286193913038e+04 2.012987012987013102e-01
1.606796692903478288e+04 1.948051948051947591e-01
1.609602099613043538e+04 1.870129870129870753e-01
1.611004802967826072e+04 1.805194805194805241e-01
1.613810209677391322e+04 1.740259740259739729e-01
1.618018319741738924e+04 1.675324675324675328e-01
1.623629133160869605e+04 1.636363636363636909e-01
1.630642649934782639e+04 1.623376623376623362e-01
1.640461573418261105e+04 1.649350649350649345e-01
1.644669683482608525e+04 1.675324675324675328e-01
1.648877793546956309e+04 1.701298701298700200e-01
1.653085903611304457e+04 1.766233766233765712e-01
1.657294013675652241e+04 1.818181818181817677e-01
1.661502123740000025e+04 1.870129870129870753e-01
1.665710233804347808e+04 1.935064935064934044e-01
1.668515640513912876e+04 1.987012987012987120e-01
1.671321047223478308e+04 2.064935064935065068e-01
1.675529157287826092e+04 2.142857142857141906e-01
1.679737267352173876e+04 2.220779220779220964e-01
1.682542674061738944e+04 2.259740259740259383e-01
1.688153487480869808e+04 2.337662337662338441e-01
1.692361597545217228e+04 2.376623376623376860e-01
1.696569707609565012e+04 2.415584415584415279e-01
1.719012961286087011e+04 2.415584415584415279e-01
1.724623774705217511e+04 2.376623376623376860e-01
1.727429181414782579e+04 2.337662337662338441e-01
1.730234588124347647e+04 2.298701298701298912e-01
1.733039994833913079e+04 2.246753246753246946e-01
1.735845401543478511e+04 2.181818181818181435e-01
1.740053511607825931e+04 2.116883116883115923e-01
1.744261621672173715e+04 2.064935064935065068e-01
1.747067028381739146e+04 2.012987012987013102e-01
1.751275138446086930e+04 1.974025974025973573e-01
1.699375114319130444e+04 2.454545454545454808e-01
1.704985927738260943e+04 2.480519480519480791e-01
1.709194037802608727e+04 2.480519480519480791e-01
1.716207554576521579e+04 2.467532467532467244e-01
1.754080545155651998e+04 1.909090909090908061e-01
1.755483248510434714e+04 1.870129870129870753e-01
1.762496765284347566e+04 1.831168831168831224e-01
1.770912985413043498e+04 1.766233766233765712e-01
1.777926502186956350e+04 1.727272727272726183e-01
1.786342722315652281e+04 1.701298701298700200e-01
1.797564349153913281e+04 1.675324675324675328e-01
1.807383272637391201e+04 1.636363636363636909e-01
1.817202196120869485e+04 1.623376623376623362e-01
1.827021119604347768e+04 1.571428571428571397e-01
1.838242746442608404e+04 1.545454545454546524e-01
1.848061669926086688e+04 1.506493506493506995e-01
1.860686000119130404e+04 1.454545454545455030e-01
1.871907626957391039e+04 1.415584415584415501e-01
1.881726550440869687e+04 1.389610389610389518e-01
1.891545473924347971e+04 1.350649350649349989e-01
1.899961694053043539e+04 1.324675324675324006e-01
1.909780617536521822e+04 1.272727272727273151e-01
1.922404947729565174e+04 1.246753246753247168e-01
1.930821167858260378e+04 1.220779220779221186e-01
1.942042794696521742e+04 1.194805194805195203e-01
1.951861718180000025e+04 1.155844155844155674e-01
1.958875234953912877e+04 1.129870129870130802e-01
1.967291455082608445e+04 1.116883116883116145e-01
1.974304971856522025e+04 1.090909090909091272e-01
1.982721191985217229e+04 1.064935064935065290e-01
1.989734708759130444e+04 1.038961038961039307e-01
1.996748225533043296e+04 1.012987012987013324e-01
2.002359038952173796e+04 1.012987012987013324e-01
2.009372555726087012e+04 9.999999999999997780e-02
