1.298334069505609114e+04 0.000000000000000000e+00
1.288487648865143456e+04 0.000000000000000000e+00
1.278641228224677616e+04 0.000000000000000000e+00
1.268794807584211958e+04 0.000000000000000000e+00
1.258948386943746300e+04 0.000000000000000000e+00
1.249101966303280460e+04 0.000000000000000000e+00
1.239255545662814802e+04 0.000000000000000000e+00
1.229409125022349144e+04 0.000000000000000000e+00
1.219562704381883304e+04 0.000000000000000000e+00
1.209716283741417647e+04 0.000000000000000000e+00
1.199869863100951989e+04 0.000000000000000000e+00
1.190023442460486149e+04 0.000000000000000000e+00
1.180177021820020491e+04 0.000000000000000000e+00
1.170330601179554651e+04 0.000000000000000000e+00
1.160484180539088993e+04 0.000000000000000000e+00
1.150637759898623335e+04 0.000000000000000000e+00
1.140791339258157677e+04 0.000000000000000000e+00
1.130944918617691837e+04 0.000000000000000000e+00
1.121098497977226180e+04 0.000000000000000000e+00
1.111252077336760340e+04 0.000000000000000000e+00
1.101405656696294682e+04 0.000000000000000000e+00
1.091559236055829024e+04 0.000000000000000000e+00
1.081712815415363366e+04 0.000000000000000000e+00
1.071866394774897526e+04 0.000000000000000000e+00
1.062019974134431868e+04 0.000000000000000000e+00
1.052173553493966028e+04 0.000000000000000000e+00
1.042327132853500370e+04 0.000000000000000000e+00
1.032480712213034712e+04 0.000000000000000000e+00
1.022634291572569055e+04 0.000000000000000000e+00
1.012787870932103215e+04 0.000000000000000000e+00
1.298334069505609114e+04 5.380594622517165249e-04
1.312131481059609359e+04 4.775368487701658893e-04
1.325928892613609969e+04 8.210158432374603521e-04
1.339726304167610397e+04 1.887445083507688359e-03
1.358796415880323730e+04 3.339094915827622856e-03
1.381118538829611498e+04 6.702739236113974819e-03
1.393661640242339308e+04 1.047639101402014772e-02
1.405064459708455070e+04 1.563897129404062669e-02
1.410684420731040882e+04 2.074955547261569944e-02
1.415768856482271804e+04 2.608859270031993471e-02
1.419862785415592407e+04 3.278064889044435271e-02
1.424914867929052343e+04 4.176733708532592848e-02
1.427371225289044742e+04 4.999881865799482572e-02
1.431290944480522194e+04 5.593902609316486751e-02
1.432659282816455925e+04 6.627328597095888396e-02
1.430036634339249395e+04 6.022681632505649807e-02
1.434635771523916264e+04 7.320911492375631324e-02
1.437311633158631412e+04 7.991475768833095072e-02
1.438691374314031418e+04 8.797045119738816643e-02
1.439443960398795207e+04 1.008021457369149831e-01
1.439820253441177010e+04 9.453383094406331288e-02
1.442579735751977023e+04 1.084382823948261132e-01
1.443206890822613423e+04 1.152733820801045694e-01
1.444746271450539098e+04 1.246012223131949259e-01
1.443206890822613423e+04 1.200292606578876042e-01
1.447220683274686235e+04 1.368940887365603376e-01
1.445924562795371094e+04 1.313348614554177285e-01
1.448509201874357313e+04 1.548597074554216579e-01
1.447596976317068220e+04 1.478638846576074695e-01
1.447910553852386329e+04 1.430690977211240833e-01
1.450105596599613636e+04 1.669074842951298043e-01
1.448851286458341019e+04 1.614301303980488211e-01
1.450732751670250036e+04 1.742168724178100869e-01
1.453526442439448510e+04 1.835024831762249176e-01
1.450105596599613636e+04 1.787387068226474196e-01
1.455122837164704652e+04 2.137852624168142812e-01
1.454495682094068252e+04 2.061055394868476776e-01
1.454495682094068252e+04 2.009598347961316089e-01
1.454495682094068252e+04 1.958531127167088548e-01
1.453868527023431852e+04 1.909021725772733769e-01
1.456018772979899404e+04 2.218437372158527099e-01
1.458676715898310795e+04 2.371366881108898372e-01
1.457004302376613850e+04 2.303143351207326273e-01
1.457004302376613850e+04 2.264550566026956036e-01
1.460140077729795667e+04 2.538410835621707773e-01
1.459512922659159267e+04 2.461808519378507198e-01
1.459512922659159267e+04 2.425944516988667865e-01
1.461237599103409411e+04 2.621836222630130053e-01
1.463589430618295773e+04 2.937600943050359126e-01
1.462648698012341265e+04 2.870019574323394163e-01
1.462021542941704865e+04 2.818115526806737048e-01
1.462469510849302242e+04 2.762427142853345341e-01
1.461394387871068466e+04 2.714576226159863825e-01
1.460558181110219994e+04 2.671537443222911645e-01
1.465271346489547795e+04 3.072998622458585904e-01
1.464404732210123075e+04 3.002742817088885907e-01
1.465470895830204790e+04 3.151035195036772096e-01
1.467665938577432098e+04 3.279877923042646692e-01
1.466725205971477590e+04 3.210681560419244573e-01
1.468794817704577690e+04 3.377921863538650982e-01
1.471086784417267154e+04 3.684117983068300739e-01
1.470801713930614096e+04 3.610262979012688334e-01
1.470801713930614096e+04 3.558805932105527647e-01
1.471428869001250496e+04 3.499846217576264573e-01
1.469547403789341297e+04 3.455109215961622571e-01
1.472683179142523295e+04 3.797773794489054389e-01
1.472056024071886895e+04 3.739298392497240053e-01
1.473310334213159695e+04 3.873011719336988956e-01
1.476674165955664103e+04 3.973949209127257687e-01
1.473310334213159695e+04 3.920570505114819304e-01
1.477358335123630968e+04 4.071974377217719709e-01
1.473937489283796094e+04 4.023486083980999384e-01
1.478612645264903585e+04 4.229419845296331082e-01
1.477700419707614310e+04 4.159154481592848840e-01
1.475191799425068893e+04 4.131081061254234799e-01
1.480459902018414505e+04 4.320549026575304374e-01
1.483971970413978306e+04 4.419963001663637092e-01
1.480209039990159908e+04 4.364988609428926969e-01
1.484912703019932815e+04 4.502998191296161967e-01
1.487254396313752477e+04 4.572880066977401681e-01
1.494006451544160336e+04 4.623764246273520673e-01
1.500835473424423071e+04 4.534972760364942568e-01
1.502034036448306142e+04 4.485730453797680539e-01
1.504981665280297057e+04 4.430830425534798556e-01
1.507176708027524364e+04 4.380645511176176066e-01
1.509286229628755791e+04 4.304008329965473001e-01
1.512193948592615379e+04 4.238760686483421525e-01
1.514493517184948905e+04 4.175874185453707366e-01
1.515747827326221704e+04 4.105448571154189930e-01
1.518864597980293365e+04 4.024017732546447124e-01
1.522158745826060294e+04 3.943166146666514660e-01
1.523733601892324987e+04 3.862683777679830621e-01
1.525155153385767335e+04 3.796338739376174942e-01
1.528499980429161405e+04 3.727737263776540466e-01
1.530757738683452408e+04 3.639423605817123653e-01
1.531886617810597818e+04 3.573608038002855647e-01
1.534486460648872344e+04 3.501191590182384239e-01
1.536151272290925226e+04 3.412230125601218855e-01
1.539022248836505241e+04 3.341704385805266408e-01
1.539318405397639071e+04 3.262018132494360900e-01
1.541043081841889034e+04 3.207738930161047053e-01
1.543380659832442871e+04 3.133358555259208034e-01
1.545433167336343831e+04 3.059712859137738716e-01
1.545746744871661940e+04 2.991591488428619883e-01
1.546866664640655654e+04 2.933370825868155118e-01
1.550450407901434846e+04 2.887869897666079932e-01
1.551077562972071246e+04 2.833139796462140758e-01
1.552331873113344045e+04 2.776617980190567714e-01
1.553415140962625082e+04 2.705140611663239270e-01
1.556345665565416675e+04 2.612822551868002607e-01
1.558513830238188348e+04 2.547136416930741998e-01
1.561918386335928517e+04 2.488484930218527458e-01
1.565397603751601855e+04 2.422102069058363893e-01
1.573655145514980723e+04 2.403293020986506101e-01
1.580016289802864230e+04 2.459977662586881331e-01
1.585571091857072133e+04 2.519099592512934471e-01
1.595026660614359207e+04 2.559945772536884601e-01
1.603256864849018166e+04 2.483511364253273013e-01
1.605389192089181961e+04 2.424418774708944624e-01
1.608262702594643088e+04 2.352938557582141543e-01
1.608984881160830446e+04 2.279723835885525407e-01
1.612139661213122599e+04 2.206261740550492512e-01
1.614420225106345970e+04 2.142361984137366449e-01
1.614599412269384629e+04 2.089167850855949693e-01
1.615953270834568139e+04 2.025573710829395302e-01
1.618810310600800585e+04 1.967496385238618473e-01
1.620691775812709784e+04 1.911421569576542412e-01
1.621946085953982583e+04 1.857628536095501381e-01
1.622259663489300328e+04 1.797150541672105084e-01
1.625709016377800617e+04 1.727840538830326955e-01
1.628217636660346034e+04 1.663844119041665848e-01
1.631353412013528032e+04 1.592825226524560156e-01
1.635882865301457423e+04 1.525344057546623722e-01
1.644523668496892060e+04 1.477191461032609787e-01
1.656509298735720586e+04 1.511878927337189094e-01
1.662223378268185843e+04 1.568079394887095801e-01
1.668230130166947129e+04 1.633064637205959846e-01
1.671804914069574806e+04 1.704586702419120803e-01
1.677135732169983748e+04 1.787145004773491030e-01
1.675881422028710949e+04 1.729447769955683722e-01
1.681055451361461382e+04 1.858436775569649035e-01
1.684661593017620544e+04 1.954593140900535153e-01
1.683407282876347745e+04 1.899039949703860142e-01
1.688738100976757050e+04 2.032373103267757219e-01
1.690556850681602737e+04 2.097088544665032250e-01
1.695009651683121047e+04 2.170548825311695573e-01
1.697383881593387196e+04 2.229367141688974874e-01
1.699354940386815724e+04 2.282833675911347671e-01
1.702378723763098606e+04 2.345793112434435557e-01
1.705357710348621185e+04 2.401967612202533520e-01
1.709190324669176698e+04 2.463959039475800417e-01
1.715740610962490246e+04 2.526970449867415591e-01
1.725635724299197682e+04 2.534686449314176859e-01
1.731767907212086720e+04 2.475274144605227322e-01
1.736401886345121966e+04 2.409935101056437379e-01
1.739694450465963382e+04 2.349714763130542616e-01
1.742987014586804071e+04 2.297193490935074411e-01
1.745495634869349669e+04 2.234827253073223829e-01
1.748004255151895268e+04 2.183765972486431117e-01
1.751836869472450780e+04 2.121792695846994037e-01
1.754275805858258900e+04 2.059760429647609081e-01
1.756993477831016935e+04 2.000958811264146875e-01
1.760490342467292066e+04 1.930373126374880233e-01
1.764310286988441294e+04 1.864926823455536620e-01
1.768574941468768884e+04 1.805215561306834915e-01
1.774255174537103812e+04 1.738836055656703961e-01
1.778734853613077939e+04 1.681909774903876942e-01
1.783752094178168772e+04 1.632402601087310501e-01
1.794288299364860359e+04 1.580034920380338215e-01
1.807583986862351594e+04 1.542430464212937169e-01
1.821381398416352022e+04 1.523964114358280497e-01
1.835178809970352449e+04 1.509325148157876217e-01
1.848976221524352877e+04 1.474060836709560895e-01
1.859637857725171125e+04 1.426988000401341328e-01
1.867253312154327432e+04 1.369768421906402134e-01
1.872808114208534971e+04 1.316178628379749416e-01
1.880219946861510471e+04 1.255973951000728395e-01
1.885351215621262963e+04 1.200170089800525197e-01
1.890507823979829118e+04 1.147295890905671301e-01
1.896012851822081211e+04 1.095527024359604362e-01
1.901657247457808990e+04 1.044960451673272450e-01
1.906813855816374780e+04 9.954062718402317822e-02
1.914200348870536618e+04 9.392498195773624214e-02
1.922841152065971255e+04 8.819788358944696816e-02
1.933642156060264460e+04 8.207887178533418426e-02
1.945558102402355871e+04 7.685625153368624840e-02
1.959355513956355935e+04 7.228792150519730564e-02
1.973152925510356727e+04 6.829369902484605515e-02
1.986950337064356791e+04 6.495863706272703153e-02
2.000747748618357218e+04 6.164483834313161381e-02
2.014545160172357646e+04 5.828851313848898430e-02
2.028342571726358074e+04 5.478334523618100249e-02
2.042139983280358865e+04 5.125691409134941479e-02
2.055937394834359293e+04 4.766669321894695388e-02
2.069734806388359357e+04 4.424657828673345117e-02
2.083532217942359785e+04 4.097530605218530075e-02
2.097329629496359848e+04 3.772529706016075624e-02
2.111127041050360640e+04 3.470918373589609862e-02
2.124924452604361068e+04 3.247981038500530326e-02
2.138721864158361495e+04 3.042054297430346610e-02
2.166316687266362715e+04 2.723759082393911735e-02
2.180114098820362778e+04 2.617769581184747896e-02
2.193911510374362842e+04 2.524234264882269096e-02
2.232795124753818891e+04 2.338342223434347611e-02
2.246592536307819319e+04 2.306774071057854369e-02
2.260389947861819746e+04 2.179521327325062430e-02
2.274187359415819810e+04 2.160711120462743828e-02
2.287984770969820602e+04 2.135521940843337907e-02
2.301782182523820666e+04 2.055048330662512246e-02
2.316102223303351639e+04 2.068550377161076925e-02
2.329377005631821521e+04 2.071011288097385217e-02
2.343174417185822313e+04 2.073216252595899700e-02
2.355896705761588964e+04 1.974088703509735421e-02
2.370769240293823168e+04 1.899333893032389975e-02
2.385673396090123060e+04 2.010380750258861093e-02
2.398364063401823660e+04 1.870218776317200682e-02
2.412161474955824087e+04 1.870545487726132938e-02
2.425958886509824515e+04 1.904893387172856833e-02
2.439756298063824943e+04 1.937114962367220139e-02
2.453553709617825371e+04 2.086743809360319668e-02
2.475504137090098811e+04 2.080956747898071724e-02
2.490314645296665913e+04 2.265960795836807762e-02
2.504980425410008684e+04 2.342661024249143020e-02
2.518777836964009111e+04 2.462061893790351563e-02
2.539473954295009753e+04 2.663702235177195510e-02
2.553898520919646762e+04 2.828621294237537720e-02
2.567695932473647190e+04 2.956527460788194173e-02
2.581493344027647618e+04 3.101444221357746445e-02
2.595290755581647682e+04 3.220845090898949437e-02
2.609088167135648109e+04 3.363635527216146670e-02
2.622885578689648901e+04 3.461773154233732663e-02
2.636682990243648965e+04 3.534394890222974928e-02
2.650480401797649392e+04 3.638911489997648241e-02
2.664277813351649820e+04 3.709406901734524364e-02
2.678075224905650248e+04 3.799039231742667999e-02
2.691872636459650676e+04 3.809997564413408755e-02
2.705670048013651103e+04 3.859229733626667880e-02
2.719467459567651531e+04 3.916967199849380465e-02
2.733264871121651959e+04 4.000220557100431229e-02
2.747062282675652386e+04 4.060084347575498853e-02
2.760859694229652814e+04 4.081674301508059211e-02
2.774657105783653242e+04 4.082001012916991467e-02
2.788454517337653670e+04 4.082327724325923723e-02
2.816049340445654525e+04 3.938260368418028401e-02
2.217640606212380953e+04 2.396861775013031659e-02
2.205350253008571599e+04 2.434767846532526203e-02
2.153116251892381115e+04 2.891896152400308395e-02
2.281140764432063952e+04 2.169182824644994012e-02
2.802456579493650861e+04 4.053184910327728430e-02
1.498654943789523895e+04 4.577173899862975182e-01
