1.212637050209565132e+04 1.619995031055900592e+00
1.218247863628695632e+04 1.621413664596273119e+00
1.223858677047825950e+04 1.622832298136645868e+00
1.229469490466956267e+04 1.624250931677018617e+00
1.236483007240869483e+04 1.627095652173912832e+00
1.242093820659999801e+04 1.628514285714285581e+00
1.247704634079130301e+04 1.629932919254658330e+00
1.253315447498260619e+04 1.631351552795031079e+00
1.258926260917391119e+04 1.634198757763975163e+00
1.264537074336521619e+04 1.635617391304347690e+00
1.270147887755651936e+04 1.637036024844720439e+00
1.275758701174782436e+04 1.638454658385092966e+00
1.278564107884347686e+04 1.639878260869565008e+00
1.282772217948695470e+04 1.641299378881987403e+00
1.286980328013043436e+04 1.642720496894409798e+00
1.291188438077391220e+04 1.644141614906832194e+00
1.296799251496521720e+04 1.646988819875776278e+00
1.301007361560869504e+04 1.648409937888198673e+00
1.305215471625217469e+04 1.651259627329192403e+00
1.309423581689565071e+04 1.652680745341614799e+00
1.312228988399130321e+04 1.654104347826086840e+00
1.316437098463478105e+04 1.656954037267080793e+00
1.322047911882608605e+04 1.658372670807453320e+00
1.326256021946956389e+04 1.661222360248447050e+00
1.333269538720869423e+04 1.664067080745341487e+00
1.337477648785217389e+04 1.668345341614906774e+00
1.343088462204347707e+04 1.672621118012422414e+00
1.348699275623478024e+04 1.675468322981366498e+00
1.352907385687825990e+04 1.678318012422360228e+00
1.357115495752173774e+04 1.681167701863353958e+00
1.359920902461739024e+04 1.685448447204968891e+00
1.365531715880869342e+04 1.689724223602484310e+00
1.369739825945217308e+04 1.694002484472049597e+00
1.372545232654782376e+04 1.698283229813664530e+00
1.376753342719130524e+04 1.702561490683229817e+00
1.379558749428695592e+04 1.706842236024844528e+00
1.382364156138260842e+04 1.709694409937888127e+00
1.385169562847825910e+04 1.713975155279503060e+00
1.387974969557391159e+04 1.718255900621117771e+00
1.390780376266956409e+04 1.723965217391304261e+00
1.393585782976521659e+04 1.728245962732919194e+00
1.396391189686086727e+04 1.732526708074534127e+00
1.399196596395652159e+04 1.736807453416148839e+00
1.402002003105217227e+04 1.741088198757763772e+00
1.404807409814782477e+04 1.745368944099378705e+00
1.407612816524347727e+04 1.749649689440993638e+00
1.410418223233912977e+04 1.753930434782608572e+00
1.413223629943478045e+04 1.758211180124223505e+00
1.416029036653043477e+04 1.762491925465838438e+00
1.418834443362608727e+04 1.768201242236024706e+00
1.423042553426956511e+04 1.773908074534161328e+00
1.427250663491304294e+04 1.778186335403726615e+00
1.430056070200869544e+04 1.781038509316769991e+00
1.432861476910434612e+04 1.783890683229813590e+00
1.435666883620000044e+04 1.788171428571428523e+00
1.438472290329565112e+04 1.791023602484471899e+00
1.442680400393913078e+04 1.793873291925465630e+00
1.448291213813043578e+04 1.795291925465838379e+00
1.453902027232173896e+04 1.792424844720496679e+00
1.459512840651304214e+04 1.789557763975155202e+00
1.463720950715652179e+04 1.783836024844720480e+00
1.466526357425217429e+04 1.776688198757763848e+00
1.469331764134782497e+04 1.772397515527950329e+00
1.470734467489565213e+04 1.765252173913043343e+00
1.473539874199130281e+04 1.758104347826086933e+00
1.474942577553912815e+04 1.750959006211179947e+00
1.476345280908695531e+04 1.742385093167701626e+00
1.477747984263478247e+04 1.735239751552794862e+00
1.480553390973043497e+04 1.729520496894409787e+00
1.481956094327826031e+04 1.723803726708074358e+00
1.483358797682608565e+04 1.715229813664596037e+00
1.484761501037391099e+04 1.708084472049689273e+00
1.486164204392173815e+04 1.700939130434782509e+00
1.488969611101739065e+04 1.693791304347826099e+00
1.491775017811304133e+04 1.685214906832297910e+00
1.493177721166086849e+04 1.676640993788819811e+00
1.494580424520869565e+04 1.669495652173913047e+00
1.495983127875652281e+04 1.663778881987577396e+00
1.497385831230434633e+04 1.658062111801242189e+00
1.498788534585217167e+04 1.649488198757763868e+00
1.500191237939999883e+04 1.642342857142857104e+00
1.501593941294782599e+04 1.636626086956521675e+00
1.502996644649565133e+04 1.629480745341614689e+00
1.505802051359130382e+04 1.620904347826086944e+00
1.507204754713912916e+04 1.612330434782608624e+00
1.508607458068695450e+04 1.605185093167701638e+00
1.510010161423478166e+04 1.598039751552794874e+00
1.511412864778260882e+04 1.590894409937888110e+00
1.514218271487826132e+04 1.585175155279503034e+00
1.515620974842608484e+04 1.578029813664596048e+00
1.518426381552173916e+04 1.570881987577639638e+00
1.519829084906956632e+04 1.565165217391304209e+00
1.521231788261738984e+04 1.559448447204968780e+00
1.524037194971304234e+04 1.553729192546583704e+00
1.526842601680869484e+04 1.548009937888198628e+00
1.531050711745217268e+04 1.540859627329192350e+00
1.538064228519130484e+04 1.539418633540372561e+00
1.545077745293043336e+04 1.539406211180124107e+00
1.550688558712173835e+04 1.537967701863353964e+00
1.557702075486086869e+04 1.537955279503105510e+00
1.563312888905217187e+04 1.535088198757763811e+00
1.567520998969565153e+04 1.529366459627329089e+00
1.568923702324347687e+04 1.522221118012422325e+00
1.571729109033912937e+04 1.517930434782608584e+00
1.574534515743478187e+04 1.512211180124223509e+00
1.577339922453043437e+04 1.506491925465838433e+00
1.580145329162608687e+04 1.499344099378881801e+00
1.582950735872173755e+04 1.492196273291925390e+00
1.585756142581739186e+04 1.486477018633540315e+00
1.588561549291304254e+04 1.480757763975155239e+00
1.591366956000869504e+04 1.476467080745341498e+00
1.595575066065217288e+04 1.472173913043477889e+00
1.601185879484347788e+04 1.467878260869565077e+00
1.605393989548695572e+04 1.469299378881987472e+00
1.609602099613043538e+04 1.473577639751552759e+00
1.612407506322608606e+04 1.479286956521739027e+00
1.615212913032173674e+04 1.483567701863353960e+00
1.618018319741738924e+04 1.490705590062111563e+00
1.619421023096521640e+04 1.494988819875776365e+00
1.622226429806086890e+04 1.500698136645962633e+00
1.625031836515652321e+04 1.507836024844720235e+00
1.627837243225217389e+04 1.512116770186335390e+00
1.630642649934782639e+04 1.519254658385092993e+00
1.633448056644347707e+04 1.522106832298136592e+00
1.636253463353912957e+04 1.526387577639751303e+00
1.639058870063478389e+04 1.532096894409937793e+00
1.641864276773043457e+04 1.539234782608695618e+00
1.644669683482608525e+04 1.543515527950310329e+00
1.647475090192173593e+04 1.546367701863353927e+00
1.651683200256521741e+04 1.550645962732918992e+00
1.655891310320869525e+04 1.554924223602484279e+00
1.660099420385217309e+04 1.559202484472049566e+00
1.664307530449565093e+04 1.562052173913043296e+00
1.668515640513912876e+04 1.562044720496894357e+00
1.675529157287826092e+04 1.562032298136645903e+00
1.678334563997391524e+04 1.560598757763975053e+00
1.682542674061738944e+04 1.559162732919254557e+00
1.685348080771304376e+04 1.556300621118012373e+00
1.688153487480869444e+04 1.554867080745341523e+00
1.690958894190434512e+04 1.552004968944099339e+00
1.692361597545217228e+04 1.546288198757763688e+00
1.695167004254782296e+04 1.541997515527950169e+00
1.696569707609565012e+04 1.536280745341614740e+00
1.699375114319130444e+04 1.531990062111800999e+00
1.700777817673913160e+04 1.527701863354037126e+00
1.702180521028695875e+04 1.521985093167701697e+00
1.704985927738260580e+04 1.516265838509316621e+00
1.707791334447826011e+04 1.510546583850931546e+00
1.710596741157391079e+04 1.504827329192546470e+00
1.713402147866956511e+04 1.497679503105589838e+00
1.716207554576521579e+04 1.490531677018633427e+00
1.719012961286087011e+04 1.484812422360248352e+00
1.721818367995652079e+04 1.479093167701863276e+00
1.724623774705217511e+04 1.474802484472049535e+00
1.728831884769564931e+04 1.471937888198757483e+00
1.731637291479130363e+04 1.467647204968943964e+00
1.737248104898260863e+04 1.464780124223602265e+00
1.745664325026956431e+04 1.463336645962732829e+00
1.751275138446086930e+04 1.463326708074534022e+00
1.758288655219999782e+04 1.463314285714285568e+00
1.766704875348695714e+04 1.464727950310559024e+00
1.775121095477390918e+04 1.466141614906832036e+00
1.784940018960869565e+04 1.466124223602484289e+00
1.793356239089565133e+04 1.467537888198757745e+00
1.800369755863477985e+04 1.467525465838509291e+00
1.811591382701738985e+04 1.467505590062111676e+00
1.820007602830434917e+04 1.466062111801242018e+00
1.825618416249565053e+04 1.466052173913043433e+00
1.831229229668695916e+04 1.466042236024844403e+00
1.836840043087825688e+04 1.464603726708074483e+00
1.842450856506956552e+04 1.464593788819875675e+00
1.852269779990434836e+04 1.464576397515527706e+00
1.859283296764347688e+04 1.464563975155279252e+00
1.864894110183478188e+04 1.464554037267080666e+00
1.873310330312173755e+04 1.464539130434782344e+00
1.883129253795652039e+04 1.464521739130434597e+00
1.891545473924347971e+04 1.463078260869564939e+00
1.899961694053043539e+04 1.463063354037267061e+00
1.906975210826956391e+04 1.463050931677018607e+00
1.912586024246086890e+04 1.464469565217391134e+00
1.919599541019999742e+04 1.465885714285714236e+00
1.926613057793912958e+04 1.465873291925465782e+00
1.933626574567825810e+04 1.467289440993788663e+00
1.939237387986956674e+04 1.467279503105589855e+00
1.944848201406086810e+04 1.468698136645962604e+00
1.951861718180000025e+04 1.470114285714285707e+00
1.957472531599130525e+04 1.471532919254658012e+00
1.963083345018260661e+04 1.472951552795030761e+00
1.970096861792173877e+04 1.472939130434782529e+00
1.977110378566087093e+04 1.474355279503105631e+00
1.984123895339999945e+04 1.475771428571428512e+00
1.991137412113912796e+04 1.477187577639751392e+00
1.996748225533043296e+04 1.478606211180124141e+00
2.002359038952173796e+04 1.480024844720496890e+00
2.009372555726087012e+04 1.481440993788819771e+00
2.013580665790434432e+04 1.481433540372670610e+00
