1.012787870932103215e+04 1.673372470750978058e+00
1.026572492755428357e+04 1.674459120054064609e+00
1.040357114578753317e+04 1.676938038776730977e+00
1.054141736402078459e+04 1.678669886103524966e+00
1.067926358225403601e+04 1.681420467151963027e+00
1.081710980048728561e+04 1.683288145641643085e+00
1.095495601872053521e+04 1.686140600062245198e+00
1.109280223695378845e+04 1.688381814249861224e+00
1.123064845518703987e+04 1.691166353089020635e+00
1.136849467342028947e+04 1.694664005533330631e+00
1.150634089165353907e+04 1.697414586581768248e+00
1.164418710988679049e+04 1.700708492281749473e+00
1.178203332812004192e+04 1.704274060307502392e+00
1.191987954635329152e+04 1.708111290659026782e+00
1.205772576458654112e+04 1.712118309964158591e+00
1.219557198281979436e+04 1.716396991595061872e+00
1.233341820105304578e+04 1.721151082296065615e+00
1.247126441928629538e+04 1.726448497648612523e+00
1.260911063751954498e+04 1.732153406489817193e+00
1.274695685575279640e+04 1.738639344517614926e+00
1.288480307398604782e+04 1.745396944871184575e+00
1.301638355502687773e+04 1.752830305260111077e+00
1.314796403606770946e+04 1.760915655230889554e+00
1.326701304272369816e+04 1.769279883557968169e+00
1.337353057499484748e+04 1.777770038692305210e+00
1.347378237007357347e+04 1.786539233886707656e+00
1.357403416515230128e+04 1.795492232361046936e+00
1.364365346729030534e+04 1.803336482017703135e+00
1.370874751478934195e+04 1.811279303594647949e+00
1.377829719762520836e+04 1.820260969451519273e+00
1.383092939004154323e+04 1.829209017095576151e+00
1.387635598468659009e+04 1.838556747936424873e+00
1.394314304703307425e+04 1.850394433781924253e+00
1.400149668027965527e+04 1.861126604885047220e+00
1.403769871739141854e+04 1.871231783113377123e+00
1.408657146749229832e+04 1.881345262134994423e+00
1.411845710787150347e+04 1.892860537623032968e+00
1.415883630311154593e+04 1.903319537165241160e+00
1.420174710933842834e+04 1.916374421153711705e+00
1.421940509597161326e+04 1.926624014319804123e+00
1.425449322424916681e+04 1.937431647180086092e+00
1.426953099351097444e+04 1.948173466607874271e+00
1.430981073260510675e+04 1.956071078507092720e+00
1.432592262824276077e+04 1.968160052003930849e+00
1.435725131420486287e+04 1.979479315577749254e+00
1.439014643446507034e+04 1.988615376189767359e+00
1.440612406430574083e+04 1.999924169444780020e+00
1.443557302911011902e+04 2.009953602934361871e+00
1.446846814937032468e+04 2.020786138174506252e+00
1.451110997192985451e+04 2.031718974666874011e+00
1.458460806375840366e+04 2.037651274936316703e+00
1.466199398674531403e+04 2.023559762009504936e+00
1.465174096224862478e+04 2.034140039375718523e+00
1.469470601728236579e+04 2.012492756309617548e+00
1.471063889185737935e+04 2.001082130108381651e+00
1.471439833417283080e+04 1.989269063661155412e+00
1.473632841434630245e+04 1.979043523930157145e+00
1.475825849451977228e+04 1.968895804136229000e+00
1.477580255865855179e+04 1.958424353404089713e+00
1.477705570609703500e+04 1.946732686058692652e+00
1.477884591672344141e+04 1.938248089491289017e+00
1.479137739110828261e+04 1.929146862565387810e+00
1.481465012925155679e+04 1.920691911688296560e+00
1.482718160363639799e+04 1.912217987569405420e+00
1.483344734082881769e+04 1.904025104594675666e+00
1.484597881521365889e+04 1.895807319240083499e+00
1.484597881521365889e+04 1.887589533885491333e+00
1.484597881521365889e+04 1.879496260430211230e+00
1.486756079887644046e+04 1.867211086364760408e+00
1.487730750117576099e+04 1.857607068531161199e+00
1.487909771180216921e+04 1.848759608714334091e+00
1.489895277511321547e+04 1.837205227865710944e+00
1.491311171370388001e+04 1.824266339378244339e+00
1.493369913590754913e+04 1.813753977593473898e+00
1.492922360934153221e+04 1.804895845328134296e+00
1.494175508372637341e+04 1.795664177364858727e+00
1.495249634748481003e+04 1.787307650179604579e+00
1.495428655811121462e+04 1.778748346472613928e+00
1.497934950688089521e+04 1.769996938692398825e+00
1.499635650783175333e+04 1.760462884687936880e+00
1.500575511362038560e+04 1.749879373246416625e+00
1.500441245565058125e+04 1.740007358372393620e+00
1.502350803566557624e+04 1.729666941591434970e+00
1.504737751068431862e+04 1.718128838921856083e+00
1.506527961694837904e+04 1.709110619928829511e+00
1.508407682852563994e+04 1.700946196816799594e+00
1.509034256571805963e+04 1.690627273161317445e+00
1.511719572511415026e+04 1.681308891553878082e+00
1.513509783137820887e+04 1.671863774620353293e+00
1.516135425389882585e+04 1.661152193796683774e+00
1.517388572828366705e+04 1.650216491554252318e+00
1.520312583518163228e+04 1.641404606565800117e+00
1.522505591535510212e+04 1.632542472132268330e+00
1.524698599552857559e+04 1.622223548476786181e+00
1.528959300843703204e+04 1.610102315078762558e+00
1.537473165696442084e+04 1.588668387364941648e+00
1.530964336745277978e+04 1.601149909518229553e+00
1.534723779060730158e+04 1.593492427710541559e+00
1.540049655674287351e+04 1.584226667203406658e+00
1.546315392866708316e+04 1.576683321303421259e+00
1.557071575047029910e+04 1.578476292653514079e+00
1.562293022707380260e+04 1.587951648191157528e+00
1.567775542750748173e+04 1.596636353168169542e+00
1.571333586370729790e+04 1.605036459518182967e+00
1.582134523816711953e+04 1.609305438923165799e+00
1.591324271698928715e+04 1.597974856085773609e+00
1.596272597481660705e+04 1.588824189270182430e+00
1.598634298423419204e+04 1.578333103969305373e+00
1.602644370226568390e+04 1.566249224141075480e+00
1.607249687062997327e+04 1.555394009947842271e+00
1.616073933608989500e+04 1.548745963895290734e+00
1.625827597838524161e+04 1.555005799633201402e+00
1.631614860554432562e+04 1.567169102960840998e+00
1.635960189983981218e+04 1.577626054255354848e+00
1.638824526986230558e+04 1.586537548763256922e+00
1.643747606208846628e+04 1.595515746074361640e+00
1.646880474805057020e+04 1.604520624506747595e+00
1.650639917120509199e+04 1.613272032286962476e+00
1.655652506874445680e+04 1.622853889967053043e+00
1.661462554089235709e+04 1.632181670605852952e+00
1.668323219863562554e+04 1.642093572408659830e+00
1.679462308205643785e+04 1.652237141805944276e+00
1.691993782590484625e+04 1.650892413293374661e+00
1.700537969671058090e+04 1.639964796239210321e+00
1.706404978133051554e+04 1.628573655341698290e+00
1.711149036293027530e+04 1.618394807572942184e+00
1.712879573231886025e+04 1.610114766268693876e+00
1.716917492755890271e+04 1.601087653568573632e+00
1.723591000146547594e+04 1.589811618801356241e+00
1.725828763429554965e+04 1.581788309175213403e+00
1.727439952993320549e+04 1.571382671875567461e+00
1.730716038439642944e+04 1.561318552928320003e+00
1.735853942937427928e+04 1.551006633067174345e+00
1.739770028682690827e+04 1.541139620903391183e+00
1.747341127790198880e+04 1.531049710205572456e+00
1.760916891707109971e+04 1.524229853902346665e+00
1.774701513530434750e+04 1.527625632974492387e+00
1.788486135353760255e+04 1.533907824257961572e+00
1.802270757177085034e+04 1.538831703912572291e+00
1.816055379000410176e+04 1.540495635657923801e+00
1.829840000823734954e+04 1.538661914958965315e+00
1.843624622647060460e+04 1.533500330769304032e+00
1.857409244470385602e+04 1.526199405764191219e+00
1.871193866293710380e+04 1.519917214480721812e+00
1.884978488117035886e+04 1.515774364012704378e+00
1.898763109940360664e+04 1.515706448431261455e+00
1.912547731763685806e+04 1.519475763201342922e+00
1.926332353587010584e+04 1.524603389600282632e+00
1.940116975410336090e+04 1.530919538674473390e+00
1.953901597233661232e+04 1.536047165073413101e+00
1.967686219056986010e+04 1.540971044728024264e+00
1.981470840880311152e+04 1.544978064033155851e+00
1.995255462703636294e+04 1.548509674268187197e+00
2.009040084526961436e+04 1.551430044270232234e+00
2.022824706350286215e+04 1.554486245435163339e+00
2.036609328173611357e+04 1.557644319972258717e+00
2.050393949996936863e+04 1.560360943229975206e+00
2.064178571820261641e+04 1.563858595674284979e+00
2.077963193643586783e+04 1.567152501374266205e+00
2.091747815466911561e+04 1.571057647307233296e+00
2.105532437290237067e+04 1.575064666612365105e+00
2.119317059113561845e+04 1.579003770336053991e+00
2.133101680936886987e+04 1.582976831850464228e+00
2.146886302760212129e+04 1.587357386853532004e+00
2.160670924583537271e+04 1.591568152902992583e+00
2.174455546406862413e+04 1.595439341045238324e+00
2.188240168230187192e+04 1.599344486978205637e+00
2.202203811116153156e+04 1.604228402702239542e+00
2.217209988425731353e+04 1.607761596003545179e+00
2.232100328577130858e+04 1.610380768962678566e+00
2.245884950400455637e+04 1.613742590244102493e+00
2.259669572223780779e+04 1.615983804431718518e+00
2.273454194047105557e+04 1.618055229665727346e+00
2.287238815870430699e+04 1.621620797691480043e+00
2.301023437693756205e+04 1.625458028043004655e+00
2.321054324243039446e+04 1.629503890294716095e+00
2.342377303163731267e+04 1.634083306886254361e+00
2.356161924987056409e+04 1.637139508051185244e+00
2.369946546810381187e+04 1.640806949449102436e+00
2.383731168633706329e+04 1.643727319451147473e+00
2.397515790457031835e+04 1.646647689453192731e+00
2.411300412280356613e+04 1.650111384106781154e+00
2.425085034103681755e+04 1.653269458643876533e+00
2.438869655927006534e+04 1.656121913064478646e+00
2.452654277750332039e+04 1.659313945392295597e+00
2.466438899573656818e+04 1.662675766673719524e+00
2.480223521396981960e+04 1.665358432140714662e+00
2.494008143220306738e+04 1.668414633305645545e+00
2.507792765043632244e+04 1.670791678656147194e+00
2.521577386866957386e+04 1.673134766215927716e+00
2.535362008690282164e+04 1.675511811566429587e+00
2.549146630513607306e+04 1.677345532265388073e+00
2.562931252336932448e+04 1.679484873080839824e+00
2.576715874160257590e+04 1.681488382733405729e+00
2.590500495983582368e+04 1.682541074245770929e+00
2.604285117806907874e+04 1.683288145641642863e+00
2.618069739630233016e+04 1.684952077386994151e+00
2.631854361453557794e+04 1.686412262388016670e+00
2.645638983276882936e+04 1.686785798085952637e+00
2.659423605100208079e+04 1.687295164946774673e+00
2.673208226923533221e+04 1.688517645412746848e+00
2.686992848746857999e+04 1.689570336925112048e+00
2.700777470570183141e+04 1.690453239483869829e+00
2.714562092393508647e+04 1.690860732972527369e+00
2.728346714216833425e+04 1.690894690763248720e+00
2.742131336040158567e+04 1.691743635531285150e+00
2.755915957863483345e+04 1.692354875764271460e+00
2.769700579686808851e+04 1.691981340066335271e+00
2.783485201510133629e+04 1.691607804368399304e+00
2.797269823333458771e+04 1.690962606344691643e+00
2.809550668230602969e+04 1.691477066874121693e+00
