W N2
10000 0.000261003
10007.7 0.000261691
10015.3 0.000262382
10023 0.000263076
10030.6 0.000263772
10038.3 0.000264472
10045.9 0.000265173
10053.6 0.000265878
10061.2 0.000266585
10068.9 0.000267296
10076.5 0.000268008
10084.2 0.000268724
10091.8 0.000269443
10099.5 0.000270164
10107.1 0.000270888
10114.8 0.000271616
10122.4 0.000272346
10130.1 0.000273078
10137.7 0.000273814
10145.4 0.000274553
10153 0.000275295
10160.7 0.00027604
10168.3 0.000276788
10176 0.000277538
10183.6 0.000278292
10191.3 0.000279049
10198.9 0.000279809
10206.6 0.000280572
10214.2 0.000281339
10221.9 0.000282108
10229.5 0.00028288
10237.2 0.000283656
10244.8 0.000284435
10252.5 0.000285217
10260.1 0.000286003
10267.8 0.000286792
10275.4 0.000287584
10283.1 0.000288379
10290.7 0.000289178
10298.4 0.00028998
10306 0.000290786
10313.7 0.000291595
10321.3 0.000292407
10329 0.000293223
10336.6 0.000294042
10344.3 0.000294865
10351.9 0.000295691
10359.6 0.000296521
10367.2 0.000297355
10374.9 0.000298192
10382.5 0.000299033
10390.2 0.000299877
10397.8 0.000300726
10405.5 0.000301577
10413.1 0.000302433
10420.8 0.000303293
10428.4 0.000304156
10436.1 0.000305023
10443.7 0.000305894
10451.4 0.000306769
10459 0.000307647
10466.7 0.00030853
10474.3 0.000309417
10482 0.000310308
10489.6 0.000311202
10497.3 0.000312101
10504.9 0.000313004
10512.6 0.000313911
10520.2 0.000314823
10527.9 0.000315738
10535.5 0.000316658
10543.2 0.000317582
10550.8 0.00031851
10558.5 0.000319442
10566.1 0.000320379
10573.8 0.000321321
10581.4 0.000322267
10589.1 0.000323217
10596.7 0.000324172
10604.4 0.000325131
10612 0.000326095
10619.7 0.000327063
10627.3 0.000328037
10635 0.000329014
10642.6 0.000329997
10650.3 0.000330984
10657.9 0.000331976
10665.6 0.000332973
10673.2 0.000333975
10680.9 0.000334982
10688.5 0.000335994
10696.2 0.000337011
10703.8 0.000338033
10711.5 0.000339059
10719.1 0.000340091
10726.8 0.000341129
10734.4 0.000342171
10742.1 0.000343219
10749.7 0.000344272
10757.4 0.00034533
10765 0.000346394
10772.7 0.000347463
10780.3 0.000348537
10788 0.000349617
10795.6 0.000350703
10803.3 0.000351794
10810.9 0.000352891
10818.6 0.000353993
10826.2 0.000355101
10833.9 0.000356215
10841.5 0.000357335
10849.2 0.00035846
10856.8 0.000359591
10864.5 0.000360729
10872.1 0.000361872
10879.8 0.000363021
10887.4 0.000364176
10895.1 0.000365337
10902.7 0.000366504
10910.4 0.000367677
10918 0.000368857
10925.7 0.000370042
10933.3 0.000371233
10941 0.000372431
10948.6 0.000373634
10956.3 0.000374844
10963.9 0.00037606
10971.6 0.000377281
10979.2 0.000378508
10986.9 0.000379741
10994.5 0.00038098
11002.2 0.000382225
11009.8 0.000383474
11017.5 0.000384729
11025.1 0.000385988
11032.8 0.000387251
11040.4 0.000388519
11048.1 0.000389789
11055.7 0.000391061
11063.4 0.000392334
11071 0.000393606
11078.7 0.000394874
11086.3 0.000396136
11094 0.000397383
11101.6 0.000398608
11109.3 0.00039979
11116.9 0.000400881
11124.6 0.0004016
11132.2 0.000402747
11139.9 0.000404355
11147.5 0.000406436
11155.2 0.000408751
11162.8 0.000410639
11170.5 0.000412451
11178.1 0.000414256
11185.8 0.0004159
11193.4 0.000417434
11201.1 0.00041878
11208.7 0.000420304
11216.4 0.000421931
11224 0.000423685
11231.7 0.000425399
11239.3 0.000427046
11247 0.000428637
11254.6 0.000430199
11262.3 0.000431918
11269.9 0.000433757
11277.6 0.000435809
11285.2 0.000437569
11292.9 0.000439161
11300.5 0.000440477
11308.2 0.000441941
11315.8 0.000443534
11323.5 0.000445153
11331.1 0.000446806
11338.8 0.000448672
11346.4 0.000450712
11354.1 0.000453043
11361.7 0.000455124
11369.4 0.000457121
11377 0.00045914
11384.7 0.000461032
11392.3 0.000462761
11400 0.00046428
11407.7 0.000465566
11415.3 0.000467323
11423 0.000469288
11430.6 0.000471511
11438.3 0.000473637
11445.9 0.000475719
11453.6 0.000477771
11461.2 0.000479851
11468.9 0.000482118
11476.5 0.000484585
11484.2 0.000487488
11491.8 0.000489753
11499.5 0.000491612
11507.1 0.00049283
11514.8 0.000494152
11522.4 0.000496211
11530.1 0.000498658
11537.7 0.000501586
11545.4 0.000504182
11553 0.000506708
11560.7 0.000509277
11568.3 0.000511788
11576 0.000514208
11583.6 0.000516574
11591.3 0.000518878
11598.9 0.000521189
11606.6 0.000523456
11614.2 0.000525517
11621.9 0.000527749
11629.5 0.0005303
11637.2 0.000533074
11644.8 0.000536151
11652.5 0.000539069
11660.1 0.000541997
11667.8 0.000545089
11675.4 0.000548137
11683.1 0.000550807
11690.7 0.000553213
11698.4 0.00055512
11706 0.000557556
11713.7 0.000560251
11721.3 0.000563106
11729 0.000566097
11736.6 0.000569212
11744.3 0.000572481
11751.9 0.000576051
11759.6 0.000579499
11767.2 0.000582884
11774.9 0.000586306
11782.5 0.000589829
11790.2 0.000593081
11797.8 0.000596146
11805.5 0.000598819
11813.1 0.000601572
11820.8 0.000604978
11828.4 0.00060875
11836.1 0.000613082
11843.7 0.000617146
11851.4 0.000621118
11859 0.000625128
11866.7 0.000629231
11874.3 0.000633089
11882 0.000636799
11889.6 0.000640222
11897.3 0.000643689
11904.9 0.000647587
11912.6 0.000651683
11920.2 0.000655969
11927.9 0.000660361
11935.5 0.000664884
11943.2 0.000669595
11950.8 0.00067459
11958.5 0.000679379
11966.1 0.00068414
11973.8 0.000688938
11981.4 0.00069376
11989.1 0.000698427
11996.7 0.000702958
12004.4 0.000707018
12012 0.000711486
12019.7 0.000716553
12027.3 0.000722028
12035 0.000728109
12042.6 0.000733999
12050.3 0.000739854
12057.9 0.000745808
12065.6 0.00075199
12073.2 0.000757917
12080.9 0.00076372
12088.5 0.000769348
12096.2 0.000774771
12103.8 0.000780761
12111.5 0.000787018
12119.1 0.000793515
12126.8 0.000800216
12134.4 0.000807036
12142.1 0.00081405
12149.7 0.000821427
12157.4 0.000828796
12165 0.000835968
12172.7 0.000843065
12180.3 0.000849936
12188 0.000857089
12195.6 0.000864497
12203.3 0.000872053
12210.9 0.000879642
12218.6 0.000887583
12226.2 0.00089583
12233.9 0.000904395
12241.5 0.000913459
12249.2 0.000922319
12256.8 0.000931162
12264.5 0.000940082
12272.1 0.000949167
12279.8 0.000958062
12287.4 0.00096683
12295.1 0.000975371
12302.7 0.000983414
12310.4 0.000992487
12318 0.0010021
12325.7 0.0010122
12333.3 0.00102291
12341 0.00103331
12348.6 0.00104377
12356.3 0.00105444
12363.9 0.00106549
12371.6 0.00107572
12379.2 0.00108551
12386.9 0.0010947
12394.5 0.00110307
12402.2 0.0011129
12409.8 0.00112336
12417.5 0.00113439
12425.1 0.00114612
12432.8 0.001157
12440.4 0.0011676
12448.1 0.00117802
12455.7 0.00118828
12463.4 0.00119828
12471 0.00120802
12478.7 0.00121741
12486.3 0.00122627
12494 0.00123559
12501.6 0.00124498
12509.3 0.00125436
12516.9 0.00126374
12524.6 0.00127282
12532.2 0.00128171
12539.9 0.00129049
12547.5 0.00129946
12555.2 0.00130719
12562.8 0.00131405
12570.5 0.00132008
12578.1 0.00132651
12585.8 0.00134391
12593.4 0.00136144
12601.1 0.00137883
12608.7 0.0013961
12616.4 0.0013891
12624 0.00138161
12631.7 0.0013738
12639.3 0.00136586
12647 0.00136106
12654.6 0.00135572
12662.3 0.00134958
12669.9 0.00134269
12677.6 0.00134018
12685.2 0.00133997
12692.9 0.00133919
12700.5 0.00133771
12708.2 0.00133566
12715.8 0.00133431
12723.5 0.00133287
12731.1 0.00133131
12738.8 0.0013299
12746.4 0.00132772
12754.1 0.00132492
12761.7 0.00132162
12769.4 0.00131785
12777 0.00131346
12784.7 0.00130877
12792.3 0.00130374
12800 0.0012983
12807.7 0.00129347
12815.3 0.00128934
12823 0.00128529
12830.6 0.00128142
12838.3 0.00127574
12845.9 0.00126564
12853.6 0.0012549
12861.2 0.00124362
12868.9 0.00123176
12876.5 0.00122357
12884.2 0.0012159
12891.8 0.00120847
12899.5 0.00120132
12907.1 0.00119605
12914.8 0.00119104
12922.4 0.00118604
12930.1 0.00118114
12937.7 0.00117871
12945.4 0.00117911
12953 0.00117935
12960.7 0.00117948
12968.3 0.0011795
12976 0.001183
12983.6 0.00118663
12991.3 0.00119028
12998.9 0.00119382
13006.6 0.00119148
13014.2 0.00118664
13021.9 0.00118232
13029.5 0.00117854
13037.2 0.00117359
13044.8 0.00115924
13052.5 0.00114447
13060.1 0.00112953
13067.8 0.00111446
13075.4 0.00109972
13083.1 0.0010853
13090.7 0.00107096
13098.4 0.00105669
13106 0.0010438
13113.7 0.00103456
13121.3 0.00102537
13129 0.00101621
13136.6 0.00100694
13144.3 0.00100217
13151.9 0.000999283
13159.6 0.000996739
13167.2 0.000994531
13174.9 0.000992887
13182.5 0.000991059
13190.2 0.000989155
13197.8 0.00098729
13205.5 0.000985545
13213.1 0.000986021
13220.8 0.000987006
13228.4 0.000987843
13236.1 0.0009885
13243.7 0.000988176
13251.4 0.000985832
13259 0.000983932
13266.7 0.000982316
13274.3 0.000981001
13282 0.000974541
13289.6 0.000963506
13297.3 0.00095242
13304.9 0.000941343
13312.6 0.000930325
13320.2 0.000917941
13327.9 0.000905385
13335.5 0.000892781
13343.2 0.000880118
13350.8 0.000869518
13358.5 0.000864122
13366.1 0.000858827
13373.8 0.00085359
13381.4 0.000848397
13389.1 0.00084585
13396.7 0.000844781
13404.4 0.000843733
13412 0.00084271
13419.7 0.000841747
13427.3 0.000836679
13435 0.000831283
13442.6 0.000825817
13450.3 0.000820265
13457.9 0.000813551
13465.6 0.000803953
13473.2 0.000794501
13480.9 0.000785148
13488.5 0.000775926
13496.2 0.000768701
13503.8 0.000762885
13511.5 0.000756882
13519.1 0.000750739
13526.8 0.000744462
13534.4 0.000742466
13542.1 0.000742065
13549.7 0.000741559
13557.4 0.000740921
13565 0.000740058
13572.7 0.000736915
13580.3 0.000733778
13588 0.000730665
13595.6 0.000727569
13603.3 0.00072383
13610.9 0.000714176
13618.6 0.000704315
13626.2 0.000694301
13633.9 0.000684135
13641.5 0.000675177
13649.2 0.000669949
13656.8 0.000664642
13664.5 0.000659228
13672.1 0.00065369
13679.8 0.000649264
13687.4 0.000646692
13695.1 0.000644039
13702.7 0.000641302
13710.4 0.000638513
13718 0.00063273
13725.7 0.000623504
13733.3 0.000613972
13741 0.000604163
13748.6 0.000594054
13756.3 0.000582507
13763.9 0.000570164
13771.6 0.000557699
13779.2 0.000545084
13786.9 0.000532325
13794.5 0.000521778
13802.2 0.000512229
13809.8 0.000502358
13817.5 0.000492164
13825.1 0.000481607
13832.8 0.000475676
13840.4 0.000472421
13848.1 0.000468956
13855.7 0.000465248
13863.4 0.000461287
13871 0.000460465
13878.7 0.00046119
13886.3 0.000461571
13894 0.00046161
13901.6 0.00046132
13909.3 0.000456672
13916.9 0.000448835
13924.6 0.000440523
13932.2 0.000431738
13939.9 0.000422474
13947.5 0.000405324
13955.2 0.00038147
13962.8 0.000357145
13970.5 0.000332327
13978.1 0.000306995
13985.8 0.000283024
13993.4 0.000260864
14001.1 0.000238151
14008.7 0.000214852
14016.4 0.000190931
14024 0.000171942
14031.7 0.000163696
14039.3 0.000154788
14047 0.000145174
14054.6 0.00013482
14062.3 0.000125128
14069.9 0.000121134
14077.6 0.000116326
14085.2 0.000110664
14092.9 0.000104121
14100.5 9.66286e-05
14108.2 7.90211e-05
14115.8 6.04366e-05
14123.5 4.08592e-05
14131.1 2.02647e-05
14138.8 -1.35252e-06
14146.4 -3.68815e-05
14154.1 -7.69e-05
14161.7 -0.000118136
14169.4 -0.000160604
14177 -0.000204312
14184.7 -0.000257099
14192.3 -0.000317428
14200 -0.000379167
14207.7 -0.000442358
14215.3 -0.000507054
14223 -0.000571417
14230.6 -0.000632888
14238.3 -0.000696047
14245.9 -0.000760971
14253.6 -0.000827743
14261.2 -0.000896466
14268.9 -0.00095026
14276.5 -0.00100606
14284.2 -0.00106399
14291.8 -0.00112417
14299.5 -0.00118671
14307.1 -0.00124728
14314.8 -0.00130793
14322.4 -0.00137102
14330.1 -0.00143662
14337.7 -0.00150471
14345.4 -0.00157887
14353 -0.00166477
14360.7 -0.00175392
14368.3 -0.00184626
14376 -0.00194185
14383.6 -0.00204073
14391.3 -0.00215224
14398.9 -0.00226787
14406.6 -0.00238694
14414.2 -0.00250939
14421.9 -0.00263495
14429.5 -0.00276739
14437.2 -0.0029102
14444.8 -0.0030581
14452.5 -0.00321107
14460.1 -0.00336957
14467.8 -0.00353365
14475.4 -0.00366291
14483.1 -0.0037934
14490.7 -0.00392639
14498.4 -0.00406171
14506 -0.0041982
14513.7 -0.00435648
14521.3 -0.00454025
14529 -0.00472967
14536.6 -0.00492402
14544.3 -0.00512345
14551.9 -0.00532824
14559.6 -0.00549589
14567.2 -0.00566146
14574.9 -0.00582632
14582.5 -0.00599007
14590.2 -0.00615162
14597.8 -0.00631849
14605.5 -0.00649592
14613.1 -0.00667275
14620.8 -0.00684833
14628.4 -0.00702319
14636.1 -0.00720294
14643.7 -0.00731872
14651.4 -0.00740746
14659 -0.0074803
14666.7 -0.00753717
14674.3 -0.00757613
14682 -0.00762064
14689.6 -0.00772374
14697.3 -0.00781895
14704.9 -0.00790386
14712.6 -0.00797827
14720.2 -0.00804387
14727.9 -0.00808428
14735.5 -0.00809432
14743.2 -0.00808749
14750.8 -0.00806478
14758.5 -0.00802619
14766.1 -0.0079693
14773.8 -0.0079232
14781.4 -0.00786861
14789.1 -0.00780275
14796.7 -0.00772431
14804.4 -0.00763076
14812 -0.0075193
14819.7 -0.00743517
14827.3 -0.00735429
14835 -0.00727315
14842.6 -0.00719157
14850.3 -0.00711138
14857.9 -0.00700442
14865.6 -0.00685837
14873.2 -0.00670548
14880.9 -0.00654809
14888.5 -0.00638769
14896.2 -0.00622606
14903.8 -0.00605957
14911.5 -0.0058884
14919.1 -0.00571649
14926.8 -0.00554516
14934.4 -0.00537576
14942.1 -0.00521107
14949.7 -0.00503807
14957.4 -0.00486276
14965 -0.00468881
14972.7 -0.00451737
14980.3 -0.00434949
14988 -0.0041895
14995.6 -0.00403667
15003.3 -0.00388305
15010.9 -0.00373041
15018.6 -0.00357904
15026.2 -0.00342841
15033.9 -0.00328337
15041.5 -0.00317552
15049.2 -0.00307499
15056.8 -0.00297995
15064.5 -0.00288983
15072.1 -0.00280438
15079.8 -0.0027228
15087.4 -0.00264205
15095.1 -0.00256445
15102.7 -0.00249
15110.4 -0.00241857
15118 -0.00234995
15125.7 -0.00227914
15133.3 -0.00220336
15141 -0.00213026
15148.6 -0.00205958
15156.3 -0.00199113
15163.9 -0.00192478
15171.6 -0.00185691
15179.2 -0.00178492
15186.9 -0.00171465
15194.5 -0.00164603
15202.2 -0.00157903
15209.8 -0.00151368
15217.5 -0.00144596
15225.1 -0.00137094
15232.8 -0.0012969
15240.4 -0.00122386
15248.1 -0.00115172
15255.7 -0.00108012
15263.4 -0.00101295
15271 -0.000964172
15278.7 -0.000918735
15286.3 -0.000875965
15294 -0.000835713
15301.6 -0.00079804
15309.3 -0.000762851
15316.9 -0.000725129
15324.6 -0.000688816
15332.2 -0.000654376
15339.9 -0.000622065
15347.5 -0.000592253
15355.2 -0.000565765
15362.8 -0.000519039
15370.5 -0.000471431
15378.1 -0.000424262
15385.8 -0.000377775
15393.4 -0.000331905
15401.1 -0.000285874
15408.7 -0.000260377
15416.4 -0.000242122
15424 -0.000226335
15431.7 -0.000212672
15439.3 -0.000200956
15447 -0.00019104
15454.6 -0.000186179
15462.3 -0.000185149
15469.9 -0.000186055
15477.6 -0.000188867
15485.2 -0.000193618
15492.9 -0.000200499
15500.5 -0.000202649
15508.2 -0.000193259
15515.8 -0.000184373
15523.5 -0.000176249
15531.1 -0.000168914
15538.8 -0.000162296
15546.4 -0.000157068
15554.1 -0.000161568
15561.7 -0.000167351
15569.4 -0.000174142
15577 -0.000181794
15584.7 -0.000190139
15592.3 -0.000198826
15600 -0.000214805
15607.7 -0.000234469
15615.3 -0.000255094
15623 -0.000276472
15630.6 -0.000298464
15638.3 -0.00032094
15645.9 -0.000343095
15653.6 -0.000364738
15661.2 -0.000386647
15668.9 -0.000408729
15676.5 -0.000430914
15684.2 -0.000453165
15691.8 -0.000475683
15699.5 -0.000496788
15707.1 -0.000516979
15714.8 -0.000536373
15722.4 -0.000554826
15730.1 -0.000572086
15737.7 -0.000587604
15745.4 -0.000608451
15753 -0.000637254
15760.7 -0.000665976
15768.3 -0.000694206
15776 -0.000721789
15783.6 -0.000748733
15791.3 -0.000775126
15798.9 -0.0007893
15806.6 -0.000800906
15814.2 -0.000810423
15821.9 -0.000817913
15829.5 -0.000823409
15837.2 -0.000827064
15844.8 -0.00081665
15852.5 -0.00079141
15860.1 -0.000763271
15867.8 -0.000732384
15875.4 -0.000698797
15883.1 -0.000662576
15890.7 -0.000624038
15898.4 -0.000586032
15906 -0.000544243
15913.7 -0.000499052
15921.3 -0.000450583
15929 -0.000398889
15936.6 -0.000343884
15944.3 -0.000288838
15951.9 -0.000241088
15959.6 -0.000192207
15967.2 -0.000141966
15974.9 -9.04083e-05
15982.5 -3.76433e-05
15990.2 1.62502e-05
15997.8 6.68006e-05
16005.5 0.000115474
16013.1 0.0001642
16020.8 0.000212702
16028.4 0.000260678
16036.1 0.000307822
16043.7 0.000353871
16051.4 0.000396287
16059 0.000436758
16066.7 0.000475147
16074.3 0.000511212
16082 0.000544708
16089.6 0.000575354
16097.3 0.000604899
16104.9 0.000639472
16112.6 0.000671324
16120.2 0.000700132
16127.9 0.000725729
16135.5 0.000747987
16143.2 0.000766751
16150.8 0.000785108
16158.5 0.000805176
16166.1 0.000822481
16173.8 0.000836977
16181.4 0.00084874
16189.1 0.000857916
16196.7 0.000864798
16204.4 0.000862194
16212 0.000851632
16219.7 0.000838455
16227.3 0.000822964
16235 0.000805385
16242.6 0.000785916
16250.3 0.000764742
16257.9 0.000741194
16265.6 0.000716031
16273.2 0.000689697
16280.9 0.000662341
16288.5 0.000634106
16296.2 0.000605118
16303.8 0.000575484
16311.5 0.000545653
16319.1 0.000515585
16326.8 0.000485254
16334.4 0.000454734
16342.1 0.000424088
16349.7 0.000393369
16357.4 0.000362587
16365 0.000333174
16372.7 0.000304232
16380.3 0.000275469
16388 0.000246875
16395.6 0.000218434
16403.3 0.000190091
16410.9 0.000161619
16418.6 0.000144854
16426.2 0.000131148
16433.9 0.000117987
16441.5 0.000105287
16449.2 9.30161e-05
16456.8 8.11724e-05
16464.5 6.9825e-05
16472.1 5.40317e-05
16479.8 3.69518e-05
16487.4 2.00569e-05
16495.1 3.38126e-06
16502.7 -1.30528e-05
16510.4 -2.92047e-05
16518 -4.4931e-05
16525.7 -6.85514e-05
16533.3 -9.65705e-05
16541 -0.000124792
16548.6 -0.000153144
16556.3 -0.000181618
16563.9 -0.000210238
16571.6 -0.000239097
16579.2 -0.000263282
16586.9 -0.000282656
16594.5 -0.000301881
16602.2 -0.000321048
16609.8 -0.000340194
16617.5 -0.000359341
16625.1 -0.000378498
16632.8 -0.000398274
16640.4 -0.000419377
16648.1 -0.00044057
16655.7 -0.00046184
16663.4 -0.000483179
16671 -0.000504578
16678.7 -0.000526012
16686.3 -0.000547739
16694 -0.000573239
16701.6 -0.000598971
16709.3 -0.000624859
16716.9 -0.00065088
16724.6 -0.000677024
16732.2 -0.000703287
16739.9 -0.000729688
16747.5 -0.000753891
16755.2 -0.000777483
16762.8 -0.000801094
16770.5 -0.000824727
16778.1 -0.000848378
16785.8 -0.000872039
16793.4 -0.000895703
16801.1 -0.000920149
16808.7 -0.000945483
16816.4 -0.000970768
16824 -0.000995988
16831.7 -0.00102112
16839.3 -0.00104615
16847 -0.00107105
16854.6 -0.0010957
16862.3 -0.00111983
16869.9 -0.00114387
16877.6 -0.00116778
16885.2 -0.00119154
16892.9 -0.00121515
16900.5 -0.00123861
16908.2 -0.00126202
16915.8 -0.00128254
16923.5 -0.0013004
16931.1 -0.00131766
16938.8 -0.00133436
16946.4 -0.00135049
16954.1 -0.001366
16961.7 -0.0013808
16969.4 -0.00139545
16977 -0.00141656
16984.7 -0.00143748
16992.3 -0.00145797
17000 -0.00147796
17007.7 -0.00149739
17015.3 -0.00151622
17023 -0.00153441
17030.6 -0.00155149
17038.3 -0.00156769
17045.9 -0.00158322
17053.6 -0.00159809
17061.2 -0.00161231
17068.9 -0.00162592
17076.5 -0.00163909
17084.2 -0.00165266
17091.8 -0.00164533
17099.5 -0.00163512
17107.1 -0.0016231
17114.8 -0.00160942
17122.4 -0.00159409
17130.1 -0.00157707
17137.7 -0.00155823
17145.4 -0.00153999
17153 -0.00152666
17160.7 -0.00151221
17168.3 -0.00149639
17176 -0.00147908
17183.6 -0.00146016
17191.3 -0.00143941
17198.9 -0.00141623
17206.6 -0.00140766
17214.2 -0.00141083
17221.9 -0.00141406
17229.5 -0.00141704
17237.2 -0.00141967
17244.8 -0.00142198
17252.5 -0.00142414
17260.1 -0.00142673
17267.8 -0.0014155
17275.4 -0.00140042
17283.1 -0.00138433
17290.7 -0.00136752
17298.4 -0.0013502
17306 -0.00133258
17313.7 -0.001315
17321.3 -0.00129693
17329 -0.00125745
17336.6 -0.00121634
17344.3 -0.0011744
17351.9 -0.0011319
17359.6 -0.00108901
17367.2 -0.00104579
17374.9 -0.00100223
17382.5 -0.000961004
17390.2 -0.000933308
17397.8 -0.000906835
17405.5 -0.000881285
17413.1 -0.000856601
17420.8 -0.000832765
17428.4 -0.000809736
17436.1 -0.000787369
17443.7 -0.00076993
17451.4 -0.000766405
17459 -0.000764851
17466.7 -0.000764973
17474.3 -0.000766691
17482 -0.000769983
17489.6 -0.000774873
17497.3 -0.000781478
17504.9 -0.000785541
17512.6 -0.000780164
17520.2 -0.000775467
17527.9 -0.000771666
17535.5 -0.000768816
17543.2 -0.000766945
17550.8 -0.000766086
17558.5 -0.000766361
17566.1 -0.000764006
17573.8 -0.000751088
17581.4 -0.000738063
17589.1 -0.000725152
17596.7 -0.000712367
17604.4 -0.000699661
17612 -0.000686927
17619.7 -0.00067395
17627.3 -0.000663813
17635 -0.000668986
17642.6 -0.000675039
17650.3 -0.000681524
17657.9 -0.000688265
17665.6 -0.000695148
17673.2 -0.000702072
17680.9 -0.000708926
17688.5 -0.00071612
17696.2 -0.000732094
17703.8 -0.000748366
17711.5 -0.000764724
17719.1 -0.000781103
17726.8 -0.000797477
17734.4 -0.000813854
17742.1 -0.000830298
17749.7 -0.000847136
17757.4 -0.000848322
17765 -0.000846112
17772.7 -0.000843289
17780.3 -0.000839974
17788 -0.00083623
17795.6 -0.000832105
17803.3 -0.000827655
17810.9 -0.000823011
17818.6 -0.000812859
17826.2 -0.000798394
17833.9 -0.000783291
17841.5 -0.000767639
17849.2 -0.000751474
17856.8 -0.000734813
17864.5 -0.000717653
17872.1 -0.000699964
17879.8 -0.00068377
17887.4 -0.000672387
17895.1 -0.000660765
17902.7 -0.00064883
17910.4 -0.000636555
17918 -0.000623916
17925.7 -0.000610876
17933.3 -0.000597356
17941 -0.000583016
17948.6 -0.000579608
17956.3 -0.000577653
17963.9 -0.00057579
17971.6 -0.000573924
17979.2 -0.000572014
17986.9 -0.000570033
17994.5 -0.000567955
18002.2 -0.000565725
18009.8 -0.000567461
18017.5 -0.000573824
18025.1 -0.000580323
18032.8 -0.000586916
18040.4 -0.000593603
18048.1 -0.000600403
18055.7 -0.000607359
18063.4 -0.000614571
18071 -0.000622518
18078.7 -0.000609483
18086.3 -0.000595642
18094 -0.000581492
18101.6 -0.000567131
18109.3 -0.000552608
18116.9 -0.000537944
18124.6 -0.00052315
18132.2 -0.000508208
18139.9 -0.000495716
18147.5 -0.00048672
18155.2 -0.000477745
18162.8 -0.000468766
18170.5 -0.000459778
18178.1 -0.000450777
18185.8 -0.000441759
18193.4 -0.000432711
18201.1 -0.000423586
18208.7 -0.00041482
18216.4 -0.00040637
18224 -0.000398024
18231.7 -0.000389761
18239.3 -0.000381576
18247 -0.000373471
18254.6 -0.000365451
18262.3 -0.000357533
18269.9 -0.000349749
18277.6 -0.000341485
18285.2 -0.000333167
18292.9 -0.000324849
18300.5 -0.000316548
18308.2 -0.000308268
18315.8 -0.000300013
18323.5 -0.000291776
18331.1 -0.000283539
18338.8 -0.000275441
18346.4 -0.000267916
18354.1 -0.000260535
18361.7 -0.000253267
18369.4 -0.000246101
18377 -0.000239035
18384.7 -0.000232072
18392.3 -0.000225221
18400 -0.000218514
18407.7 -0.000211596
18415.3 -0.000204248
18423 -0.00019689
18430.6 -0.000189552
18438.3 -0.000182245
18445.9 -0.000174973
18453.6 -0.000167735
18461.2 -0.000160527
18468.9 -0.00015332
18476.5 -0.000146554
18484.2 -0.000140195
18491.8 -0.000133955
18499.5 -0.000127815
18507.1 -0.000121769
18514.8 -0.000115814
18522.4 -0.000109952
18530.1 -0.000104189
18537.7 -9.85531e-05
18545.4 -9.25436e-05
18553 -8.63154e-05
18560.7 -8.01095e-05
18568.3 -7.39416e-05
18576 -6.78183e-05
18583.6 -6.17425e-05
18591.3 -5.5715e-05
18598.9 -4.97341e-05
18606.6 -4.37895e-05
18614.2 -3.81354e-05
18621.9 -3.26776e-05
18629.5 -2.72977e-05
18637.2 -2.19889e-05
18644.8 -1.67483e-05
18652.5 -1.15744e-05
18660.1 -6.46641e-06
18667.8 -1.4247e-06
18675.4 3.54747e-06
18683.1 8.56828e-06
18690.7 1.36096e-05
18698.4 1.85993e-05
18706 2.35349e-05
18713.7 2.84154e-05
18721.3 3.32406e-05
18729 3.80109e-05
18736.6 4.27269e-05
18744.3 4.73906e-05
18751.9 5.1927e-05
18759.6 5.63241e-05
18767.2 6.06606e-05
18774.9 6.49393e-05
18782.5 6.91613e-05
18790.2 7.33277e-05
18797.8 7.74388e-05
18805.5 8.1495e-05
18813.1 8.54961e-05
18820.8 8.94862e-05
18828.4 9.35343e-05
18836.1 9.75343e-05
18843.7 0.000101485
18851.4 0.000105385
18859 0.000109235
18866.7 0.000113035
18874.3 0.000116785
18882 0.000120486
18889.6 0.000124132
18897.3 0.000127551
18904.9 0.000130919
18912.6 0.000134238
18920.2 0.000137509
18927.9 0.000140732
18935.5 0.000143908
18943.2 0.000147039
18950.8 0.000150123
18958.5 0.000153162
18966.1 0.000156188
18973.8 0.000159183
18981.4 0.000162134
18989.1 0.00016504
18996.7 0.000167902
19004.4 0.00017072
19012 0.000173495
19019.7 0.000176225
19027.3 0.000178912
19035 0.00018151
19042.6 0.000183955
19050.3 0.000186363
19057.9 0.000188733
19065.6 0.000191064
19073.2 0.000193358
19080.9 0.000195615
19088.5 0.000197835
19096.2 0.000200019
19103.8 0.000202167
19111.5 0.000204301
19119.1 0.000206405
19126.8 0.000208472
19134.4 0.000210504
19142.1 0.0002125
19149.7 0.000214462
19157.4 0.000216388
19165 0.00021828
19172.7 0.000220137
19180.3 0.000221937
19188 0.000223641
19195.6 0.000225318
19203.3 0.000226965
19210.9 0.000228585
19218.6 0.000230175
19226.2 0.000231738
19233.9 0.000233274
19241.5 0.000234784
19249.2 0.000236271
19256.8 0.000237825
19264.5 0.000239402
19272.1 0.000240943
19279.8 0.00024245
19287.4 0.000243924
19295.1 0.000245365
19302.7 0.000246773
19310.4 0.000248147
19318 0.000249485
19325.7 0.000250775
19333.3 0.000251797
19341 0.000252783
19348.6 0.000253757
19356.3 0.000254716
19363.9 0.000255659
19371.6 0.000256586
19379.2 0.000257497
19386.9 0.000258393
19394.5 0.000259278
19402.2 0.000260176
19409.8 0.000261237
19417.5 0.000262257
19425.1 0.000263247
19432.8 0.000264209
19440.4 0.000265146
19448.1 0.000266058
19455.7 0.000266943
19463.4 0.000267803
19471 0.000268635
19478.7 0.0002694
19486.3 0.000270048
19494 0.00027069
19501.6 0.000271319
19509.3 0.000271935
19516.9 0.000272537
19524.6 0.000273125
19532.2 0.000273699
19539.9 0.00027426
19547.5 0.00027481
19555.2 0.000275372
19562.8 0.000275961
19570.5 0.000276528
19578.1 0.000277076
19585.8 0.000277607
19593.4 0.000278122
19601.1 0.00027862
19608.7 0.000279102
19616.4 0.000279568
19624 0.000280018
19631.7 0.000280449
19639.3 0.000280856
19647 0.00028125
19654.6 0.000281632
19662.3 0.000282
19669.9 0.000282354
19677.6 0.000282696
19685.2 0.000283024
19692.9 0.000283339
19700.5 0.000283639
19708.2 0.000283912
19715.8 0.000284131
19723.5 0.000284349
19731.1 0.00028456
19738.8 0.000284765
19746.4 0.000284963
19754.1 0.000285154
19761.7 0.00028534
19769.4 0.00028552
19777 0.000285695
19784.7 0.00028587
19792.3 0.000286066
19800 0.000286255
19807.7 0.000286438
19815.3 0.000286618
19823 0.000286796
19830.6 0.000286975
19838.3 0.000287158
19845.9 0.000287352
19853.6 0.000287566
19861.2 0.000287833
19868.9 0.000288573
19876.5 0.000289351
19884.2 0.000290058
19891.8 0.000290711
19899.5 0.000291319
19907.1 0.000291884
19914.8 0.000292405
19922.4 0.000292881
19930.1 0.000293305
19937.7 0.000293661
19945.4 0.000293735
19953 0.000293589
19960.7 0.000293487
19968.3 0.000293399
19976 0.000293319
19983.6 0.00029324
19991.3 0.000293161
19998.9 0.00029308
20006.6 0.000292995
20014.2 0.000292907
20021.9 0.000292814
20029.5 0.000292716
20037.2 0.000292613
20044.8 0.000292505
20052.5 0.000292392
20060.1 0.000292272
20067.8 0.000292148
20075.4 0.000292017
20083.1 0.000291881
20090.7 0.00029174
20098.4 0.000291592
20106 0.000291439
20113.7 0.000291281
20121.3 0.000291117
20129 0.000290947
20136.6 0.000290772
20144.3 0.000290592
20151.9 0.000290406
20159.6 0.000290215
20167.2 0.000290019
20174.9 0.000289818
20182.5 0.000289612
20190.2 0.000289401
20197.8 0.000289185
20205.5 0.000288964
20213.1 0.000288738
20220.8 0.000288508
20228.4 0.000288273
20236.1 0.000288033
20243.7 0.000287789
20251.4 0.000287541
20259 0.000287288
20266.7 0.000287031
20274.3 0.00028677
20282 0.000286504
20289.6 0.000286235
20297.3 0.000285962
20304.9 0.000285684
20312.6 0.000285403
20320.2 0.000285119
20327.9 0.00028483
20335.5 0.000284538
20343.2 0.000284242
20350.8 0.000283943
20358.5 0.00028364
20366.1 0.000283334
20373.8 0.000283025
20381.4 0.000282712
20389.1 0.000282396
20396.7 0.000282077
20404.4 0.000281755
20412 0.00028143
20419.7 0.000281102
20427.3 0.000280771
20435 0.000280437
20442.6 0.000280101
20450.3 0.000279761
20457.9 0.000279419
20465.6 0.000279075
20473.2 0.000278728
20480.9 0.000278378
20488.5 0.000278026
20496.2 0.000277671
20503.8 0.000277314
20511.5 0.000276955
20519.1 0.000276594
20526.8 0.00027623
20534.4 0.000275864
20542.1 0.000275496
20549.7 0.000275126
20557.4 0.000274754
20565 0.00027438
20572.7 0.000274004
20580.3 0.000273626
20588 0.000273246
20595.6 0.000272864
20603.3 0.000272481
20610.9 0.000272096
20618.6 0.000271709
20626.2 0.000271321
20633.9 0.00027093
20641.5 0.000270539
20649.2 0.000270146
20656.8 0.000269751
20664.5 0.000269355
20672.1 0.000268957
20679.8 0.000268559
20687.4 0.000268158
20695.1 0.000267757
20702.7 0.000267354
20710.4 0.00026695
20718 0.000266545
20725.7 0.000266138
20733.3 0.000265731
20741 0.000265322
20748.6 0.000264912
20756.3 0.000264501
20763.9 0.000264089
20771.6 0.000263676
20779.2 0.000263263
20786.9 0.000262848
20794.5 0.000262432
20802.2 0.000262016
20809.8 0.000261599
20817.5 0.00026118
20825.1 0.000260762
20832.8 0.000260342
20840.4 0.000259921
20848.1 0.0002595
20855.7 0.000259079
20863.4 0.000258656
20871 0.000258233
20878.7 0.000257809
20886.3 0.000257385
20894 0.00025696
20901.6 0.000256535
20909.3 0.000256109
20916.9 0.000255683
20924.6 0.000255256
20932.2 0.000254828
20939.9 0.000254401
20947.5 0.000253973
20955.2 0.000253544
20962.8 0.000253115
20970.5 0.000252686
20978.1 0.000252257
20985.8 0.000251827
20993.4 0.000251397
21001.1 0.000250966
21008.7 0.000250536
21016.4 0.000250105
21024 0.000249674
21031.7 0.000249243
21039.3 0.000248811
21047 0.00024838
21054.6 0.000247948
21062.3 0.000247516
21069.9 0.000247084
21077.6 0.000246653
21085.2 0.00024622
21092.9 0.000245788
21100.5 0.000245356
21108.2 0.000244924
21115.8 0.000244492
21123.5 0.00024406
21131.1 0.000243628
21138.8 0.000243195
21146.4 0.000242763
21154.1 0.000242331
21161.7 0.000241899
21169.4 0.000241468
21177 0.000241036
21184.7 0.000240604
21192.3 0.000240173
21200 0.000239741
21207.7 0.00023931
21215.3 0.000238879
21223 0.000238448
21230.6 0.000238018
21238.3 0.000237587
21245.9 0.000237157
21253.6 0.000236727
21261.2 0.000236297
21268.9 0.000235867
21276.5 0.000235438
21284.2 0.000235009
21291.8 0.00023458
21299.5 0.000234152
21307.1 0.000233724
21314.8 0.000233296
21322.4 0.000232868
21330.1 0.000232441
21337.7 0.000232014
21345.4 0.000231587
21353 0.000231161
21360.7 0.000230735
21368.3 0.00023031
21376 0.000229885
21383.6 0.00022946
21391.3 0.000229035
21398.9 0.000228611
21406.6 0.000228188
21414.2 0.000227765
21421.9 0.000227342
21429.5 0.00022692
21437.2 0.000226498
21444.8 0.000226077
21452.5 0.000225656
21460.1 0.000225235
21467.8 0.000224815
21475.4 0.000224395
21483.1 0.000223976
21490.7 0.000223558
21498.4 0.00022314
21506 0.000222722
21513.7 0.000222305
21521.3 0.000221888
21529 0.000221472
21536.6 0.000221057
21544.3 0.000220642
21551.9 0.000220227
21559.6 0.000219813
21567.2 0.0002194
21574.9 0.000218987
21582.5 0.000218575
21590.2 0.000218163
21597.8 0.000217752
21605.5 0.000217341
21613.1 0.000216931
21620.8 0.000216521
21628.4 0.000216112
21636.1 0.000215704
21643.7 0.000215296
21651.4 0.000214889
21659 0.000214483
21666.7 0.000214077
21674.3 0.000213671
21682 0.000213267
21689.6 0.000212863
21697.3 0.000212459
21704.9 0.000212056
21712.6 0.000211654
21720.2 0.000211252
21727.9 0.000210851
21735.5 0.000210451
21743.2 0.000210051
21750.8 0.000209652
21758.5 0.000209254
21766.1 0.000208856
21773.8 0.000208459
21781.4 0.000208062
21789.1 0.000207666
21796.7 0.000207271
21804.4 0.000206876
21812 0.000206482
21819.7 0.000206089
21827.3 0.000205697
21835 0.000205305
21842.6 0.000204914
21850.3 0.000204523
21857.9 0.000204133
21865.6 0.000203744
21873.2 0.000203355
21880.9 0.000202968
21888.5 0.00020258
21896.2 0.000202194
21903.8 0.000201808
21911.5 0.000201423
21919.1 0.000201039
21926.8 0.000200655
21934.4 0.000200272
21942.1 0.00019989
21949.7 0.000199508
21957.4 0.000199127
21965 0.000198747
21972.7 0.000198367
21980.3 0.000197989
21988 0.000197611
21995.6 0.000197233
22003.3 0.000196856
22010.9 0.00019648
22018.6 0.000196105
22026.2 0.000195731
22033.9 0.000195357
22041.5 0.000194984
22049.2 0.000194611
22056.8 0.000194239
22064.5 0.000193868
22072.1 0.000193498
22079.8 0.000193129
22087.4 0.00019276
22095.1 0.000192392
22102.7 0.000192024
22110.4 0.000191657
22118 0.000191291
22125.7 0.000190926
22133.3 0.000190562
22141 0.000190198
22148.6 0.000189835
22156.3 0.000189472
22163.9 0.000189111
22171.6 0.00018875
22179.2 0.00018839
22186.9 0.00018803
22194.5 0.000187671
22202.2 0.000187313
22209.8 0.000186956
22217.5 0.000186599
22225.1 0.000186243
22232.8 0.000185888
22240.4 0.000185534
22248.1 0.00018518
22255.7 0.000184827
22263.4 0.000184475
22271 0.000184123
22278.7 0.000183773
22286.3 0.000183423
22294 0.000183073
22301.6 0.000182725
22309.3 0.000182377
22316.9 0.00018203
22324.6 0.000181683
22332.2 0.000181337
22339.9 0.000180992
22347.5 0.000180648
22355.2 0.000180304
22362.8 0.000179962
22370.5 0.00017962
22378.1 0.000179278
22385.8 0.000178937
22393.4 0.000178597
22401.1 0.000178258
22408.7 0.00017792
22416.4 0.000177582
22424 0.000177245
22431.7 0.000176908
22439.3 0.000176573
22447 0.000176238
22454.6 0.000175904
22462.3 0.00017557
22469.9 0.000175237
22477.6 0.000174905
22485.2 0.000174574
22492.9 0.000174243
22500.5 0.000173914
22508.2 0.000173584
22515.8 0.000173256
22523.5 0.000172928
22531.1 0.000172601
22538.8 0.000172275
22546.4 0.000171949
22554.1 0.000171624
22561.7 0.0001713
22569.4 0.000170976
22577 0.000170653
22584.7 0.000170331
22592.3 0.00017001
22600 0.000169689
22607.7 0.000169369
22615.3 0.00016905
22623 0.000168731
22630.6 0.000168413
22638.3 0.000168096
22645.9 0.00016778
22653.6 0.000167464
22661.2 0.000167149
22668.9 0.000166834
22676.5 0.000166521
22684.2 0.000166208
22691.8 0.000165895
22699.5 0.000165584
22707.1 0.000165273
22714.8 0.000164962
22722.4 0.000164653
22730.1 0.000164344
22737.7 0.000164036
22745.4 0.000163728
22753 0.000163421
22760.7 0.000163115
22768.3 0.00016281
22776 0.000162505
22783.6 0.000162201
22791.3 0.000161898
22798.9 0.000161595
22806.6 0.000161293
22814.2 0.000160991
22821.9 0.000160691
22829.5 0.000160391
22837.2 0.000160091
22844.8 0.000159793
22852.5 0.000159495
22860.1 0.000159197
22867.8 0.000158901
22875.4 0.000158605
22883.1 0.000158309
22890.7 0.000158015
22898.4 0.000157721
22906 0.000157427
22913.7 0.000157135
22921.3 0.000156843
22929 0.000156551
22936.6 0.00015626
22944.3 0.00015597
22951.9 0.000155681
22959.6 0.000155392
22967.2 0.000155104
22974.9 0.000154817
22982.5 0.00015453
22990.2 0.000154244
22997.8 0.000153958
23005.5 0.000153673
23013.1 0.000153389
23020.8 0.000153106
23028.4 0.000152823
23036.1 0.000152541
23043.7 0.000152259
23051.4 0.000151978
23059 0.000151698
23066.7 0.000151418
23074.3 0.000151139
23082 0.00015086
23089.6 0.000150583
23097.3 0.000150305
23104.9 0.000150029
23112.6 0.000149753
23120.2 0.000149478
23127.9 0.000149203
23135.5 0.000148929
23143.2 0.000148656
23150.8 0.000148383
23158.5 0.000148111
23166.1 0.000147839
23173.8 0.000147568
23181.4 0.000147298
23189.1 0.000147028
23196.7 0.000146759
23204.4 0.000146491
23212 0.000146223
23219.7 0.000145956
23227.3 0.000145689
23235 0.000145423
23242.6 0.000145158
23250.3 0.000144893
23257.9 0.000144629
23265.6 0.000144365
23273.2 0.000144102
23280.9 0.00014384
23288.5 0.000143578
23296.2 0.000143317
23303.8 0.000143056
23311.5 0.000142796
23319.1 0.000142537
23326.8 0.000142278
23334.4 0.00014202
23342.1 0.000141762
23349.7 0.000141505
23357.4 0.000141248
23365 0.000140993
23372.7 0.000140737
23380.3 0.000140483
23388 0.000140229
23395.6 0.000139975
23403.3 0.000139722
23410.9 0.00013947
23418.6 0.000139218
23426.2 0.000138967
23433.9 0.000138716
23441.5 0.000138466
23449.2 0.000138217
23456.8 0.000137968
23464.5 0.000137719
23472.1 0.000137471
23479.8 0.000137224
23487.4 0.000136978
23495.1 0.000136732
23502.7 0.000136486
23510.4 0.000136241
23518 0.000135997
23525.7 0.000135753
23533.3 0.00013551
23541 0.000135267
23548.6 0.000135025
23556.3 0.000134783
23563.9 0.000134542
23571.6 0.000134301
23579.2 0.000134061
23586.9 0.000133822
23594.5 0.000133583
23602.2 0.000133345
23609.8 0.000133107
23617.5 0.00013287
23625.1 0.000132633
23632.8 0.000132397
23640.4 0.000132161
23648.1 0.000131926
23655.7 0.000131692
23663.4 0.000131458
23671 0.000131224
23678.7 0.000130991
23686.3 0.000130759
23694 0.000130527
23701.6 0.000130296
23709.3 0.000130065
23716.9 0.000129835
23724.6 0.000129605
23732.2 0.000129376
23739.9 0.000129147
23747.5 0.000128919
23755.2 0.000128691
23762.8 0.000128464
23770.5 0.000128237
23778.1 0.000128011
23785.8 0.000127786
23793.4 0.000127561
23801.1 0.000127336
23808.7 0.000127112
23816.4 0.000126888
23824 0.000126665
23831.7 0.000126443
23839.3 0.000126221
23847 0.000125999
23854.6 0.000125778
23862.3 0.000125558
23869.9 0.000125338
23877.6 0.000125118
23885.2 0.000124899
23892.9 0.000124681
23900.5 0.000124463
23908.2 0.000124245
23915.8 0.000124028
23923.5 0.000123811
23931.1 0.000123595
23938.8 0.00012338
23946.4 0.000123165
23954.1 0.00012295
23961.7 0.000122736
23969.4 0.000122522
23977 0.000122309
23984.7 0.000122097
23992.3 0.000121885
24000 0.000121673
