W N2
10000 0.000145707
10007.7 0.000146268
10015.3 0.000146832
10023 0.0001474
10030.6 0.000147971
10038.3 0.000148546
10045.9 0.000149125
10053.6 0.000149707
10061.2 0.000150292
10068.9 0.000150881
10076.5 0.000151474
10084.2 0.000152071
10091.8 0.000152671
10099.5 0.000153276
10107.1 0.000153884
10114.8 0.000154496
10122.4 0.000155112
10130.1 0.000155731
10137.7 0.000156355
10145.4 0.000156983
10153 0.000157615
10160.7 0.000158251
10168.3 0.000158891
10176 0.000159535
10183.6 0.000160184
10191.3 0.000160837
10198.9 0.000161494
10206.6 0.000162155
10214.2 0.000162821
10221.9 0.000163491
10229.5 0.000164166
10237.2 0.000164845
10244.8 0.000165529
10252.5 0.000166217
10260.1 0.000166911
10267.8 0.000167608
10275.4 0.000168311
10283.1 0.000169018
10290.7 0.00016973
10298.4 0.000170447
10306 0.000171169
10313.7 0.000171896
10321.3 0.000172628
10329 0.000173365
10336.6 0.000174108
10344.3 0.000174855
10351.9 0.000175608
10359.6 0.000176366
10367.2 0.000177129
10374.9 0.000177898
10382.5 0.000178672
10390.2 0.000179452
10397.8 0.000180237
10405.5 0.000181028
10413.1 0.000181825
10420.8 0.000182628
10428.4 0.000183436
10436.1 0.00018425
10443.7 0.000185071
10451.4 0.000185897
10459 0.000186729
10466.7 0.000187568
10474.3 0.000188412
10482 0.000189263
10489.6 0.00019012
10497.3 0.000190984
10504.9 0.000191854
10512.6 0.000192731
10520.2 0.000193615
10527.9 0.000194505
10535.5 0.000195402
10543.2 0.000196305
10550.8 0.000197216
10558.5 0.000198134
10566.1 0.000199059
10573.8 0.000199991
10581.4 0.00020093
10589.1 0.000201876
10596.7 0.00020283
10604.4 0.000203792
10612 0.000204761
10619.7 0.000205737
10627.3 0.000206722
10635 0.000207714
10642.6 0.000208714
10650.3 0.000209723
10657.9 0.000210739
10665.6 0.000211764
10673.2 0.000212797
10680.9 0.000213838
10688.5 0.000214888
10696.2 0.000215946
10703.8 0.000217013
10711.5 0.000218089
10719.1 0.000219174
10726.8 0.000220267
10734.4 0.00022137
10742.1 0.000222482
10749.7 0.000223604
10757.4 0.000224735
10765 0.000225875
10772.7 0.000227025
10780.3 0.000228185
10788 0.000229355
10795.6 0.000230534
10803.3 0.000231724
10810.9 0.000232924
10818.6 0.000234134
10826.2 0.000235355
10833.9 0.000236587
10841.5 0.000237829
10849.2 0.000239082
10856.8 0.000240346
10864.5 0.000241621
10872.1 0.000242907
10879.8 0.000244204
10887.4 0.000245513
10895.1 0.000246833
10902.7 0.000248166
10910.4 0.000249509
10918 0.000250865
10925.7 0.000252233
10933.3 0.000253613
10941 0.000255005
10948.6 0.00025641
10956.3 0.000257827
10963.9 0.000259257
10971.6 0.000260699
10979.2 0.000262154
10986.9 0.000263622
10994.5 0.000265102
11002.2 0.000266595
11009.8 0.000268101
11017.5 0.00026962
11025.1 0.000271151
11032.8 0.000272695
11040.4 0.000274251
11048.1 0.000275818
11055.7 0.000277397
11063.4 0.000278986
11071 0.000280584
11078.7 0.00028219
11086.3 0.000283801
11094 0.000285412
11101.6 0.000287017
11109.3 0.000288601
11116.9 0.000290129
11124.6 0.000291418
11132.2 0.000293199
11139.9 0.000295327
11147.5 0.000297812
11155.2 0.000300311
11162.8 0.000302481
11170.5 0.000304609
11178.1 0.000306724
11185.8 0.000308721
11193.4 0.000310648
11201.1 0.00031247
11208.7 0.000314482
11216.4 0.000316583
11224 0.000318792
11231.7 0.000320951
11239.3 0.000323073
11247 0.000325166
11254.6 0.000327279
11262.3 0.000329536
11269.9 0.000331899
11277.6 0.000334405
11285.2 0.000336658
11292.9 0.000338797
11300.5 0.000340747
11308.2 0.000342893
11315.8 0.000345154
11323.5 0.000347451
11331.1 0.000349816
11338.8 0.000352371
11346.4 0.00035508
11354.1 0.000358003
11361.7 0.000360701
11369.4 0.000363351
11377 0.000366035
11384.7 0.000368611
11392.3 0.000371073
11400 0.000373384
11407.7 0.000375594
11415.3 0.000378235
11423 0.000381061
11430.6 0.000384104
11438.3 0.000387055
11445.9 0.00038999
11453.6 0.00039292
11461.2 0.000395913
11468.9 0.000399084
11476.5 0.000402443
11484.2 0.000406138
11491.8 0.000409254
11499.5 0.000412051
11507.1 0.00041433
11514.8 0.000416877
11522.4 0.00042007
11530.1 0.000423611
11537.7 0.000427543
11545.4 0.000431175
11553 0.000434771
11560.7 0.000438428
11568.3 0.00044204
11576 0.000445598
11583.6 0.000449132
11591.3 0.000452639
11598.9 0.000456179
11606.6 0.000459703
11614.2 0.000463068
11621.9 0.000466658
11629.5 0.000470554
11637.2 0.000474673
11644.8 0.000479067
11652.5 0.000483326
11660.1 0.00048762
11667.8 0.000492088
11675.4 0.000496498
11683.1 0.000500586
11690.7 0.000504458
11698.4 0.000507925
11706 0.000511946
11713.7 0.000516226
11721.3 0.000520678
11729 0.000525277
11736.6 0.000530018
11744.3 0.000534927
11751.9 0.000540136
11759.6 0.000545231
11767.2 0.000550292
11774.9 0.000555413
11782.5 0.000560639
11790.2 0.00056562
11797.8 0.000570444
11805.5 0.000574911
11813.1 0.000579547
11820.8 0.000584837
11828.4 0.000590502
11836.1 0.000596719
11843.7 0.000602659
11851.4 0.00060853
11859 0.000614458
11866.7 0.000620482
11874.3 0.000626272
11882 0.000631931
11889.6 0.000637316
11897.3 0.000642807
11904.9 0.000648743
11912.6 0.000654889
11920.2 0.000661236
11927.9 0.000667696
11935.5 0.000674298
11943.2 0.000681098
11950.8 0.000688177
11958.5 0.000695034
11966.1 0.000701862
11973.8 0.000708729
11981.4 0.000715604
11989.1 0.000722309
11996.7 0.000728863
12004.4 0.000734918
12012 0.000741475
12019.7 0.000748645
12027.3 0.000756227
12035 0.000764414
12042.6 0.000772331
12050.3 0.000780187
12057.9 0.00078812
12065.6 0.000796243
12073.2 0.000804036
12080.9 0.000811655
12088.5 0.000819041
12096.2 0.000826213
12103.8 0.000833969
12111.5 0.000841957
12119.1 0.000850145
12126.8 0.00085848
12134.4 0.000866875
12142.1 0.000875408
12149.7 0.000884257
12157.4 0.000892943
12165 0.000901325
12172.7 0.000909531
12180.3 0.000917402
12188 0.000925536
12195.6 0.000933841
12203.3 0.000942194
12210.9 0.000950477
12218.6 0.000959054
12226.2 0.000967838
12233.9 0.000976837
12241.5 0.000986204
12249.2 0.000995139
12256.8 0.0010039
12264.5 0.00101259
12272.1 0.00102128
12279.8 0.00102955
12287.4 0.00103752
12295.1 0.00104507
12302.7 0.00105203
12310.4 0.00106005
12318 0.00106848
12325.7 0.00107725
12333.3 0.0010864
12341 0.00109496
12348.6 0.00110337
12356.3 0.00111182
12363.9 0.00112034
12371.6 0.0011277
12379.2 0.00113439
12386.9 0.00114025
12394.5 0.00114533
12402.2 0.00115198
12409.8 0.0011591
12417.5 0.00116664
12425.1 0.00117456
12432.8 0.0011813
12440.4 0.00118758
12448.1 0.00119352
12455.7 0.00119915
12463.4 0.00120436
12471 0.00120919
12478.7 0.00121356
12486.3 0.0012174
12494 0.00122173
12501.6 0.00122606
12509.3 0.00123032
12516.9 0.00123453
12524.6 0.00123837
12532.2 0.001242
12539.9 0.00124552
12547.5 0.00124916
12555.2 0.00125142
12562.8 0.00125287
12570.5 0.0012536
12578.1 0.00125404
12585.8 0.00126024
12593.4 0.00126665
12601.1 0.00127301
12608.7 0.00127932
12616.4 0.00127439
12624 0.00126922
12631.7 0.00126393
12639.3 0.00125871
12647 0.00125358
12654.6 0.00124751
12662.3 0.00124088
12669.9 0.00123374
12677.6 0.00122827
12685.2 0.00122372
12692.9 0.0012188
12700.5 0.00121342
12708.2 0.00120929
12715.8 0.00120797
12723.5 0.00120674
12731.1 0.00120556
12738.8 0.00120476
12746.4 0.00120378
12754.1 0.00120237
12761.7 0.00120064
12769.4 0.0011986
12777 0.00119613
12784.7 0.00119348
12792.3 0.00119061
12800 0.00118745
12807.7 0.00118576
12815.3 0.00118513
12823 0.00118464
12830.6 0.00118436
12838.3 0.00118088
12845.9 0.00117105
12853.6 0.00116062
12861.2 0.00114969
12868.9 0.00113758
12876.5 0.0011233
12884.2 0.00110946
12891.8 0.00109582
12899.5 0.0010824
12907.1 0.00106991
12914.8 0.00105739
12922.4 0.00104482
12930.1 0.00103227
12937.7 0.00102123
12945.4 0.00101173
12953 0.001002
12960.7 0.000992105
12968.3 0.000982122
12976 0.000977364
12983.6 0.000972664
12991.3 0.000967918
12998.9 0.000963015
13006.6 0.000956474
13014.2 0.000949778
13021.9 0.000943431
13029.5 0.000937442
13037.2 0.000931115
13044.8 0.000919934
13052.5 0.000908378
13060.1 0.000896638
13067.8 0.000884726
13075.4 0.000881052
13083.1 0.000880317
13090.7 0.000879627
13098.4 0.000878956
13106 0.00087975
13113.7 0.000884438
13121.3 0.000889153
13129 0.000893856
13136.6 0.000898447
13144.3 0.000896571
13151.9 0.00089343
13159.6 0.000890561
13167.2 0.000887975
13174.9 0.000883843
13182.5 0.000873722
13190.2 0.000863473
13197.8 0.000853211
13205.5 0.000843015
13213.1 0.000835576
13220.8 0.000828896
13228.4 0.000822074
13236.1 0.000815087
13243.7 0.000807542
13251.4 0.000799765
13259 0.000792352
13266.7 0.000785167
13274.3 0.000778219
13282 0.000767446
13289.6 0.000753242
13297.3 0.000738995
13304.9 0.000724749
13312.6 0.000710531
13320.2 0.000700216
13327.9 0.000690074
13335.5 0.000679905
13343.2 0.000669696
13350.8 0.000662145
13358.5 0.000661052
13366.1 0.000660051
13373.8 0.000659106
13381.4 0.000658204
13389.1 0.000659706
13396.7 0.000662561
13404.4 0.000665441
13412 0.000668351
13419.7 0.000671318
13427.3 0.000672438
13435 0.000673389
13442.6 0.000674299
13450.3 0.000675159
13457.9 0.000672906
13465.6 0.000661103
13473.2 0.000649421
13480.9 0.000637839
13488.5 0.000626393
13496.2 0.000611764
13503.8 0.000593236
13511.5 0.00057453
13519.1 0.000555702
13526.8 0.000536767
13534.4 0.000520089
13542.1 0.000504243
13549.7 0.000488322
13557.4 0.000472309
13565 0.000456146
13572.7 0.000442847
13580.3 0.000429857
13588 0.000416869
13595.6 0.000403866
13603.3 0.000391624
13610.9 0.000385052
13618.6 0.000378368
13626.2 0.00037158
13633.9 0.000364677
13641.5 0.000361102
13649.2 0.000366889
13656.8 0.00037262
13664.5 0.000378267
13672.1 0.000383819
13679.8 0.000388322
13687.4 0.000391342
13695.1 0.000394277
13702.7 0.000397132
13710.4 0.000399938
13718 0.000396407
13725.7 0.000386201
13733.3 0.000375737
13741 0.00036504
13748.6 0.000354101
13756.3 0.000341231
13763.9 0.000327087
13771.6 0.000312812
13779.2 0.000298386
13786.9 0.00028381
13794.5 0.000270199
13802.2 0.000256944
13809.8 0.000243423
13817.5 0.000229636
13825.1 0.000215568
13832.8 0.000200966
13840.4 0.000186075
13848.1 0.000170965
13855.7 0.000155616
13863.4 0.000140019
13871 0.000122534
13878.7 0.000103792
13886.3 8.47249e-05
13894 6.53261e-05
13901.6 4.55868e-05
13909.3 2.53774e-05
13916.9 4.69718e-06
13924.6 -1.63791e-05
13932.2 -3.7861e-05
13939.9 -5.9763e-05
13947.5 -7.75522e-05
13955.2 -9.19034e-05
13962.8 -0.000106702
13970.5 -0.000121971
13978.1 -0.000137736
13985.8 -0.000150323
13993.4 -0.000158895
14001.1 -0.000168005
14008.7 -0.000177679
14016.4 -0.000187939
14024 -0.000199888
14031.7 -0.000214671
14039.3 -0.000230113
14047 -0.00024624
14054.6 -0.000263076
14062.3 -0.000280578
14069.9 -0.000298478
14077.6 -0.000317157
14085.2 -0.000336646
14092.9 -0.000356971
14100.5 -0.000378138
14108.2 -0.000398309
14115.8 -0.000419436
14123.5 -0.000441543
14131.1 -0.000464669
14138.8 -0.000488869
14146.4 -0.000514693
14154.1 -0.000541697
14161.7 -0.00056983
14169.4 -0.000599126
14177 -0.000629592
14184.7 -0.000664828
14192.3 -0.000704348
14200 -0.000745267
14207.7 -0.000787608
14215.3 -0.0008314
14223 -0.000877555
14230.6 -0.00092751
14238.3 -0.00097912
14245.9 -0.00103242
14253.6 -0.00108746
14261.2 -0.00114427
14268.9 -0.00120084
14276.5 -0.0012594
14284.2 -0.00131998
14291.8 -0.00138267
14299.5 -0.00144754
14307.1 -0.00151658
14314.8 -0.00158865
14322.4 -0.00166298
14330.1 -0.00173959
14337.7 -0.00181845
14345.4 -0.00190339
14353 -0.00200073
14360.7 -0.00210113
14368.3 -0.0022045
14376 -0.00231091
14383.6 -0.00242049
14391.3 -0.0025309
14398.9 -0.00264399
14406.6 -0.00276007
14414.2 -0.00287906
14421.9 -0.00300064
14429.5 -0.00312635
14437.2 -0.00326013
14444.8 -0.0033986
14452.5 -0.00354172
14460.1 -0.00368995
14467.8 -0.00384311
14475.4 -0.00395293
14483.1 -0.0040628
14490.7 -0.00417419
14498.4 -0.00428698
14506 -0.00440009
14513.7 -0.00452555
14521.3 -0.00466893
14529 -0.00481675
14536.6 -0.0049682
14544.3 -0.00512322
14551.9 -0.00528289
14559.6 -0.00542605
14567.2 -0.00556658
14574.9 -0.00570541
14582.5 -0.005842
14590.2 -0.00597494
14597.8 -0.00612672
14605.5 -0.00630456
14613.1 -0.00648207
14620.8 -0.00665852
14628.4 -0.0068346
14636.1 -0.00701614
14643.7 -0.00713014
14651.4 -0.00721783
14659 -0.007291
14666.7 -0.00734999
14674.3 -0.00739342
14682 -0.00743891
14689.6 -0.00752891
14697.3 -0.00761249
14704.9 -0.00768795
14712.6 -0.00775555
14720.2 -0.00781778
14727.9 -0.00784003
14735.5 -0.00782293
14743.2 -0.00779009
14750.8 -0.00774279
14758.5 -0.00768103
14766.1 -0.00760236
14773.8 -0.00753597
14781.4 -0.00746194
14789.1 -0.00737722
14796.7 -0.00728017
14804.4 -0.00716763
14812 -0.00704498
14819.7 -0.0069761
14827.3 -0.00691233
14835 -0.00684931
14842.6 -0.00678645
14850.3 -0.00672518
14857.9 -0.00664034
14865.6 -0.00652058
14873.2 -0.00639468
14880.9 -0.00626472
14888.5 -0.00613214
14896.2 -0.00599888
14903.8 -0.00585403
14911.5 -0.00570092
14919.1 -0.00554621
14926.8 -0.00539128
14934.4 -0.00523741
14942.1 -0.00508698
14949.7 -0.00493353
14957.4 -0.0047783
14965 -0.00462423
14972.7 -0.00447242
14980.3 -0.00432395
14988 -0.0041831
14995.6 -0.00404814
15003.3 -0.00391226
15010.9 -0.00377735
15018.6 -0.00364392
15026.2 -0.00351188
15033.9 -0.00338271
15041.5 -0.00327048
15049.2 -0.00316341
15056.8 -0.00306062
15064.5 -0.00296185
15072.1 -0.00286716
15079.8 -0.00277398
15087.4 -0.00267426
15095.1 -0.00257619
15102.7 -0.00247998
15110.4 -0.00238547
15118 -0.00229221
15125.7 -0.00219974
15133.3 -0.00211357
15141 -0.00203046
15148.6 -0.00194964
15156.3 -0.00187064
15163.9 -0.00179291
15171.6 -0.00171864
15179.2 -0.00165506
15186.9 -0.00159467
15194.5 -0.00153689
15202.2 -0.00148152
15209.8 -0.00142855
15217.5 -0.00137395
15225.1 -0.00131264
15232.8 -0.00125308
15240.4 -0.00119547
15248.1 -0.00113999
15255.7 -0.00108705
15263.4 -0.00103133
15271 -0.000957197
15278.7 -0.000883134
15286.3 -0.00080977
15294 -0.000737241
15301.6 -0.000665436
15309.3 -0.000596773
15316.9 -0.000546285
15324.6 -0.000498338
15332.2 -0.000452401
15339.9 -0.00040824
15347.5 -0.000365547
15355.2 -0.000324006
15362.8 -0.000308564
15370.5 -0.000297227
15378.1 -0.000289008
15385.8 -0.000283706
15393.4 -0.00028132
15401.1 -0.000282281
15408.7 -0.000272471
15416.4 -0.000261203
15424 -0.000251535
15431.7 -0.00024364
15439.3 -0.000237623
15447 -0.000233704
15454.6 -0.00022798
15462.3 -0.000220564
15469.9 -0.000214324
15477.6 -0.000209378
15485.2 -0.000205737
15492.9 -0.00020335
15500.5 -0.000201868
15508.2 -0.000201532
15515.8 -0.000202422
15523.5 -0.000204418
15531.1 -0.000207418
15538.8 -0.000211311
15546.4 -0.000216542
15554.1 -0.000227997
15561.7 -0.000240387
15569.4 -0.000253511
15577 -0.000267191
15584.7 -0.000281179
15592.3 -0.000294871
15600 -0.000322109
15607.7 -0.000355637
15615.3 -0.000390217
15623 -0.000425523
15630.6 -0.000461372
15638.3 -0.000497627
15645.9 -0.000532543
15653.6 -0.000565251
15661.2 -0.000598074
15668.9 -0.000631019
15676.5 -0.000664156
15684.2 -0.000697748
15691.8 -0.000733351
15699.5 -0.00073935
15707.1 -0.000741656
15714.8 -0.00074176
15722.4 -0.000739826
15730.1 -0.00073577
15737.7 -0.000729209
15745.4 -0.000723951
15753 -0.000722646
15760.7 -0.000720304
15768.3 -0.000716516
15776 -0.000711037
15783.6 -0.000703621
15791.3 -0.000694477
15798.9 -0.000697689
15806.6 -0.000699671
15814.2 -0.000699961
15821.9 -0.000698401
15829.5 -0.000694888
15837.2 -0.000689332
15844.8 -0.000677309
15852.5 -0.000659713
15860.1 -0.000640299
15867.8 -0.000619081
15875.4 -0.000596141
15883.1 -0.000571681
15890.7 -0.000546538
15898.4 -0.000511401
15906 -0.000471877
15913.7 -0.000429557
15921.3 -0.000384738
15929 -0.000337591
15936.6 -0.000288185
15944.3 -0.000237812
15951.9 -0.000190099
15959.6 -0.00014163
15967.2 -9.23318e-05
15974.9 -4.22864e-05
15982.5 8.37991e-06
15990.2 5.95146e-05
15997.8 0.00011049
16005.5 0.000161663
16013.1 0.000212911
16020.8 0.000263982
16028.4 0.000314655
16036.1 0.000364735
16043.7 0.000414158
16051.4 0.000457561
16059 0.000499262
16066.7 0.000539407
16074.3 0.000577905
16082 0.000614673
16089.6 0.000649672
16097.3 0.00068198
16104.9 0.000707839
16112.6 0.000731037
16120.2 0.000751637
16127.9 0.000769603
16135.5 0.000784869
16143.2 0.000797304
16150.8 0.000809883
16158.5 0.000824652
16166.1 0.000837235
16173.8 0.000847526
16181.4 0.00085552
16189.1 0.000861256
16196.7 0.000864833
16204.4 0.000863705
16212 0.000858386
16219.7 0.000850791
16227.3 0.000841041
16235 0.000829227
16242.6 0.000815431
16250.3 0.000799709
16257.9 0.00078259
16265.6 0.000764068
16273.2 0.000743984
16280.9 0.000722384
16288.5 0.000699303
16296.2 0.000674726
16303.8 0.000648396
16311.5 0.00063576
16319.1 0.000626492
16326.8 0.00061672
16334.4 0.000606362
16342.1 0.000595413
16349.7 0.000583876
16357.4 0.000571687
16365 0.000562934
16372.7 0.000554824
16380.3 0.000546567
16388 0.000538192
16395.6 0.000529772
16403.3 0.000521435
16410.9 0.000513549
16418.6 0.000490891
16426.2 0.000464514
16433.9 0.000437773
16441.5 0.000410851
16449.2 0.000383872
16456.8 0.000356975
16464.5 0.000330473
16472.1 0.000289801
16479.8 0.000244419
16487.4 0.000198734
16495.1 0.000152882
16502.7 0.000106925
16510.4 6.0898e-05
16518 1.48159e-05
16525.7 -3.0807e-05
16533.3 -7.62074e-05
16541 -0.000121623
16548.6 -0.000167062
16556.3 -0.000212552
16563.9 -0.000258158
16571.6 -0.000304083
16579.2 -0.000339516
16586.9 -0.000364102
16594.5 -0.000388093
16602.2 -0.000411681
16609.8 -0.000434951
16617.5 -0.000457965
16625.1 -0.000480815
16632.8 -0.000501154
16640.4 -0.000515639
16648.1 -0.000529545
16655.7 -0.000542972
16663.4 -0.000555942
16671 -0.000568442
16678.7 -0.000580419
16686.3 -0.000592447
16694 -0.000612573
16701.6 -0.000632656
16709.3 -0.000652506
16716.9 -0.000672065
16724.6 -0.000691293
16732.2 -0.000710146
16739.9 -0.00072853
16747.5 -0.000749099
16755.2 -0.000770261
16762.8 -0.00079117
16770.5 -0.00081178
16778.1 -0.000832063
16785.8 -0.00085199
16793.4 -0.000871504
16801.1 -0.000893191
16808.7 -0.000918043
16816.4 -0.000942693
16824 -0.000967084
16831.7 -0.000991196
16839.3 -0.00101502
16847 -0.00103854
16854.6 -0.00106166
16862.3 -0.00108307
16869.9 -0.00110423
16877.6 -0.00112514
16885.2 -0.00114582
16892.9 -0.00116634
16900.5 -0.00118679
16908.2 -0.00120746
16915.8 -0.00121884
16923.5 -0.00122243
16931.1 -0.00122508
16938.8 -0.00122697
16946.4 -0.00122816
16954.1 -0.00122867
16961.7 -0.00122849
16969.4 -0.00122785
16977 -0.00122932
16984.7 -0.00123035
16992.3 -0.00123081
17000 -0.00123067
17007.7 -0.00122986
17015.3 -0.0012283
17023 -0.00122573
17030.6 -0.0012291
17038.3 -0.00123834
17045.9 -0.00124755
17053.6 -0.00125655
17061.2 -0.00126526
17068.9 -0.00127365
17076.5 -0.00128171
17084.2 -0.00128947
17091.8 -0.00129677
17099.5 -0.0013036
17107.1 -0.00131002
17114.8 -0.00131604
17122.4 -0.0013217
17130.1 -0.00132704
17137.7 -0.00133219
17145.4 -0.00133379
17153 -0.00132636
17160.7 -0.00131783
17168.3 -0.00130839
17176 -0.00129808
17183.6 -0.00128687
17191.3 -0.00127466
17198.9 -0.00126115
17206.6 -0.00125507
17214.2 -0.00125503
17221.9 -0.00125498
17229.5 -0.0012547
17237.2 -0.00125407
17244.8 -0.00125301
17252.5 -0.00125137
17260.1 -0.00124864
17267.8 -0.00126145
17275.4 -0.00127772
17283.1 -0.00129452
17290.7 -0.00131176
17298.4 -0.00132946
17306 -0.00134778
17313.7 -0.0013671
17321.3 -0.0013863
17329 -0.00136751
17336.6 -0.00134616
17344.3 -0.00132361
17351.9 -0.00130026
17359.6 -0.00127632
17367.2 -0.001252
17374.9 -0.0012276
17382.5 -0.0012
17390.2 -0.00115562
17397.8 -0.00110973
17405.5 -0.00106282
17413.1 -0.00101501
17420.8 -0.000966325
17428.4 -0.00091668
17436.1 -0.000865717
17443.7 -0.000822798
17451.4 -0.000807827
17459 -0.000794337
17466.7 -0.000781615
17474.3 -0.000769417
17482 -0.000757601
17489.6 -0.000746026
17497.3 -0.00073444
17504.9 -0.000728436
17512.6 -0.000737595
17520.2 -0.000748145
17527.9 -0.00075972
17535.5 -0.000772214
17543.2 -0.000785593
17550.8 -0.000799881
17558.5 -0.000815197
17566.1 -0.000828404
17573.8 -0.00083281
17581.4 -0.000837308
17589.1 -0.00084215
17596.7 -0.000847425
17604.4 -0.000853189
17612 -0.0008595
17619.7 -0.000866458
17627.3 -0.000871655
17635 -0.000866631
17642.6 -0.000861618
17650.3 -0.000856825
17657.9 -0.000852322
17665.6 -0.000848153
17673.2 -0.000844367
17680.9 -0.000841052
17688.5 -0.000837929
17696.2 -0.000826176
17703.8 -0.000814098
17711.5 -0.000801981
17719.1 -0.000789891
17726.8 -0.000777851
17734.4 -0.000765863
17742.1 -0.000753917
17749.7 -0.000741963
17757.4 -0.000730641
17765 -0.000719592
17772.7 -0.000708629
17780.3 -0.000697716
17788 -0.000686823
17795.6 -0.000675913
17803.3 -0.000664931
17810.9 -0.00065375
17818.6 -0.000647437
17826.2 -0.000644845
17833.9 -0.000642452
17841.5 -0.000640157
17849.2 -0.000637909
17856.8 -0.000635662
17864.5 -0.000633369
17872.1 -0.000630947
17879.8 -0.000630933
17887.4 -0.000637677
17895.1 -0.000644649
17902.7 -0.000651726
17910.4 -0.000658857
17918 -0.000666008
17925.7 -0.000673152
17933.3 -0.000680249
17941 -0.0006872
17948.6 -0.000694692
17956.3 -0.00070244
17963.9 -0.00071026
17971.6 -0.000718129
17979.2 -0.000726041
17986.9 -0.000734002
17994.5 -0.000742032
18002.2 -0.000750196
18009.8 -0.000757633
18017.5 -0.000763626
18025.1 -0.000769439
18032.8 -0.000775142
18040.4 -0.000780765
18048.1 -0.000786333
18055.7 -0.000791874
18063.4 -0.000797442
18071 -0.000803272
18078.7 -0.000796034
18086.3 -0.000788309
18094 -0.000780339
18101.6 -0.000772171
18109.3 -0.000763825
18116.9 -0.000755306
18124.6 -0.000746611
18132.2 -0.000737709
18139.9 -0.0007318
18147.5 -0.00073015
18155.2 -0.000728471
18162.8 -0.000726725
18170.5 -0.000724899
18178.1 -0.000722982
18185.8 -0.000720963
18193.4 -0.000718821
18201.1 -0.000716489
18208.7 -0.000714131
18216.4 -0.000711988
18224 -0.000709876
18231.7 -0.000707771
18239.3 -0.000705666
18247 -0.000703559
18254.6 -0.000701461
18262.3 -0.000699395
18269.9 -0.000697477
18277.6 -0.000695236
18285.2 -0.000692808
18292.9 -0.000690267
18300.5 -0.000687629
18308.2 -0.000684903
18315.8 -0.000682087
18323.5 -0.000679171
18331.1 -0.000676122
18338.8 -0.000672887
18346.4 -0.000669989
18354.1 -0.000667186
18361.7 -0.00066443
18369.4 -0.000661708
18377 -0.000659018
18384.7 -0.000656368
18392.3 -0.000653775
18400 -0.0006513
18407.7 -0.00064889
18415.3 -0.000646019
18423 -0.000642999
18430.6 -0.000639878
18438.3 -0.000636671
18445.9 -0.000633386
18453.6 -0.000630018
18461.2 -0.000626555
18468.9 -0.000622937
18476.5 -0.000619317
18484.2 -0.000616047
18491.8 -0.000612867
18499.5 -0.000609743
18507.1 -0.000606667
18514.8 -0.000603636
18522.4 -0.000600657
18530.1 -0.000597748
18537.7 -0.000594978
18545.4 -0.000592135
18553 -0.000588942
18560.7 -0.000585648
18568.3 -0.000582287
18576 -0.000578872
18583.6 -0.000575409
18591.3 -0.000571899
18598.9 -0.000568336
18606.6 -0.000564689
18614.2 -0.000561073
18621.9 -0.000557623
18629.5 -0.000554213
18637.2 -0.000550827
18644.8 -0.000547459
18652.5 -0.000544107
18660.1 -0.000540772
18667.8 -0.000537459
18675.4 -0.000534181
18683.1 -0.000530893
18690.7 -0.000527507
18698.4 -0.000524097
18706 -0.000520674
18713.7 -0.00051724
18721.3 -0.000513798
18729 -0.000510346
18736.6 -0.000506882
18744.3 -0.000503399
18751.9 -0.000499915
18759.6 -0.000496528
18767.2 -0.00049317
18774.9 -0.000489832
18782.5 -0.00048651
18790.2 -0.000483205
18797.8 -0.000479917
18805.5 -0.000476648
18813.1 -0.000473406
18820.8 -0.000470195
18828.4 -0.000466888
18836.1 -0.00046356
18843.7 -0.000460225
18851.4 -0.000456884
18859 -0.000453541
18866.7 -0.000450193
18874.3 -0.00044684
18882 -0.000443476
18889.6 -0.000440072
18897.3 -0.000436798
18904.9 -0.000433577
18912.6 -0.000430385
18920.2 -0.000427215
18927.9 -0.000424065
18935.5 -0.000420933
18943.2 -0.000417818
18950.8 -0.000414722
18958.5 -0.000411647
18966.1 -0.000408576
18973.8 -0.000405493
18981.4 -0.000402417
18989.1 -0.00039935
18996.7 -0.000396291
19004.4 -0.00039324
19012 -0.000390195
19019.7 -0.000387155
19027.3 -0.000384113
19035 -0.000381065
19042.6 -0.000378146
19050.3 -0.000375268
19057.9 -0.000372418
19065.6 -0.000369594
19073.2 -0.000366791
19080.9 -0.00036401
19088.5 -0.00036125
19096.2 -0.00035851
19103.8 -0.000355793
19111.5 -0.000353084
19119.1 -0.000350379
19126.8 -0.000347687
19134.4 -0.00034501
19142.1 -0.000342348
19149.7 -0.0003397
19157.4 -0.000337066
19165 -0.000334443
19172.7 -0.00033183
19180.3 -0.000329223
19188 -0.000326698
19195.6 -0.000324207
19203.3 -0.00032174
19210.9 -0.000319297
19218.6 -0.000316876
19226.2 -0.000314478
19233.9 -0.000312104
19241.5 -0.000309755
19249.2 -0.00030744
19256.8 -0.000305116
19264.5 -0.000302713
19272.1 -0.000300305
19279.8 -0.000297899
19287.4 -0.000295499
19295.1 -0.000293103
19302.7 -0.000290712
19310.4 -0.000288322
19318 -0.000285928
19325.7 -0.000283507
19333.3 -0.000281243
19341 -0.000279107
19348.6 -0.000277014
19356.3 -0.000274955
19363.9 -0.000272926
19371.6 -0.000270927
19379.2 -0.000268955
19386.9 -0.000267014
19394.5 -0.000265108
19402.2 -0.00026326
19409.8 -0.000261263
19417.5 -0.000259242
19425.1 -0.000257221
19432.8 -0.000255205
19440.4 -0.000253196
19448.1 -0.000251194
19455.7 -0.000249199
19463.4 -0.00024721
19471 -0.000245224
19478.7 -0.000243236
19486.3 -0.000241377
19494 -0.000239553
19501.6 -0.000237754
19509.3 -0.000235976
19516.9 -0.000234219
19524.6 -0.000232481
19532.2 -0.000230762
19539.9 -0.000229063
19547.5 -0.000227386
19555.2 -0.000225728
19562.8 -0.00022403
19570.5 -0.000222337
19578.1 -0.000220654
19585.8 -0.000218983
19593.4 -0.000217324
19601.1 -0.000215677
19608.7 -0.000214042
19616.4 -0.000212419
19624 -0.000210808
19631.7 -0.00020921
19639.3 -0.000207635
19647 -0.000206076
19654.6 -0.00020453
19662.3 -0.000202998
19669.9 -0.000201478
19677.6 -0.000199971
19685.2 -0.000198476
19692.9 -0.000196993
19700.5 -0.000195519
19708.2 -0.000194052
19715.8 -0.000192649
19723.5 -0.000191269
19731.1 -0.000189907
19738.8 -0.000188562
19746.4 -0.000187233
19754.1 -0.00018592
19761.7 -0.000184624
19769.4 -0.000183344
19777 -0.000182081
19784.7 -0.000180839
19792.3 -0.000179591
19800 -0.000178351
19807.7 -0.000177125
19815.3 -0.000175917
19823 -0.000174726
19830.6 -0.000173557
19838.3 -0.000172411
19845.9 -0.000171295
19853.6 -0.000170219
19861.2 -0.000169213
19868.9 -0.000167957
19876.5 -0.000166368
19884.2 -0.000164729
19891.8 -0.000163059
19899.5 -0.000161369
19907.1 -0.000159661
19914.8 -0.000157937
19922.4 -0.000156198
19930.1 -0.000154439
19937.7 -0.000152648
19945.4 -0.000150904
19953 -0.000149547
19960.7 -0.000148244
19968.3 -0.000146971
19976 -0.000145721
19983.6 -0.00014449
19991.3 -0.000143275
19998.9 -0.000142075
20006.6 -0.000140888
20014.2 -0.000139715
20021.9 -0.000138553
20029.5 -0.000137403
20037.2 -0.000136264
20044.8 -0.000135136
20052.5 -0.000134019
20060.1 -0.000132912
20067.8 -0.000131814
20075.4 -0.000130727
20083.1 -0.00012965
20090.7 -0.000128582
20098.4 -0.000127523
20106 -0.000126473
20113.7 -0.000125433
20121.3 -0.000124401
20129 -0.000123379
20136.6 -0.000122365
20144.3 -0.000121359
20151.9 -0.000120362
20159.6 -0.000119374
20167.2 -0.000118394
20174.9 -0.000117422
20182.5 -0.000116459
20190.2 -0.000115503
20197.8 -0.000114555
20205.5 -0.000113616
20213.1 -0.000112684
20220.8 -0.00011176
20228.4 -0.000110843
20236.1 -0.000109934
20243.7 -0.000109033
20251.4 -0.000108139
20259 -0.000107253
20266.7 -0.000106373
20274.3 -0.000105502
20282 -0.000104637
20289.6 -0.000103779
20297.3 -0.000102929
20304.9 -0.000102085
20312.6 -0.000101249
20320.2 -0.000100419
20327.9 -9.95959e-05
20335.5 -9.87797e-05
20343.2 -9.79702e-05
20350.8 -9.71673e-05
20358.5 -9.6371e-05
20366.1 -9.55812e-05
20373.8 -9.47978e-05
20381.4 -9.40209e-05
20389.1 -9.32503e-05
20396.7 -9.24859e-05
20404.4 -9.17278e-05
20412 -9.09759e-05
20419.7 -9.02301e-05
20427.3 -8.94904e-05
20435 -8.87566e-05
20442.6 -8.80288e-05
20450.3 -8.7307e-05
20457.9 -8.6591e-05
20465.6 -8.58808e-05
20473.2 -8.51763e-05
20480.9 -8.44776e-05
20488.5 -8.37845e-05
20496.2 -8.3097e-05
20503.8 -8.24151e-05
20511.5 -8.17387e-05
20519.1 -8.10677e-05
20526.8 -8.04022e-05
20534.4 -7.9742e-05
20542.1 -7.90872e-05
20549.7 -7.84376e-05
20557.4 -7.77932e-05
20565 -7.71541e-05
20572.7 -7.652e-05
20580.3 -7.58911e-05
20588 -7.52672e-05
20595.6 -7.46483e-05
20603.3 -7.40344e-05
20610.9 -7.34254e-05
20618.6 -7.28213e-05
20626.2 -7.2222e-05
20633.9 -7.16275e-05
20641.5 -7.10378e-05
20649.2 -7.04528e-05
20656.8 -6.98724e-05
20664.5 -6.92967e-05
20672.1 -6.87256e-05
20679.8 -6.8159e-05
20687.4 -6.75969e-05
20695.1 -6.70393e-05
20702.7 -6.64862e-05
20710.4 -6.59374e-05
20718 -6.5393e-05
20725.7 -6.48529e-05
20733.3 -6.43171e-05
20741 -6.37856e-05
20748.6 -6.32582e-05
20756.3 -6.27351e-05
20763.9 -6.2216e-05
20771.6 -6.17011e-05
20779.2 -6.11902e-05
20786.9 -6.06834e-05
20794.5 -6.01806e-05
20802.2 -5.96817e-05
20809.8 -5.91868e-05
20817.5 -5.86958e-05
20825.1 -5.82086e-05
20832.8 -5.77253e-05
20840.4 -5.72458e-05
20848.1 -5.677e-05
20855.7 -5.6298e-05
20863.4 -5.58296e-05
20871 -5.5365e-05
20878.7 -5.49039e-05
20886.3 -5.44465e-05
20894 -5.39927e-05
20901.6 -5.35424e-05
20909.3 -5.30956e-05
20916.9 -5.26523e-05
20924.6 -5.22125e-05
20932.2 -5.17761e-05
20939.9 -5.13431e-05
20947.5 -5.09135e-05
20955.2 -5.04872e-05
20962.8 -5.00642e-05
20970.5 -4.96446e-05
20978.1 -4.92281e-05
20985.8 -4.88149e-05
20993.4 -4.8405e-05
21001.1 -4.79981e-05
21008.7 -4.75945e-05
21016.4 -4.71939e-05
21024 -4.67965e-05
21031.7 -4.64021e-05
21039.3 -4.60108e-05
21047 -4.56225e-05
21054.6 -4.52372e-05
21062.3 -4.48548e-05
21069.9 -4.44754e-05
21077.6 -4.40989e-05
21085.2 -4.37253e-05
21092.9 -4.33546e-05
21100.5 -4.29867e-05
21108.2 -4.26217e-05
21115.8 -4.22594e-05
21123.5 -4.19e-05
21131.1 -4.15433e-05
21138.8 -4.11893e-05
21146.4 -4.0838e-05
21154.1 -4.04894e-05
21161.7 -4.01435e-05
21169.4 -3.98002e-05
21177 -3.94595e-05
21184.7 -3.91214e-05
21192.3 -3.87859e-05
21200 -3.8453e-05
21207.7 -3.81225e-05
21215.3 -3.77946e-05
21223 -3.74692e-05
21230.6 -3.71463e-05
21238.3 -3.68258e-05
21245.9 -3.65077e-05
21253.6 -3.61921e-05
21261.2 -3.58788e-05
21268.9 -3.55679e-05
21276.5 -3.52594e-05
21284.2 -3.49532e-05
21291.8 -3.46493e-05
21299.5 -3.43477e-05
21307.1 -3.40483e-05
21314.8 -3.37513e-05
21322.4 -3.34564e-05
21330.1 -3.31638e-05
21337.7 -3.28734e-05
21345.4 -3.25852e-05
21353 -3.22991e-05
21360.7 -3.20152e-05
21368.3 -3.17334e-05
21376 -3.14537e-05
21383.6 -3.11762e-05
21391.3 -3.09007e-05
21398.9 -3.06272e-05
21406.6 -3.03558e-05
21414.2 -3.00865e-05
21421.9 -2.98191e-05
21429.5 -2.95538e-05
21437.2 -2.92904e-05
21444.8 -2.9029e-05
21452.5 -2.87695e-05
21460.1 -2.8512e-05
21467.8 -2.82564e-05
21475.4 -2.80026e-05
21483.1 -2.77508e-05
21490.7 -2.75009e-05
21498.4 -2.72528e-05
21506 -2.70065e-05
21513.7 -2.67621e-05
21521.3 -2.65194e-05
21529 -2.62786e-05
21536.6 -2.60396e-05
21544.3 -2.58023e-05
21551.9 -2.55668e-05
21559.6 -2.5333e-05
21567.2 -2.51009e-05
21574.9 -2.48706e-05
21582.5 -2.4642e-05
21590.2 -2.4415e-05
21597.8 -2.41897e-05
21605.5 -2.39661e-05
21613.1 -2.37441e-05
21620.8 -2.35238e-05
21628.4 -2.3305e-05
21636.1 -2.30879e-05
21643.7 -2.28724e-05
21651.4 -2.26585e-05
21659 -2.24461e-05
21666.7 -2.22353e-05
21674.3 -2.2026e-05
21682 -2.18182e-05
21689.6 -2.1612e-05
21697.3 -2.14073e-05
21704.9 -2.12041e-05
21712.6 -2.10024e-05
21720.2 -2.08021e-05
21727.9 -2.06033e-05
21735.5 -2.0406e-05
21743.2 -2.02101e-05
21750.8 -2.00156e-05
21758.5 -1.98225e-05
21766.1 -1.96309e-05
21773.8 -1.94406e-05
21781.4 -1.92517e-05
21789.1 -1.90642e-05
21796.7 -1.88781e-05
21804.4 -1.86933e-05
21812 -1.85098e-05
21819.7 -1.83277e-05
21827.3 -1.81469e-05
21835 -1.79674e-05
21842.6 -1.77892e-05
21850.3 -1.76123e-05
21857.9 -1.74367e-05
21865.6 -1.72623e-05
21873.2 -1.70892e-05
21880.9 -1.69174e-05
21888.5 -1.67468e-05
21896.2 -1.65774e-05
21903.8 -1.64093e-05
21911.5 -1.62423e-05
21919.1 -1.60766e-05
21926.8 -1.59121e-05
21934.4 -1.57487e-05
21942.1 -1.55866e-05
21949.7 -1.54255e-05
21957.4 -1.52657e-05
21965 -1.5107e-05
21972.7 -1.49494e-05
21980.3 -1.4793e-05
21988 -1.46377e-05
21995.6 -1.44835e-05
22003.3 -1.43304e-05
22010.9 -1.41784e-05
22018.6 -1.40275e-05
22026.2 -1.38777e-05
22033.9 -1.3729e-05
22041.5 -1.35813e-05
22049.2 -1.34347e-05
22056.8 -1.32891e-05
22064.5 -1.31446e-05
22072.1 -1.30011e-05
22079.8 -1.28586e-05
22087.4 -1.27171e-05
22095.1 -1.25767e-05
22102.7 -1.24372e-05
22110.4 -1.22988e-05
22118 -1.21613e-05
22125.7 -1.20248e-05
22133.3 -1.18893e-05
22141 -1.17548e-05
22148.6 -1.16212e-05
22156.3 -1.14885e-05
22163.9 -1.13568e-05
22171.6 -1.12261e-05
22179.2 -1.10963e-05
22186.9 -1.09674e-05
22194.5 -1.08394e-05
22202.2 -1.07123e-05
22209.8 -1.05861e-05
22217.5 -1.04608e-05
22225.1 -1.03364e-05
22232.8 -1.02129e-05
22240.4 -1.00903e-05
22248.1 -9.96852e-06
22255.7 -9.84761e-06
22263.4 -9.72757e-06
22271 -9.60837e-06
22278.7 -9.49002e-06
22286.3 -9.3725e-06
22294 -9.25582e-06
22301.6 -9.13996e-06
22309.3 -9.02492e-06
22316.9 -8.9107e-06
22324.6 -8.79728e-06
22332.2 -8.68466e-06
22339.9 -8.57284e-06
22347.5 -8.46181e-06
22355.2 -8.35156e-06
22362.8 -8.24209e-06
22370.5 -8.13339e-06
22378.1 -8.02546e-06
22385.8 -7.91829e-06
22393.4 -7.81188e-06
22401.1 -7.70622e-06
22408.7 -7.6013e-06
22416.4 -7.49712e-06
22424 -7.39367e-06
22431.7 -7.29096e-06
22439.3 -7.18896e-06
22447 -7.08769e-06
22454.6 -6.98712e-06
22462.3 -6.88727e-06
22469.9 -6.78812e-06
22477.6 -6.68966e-06
22485.2 -6.5919e-06
22492.9 -6.49482e-06
22500.5 -6.39843e-06
22508.2 -6.30271e-06
22515.8 -6.20767e-06
22523.5 -6.1133e-06
22531.1 -6.01958e-06
22538.8 -5.92653e-06
22546.4 -5.83413e-06
22554.1 -5.74238e-06
22561.7 -5.65127e-06
22569.4 -5.5608e-06
22577 -5.47097e-06
22584.7 -5.38177e-06
22592.3 -5.29319e-06
22600 -5.20524e-06
22607.7 -5.1179e-06
22615.3 -5.03118e-06
22623 -4.94506e-06
22630.6 -4.85955e-06
22638.3 -4.77463e-06
22645.9 -4.69031e-06
22653.6 -4.60659e-06
22661.2 -4.52345e-06
22668.9 -4.44089e-06
22676.5 -4.35891e-06
22684.2 -4.27751e-06
22691.8 -4.19667e-06
22699.5 -4.1164e-06
22707.1 -4.0367e-06
22714.8 -3.95755e-06
22722.4 -3.87896e-06
22730.1 -3.80092e-06
22737.7 -3.72342e-06
22745.4 -3.64647e-06
22753 -3.57006e-06
22760.7 -3.49418e-06
22768.3 -3.41883e-06
22776 -3.34401e-06
22783.6 -3.26972e-06
22791.3 -3.19594e-06
22798.9 -3.12269e-06
22806.6 -3.04994e-06
22814.2 -2.97771e-06
22821.9 -2.90598e-06
22829.5 -2.83475e-06
22837.2 -2.76402e-06
22844.8 -2.69379e-06
22852.5 -2.62405e-06
22860.1 -2.55479e-06
22867.8 -2.48602e-06
22875.4 -2.41774e-06
22883.1 -2.34993e-06
22890.7 -2.2826e-06
22898.4 -2.21574e-06
22906 -2.14934e-06
22913.7 -2.08342e-06
22921.3 -2.01795e-06
22929 -1.95294e-06
22936.6 -1.88839e-06
22944.3 -1.82429e-06
22951.9 -1.76064e-06
22959.6 -1.69744e-06
22967.2 -1.63468e-06
22974.9 -1.57236e-06
22982.5 -1.51048e-06
22990.2 -1.44903e-06
22997.8 -1.38801e-06
23005.5 -1.32742e-06
23013.1 -1.26725e-06
23020.8 -1.20751e-06
23028.4 -1.14819e-06
23036.1 -1.08928e-06
23043.7 -1.03078e-06
23051.4 -9.72701e-07
23059 -9.15025e-07
23066.7 -8.57755e-07
23074.3 -8.00887e-07
23082 -7.44418e-07
23089.6 -6.88346e-07
23097.3 -6.32668e-07
23104.9 -5.77382e-07
23112.6 -5.22484e-07
23120.2 -4.67973e-07
23127.9 -4.13845e-07
23135.5 -3.60098e-07
23143.2 -3.06729e-07
23150.8 -2.53735e-07
23158.5 -2.01115e-07
23166.1 -1.48865e-07
23173.8 -9.69839e-08
23181.4 -4.54679e-08
23189.1 5.68498e-09
23196.7 5.64772e-08
23204.4 1.06911e-07
23212 1.5699e-07
23219.7 2.06715e-07
23227.3 2.56089e-07
23235 3.05114e-07
23242.6 3.53793e-07
23250.3 4.02128e-07
23257.9 4.50122e-07
23265.6 4.97777e-07
23273.2 5.45094e-07
23280.9 5.92077e-07
23288.5 6.38727e-07
23296.2 6.85047e-07
23303.8 7.31039e-07
23311.5 7.76705e-07
23319.1 8.22047e-07
23326.8 8.67068e-07
23334.4 9.1177e-07
23342.1 9.56155e-07
23349.7 1.00022e-06
23357.4 1.04398e-06
23365 1.08743e-06
23372.7 1.13056e-06
23380.3 1.17339e-06
23388 1.21592e-06
23395.6 1.25814e-06
23403.3 1.30007e-06
23410.9 1.34169e-06
23418.6 1.38302e-06
23426.2 1.42405e-06
23433.9 1.46479e-06
23441.5 1.50524e-06
23449.2 1.5454e-06
23456.8 1.58527e-06
23464.5 1.62486e-06
23472.1 1.66417e-06
23479.8 1.70319e-06
23487.4 1.74194e-06
23495.1 1.7804e-06
23502.7 1.8186e-06
23510.4 1.85651e-06
23518 1.89416e-06
23525.7 1.93154e-06
23533.3 1.96864e-06
23541 2.00548e-06
23548.6 2.04206e-06
23556.3 2.07837e-06
23563.9 2.11442e-06
23571.6 2.15022e-06
23579.2 2.18575e-06
23586.9 2.22103e-06
23594.5 2.25605e-06
23602.2 2.29082e-06
23609.8 2.32534e-06
23617.5 2.35961e-06
23625.1 2.39363e-06
23632.8 2.4274e-06
23640.4 2.46093e-06
23648.1 2.49422e-06
23655.7 2.52727e-06
23663.4 2.56007e-06
23671 2.59264e-06
23678.7 2.62497e-06
23686.3 2.65706e-06
23694 2.68893e-06
23701.6 2.72056e-06
23709.3 2.75195e-06
23716.9 2.78312e-06
23724.6 2.81406e-06
23732.2 2.84478e-06
23739.9 2.87527e-06
23747.5 2.90554e-06
23755.2 2.93558e-06
23762.8 2.96541e-06
23770.5 2.99502e-06
23778.1 3.0244e-06
23785.8 3.05358e-06
23793.4 3.08254e-06
23801.1 3.11128e-06
23808.7 3.13981e-06
23816.4 3.16814e-06
23824 3.19625e-06
23831.7 3.22416e-06
23839.3 3.25185e-06
23847 3.27935e-06
23854.6 3.30664e-06
23862.3 3.33373e-06
23869.9 3.36061e-06
23877.6 3.3873e-06
23885.2 3.41379e-06
23892.9 3.44008e-06
23900.5 3.46617e-06
23908.2 3.49207e-06
23915.8 3.51778e-06
23923.5 3.54329e-06
23931.1 3.56862e-06
23938.8 3.59375e-06
23946.4 3.61869e-06
23954.1 3.64345e-06
23961.7 3.66802e-06
23969.4 3.69241e-06
23977 3.71661e-06
23984.7 3.74063e-06
23992.3 3.76447e-06
24000 3.78813e-06
