W N2
10000 0.000301299
10007.7 0.000302225
10015.3 0.000303155
10023 0.000304089
10030.6 0.000305028
10038.3 0.000305971
10045.9 0.000306919
10053.6 0.000307872
10061.2 0.000308829
10068.9 0.000309791
10076.5 0.000310758
10084.2 0.00031173
10091.8 0.000312706
10099.5 0.000313688
10107.1 0.000314674
10114.8 0.000315665
10122.4 0.000316661
10130.1 0.000317662
10137.7 0.000318668
10145.4 0.00031968
10153 0.000320696
10160.7 0.000321718
10168.3 0.000322744
10176 0.000323777
10183.6 0.000324814
10191.3 0.000325857
10198.9 0.000326905
10206.6 0.000327958
10214.2 0.000329018
10221.9 0.000330082
10229.5 0.000331152
10237.2 0.000332228
10244.8 0.00033331
10252.5 0.000334397
10260.1 0.00033549
10267.8 0.000336589
10275.4 0.000337693
10283.1 0.000338804
10290.7 0.000339921
10298.4 0.000341043
10306 0.000342172
10313.7 0.000343307
10321.3 0.000344448
10329 0.000345595
10336.6 0.000346748
10344.3 0.000347908
10351.9 0.000349075
10359.6 0.000350247
10367.2 0.000351427
10374.9 0.000352612
10382.5 0.000353805
10390.2 0.000355004
10397.8 0.00035621
10405.5 0.000357423
10413.1 0.000358642
10420.8 0.000359869
10428.4 0.000361102
10436.1 0.000362343
10443.7 0.000363591
10451.4 0.000364846
10459 0.000366108
10466.7 0.000367378
10474.3 0.000368654
10482 0.000369939
10489.6 0.000371231
10497.3 0.000372531
10504.9 0.000373838
10512.6 0.000375153
10520.2 0.000376476
10527.9 0.000377807
10535.5 0.000379145
10543.2 0.000380492
10550.8 0.000381847
10558.5 0.00038321
10566.1 0.000384582
10573.8 0.000385962
10581.4 0.00038735
10589.1 0.000388747
10596.7 0.000390152
10604.4 0.000391567
10612 0.00039299
10619.7 0.000394422
10627.3 0.000395862
10635 0.000397312
10642.6 0.000398771
10650.3 0.00040024
10657.9 0.000401717
10665.6 0.000403204
10673.2 0.000404701
10680.9 0.000406207
10688.5 0.000407723
10696.2 0.000409249
10703.8 0.000410785
10711.5 0.00041233
10719.1 0.000413886
10726.8 0.000415452
10734.4 0.000417028
10742.1 0.000418615
10749.7 0.000420212
10757.4 0.00042182
10765 0.000423439
10772.7 0.000425068
10780.3 0.000426709
10788 0.00042836
10795.6 0.000430023
10803.3 0.000431697
10810.9 0.000433382
10818.6 0.000435079
10826.2 0.000436787
10833.9 0.000438507
10841.5 0.000440239
10849.2 0.000441983
10856.8 0.000443739
10864.5 0.000445507
10872.1 0.000447287
10879.8 0.00044908
10887.4 0.000450885
10895.1 0.000452703
10902.7 0.000454534
10910.4 0.000456377
10918 0.000458233
10925.7 0.000460102
10933.3 0.000461984
10941 0.000463879
10948.6 0.000465787
10956.3 0.000467709
10963.9 0.000469643
10971.6 0.000471591
10979.2 0.000473552
10986.9 0.000475527
10994.5 0.000477514
11002.2 0.000479514
11009.8 0.000481527
11017.5 0.000483553
11025.1 0.00048559
11032.8 0.00048764
11040.4 0.000489701
11048.1 0.000491771
11055.7 0.000493852
11063.4 0.000495939
11071 0.000498033
11078.7 0.000500128
11086.3 0.000502221
11094 0.000504305
11101.6 0.000506366
11109.3 0.000508379
11116.9 0.000510285
11124.6 0.000511674
11132.2 0.000513195
11139.9 0.000515305
11147.5 0.000518015
11155.2 0.000521461
11162.8 0.000524441
11170.5 0.000527335
11178.1 0.000530283
11185.8 0.000533071
11193.4 0.000535728
11201.1 0.000538094
11208.7 0.000540582
11216.4 0.000543209
11224 0.000546015
11231.7 0.000548874
11239.3 0.000551656
11247 0.000554377
11254.6 0.000556986
11262.3 0.000559783
11269.9 0.000562743
11277.6 0.000566098
11285.2 0.000569219
11292.9 0.000572133
11300.5 0.000574671
11308.2 0.000577205
11315.8 0.000579916
11323.5 0.00058267
11331.1 0.000585392
11338.8 0.000588377
11346.4 0.000591598
11354.1 0.000595322
11361.7 0.00059888
11369.4 0.000602343
11377 0.000605852
11384.7 0.000609303
11392.3 0.000612551
11400 0.000615536
11407.7 0.000617969
11415.3 0.000620912
11423 0.000624137
11430.6 0.000627761
11438.3 0.00063139
11445.9 0.000634974
11453.6 0.000638532
11461.2 0.000642059
11468.9 0.000645833
11476.5 0.000649883
11484.2 0.000654736
11491.8 0.000659045
11499.5 0.000662828
11507.1 0.000665766
11514.8 0.000668142
11522.4 0.000671499
11530.1 0.000675386
11537.7 0.000680122
11545.4 0.000684614
11553 0.000689026
11560.7 0.000693514
11568.3 0.000698023
11576 0.000702424
11583.6 0.000706766
11591.3 0.000711019
11598.9 0.000715277
11606.6 0.000719489
11614.2 0.000723427
11621.9 0.000727335
11629.5 0.000731692
11637.2 0.000736367
11644.8 0.000741569
11652.5 0.000746679
11660.1 0.000751816
11667.8 0.000757193
11675.4 0.000762782
11683.1 0.000767881
11690.7 0.000772628
11698.4 0.000776523
11706 0.000780876
11713.7 0.000785599
11721.3 0.000790556
11729 0.000795715
11736.6 0.000801059
11744.3 0.000806627
11751.9 0.000812666
11759.6 0.000818709
11767.2 0.000824674
11774.9 0.000830701
11782.5 0.000836971
11790.2 0.000842934
11797.8 0.000848641
11805.5 0.000853795
11813.1 0.000858596
11820.8 0.000864303
11828.4 0.000870531
11836.1 0.000877661
11843.7 0.000884654
11851.4 0.000891519
11859 0.000898437
11866.7 0.000905582
11874.3 0.000912427
11882 0.000919057
11889.6 0.000925267
11897.3 0.000931226
11904.9 0.000937782
11912.6 0.000944614
11920.2 0.000951716
11927.9 0.000958982
11935.5 0.000966424
11943.2 0.000974121
11950.8 0.000982311
11958.5 0.00099027
11966.1 0.000998165
11973.8 0.00100609
11981.4 0.00101408
11989.1 0.00102183
11996.7 0.00102935
12004.4 0.00103612
12012 0.00104305
12019.7 0.00105082
12027.3 0.00105914
12035 0.00106838
12042.6 0.00107748
12050.3 0.00108647
12057.9 0.00109555
12065.6 0.00110498
12073.2 0.00111404
12080.9 0.00112285
12088.5 0.00113132
12096.2 0.00113926
12103.8 0.00114786
12111.5 0.00115677
12119.1 0.00116595
12126.8 0.00117535
12134.4 0.00118484
12142.1 0.00119451
12149.7 0.00120459
12157.4 0.00121471
12165 0.00122441
12172.7 0.00123388
12180.3 0.00124287
12188 0.00125201
12195.6 0.00126139
12203.3 0.00127083
12210.9 0.00128015
12218.6 0.00128978
12226.2 0.00129969
12233.9 0.00130989
12241.5 0.00132068
12249.2 0.00133108
12256.8 0.00134126
12264.5 0.00135136
12272.1 0.00136153
12279.8 0.00137125
12287.4 0.00138058
12295.1 0.00138938
12302.7 0.00139716
12310.4 0.00140608
12318 0.00141556
12325.7 0.00142552
12333.3 0.00143617
12341 0.00144623
12348.6 0.00145613
12356.3 0.00146611
12363.9 0.00147645
12371.6 0.00148551
12379.2 0.00149372
12386.9 0.00150092
12394.5 0.00150666
12402.2 0.00151414
12409.8 0.00152228
12417.5 0.001531
12425.1 0.00154056
12432.8 0.00154886
12440.4 0.00155662
12448.1 0.00156399
12455.7 0.00157104
12463.4 0.00157762
12471 0.00158375
12478.7 0.00158935
12486.3 0.00159418
12494 0.00159951
12501.6 0.00160492
12509.3 0.0016103
12516.9 0.00161569
12524.6 0.00162073
12532.2 0.00162557
12539.9 0.00163032
12547.5 0.00163541
12555.2 0.00163911
12562.8 0.00164184
12570.5 0.00164369
12578.1 0.00164471
12585.8 0.00164982
12593.4 0.00165524
12601.1 0.00166066
12608.7 0.00166602
12616.4 0.00166595
12624 0.00166572
12631.7 0.00166542
12639.3 0.00166531
12647 0.0016632
12654.6 0.00165951
12662.3 0.00165516
12669.9 0.00165021
12677.6 0.00164605
12685.2 0.00164236
12692.9 0.00163825
12700.5 0.00163361
12708.2 0.00162883
12715.8 0.00162553
12723.5 0.0016224
12731.1 0.00161941
12738.8 0.00161653
12746.4 0.00161176
12754.1 0.00160647
12761.7 0.0016008
12769.4 0.00159476
12777 0.00159147
12784.7 0.00158809
12792.3 0.00158448
12800 0.00158054
12807.7 0.00157656
12815.3 0.00157316
12823 0.00156996
12830.6 0.00156707
12838.3 0.0015619
12845.9 0.00155117
12853.6 0.00153972
12861.2 0.00152765
12868.9 0.00151512
12876.5 0.00150923
12884.2 0.00150398
12891.8 0.00149904
12899.5 0.00149443
12907.1 0.00148883
12914.8 0.00148252
12922.4 0.00147616
12930.1 0.00146987
12937.7 0.00146408
12945.4 0.00145802
12953 0.00145167
12960.7 0.0014451
12968.3 0.00143823
12976 0.0014325
12983.6 0.00142683
12991.3 0.00142108
12998.9 0.0014151
13006.6 0.00140879
13014.2 0.00140349
13021.9 0.0013987
13029.5 0.00139442
13037.2 0.00139166
13044.8 0.0013901
13052.5 0.00138805
13060.1 0.00138576
13067.8 0.00138325
13075.4 0.00138139
13083.1 0.00137998
13090.7 0.00137861
13098.4 0.00137725
13106 0.00137378
13113.7 0.00136484
13121.3 0.00135588
13129 0.00134685
13136.6 0.0013376
13144.3 0.00133181
13151.9 0.00132778
13159.6 0.00132413
13167.2 0.00132086
13174.9 0.00131738
13182.5 0.00131102
13190.2 0.00130449
13197.8 0.00129795
13205.5 0.00129153
13213.1 0.00128337
13220.8 0.001274
13228.4 0.00126439
13236.1 0.0012545
13243.7 0.00124485
13251.4 0.00124109
13259 0.00123786
13266.7 0.00123496
13274.3 0.00123238
13282 0.00122878
13289.6 0.00122374
13297.3 0.00121865
13304.9 0.00121356
13312.6 0.00120856
13320.2 0.0012
13327.9 0.0011911
13335.5 0.00118213
13343.2 0.00117308
13350.8 0.00116509
13358.5 0.00116015
13366.1 0.00115534
13373.8 0.0011506
13381.4 0.00114592
13389.1 0.00114173
13396.7 0.00113778
13404.4 0.00113385
13412 0.00112995
13419.7 0.00112611
13427.3 0.00112019
13435 0.00111402
13442.6 0.00110777
13450.3 0.00110141
13457.9 0.00109477
13465.6 0.00108843
13473.2 0.00108232
13480.9 0.00107637
13488.5 0.00107064
13496.2 0.00106397
13503.8 0.00105537
13511.5 0.00104653
13519.1 0.00103752
13526.8 0.00102835
13534.4 0.00102291
13542.1 0.00101887
13549.7 0.0010147
13557.4 0.00101039
13565 0.0010058
13572.7 0.00100154
13580.3 0.000997571
13588 0.000993671
13595.6 0.000989826
13603.3 0.000985602
13610.9 0.000976973
13618.6 0.000968123
13626.2 0.000959118
13633.9 0.000949962
13641.5 0.000940857
13649.2 0.000932394
13656.8 0.000923867
13664.5 0.000915247
13672.1 0.000906515
13679.8 0.000897667
13687.4 0.000888834
13695.1 0.00087994
13702.7 0.000870983
13710.4 0.000862004
13718 0.000851621
13725.7 0.000839264
13733.3 0.000826579
13741 0.000813598
13748.6 0.000800287
13756.3 0.000788391
13763.9 0.000777918
13771.6 0.000767363
13779.2 0.000756691
13786.9 0.000745914
13794.5 0.000737749
13802.2 0.000730736
13809.8 0.000723382
13817.5 0.00071569
13825.1 0.000707617
13832.8 0.000697577
13840.4 0.000686677
13848.1 0.0006756
13855.7 0.00066431
13863.4 0.000652802
13871 0.000641945
13878.7 0.00063117
13886.3 0.000620041
13894 0.000608566
13901.6 0.000596753
13909.3 0.000587229
13916.9 0.000578905
13924.6 0.000570111
13932.2 0.000560842
13939.9 0.000551074
13947.5 0.000540858
13955.2 0.000530336
13962.8 0.00051936
13970.5 0.000507899
13978.1 0.000495929
13985.8 0.000482443
13993.4 0.000467236
14001.1 0.000451475
14008.7 0.000435139
14016.4 0.000418207
14024 0.000401107
14031.7 0.000384246
14039.3 0.000366705
14047 0.000348464
14054.6 0.000329504
14062.3 0.000309152
14069.9 0.000285004
14077.6 0.000260023
14085.2 0.000234193
14092.9 0.000207486
14100.5 0.000179857
14108.2 0.00014865
14115.8 0.000116504
14123.5 8.33774e-05
14131.1 4.92277e-05
14138.8 1.40092e-05
14146.4 -1.94186e-05
14154.1 -5.32673e-05
14161.7 -8.83136e-05
14169.4 -0.000124595
14177 -0.000162144
14184.7 -0.000201707
14192.3 -0.000243214
14200 -0.000286132
14207.7 -0.000330508
14215.3 -0.000376396
14223 -0.000423267
14230.6 -0.00047041
14238.3 -0.000519239
14245.9 -0.000569812
14253.6 -0.000622187
14261.2 -0.000676392
14268.9 -0.000735669
14276.5 -0.000797016
14284.2 -0.000860475
14291.8 -0.000926119
14299.5 -0.000994033
14307.1 -0.00106682
14314.8 -0.00114316
14322.4 -0.00122193
14330.1 -0.00130318
14337.7 -0.00138692
14345.4 -0.00147368
14353 -0.00156522
14360.7 -0.00165988
14368.3 -0.00175765
14376 -0.00185862
14383.6 -0.00196296
14391.3 -0.00206402
14398.9 -0.00216762
14406.6 -0.00227443
14414.2 -0.0023844
14421.9 -0.00249725
14429.5 -0.00261664
14437.2 -0.00274584
14444.8 -0.00287974
14452.5 -0.00301826
14460.1 -0.00316177
14467.8 -0.00331063
14475.4 -0.00343533
14483.1 -0.00356112
14490.7 -0.00368903
14498.4 -0.00381882
14506 -0.00394941
14513.7 -0.00409527
14521.3 -0.00426066
14529 -0.00443057
14536.6 -0.0046043
14544.3 -0.00478182
14551.9 -0.00496358
14559.6 -0.00511616
14567.2 -0.00526589
14574.9 -0.00541378
14582.5 -0.00555932
14590.2 -0.00570118
14597.8 -0.00585481
14605.5 -0.00602616
14613.1 -0.00619604
14620.8 -0.0063637
14628.4 -0.00652963
14636.1 -0.00669912
14643.7 -0.00680595
14651.4 -0.00688636
14659 -0.00695104
14666.7 -0.0070001
14674.3 -0.00703197
14682 -0.00706739
14689.6 -0.00715371
14697.3 -0.00723246
14704.9 -0.00730172
14712.6 -0.0073616
14720.2 -0.00741409
14727.9 -0.00743831
14735.5 -0.00743148
14743.2 -0.0074096
14750.8 -0.00737391
14758.5 -0.00732475
14766.1 -0.0072606
14773.8 -0.00719449
14781.4 -0.00712037
14789.1 -0.00703632
14796.7 -0.0069413
14804.4 -0.00683306
14812 -0.00670933
14819.7 -0.00661114
14827.3 -0.00651623
14835 -0.00642129
14842.6 -0.00632594
14850.3 -0.00623141
14857.9 -0.00611934
14865.6 -0.00598048
14873.2 -0.00583652
14880.9 -0.00568913
14888.5 -0.00553939
14896.2 -0.00538829
14903.8 -0.00524165
14911.5 -0.00509564
14919.1 -0.00495006
14926.8 -0.00480583
14934.4 -0.00466399
14942.1 -0.0045268
14949.7 -0.00438475
14957.4 -0.00424171
14965 -0.0041007
14972.7 -0.0039628
14980.3 -0.00382917
14988 -0.00370317
14995.6 -0.00356991
15003.3 -0.0034351
15010.9 -0.00330104
15018.6 -0.00316831
15026.2 -0.00303689
15033.9 -0.00290831
15041.5 -0.00279609
15049.2 -0.00268866
15056.8 -0.00258511
15064.5 -0.00248514
15072.1 -0.00238862
15079.8 -0.00229483
15087.4 -0.00220098
15095.1 -0.00210926
15102.7 -0.00201961
15110.4 -0.00193185
15118 -0.00184556
15125.7 -0.00175973
15133.3 -0.00167775
15141 -0.00159835
15148.6 -0.00152092
15156.3 -0.00144508
15163.9 -0.00137031
15171.6 -0.00129875
15179.2 -0.00123678
15186.9 -0.00117749
15194.5 -0.00112032
15202.2 -0.00106505
15209.8 -0.00101151
15217.5 -0.000958521
15225.1 -0.000906104
15232.8 -0.000855639
15240.4 -0.000807004
15248.1 -0.000760164
15255.7 -0.000715118
15263.4 -0.000671122
15271 -0.000626871
15278.7 -0.000584382
15286.3 -0.000543698
15294 -0.000504877
15301.6 -0.00046805
15309.3 -0.000432999
15316.9 -0.000394944
15324.6 -0.000357942
15332.2 -0.000322348
15339.9 -0.000288291
15347.5 -0.000255873
15355.2 -0.000225342
15362.8 -0.000194212
15370.5 -0.00016416
15378.1 -0.000135428
15385.8 -0.000108031
15393.4 -8.18707e-05
15401.1 -5.64649e-05
15408.7 -4.37359e-05
15416.4 -3.59761e-05
15424 -3.04351e-05
15431.7 -2.69345e-05
15439.3 -2.54326e-05
15447 -2.60597e-05
15454.6 -2.45082e-05
15462.3 -2.12846e-05
15469.9 -1.93685e-05
15477.6 -1.88956e-05
15485.2 -1.99427e-05
15492.9 -2.26452e-05
15500.5 -2.3229e-05
15508.2 -1.7835e-05
15515.8 -1.31343e-05
15523.5 -9.25243e-06
15531.1 -6.16728e-06
15538.8 -3.75558e-06
15546.4 -2.67811e-06
15554.1 -1.355e-05
15561.7 -2.6127e-05
15569.4 -4.00156e-05
15577 -5.50824e-05
15584.7 -7.12515e-05
15592.3 -8.8518e-05
15600 -0.000103636
15607.7 -0.000118304
15615.3 -0.000133524
15623 -0.000149246
15630.6 -0.000165377
15638.3 -0.000181755
15645.9 -0.000200028
15653.6 -0.000222105
15661.2 -0.000244677
15668.9 -0.000267546
15676.5 -0.000290589
15684.2 -0.000313689
15691.8 -0.000336695
15699.5 -0.000364688
15707.1 -0.000392643
15714.8 -0.00042035
15722.4 -0.000447662
15730.1 -0.000474444
15737.7 -0.000500587
15745.4 -0.000519833
15753 -0.000532733
15760.7 -0.000544379
15768.3 -0.000554699
15776 -0.000563591
15783.6 -0.000570963
15791.3 -0.000576868
15798.9 -0.000580555
15806.6 -0.000581901
15814.2 -0.000580878
15821.9 -0.000577351
15829.5 -0.00057115
15837.2 -0.000562014
15844.8 -0.000549892
15852.5 -0.000536267
15860.1 -0.000520258
15867.8 -0.000501681
15875.4 -0.000480463
15883.1 -0.000456599
15890.7 -0.000430279
15898.4 -0.000403703
15906 -0.000373776
15913.7 -0.000340783
15921.3 -0.000304897
15929 -0.000266286
15936.6 -0.000225128
15944.3 -0.000181074
15951.9 -0.000134444
15959.6 -8.62975e-05
15967.2 -3.68308e-05
15974.9 1.37032e-05
15982.5 6.50319e-05
15990.2 0.000116884
15997.8 0.000168525
16005.5 0.000219852
16013.1 0.000270682
16020.8 0.000320633
16028.4 0.000369348
16036.1 0.000416518
16043.7 0.000462064
16051.4 0.000497063
16059 0.000528733
16066.7 0.000557317
16074.3 0.000582666
16082 0.000604604
16089.6 0.000622906
16097.3 0.000640092
16104.9 0.000664642
16112.6 0.000686208
16120.2 0.000704508
16127.9 0.000719466
16135.5 0.00073106
16143.2 0.000739247
16150.8 0.000746814
16158.5 0.000755764
16166.1 0.000762273
16173.8 0.000766391
16181.4 0.00076828
16189.1 0.000768174
16196.7 0.000766504
16204.4 0.000752276
16212 0.000727797
16219.7 0.000701125
16227.3 0.000672637
16235 0.00064257
16242.6 0.000611103
16250.3 0.00057832
16257.9 0.000547994
16265.6 0.000518486
16273.2 0.000488429
16280.9 0.000457881
16288.5 0.000426907
16296.2 0.000395552
16303.8 0.000363755
16311.5 0.000337966
16319.1 0.000313961
16326.8 0.000290154
16334.4 0.000266542
16342.1 0.00024316
16349.7 0.000220069
16357.4 0.000197455
16365 0.000166781
16372.7 0.000134482
16380.3 0.00010224
16388 7.01149e-05
16395.6 3.81276e-05
16403.3 6.27325e-06
16410.9 -2.55081e-05
16418.6 -5.39765e-05
16426.2 -8.15073e-05
16433.9 -0.000108796
16441.5 -0.000135876
16449.2 -0.000162777
16456.8 -0.000189538
16464.5 -0.000216261
16472.1 -0.000237691
16479.8 -0.000257227
16487.4 -0.000276462
16495.1 -0.000295447
16502.7 -0.000314203
16510.4 -0.000332736
16518 -0.000351021
16525.7 -0.000371881
16533.3 -0.000394055
16541 -0.000416156
16548.6 -0.000438162
16556.3 -0.000460057
16563.9 -0.000481826
16571.6 -0.000503424
16579.2 -0.000526477
16586.9 -0.000551161
16594.5 -0.000575875
16602.2 -0.000600585
16609.8 -0.000625282
16617.5 -0.000649966
16625.1 -0.000674648
16632.8 -0.000699388
16640.4 -0.000724062
16648.1 -0.000748669
16655.7 -0.000773224
16663.4 -0.000797734
16671 -0.00082221
16678.7 -0.00084667
16686.3 -0.000870996
16694 -0.000893052
16701.6 -0.000914916
16709.3 -0.00093665
16716.9 -0.000958272
16724.6 -0.000979798
16732.2 -0.00100126
16739.9 -0.00102276
16747.5 -0.00103759
16755.2 -0.00105016
16762.8 -0.00106238
16770.5 -0.00107428
16778.1 -0.00108586
16785.8 -0.00109708
16793.4 -0.00110787
16801.1 -0.00112179
16808.7 -0.00114022
16816.4 -0.00115849
16824 -0.00117651
16831.7 -0.00119422
16839.3 -0.00121156
16847 -0.00122845
16854.6 -0.00124495
16862.3 -0.00126742
16869.9 -0.00128997
16877.6 -0.00131237
16885.2 -0.00133457
16892.9 -0.00135655
16900.5 -0.00137829
16908.2 -0.00139989
16915.8 -0.00141909
16923.5 -0.00143597
16931.1 -0.00145224
16938.8 -0.00146793
16946.4 -0.00148306
16954.1 -0.0014976
16961.7 -0.0015115
16969.4 -0.00152505
16977 -0.00154167
16984.7 -0.00155794
16992.3 -0.00157375
17000 -0.00158906
17007.7 -0.00160384
17015.3 -0.0016181
17023 -0.00163186
17030.6 -0.0016429
17038.3 -0.00165149
17045.9 -0.00165937
17053.6 -0.00166657
17061.2 -0.00167309
17068.9 -0.00167896
17076.5 -0.00168421
17084.2 -0.00168903
17091.8 -0.00168951
17099.5 -0.00168881
17107.1 -0.00168719
17114.8 -0.00168468
17122.4 -0.00168129
17130.1 -0.00167702
17137.7 -0.00167189
17145.4 -0.00166559
17153 -0.00165786
17160.7 -0.00164929
17168.3 -0.00163989
17176 -0.00162966
17183.6 -0.00161865
17191.3 -0.0016069
17198.9 -0.00159453
17206.6 -0.0015767
17214.2 -0.00155467
17221.9 -0.00153161
17229.5 -0.00150761
17237.2 -0.00148272
17244.8 -0.00145699
17252.5 -0.00143046
17260.1 -0.00140318
17267.8 -0.00137616
17275.4 -0.00134844
17283.1 -0.00131996
17290.7 -0.00129076
17298.4 -0.00126085
17306 -0.00123021
17313.7 -0.00119873
17321.3 -0.00116685
17329 -0.00114889
17336.6 -0.00113163
17344.3 -0.00111464
17351.9 -0.0010978
17359.6 -0.00108111
17367.2 -0.00106457
17374.9 -0.00104818
17382.5 -0.00103242
17390.2 -0.00101934
17397.8 -0.00100675
17405.5 -0.000994615
17413.1 -0.000982967
17420.8 -0.00097184
17428.4 -0.000961281
17436.1 -0.000951363
17443.7 -0.000941387
17451.4 -0.000929689
17459 -0.000918469
17466.7 -0.000907829
17474.3 -0.000897822
17482 -0.000888492
17489.6 -0.000879887
17497.3 -0.000872078
17504.9 -0.000863399
17512.6 -0.000851275
17520.2 -0.000839667
17527.9 -0.00082867
17535.5 -0.000818318
17543.2 -0.000808634
17550.8 -0.000799637
17558.5 -0.000791363
17566.1 -0.000783387
17573.8 -0.000774491
17581.4 -0.000766067
17589.1 -0.000758163
17596.7 -0.000750782
17604.4 -0.000743913
17612 -0.000737531
17619.7 -0.000731591
17627.3 -0.000726195
17635 -0.00072241
17642.6 -0.000719227
17650.3 -0.00071656
17657.9 -0.000714369
17665.6 -0.000712629
17673.2 -0.000711327
17680.9 -0.000710472
17688.5 -0.000709991
17696.2 -0.00070672
17703.8 -0.000703468
17711.5 -0.00070034
17719.1 -0.000697346
17726.8 -0.000694475
17734.4 -0.000691711
17742.1 -0.000689033
17749.7 -0.000686403
17757.4 -0.000683323
17765 -0.000680267
17772.7 -0.000677248
17780.3 -0.00067424
17788 -0.000671216
17795.6 -0.000668152
17803.3 -0.000665013
17810.9 -0.000661738
17818.6 -0.000660377
17826.2 -0.000660456
17833.9 -0.000660535
17841.5 -0.000660569
17849.2 -0.000660529
17856.8 -0.000660395
17864.5 -0.000660145
17872.1 -0.00065975
17879.8 -0.000660277
17887.4 -0.000663344
17895.1 -0.000666333
17902.7 -0.000669205
17910.4 -0.000671941
17918 -0.000674522
17925.7 -0.000676929
17933.3 -0.000679126
17941 -0.000680993
17948.6 -0.000684337
17956.3 -0.000687962
17963.9 -0.000691562
17971.6 -0.000695111
17979.2 -0.000698599
17986.9 -0.00070203
17994.5 -0.000705421
18002.2 -0.000708826
18009.8 -0.000711821
18017.5 -0.000713813
18025.1 -0.000715559
18032.8 -0.000717116
18040.4 -0.00071851
18048.1 -0.000719758
18055.7 -0.000720876
18063.4 -0.000721889
18071 -0.000722886
18078.7 -0.000716444
18086.3 -0.000709734
18094 -0.000702846
18101.6 -0.000695801
18109.3 -0.000688611
18116.9 -0.000681283
18124.6 -0.000673823
18132.2 -0.000666233
18139.9 -0.00066022
18147.5 -0.000656239
18155.2 -0.000652136
18162.8 -0.000647914
18170.5 -0.000643573
18178.1 -0.000639115
18185.8 -0.000634533
18193.4 -0.000629814
18201.1 -0.000624897
18208.7 -0.000620051
18216.4 -0.000615421
18224 -0.000610813
18231.7 -0.000606203
18239.3 -0.000601588
18247 -0.000596968
18254.6 -0.000592352
18262.3 -0.000587765
18269.9 -0.000583294
18277.6 -0.000578405
18285.2 -0.000573347
18292.9 -0.000568187
18300.5 -0.000562945
18308.2 -0.000557628
18315.8 -0.000552237
18323.5 -0.000546766
18331.1 -0.000541186
18338.8 -0.000535518
18346.4 -0.000530267
18354.1 -0.000525112
18361.7 -0.000520012
18369.4 -0.000514955
18377 -0.000509941
18384.7 -0.000504976
18392.3 -0.000500075
18400 -0.000495289
18407.7 -0.000490446
18415.3 -0.000485128
18423 -0.000479699
18430.6 -0.0004742
18438.3 -0.000468648
18445.9 -0.000463048
18453.6 -0.0004574
18461.2 -0.000451693
18468.9 -0.000445881
18476.5 -0.00044024
18484.2 -0.000434971
18491.8 -0.000429798
18499.5 -0.000424694
18507.1 -0.000419649
18514.8 -0.000414664
18522.4 -0.000409742
18530.1 -0.000404899
18537.7 -0.000400186
18545.4 -0.000395266
18553 -0.000390038
18560.7 -0.000384752
18568.3 -0.000379437
18576 -0.000374105
18583.6 -0.00036876
18591.3 -0.000363404
18598.9 -0.000358032
18606.6 -0.000352624
18614.2 -0.000347357
18621.9 -0.000342272
18629.5 -0.000337242
18637.2 -0.000332255
18644.8 -0.000327308
18652.5 -0.000322398
18660.1 -0.000317526
18667.8 -0.000312695
18675.4 -0.000307915
18683.1 -0.000303107
18690.7 -0.000298234
18698.4 -0.000293369
18706 -0.000288522
18713.7 -0.000283693
18721.3 -0.000278885
18729 -0.000274097
18736.6 -0.000269328
18744.3 -0.000264572
18751.9 -0.000259875
18759.6 -0.000255299
18767.2 -0.000250768
18774.9 -0.000246277
18782.5 -0.000241823
18790.2 -0.000237406
18797.8 -0.000233026
18805.5 -0.000228685
18813.1 -0.000224386
18820.8 -0.000220113
18828.4 -0.000215761
18836.1 -0.000211424
18843.7 -0.000207108
18851.4 -0.000202816
18859 -0.000198548
18866.7 -0.000194305
18874.3 -0.000190085
18882 -0.000185887
18889.6 -0.000181695
18897.3 -0.000177685
18904.9 -0.000173733
18912.6 -0.000169823
18920.2 -0.000165952
18927.9 -0.000162117
18935.5 -0.000158319
18943.2 -0.000154557
18950.8 -0.00015083
18958.5 -0.00014714
18966.1 -0.000143463
18973.8 -0.000139799
18981.4 -0.000136164
18989.1 -0.000132559
18996.7 -0.000128983
19004.4 -0.000125438
19012 -0.000121922
19019.7 -0.000118433
19027.3 -0.00011497
19035 -0.00011155
19042.6 -0.000108278
19050.3 -0.00010505
19057.9 -0.000101861
19065.6 -9.87077e-05
19073.2 -9.55889e-05
19080.9 -9.2504e-05
19088.5 -8.94525e-05
19096.2 -8.64341e-05
19103.8 -8.34494e-05
19111.5 -8.04802e-05
19119.1 -7.75327e-05
19126.8 -7.46147e-05
19134.4 -7.17263e-05
19142.1 -6.88674e-05
19149.7 -6.60377e-05
19157.4 -6.32369e-05
19165 -6.04642e-05
19172.7 -5.77186e-05
19180.3 -5.5008e-05
19188 -5.2393e-05
19195.6 -4.98127e-05
19203.3 -4.7264e-05
19210.9 -4.4746e-05
19218.6 -4.2258e-05
19226.2 -3.97999e-05
19233.9 -3.73716e-05
19241.5 -3.49736e-05
19249.2 -3.26082e-05
19256.8 -3.02083e-05
19264.5 -2.77611e-05
19272.1 -2.53343e-05
19279.8 -2.29304e-05
19287.4 -2.05498e-05
19295.1 -1.81928e-05
19302.7 -1.58591e-05
19310.4 -1.35481e-05
19318 -1.12582e-05
19325.7 -8.98362e-06
19333.3 -6.92949e-06
19341 -4.96084e-06
19348.6 -3.02357e-06
19356.3 -1.11485e-06
19363.9 7.6668e-07
19371.6 2.62178e-06
19379.2 4.45088e-06
19386.9 6.25402e-06
19394.5 8.03051e-06
19402.2 9.782e-06
19409.8 1.16872e-05
19417.5 1.35783e-05
19425.1 1.54503e-05
19432.8 1.7302e-05
19440.4 1.91331e-05
19448.1 2.09435e-05
19455.7 2.27332e-05
19463.4 2.45025e-05
19471 2.62522e-05
19478.7 2.79639e-05
19486.3 2.95482e-05
19494 3.11088e-05
19501.6 3.26476e-05
19509.3 3.41655e-05
19516.9 3.5663e-05
19524.6 3.71403e-05
19532.2 3.85979e-05
19539.9 4.00358e-05
19547.5 4.14542e-05
19555.2 4.28664e-05
19562.8 4.43089e-05
19570.5 4.57338e-05
19578.1 4.71409e-05
19585.8 4.853e-05
19593.4 4.99013e-05
19601.1 5.1255e-05
19608.7 5.25911e-05
19616.4 5.39098e-05
19624 5.52113e-05
19631.7 5.64933e-05
19639.3 5.77484e-05
19647 5.89866e-05
19654.6 6.02084e-05
19662.3 6.14139e-05
19669.9 6.26032e-05
19677.6 6.37766e-05
19685.2 6.49343e-05
19692.9 6.60763e-05
19700.5 6.72029e-05
19708.2 6.83087e-05
19715.8 6.93536e-05
19723.5 7.0384e-05
19731.1 7.14002e-05
19738.8 7.24024e-05
19746.4 7.33908e-05
19754.1 7.43657e-05
19761.7 7.53272e-05
19769.4 7.62756e-05
19777 7.72113e-05
19784.7 7.81345e-05
19792.3 7.90706e-05
19800 7.99961e-05
19807.7 8.09094e-05
19815.3 8.18109e-05
19823 8.27009e-05
19830.6 8.35799e-05
19838.3 8.44485e-05
19845.9 8.53076e-05
19853.6 8.61586e-05
19861.2 8.70055e-05
19868.9 8.8226e-05
19876.5 8.96107e-05
19884.2 9.09755e-05
19891.8 9.23215e-05
19899.5 9.36485e-05
19907.1 9.49561e-05
19914.8 9.62435e-05
19922.4 9.75097e-05
19930.1 9.87526e-05
19937.7 9.99678e-05
19945.4 0.000101001
19953 0.00010174
19960.7 0.000102478
19968.3 0.000103208
19976 0.00010393
19983.6 0.000104643
19991.3 0.000105346
19998.9 0.00010604
20006.6 0.000106723
20014.2 0.000107396
20021.9 0.00010806
20029.5 0.000108713
20037.2 0.000109357
20044.8 0.00010999
20052.5 0.000110614
20060.1 0.000111228
20067.8 0.000111833
20075.4 0.000112428
20083.1 0.000113014
20090.7 0.00011359
20098.4 0.000114157
20106 0.000114715
20113.7 0.000115263
20121.3 0.000115803
20129 0.000116334
20136.6 0.000116856
20144.3 0.00011737
20151.9 0.000117875
20159.6 0.000118371
20167.2 0.000118859
20174.9 0.000119339
20182.5 0.000119811
20190.2 0.000120274
20197.8 0.00012073
20205.5 0.000121177
20213.1 0.000121617
20220.8 0.000122049
20228.4 0.000122473
20236.1 0.000122889
20243.7 0.000123299
20251.4 0.0001237
20259 0.000124095
20266.7 0.000124482
20274.3 0.000124862
20282 0.000125235
20289.6 0.000125601
20297.3 0.000125961
20304.9 0.000126313
20312.6 0.000126659
20320.2 0.000126998
20327.9 0.00012733
20335.5 0.000127656
20343.2 0.000127975
20350.8 0.000128289
20358.5 0.000128596
20366.1 0.000128896
20373.8 0.000129191
20381.4 0.000129479
20389.1 0.000129762
20396.7 0.000130039
20404.4 0.000130309
20412 0.000130574
20419.7 0.000130834
20427.3 0.000131088
20435 0.000131336
20442.6 0.000131578
20450.3 0.000131816
20457.9 0.000132048
20465.6 0.000132274
20473.2 0.000132496
20480.9 0.000132712
20488.5 0.000132923
20496.2 0.000133129
20503.8 0.00013333
20511.5 0.000133527
20519.1 0.000133718
20526.8 0.000133904
20534.4 0.000134086
20542.1 0.000134263
20549.7 0.000134436
20557.4 0.000134604
20565 0.000134767
20572.7 0.000134926
20580.3 0.000135081
20588 0.000135231
20595.6 0.000135377
20603.3 0.000135519
20610.9 0.000135656
20618.6 0.000135789
20626.2 0.000135919
20633.9 0.000136044
20641.5 0.000136165
20649.2 0.000136282
20656.8 0.000136396
20664.5 0.000136505
20672.1 0.000136611
20679.8 0.000136713
20687.4 0.000136811
20695.1 0.000136906
20702.7 0.000136997
20710.4 0.000137085
20718 0.000137169
20725.7 0.000137249
20733.3 0.000137326
20741 0.0001374
20748.6 0.00013747
20756.3 0.000137537
20763.9 0.000137601
20771.6 0.000137662
20779.2 0.000137719
20786.9 0.000137773
20794.5 0.000137825
20802.2 0.000137873
20809.8 0.000137918
20817.5 0.00013796
20825.1 0.000137999
20832.8 0.000138035
20840.4 0.000138068
20848.1 0.000138099
20855.7 0.000138127
20863.4 0.000138152
20871 0.000138174
20878.7 0.000138193
20886.3 0.00013821
20894 0.000138224
20901.6 0.000138236
20909.3 0.000138245
20916.9 0.000138252
20924.6 0.000138256
20932.2 0.000138257
20939.9 0.000138257
20947.5 0.000138253
20955.2 0.000138248
20962.8 0.00013824
20970.5 0.00013823
20978.1 0.000138217
20985.8 0.000138202
20993.4 0.000138186
21001.1 0.000138166
21008.7 0.000138145
21016.4 0.000138122
21024 0.000138096
21031.7 0.000138068
21039.3 0.000138039
21047 0.000138007
21054.6 0.000137973
21062.3 0.000137938
21069.9 0.0001379
21077.6 0.000137861
21085.2 0.000137819
21092.9 0.000137776
21100.5 0.000137731
21108.2 0.000137684
21115.8 0.000137635
21123.5 0.000137585
21131.1 0.000137532
21138.8 0.000137478
21146.4 0.000137423
21154.1 0.000137365
21161.7 0.000137306
21169.4 0.000137246
21177 0.000137183
21184.7 0.00013712
21192.3 0.000137054
21200 0.000136987
21207.7 0.000136919
21215.3 0.000136849
21223 0.000136777
21230.6 0.000136704
21238.3 0.00013663
21245.9 0.000136554
21253.6 0.000136477
21261.2 0.000136398
21268.9 0.000136318
21276.5 0.000136237
21284.2 0.000136155
21291.8 0.000136071
21299.5 0.000135985
21307.1 0.000135899
21314.8 0.000135811
21322.4 0.000135722
21330.1 0.000135632
21337.7 0.000135541
21345.4 0.000135448
21353 0.000135354
21360.7 0.000135259
21368.3 0.000135163
21376 0.000135066
21383.6 0.000134968
21391.3 0.000134869
21398.9 0.000134768
21406.6 0.000134667
21414.2 0.000134564
21421.9 0.000134461
21429.5 0.000134356
21437.2 0.000134251
21444.8 0.000134144
21452.5 0.000134037
21460.1 0.000133928
21467.8 0.000133819
21475.4 0.000133709
21483.1 0.000133597
21490.7 0.000133485
21498.4 0.000133372
21506 0.000133259
21513.7 0.000133144
21521.3 0.000133028
21529 0.000132912
21536.6 0.000132795
21544.3 0.000132677
21551.9 0.000132558
21559.6 0.000132438
21567.2 0.000132318
21574.9 0.000132197
21582.5 0.000132075
21590.2 0.000131952
21597.8 0.000131829
21605.5 0.000131705
21613.1 0.00013158
21620.8 0.000131455
21628.4 0.000131329
21636.1 0.000131202
21643.7 0.000131075
21651.4 0.000130947
21659 0.000130818
21666.7 0.000130689
21674.3 0.000130559
21682 0.000130429
21689.6 0.000130297
21697.3 0.000130166
21704.9 0.000130034
21712.6 0.000129901
21720.2 0.000129767
21727.9 0.000129634
21735.5 0.000129499
21743.2 0.000129364
21750.8 0.000129229
21758.5 0.000129093
21766.1 0.000128956
21773.8 0.000128819
21781.4 0.000128682
21789.1 0.000128544
21796.7 0.000128406
21804.4 0.000128267
21812 0.000128127
21819.7 0.000127988
21827.3 0.000127848
21835 0.000127707
21842.6 0.000127566
21850.3 0.000127425
21857.9 0.000127283
21865.6 0.000127141
21873.2 0.000126998
21880.9 0.000126855
21888.5 0.000126712
21896.2 0.000126568
21903.8 0.000126424
21911.5 0.00012628
21919.1 0.000126135
21926.8 0.00012599
21934.4 0.000125845
21942.1 0.000125699
21949.7 0.000125553
21957.4 0.000125407
21965 0.00012526
21972.7 0.000125113
21980.3 0.000124966
21988 0.000124819
21995.6 0.000124671
22003.3 0.000124523
22010.9 0.000124375
22018.6 0.000124226
22026.2 0.000124078
22033.9 0.000123929
22041.5 0.000123779
22049.2 0.00012363
22056.8 0.00012348
22064.5 0.00012333
22072.1 0.00012318
22079.8 0.00012303
22087.4 0.00012288
22095.1 0.000122729
22102.7 0.000122578
22110.4 0.000122427
22118 0.000122276
22125.7 0.000122124
22133.3 0.000121973
22141 0.000121821
22148.6 0.000121669
22156.3 0.000121517
22163.9 0.000121364
22171.6 0.000121212
22179.2 0.00012106
22186.9 0.000120907
22194.5 0.000120754
22202.2 0.000120601
22209.8 0.000120448
22217.5 0.000120295
22225.1 0.000120142
22232.8 0.000119988
22240.4 0.000119835
22248.1 0.000119681
22255.7 0.000119527
22263.4 0.000119374
22271 0.00011922
22278.7 0.000119066
22286.3 0.000118912
22294 0.000118757
22301.6 0.000118603
22309.3 0.000118449
22316.9 0.000118295
22324.6 0.00011814
22332.2 0.000117986
22339.9 0.000117831
22347.5 0.000117677
22355.2 0.000117522
22362.8 0.000117367
22370.5 0.000117213
22378.1 0.000117058
22385.8 0.000116903
22393.4 0.000116748
22401.1 0.000116594
22408.7 0.000116439
22416.4 0.000116284
22424 0.000116129
22431.7 0.000115974
22439.3 0.000115819
22447 0.000115664
22454.6 0.000115509
22462.3 0.000115354
22469.9 0.000115199
22477.6 0.000115044
22485.2 0.00011489
22492.9 0.000114735
22500.5 0.00011458
22508.2 0.000114425
22515.8 0.00011427
22523.5 0.000114115
22531.1 0.00011396
22538.8 0.000113806
22546.4 0.000113651
22554.1 0.000113496
22561.7 0.000113341
22569.4 0.000113187
22577 0.000113032
22584.7 0.000112878
22592.3 0.000112723
22600 0.000112568
22607.7 0.000112414
22615.3 0.00011226
22623 0.000112105
22630.6 0.000111951
22638.3 0.000111797
22645.9 0.000111643
22653.6 0.000111489
22661.2 0.000111335
22668.9 0.000111181
22676.5 0.000111027
22684.2 0.000110873
22691.8 0.000110719
22699.5 0.000110565
22707.1 0.000110412
22714.8 0.000110258
22722.4 0.000110105
22730.1 0.000109951
22737.7 0.000109798
22745.4 0.000109645
22753 0.000109492
22760.7 0.000109339
22768.3 0.000109186
22776 0.000109033
22783.6 0.00010888
22791.3 0.000108728
22798.9 0.000108575
22806.6 0.000108423
22814.2 0.000108271
22821.9 0.000108118
22829.5 0.000107966
22837.2 0.000107814
22844.8 0.000107662
22852.5 0.00010751
22860.1 0.000107359
22867.8 0.000107207
22875.4 0.000107056
22883.1 0.000106904
22890.7 0.000106753
22898.4 0.000106602
22906 0.000106451
22913.7 0.0001063
22921.3 0.00010615
22929 0.000105999
22936.6 0.000105848
22944.3 0.000105698
22951.9 0.000105548
22959.6 0.000105398
22967.2 0.000105248
22974.9 0.000105098
22982.5 0.000104948
22990.2 0.000104799
22997.8 0.000104649
23005.5 0.0001045
23013.1 0.000104351
23020.8 0.000104202
23028.4 0.000104053
23036.1 0.000103904
23043.7 0.000103756
23051.4 0.000103607
23059 0.000103459
23066.7 0.000103311
23074.3 0.000103163
23082 0.000103015
23089.6 0.000102867
23097.3 0.00010272
23104.9 0.000102572
23112.6 0.000102425
23120.2 0.000102278
23127.9 0.000102131
23135.5 0.000101984
23143.2 0.000101837
23150.8 0.000101691
23158.5 0.000101545
23166.1 0.000101398
23173.8 0.000101252
23181.4 0.000101107
23189.1 0.000100961
23196.7 0.000100815
23204.4 0.00010067
23212 0.000100525
23219.7 0.00010038
23227.3 0.000100235
23235 0.00010009
23242.6 9.99456e-05
23250.3 9.98012e-05
23257.9 9.9657e-05
23265.6 9.9513e-05
23273.2 9.93691e-05
23280.9 9.92254e-05
23288.5 9.90818e-05
23296.2 9.89385e-05
23303.8 9.87953e-05
23311.5 9.86523e-05
23319.1 9.85094e-05
23326.8 9.83667e-05
23334.4 9.82242e-05
23342.1 9.80819e-05
23349.7 9.79398e-05
23357.4 9.77978e-05
23365 9.7656e-05
23372.7 9.75143e-05
23380.3 9.73729e-05
23388 9.72316e-05
23395.6 9.70905e-05
23403.3 9.69496e-05
23410.9 9.68089e-05
23418.6 9.66683e-05
23426.2 9.65279e-05
23433.9 9.63877e-05
23441.5 9.62477e-05
23449.2 9.61079e-05
23456.8 9.59682e-05
23464.5 9.58288e-05
23472.1 9.56895e-05
23479.8 9.55504e-05
23487.4 9.54114e-05
23495.1 9.52727e-05
23502.7 9.51341e-05
23510.4 9.49958e-05
23518 9.48576e-05
23525.7 9.47196e-05
23533.3 9.45818e-05
23541 9.44441e-05
23548.6 9.43067e-05
23556.3 9.41694e-05
23563.9 9.40324e-05
23571.6 9.38955e-05
23579.2 9.37588e-05
23586.9 9.36223e-05
23594.5 9.34859e-05
23602.2 9.33498e-05
23609.8 9.32139e-05
23617.5 9.30781e-05
23625.1 9.29425e-05
23632.8 9.28072e-05
23640.4 9.2672e-05
23648.1 9.2537e-05
23655.7 9.24022e-05
23663.4 9.22675e-05
23671 9.21331e-05
23678.7 9.19989e-05
23686.3 9.18648e-05
23694 9.1731e-05
23701.6 9.15973e-05
23709.3 9.14638e-05
23716.9 9.13305e-05
23724.6 9.11975e-05
23732.2 9.10646e-05
23739.9 9.09319e-05
23747.5 9.07993e-05
23755.2 9.0667e-05
23762.8 9.05349e-05
23770.5 9.04029e-05
23778.1 9.02712e-05
23785.8 9.01396e-05
23793.4 9.00083e-05
23801.1 8.98771e-05
23808.7 8.97461e-05
23816.4 8.96154e-05
23824 8.94848e-05
23831.7 8.93544e-05
23839.3 8.92242e-05
23847 8.90942e-05
23854.6 8.89644e-05
23862.3 8.88348e-05
23869.9 8.87053e-05
23877.6 8.85761e-05
23885.2 8.84471e-05
23892.9 8.83182e-05
23900.5 8.81896e-05
23908.2 8.80611e-05
23915.8 8.79329e-05
23923.5 8.78048e-05
23931.1 8.76769e-05
23938.8 8.75493e-05
23946.4 8.74218e-05
23954.1 8.72945e-05
23961.7 8.71674e-05
23969.4 8.70405e-05
23977 8.69138e-05
23984.7 8.67873e-05
23992.3 8.6661e-05
24000 8.65348e-05
