W N2
10000 0.000328364
10007.7 0.000329245
10015.3 0.000330129
10023 0.000331016
10030.6 0.000331907
10038.3 0.000332802
10045.9 0.0003337
10053.6 0.000334602
10061.2 0.000335507
10068.9 0.000336415
10076.5 0.000337327
10084.2 0.000338243
10091.8 0.000339162
10099.5 0.000340085
10107.1 0.000341012
10114.8 0.000341942
10122.4 0.000342876
10130.1 0.000343814
10137.7 0.000344755
10145.4 0.0003457
10153 0.000346649
10160.7 0.000347602
10168.3 0.000348558
10176 0.000349519
10183.6 0.000350483
10191.3 0.000351452
10198.9 0.000352424
10206.6 0.0003534
10214.2 0.00035438
10221.9 0.000355364
10229.5 0.000356352
10237.2 0.000357345
10244.8 0.000358341
10252.5 0.000359342
10260.1 0.000360346
10267.8 0.000361355
10275.4 0.000362368
10283.1 0.000363385
10290.7 0.000364407
10298.4 0.000365432
10306 0.000366462
10313.7 0.000367497
10321.3 0.000368536
10329 0.000369579
10336.6 0.000370627
10344.3 0.000371679
10351.9 0.000372735
10359.6 0.000373796
10367.2 0.000374862
10374.9 0.000375932
10382.5 0.000377007
10390.2 0.000378087
10397.8 0.000379171
10405.5 0.00038026
10413.1 0.000381354
10420.8 0.000382452
10428.4 0.000383555
10436.1 0.000384664
10443.7 0.000385777
10451.4 0.000386895
10459 0.000388018
10466.7 0.000389146
10474.3 0.000390278
10482 0.000391417
10489.6 0.00039256
10497.3 0.000393708
10504.9 0.000394862
10512.6 0.00039602
10520.2 0.000397184
10527.9 0.000398354
10535.5 0.000399528
10543.2 0.000400708
10550.8 0.000401894
10558.5 0.000403084
10566.1 0.000404281
10573.8 0.000405483
10581.4 0.00040669
10589.1 0.000407903
10596.7 0.000409122
10604.4 0.000410347
10612 0.000411577
10619.7 0.000412813
10627.3 0.000414055
10635 0.000415303
10642.6 0.000416557
10650.3 0.000417817
10657.9 0.000419083
10665.6 0.000420355
10673.2 0.000421633
10680.9 0.000422917
10688.5 0.000424207
10696.2 0.000425504
10703.8 0.000426807
10711.5 0.000428116
10719.1 0.000429432
10726.8 0.000430755
10734.4 0.000432083
10742.1 0.000433419
10749.7 0.000434761
10757.4 0.000436109
10765 0.000437465
10772.7 0.000438827
10780.3 0.000440196
10788 0.000441572
10795.6 0.000442955
10803.3 0.000444344
10810.9 0.000445741
10818.6 0.000447145
10826.2 0.000448556
10833.9 0.000449974
10841.5 0.000451399
10849.2 0.000452832
10856.8 0.000454272
10864.5 0.000455719
10872.1 0.000457173
10879.8 0.000458635
10887.4 0.000460105
10895.1 0.000461581
10902.7 0.000463066
10910.4 0.000464558
10918 0.000466057
10925.7 0.000467564
10933.3 0.000469078
10941 0.0004706
10948.6 0.00047213
10956.3 0.000473666
10963.9 0.000475211
10971.6 0.000476762
10979.2 0.000478321
10986.9 0.000479887
10994.5 0.00048146
11002.2 0.00048304
11009.8 0.000484626
11017.5 0.000486218
11025.1 0.000487816
11032.8 0.000489419
11040.4 0.000491027
11048.1 0.000492638
11055.7 0.000494251
11063.4 0.000495865
11071 0.000497478
11078.7 0.000499086
11086.3 0.000500685
11094 0.000502266
11101.6 0.000503819
11109.3 0.000505317
11116.9 0.0005067
11124.6 0.00050758
11132.2 0.000508728
11139.9 0.000510455
11147.5 0.000512771
11155.2 0.000515662
11162.8 0.000518059
11170.5 0.00052036
11178.1 0.000522687
11185.8 0.000524835
11193.4 0.000526844
11201.1 0.000528577
11208.7 0.000530462
11216.4 0.000532474
11224 0.00053465
11231.7 0.000536836
11239.3 0.000538938
11247 0.000540969
11254.6 0.00054291
11262.3 0.000545033
11269.9 0.000547306
11277.6 0.000549916
11285.2 0.00055224
11292.9 0.000554354
11300.5 0.000556101
11308.2 0.000557906
11315.8 0.000559873
11323.5 0.000561871
11331.1 0.000563858
11338.8 0.000566097
11346.4 0.000568553
11354.1 0.000571443
11361.7 0.00057411
11369.4 0.000576673
11377 0.000579266
11384.7 0.000581759
11392.3 0.000584045
11400 0.000586068
11407.7 0.000587641
11415.3 0.00058973
11423 0.000592078
11430.6 0.000594778
11438.3 0.000597429
11445.9 0.000600025
11453.6 0.000602582
11461.2 0.000605125
11468.9 0.000607894
11476.5 0.000610911
11484.2 0.000614599
11491.8 0.000617661
11499.5 0.000620215
11507.1 0.000621964
11514.8 0.000623415
11522.4 0.000625779
11530.1 0.000628626
11537.7 0.000632189
11545.4 0.000635446
11553 0.000638615
11560.7 0.000641838
11568.3 0.000645038
11576 0.000648124
11583.6 0.000651141
11591.3 0.000654068
11598.9 0.000656992
11606.6 0.00065986
11614.2 0.000662465
11621.9 0.00066512
11629.5 0.000668174
11637.2 0.000671505
11644.8 0.000675272
11652.5 0.000678904
11660.1 0.000682547
11667.8 0.000686393
11675.4 0.000690335
11683.1 0.000693813
11690.7 0.000696958
11698.4 0.000699377
11706 0.000702288
11713.7 0.000705522
11721.3 0.000708954
11729 0.000712554
11736.6 0.000716309
11744.3 0.000720253
11751.9 0.000724593
11759.6 0.000728876
11767.2 0.000733077
11774.9 0.000737322
11782.5 0.000741744
11790.2 0.000745865
11797.8 0.00074975
11805.5 0.000753139
11813.1 0.000756347
11820.8 0.000760354
11828.4 0.000764814
11836.1 0.00077003
11843.7 0.000775051
11851.4 0.000779954
11859 0.000784898
11866.7 0.000790011
11874.3 0.000794845
11882 0.000799491
11889.6 0.000803773
11897.3 0.000807919
11904.9 0.00081259
11912.6 0.000817503
11920.2 0.000822652
11927.9 0.000827941
11935.5 0.000833388
11943.2 0.000839061
11950.8 0.000845144
11958.5 0.000851018
11966.1 0.000856849
11973.8 0.00086272
11981.4 0.000868651
11989.1 0.000874391
11996.7 0.000879953
12004.4 0.000884908
12012 0.000890107
12019.7 0.000896045
12027.3 0.00090248
12035 0.000909708
12042.6 0.000916813
12050.3 0.000923864
12057.9 0.000931029
12065.6 0.000938514
12073.2 0.000945722
12080.9 0.000952765
12088.5 0.000959579
12096.2 0.000966009
12103.8 0.000973076
12111.5 0.000980462
12119.1 0.00098813
12126.8 0.000996059
12134.4 0.00100413
12142.1 0.00101241
12149.7 0.00102114
12157.4 0.00102996
12165 0.00103851
12172.7 0.00104696
12180.3 0.00105509
12188 0.00106346
12195.6 0.00107213
12203.3 0.00108096
12210.9 0.0010898
12218.6 0.001099
12226.2 0.00110856
12233.9 0.00111849
12241.5 0.00112905
12249.2 0.00113941
12256.8 0.00114972
12264.5 0.0011601
12272.1 0.00117069
12279.8 0.00118104
12287.4 0.0011912
12295.1 0.00120106
12302.7 0.00121016
12310.4 0.00122038
12318 0.00123121
12325.7 0.00124262
12333.3 0.00125481
12341 0.00126667
12348.6 0.00127855
12356.3 0.00129065
12363.9 0.00130328
12371.6 0.00131497
12379.2 0.00132607
12386.9 0.00133641
12394.5 0.00134553
12402.2 0.00135626
12409.8 0.0013677
12417.5 0.00137981
12425.1 0.00139285
12432.8 0.00140492
12440.4 0.00141662
12448.1 0.00142808
12455.7 0.00143932
12463.4 0.00145024
12471 0.00146081
12478.7 0.00147094
12486.3 0.00148036
12494 0.00149025
12501.6 0.00150021
12509.3 0.00151015
12516.9 0.0015201
12524.6 0.00152972
12532.2 0.00153909
12539.9 0.00154835
12547.5 0.00155788
12555.2 0.00156607
12562.8 0.00157324
12570.5 0.00157945
12578.1 0.00158518
12585.8 0.00159773
12593.4 0.00161042
12601.1 0.00162296
12608.7 0.0016353
12616.4 0.00163819
12624 0.0016407
12631.7 0.00164295
12639.3 0.0016452
12647 0.00163984
12654.6 0.00163156
12662.3 0.00162238
12669.9 0.00161236
12677.6 0.00160454
12685.2 0.00159786
12692.9 0.00159054
12700.5 0.00158246
12708.2 0.00157779
12715.8 0.00157903
12723.5 0.00158026
12731.1 0.00158143
12738.8 0.00158276
12746.4 0.00158294
12754.1 0.00158245
12761.7 0.00158146
12769.4 0.00157999
12777 0.00157418
12784.7 0.00156796
12792.3 0.00156138
12800 0.00155436
12807.7 0.00155161
12815.3 0.00155122
12823 0.001551
12830.6 0.00155102
12838.3 0.00154969
12845.9 0.00154415
12853.6 0.00153788
12861.2 0.001531
12868.9 0.00152283
12876.5 0.00151377
12884.2 0.00150535
12891.8 0.00149726
12899.5 0.00148955
12907.1 0.00147912
12914.8 0.00146744
12922.4 0.00145577
12930.1 0.00144422
12937.7 0.00143166
12945.4 0.00141663
12953 0.00140134
12960.7 0.00138589
12968.3 0.00137047
12976 0.00136587
12983.6 0.00136144
12991.3 0.00135702
12998.9 0.00135244
13006.6 0.00135212
13014.2 0.00135557
13021.9 0.00135961
13029.5 0.00136425
13037.2 0.00136806
13044.8 0.00136312
13052.5 0.00135771
13060.1 0.00135212
13067.8 0.00134638
13075.4 0.00133985
13083.1 0.00133331
13090.7 0.00132686
13098.4 0.00132047
13106 0.00131464
13113.7 0.00131027
13121.3 0.00130596
13129 0.00130165
13136.6 0.00129719
13144.3 0.0012924
13151.9 0.00128832
13159.6 0.00128465
13167.2 0.0012814
13174.9 0.00127747
13182.5 0.00126932
13190.2 0.00126104
13197.8 0.00125277
13205.5 0.00124463
13213.1 0.00123705
13220.8 0.00122922
13228.4 0.00122117
13236.1 0.00121288
13243.7 0.00120487
13251.4 0.00120264
13259 0.00120095
13266.7 0.00119958
13274.3 0.00119855
13282 0.001198
13289.6 0.00119724
13297.3 0.00119645
13304.9 0.00119568
13312.6 0.001195
13320.2 0.00119063
13327.9 0.00118593
13335.5 0.00118117
13343.2 0.00117634
13350.8 0.00117113
13358.5 0.00116566
13366.1 0.0011603
13373.8 0.00115501
13381.4 0.00114979
13389.1 0.00114394
13396.7 0.00113769
13404.4 0.00113145
13412 0.00112523
13419.7 0.00111908
13427.3 0.00111078
13435 0.00110222
13442.6 0.00109358
13450.3 0.00108483
13457.9 0.00107518
13465.6 0.00106383
13473.2 0.00105267
13480.9 0.00104166
13488.5 0.00103084
13496.2 0.00102227
13503.8 0.00101518
13511.5 0.00100785
13519.1 0.00100035
13526.8 0.000992683
13534.4 0.000991831
13542.1 0.00099354
13549.7 0.000995133
13557.4 0.000996572
13565 0.000997742
13572.7 0.000992093
13580.3 0.000986196
13588 0.000980349
13595.6 0.00097454
13603.3 0.000968252
13610.9 0.000956928
13618.6 0.000945365
13626.2 0.000933628
13633.9 0.000921715
13641.5 0.000912667
13649.2 0.000911956
13656.8 0.000911184
13664.5 0.00091031
13672.1 0.000909313
13679.8 0.000908028
13687.4 0.000906506
13695.1 0.000904911
13702.7 0.000903244
13710.4 0.00090155
13718 0.000896911
13725.7 0.000888713
13733.3 0.000880156
13741 0.000871273
13748.6 0.000862028
13756.3 0.000855502
13763.9 0.000851393
13771.6 0.000847201
13779.2 0.00084289
13786.9 0.000838487
13794.5 0.000831831
13802.2 0.000823318
13809.8 0.000814421
13817.5 0.000805153
13825.1 0.000795468
13832.8 0.000784122
13840.4 0.000772124
13848.1 0.000759947
13855.7 0.00074755
13863.4 0.000734926
13871 0.00072467
13878.7 0.000715457
13886.3 0.000705878
13894 0.000695943
13901.6 0.000685665
13909.3 0.000676232
13916.9 0.000667006
13924.6 0.000657284
13932.2 0.000647066
13939.9 0.000636334
13947.5 0.00062081
13955.2 0.000601283
13962.8 0.000581285
13970.5 0.000560784
13978.1 0.000539752
13985.8 0.000520948
13993.4 0.000505048
14001.1 0.000488588
14008.7 0.000471538
14016.4 0.000453868
14024 0.00043851
14031.7 0.000428496
14039.3 0.000417796
14047 0.000406384
14054.6 0.000394244
14062.3 0.000378974
14069.9 0.000351991
14077.6 0.000324129
14085.2 0.000295384
14092.9 0.000265733
14100.5 0.000235138
14108.2 0.00020523
14115.8 0.000174375
14123.5 0.000142512
14131.1 0.000109595
14138.8 7.55603e-05
14146.4 5.05716e-05
14154.1 2.70047e-05
14161.7 2.21092e-06
14169.4 -2.3854e-05
14177 -5.12213e-05
14184.7 -8.58402e-05
14192.3 -0.000126513
14200 -0.000168635
14207.7 -0.000212251
14215.3 -0.000257409
14223 -0.000304619
14230.6 -0.000354627
14238.3 -0.000406365
14245.9 -0.000459892
14253.6 -0.000515272
14261.2 -0.000572563
14268.9 -0.000629314
14276.5 -0.000688137
14284.2 -0.000749101
14291.8 -0.000812279
14299.5 -0.000877735
14307.1 -0.000953502
14314.8 -0.00103562
14322.4 -0.00112027
14330.1 -0.0012075
14337.7 -0.00129733
14345.4 -0.00138968
14353 -0.00148552
14360.7 -0.00158455
14368.3 -0.00168679
14376 -0.00179236
14383.6 -0.00190148
14391.3 -0.00200283
14398.9 -0.00210642
14406.6 -0.00221334
14414.2 -0.00232353
14421.9 -0.00243668
14429.5 -0.0025642
14437.2 -0.00270955
14444.8 -0.00285992
14452.5 -0.00301527
14460.1 -0.003176
14467.8 -0.00334226
14475.4 -0.00347842
14483.1 -0.00361598
14490.7 -0.00375606
14498.4 -0.00389852
14506 -0.00404237
14513.7 -0.00419553
14521.3 -0.00436357
14529 -0.00453656
14536.6 -0.00471384
14544.3 -0.00489543
14551.9 -0.00508193
14559.6 -0.00524211
14567.2 -0.00540004
14574.9 -0.00555674
14582.5 -0.00571165
14590.2 -0.00586347
14597.8 -0.00602705
14605.5 -0.00620838
14613.1 -0.00638873
14620.8 -0.00656735
14628.4 -0.00674475
14636.1 -0.00692655
14643.7 -0.0070381
14651.4 -0.00712182
14659 -0.00718922
14666.7 -0.00724033
14674.3 -0.00727329
14682 -0.00731168
14689.6 -0.00740814
14697.3 -0.00749659
14704.9 -0.0075748
14712.6 -0.00764266
14720.2 -0.00770191
14727.9 -0.00773679
14735.5 -0.00774257
14743.2 -0.00773241
14750.8 -0.00770748
14758.5 -0.00766807
14766.1 -0.00761264
14773.8 -0.00755314
14781.4 -0.00748469
14789.1 -0.0074054
14796.7 -0.00731432
14804.4 -0.0072093
14812 -0.0070852
14819.7 -0.00697807
14827.3 -0.00687321
14835 -0.00676745
14842.6 -0.00666051
14850.3 -0.00655367
14857.9 -0.0064287
14865.6 -0.00627618
14873.2 -0.00611785
14880.9 -0.00595539
14888.5 -0.00578981
14896.2 -0.00562169
14903.8 -0.00546716
14911.5 -0.00531783
14919.1 -0.00516952
14926.8 -0.00502294
14934.4 -0.00487901
14942.1 -0.0047396
14949.7 -0.00460299
14957.4 -0.00446705
14965 -0.00433415
14972.7 -0.00420537
14980.3 -0.00408213
14988 -0.00396761
14995.6 -0.00383481
15003.3 -0.00369973
15010.9 -0.00356544
15018.6 -0.00343281
15026.2 -0.00330215
15033.9 -0.00317266
15041.5 -0.00304621
15049.2 -0.00292332
15056.8 -0.00280358
15064.5 -0.0026867
15072.1 -0.00257228
15079.8 -0.00246372
15087.4 -0.00236903
15095.1 -0.00227775
15102.7 -0.00218928
15110.4 -0.00210324
15118 -0.00201911
15125.7 -0.00193607
15133.3 -0.00185835
15141 -0.00178392
15148.6 -0.00171216
15156.3 -0.00164284
15163.9 -0.00157592
15171.6 -0.00150577
15179.2 -0.00142586
15186.9 -0.00134676
15194.5 -0.00126853
15202.2 -0.00119102
15209.8 -0.00111379
15217.5 -0.00104095
15225.1 -0.000983403
15232.8 -0.000928864
15240.4 -0.000876631
15248.1 -0.000826455
15255.7 -0.000778171
15263.4 -0.000731926
15271 -0.000689502
15278.7 -0.000649428
15286.3 -0.00061161
15294 -0.000576107
15301.6 -0.00054316
15309.3 -0.000511609
15316.9 -0.000468879
15324.6 -0.000426559
15332.2 -0.000385341
15339.9 -0.000345421
15347.5 -0.000306871
15355.2 -0.000269837
15362.8 -0.000239491
15370.5 -0.000210915
15378.1 -0.000184035
15385.8 -0.000158823
15393.4 -0.000135219
15401.1 -0.00011301
15408.7 -9.67616e-05
15416.4 -8.35884e-05
15424 -7.23841e-05
15431.7 -6.30684e-05
15439.3 -5.56336e-05
15447 -5.02075e-05
15454.6 -4.32241e-05
15462.3 -3.49821e-05
15469.9 -2.79946e-05
15477.6 -2.23583e-05
15485.2 -1.80846e-05
15492.9 -1.51395e-05
15500.5 -1.36487e-05
15508.2 -1.40398e-05
15515.8 -1.57685e-05
15523.5 -1.87449e-05
15531.1 -2.29029e-05
15538.8 -2.81694e-05
15546.4 -3.48195e-05
15554.1 -4.63261e-05
15561.7 -5.91344e-05
15569.4 -7.31244e-05
15577 -8.82315e-05
15584.7 -0.000104411
15592.3 -0.000121676
15600 -0.00013647
15607.7 -0.000150697
15615.3 -0.000165455
15623 -0.000180691
15630.6 -0.0001963
15638.3 -0.000212086
15645.9 -0.000230349
15653.6 -0.000253684
15661.2 -0.000277601
15668.9 -0.000301863
15676.5 -0.000326336
15684.2 -0.000350914
15691.8 -0.000375558
15699.5 -0.000402716
15707.1 -0.000429516
15714.8 -0.000455846
15722.4 -0.000481532
15730.1 -0.000506353
15737.7 -0.000529935
15745.4 -0.000553755
15753 -0.000579465
15760.7 -0.000604579
15768.3 -0.000628853
15776 -0.000652197
15783.6 -0.000674689
15791.3 -0.000696311
15798.9 -0.000697172
15806.6 -0.000694361
15814.2 -0.000688576
15821.9 -0.000679865
15829.5 -0.000668152
15837.2 -0.000653282
15844.8 -0.00063265
15852.5 -0.000607381
15860.1 -0.000579223
15867.8 -0.000548015
15875.4 -0.000513636
15883.1 -0.000475944
15890.7 -0.000434512
15898.4 -0.000406607
15906 -0.000377172
15913.7 -0.000345026
15921.3 -0.000310203
15929 -0.000272817
15936.6 -0.000233013
15944.3 -0.000190619
15951.9 -0.000146385
15959.6 -0.000100871
15967.2 -5.42693e-05
15974.9 -6.85749e-06
15982.5 4.10489e-05
15990.2 8.90681e-05
15997.8 0.000138737
16005.5 0.000189404
16013.1 0.000239499
16020.8 0.000288561
16028.4 0.000336182
16036.1 0.00038197
16043.7 0.000425481
16051.4 0.000467735
16059 0.000507549
16066.7 0.000544588
16074.3 0.000578655
16082 0.000609593
16089.6 0.000637278
16097.3 0.000662442
16104.9 0.000687151
16112.6 0.000708547
16120.2 0.000726597
16127.9 0.000741328
16135.5 0.000752799
16143.2 0.000761089
16150.8 0.000765977
16158.5 0.000767734
16166.1 0.000766833
16173.8 0.00076343
16181.4 0.000757698
16189.1 0.000749828
16196.7 0.000740048
16204.4 0.000726563
16212 0.00070989
16219.7 0.000691608
16227.3 0.000671927
16235 0.000651024
16242.6 0.000629071
16250.3 0.000606257
16257.9 0.000579896
16265.6 0.000551709
16273.2 0.000522885
16280.9 0.000493539
16288.5 0.000463758
16296.2 0.000433595
16303.8 0.000403004
16311.5 0.000377334
16319.1 0.000353096
16326.8 0.000328968
16334.4 0.000304936
16342.1 0.000281002
16349.7 0.000257167
16357.4 0.000233395
16365 0.000211693
16372.7 0.000190661
16380.3 0.00016988
16388 0.000149335
16395.6 0.000129024
16403.3 0.000108952
16410.9 8.91606e-05
16418.6 6.74593e-05
16426.2 4.54003e-05
16433.9 2.34538e-05
16441.5 1.63101e-06
16449.2 -2.00686e-05
16456.8 -4.16512e-05
16464.5 -6.31331e-05
16472.1 -8.38069e-05
16479.8 -0.000104128
16487.4 -0.000124317
16495.1 -0.000144385
16502.7 -0.000164331
16510.4 -0.000184141
16518 -0.00020375
16525.7 -0.000227487
16533.3 -0.000253495
16541 -0.000279602
16548.6 -0.000305769
16556.3 -0.000331982
16563.9 -0.000358238
16571.6 -0.000384542
16579.2 -0.000410068
16586.9 -0.000434871
16594.5 -0.000459695
16602.2 -0.000484558
16609.8 -0.000509473
16617.5 -0.000534461
16625.1 -0.000559564
16632.8 -0.000583784
16640.4 -0.000605591
16648.1 -0.000627303
16655.7 -0.000648978
16663.4 -0.000670639
16671 -0.000692305
16678.7 -0.000714004
16686.3 -0.000735538
16694 -0.000753667
16701.6 -0.000771581
16709.3 -0.00078936
16716.9 -0.000807014
16724.6 -0.00082454
16732.2 -0.000841922
16739.9 -0.000859112
16747.5 -0.000876782
16755.2 -0.00089463
16762.8 -0.000912385
16770.5 -0.000930016
16778.1 -0.000947501
16785.8 -0.000964812
16793.4 -0.000981908
16801.1 -0.00100077
16808.7 -0.00102207
16816.4 -0.00104325
16824 -0.00106425
16831.7 -0.00108504
16839.3 -0.00110561
16847 -0.00112593
16854.6 -0.00114587
16862.3 -0.00116435
16869.9 -0.00118257
16877.6 -0.0012005
16885.2 -0.00121812
16892.9 -0.0012354
16900.5 -0.00125232
16908.2 -0.00126884
16915.8 -0.0012869
16923.5 -0.00130582
16931.1 -0.00132435
16938.8 -0.00134245
16946.4 -0.00136009
16954.1 -0.00137725
16961.7 -0.00139387
16969.4 -0.00141015
16977 -0.00142854
16984.7 -0.00144659
16992.3 -0.0014642
17000 -0.00148135
17007.7 -0.00149802
17015.3 -0.00151421
17023 -0.00152996
17030.6 -0.00154242
17038.3 -0.00155187
17045.9 -0.00156058
17053.6 -0.00156859
17061.2 -0.00157594
17068.9 -0.00158263
17076.5 -0.00158872
17084.2 -0.00159449
17091.8 -0.00159352
17099.5 -0.00159113
17107.1 -0.00158766
17114.8 -0.00158316
17122.4 -0.00157763
17130.1 -0.00157101
17137.7 -0.00156321
17145.4 -0.0015563
17153 -0.00155396
17160.7 -0.00155112
17168.3 -0.0015476
17176 -0.00154337
17183.6 -0.00153841
17191.3 -0.00153275
17198.9 -0.00152643
17206.6 -0.00151645
17214.2 -0.00150371
17221.9 -0.00149013
17229.5 -0.00147578
17237.2 -0.0014607
17244.8 -0.00144496
17252.5 -0.00142865
17260.1 -0.00141204
17267.8 -0.0013903
17275.4 -0.00136664
17283.1 -0.00134209
17290.7 -0.00131676
17298.4 -0.00129069
17306 -0.00126392
17313.7 -0.00123644
17321.3 -0.00120847
17329 -0.00118751
17336.6 -0.00116673
17344.3 -0.00114592
17351.9 -0.00112505
17359.6 -0.00110413
17367.2 -0.00108316
17374.9 -0.00106213
17382.5 -0.00104202
17390.2 -0.00102686
17397.8 -0.00101224
17405.5 -0.000998061
17413.1 -0.000984328
17420.8 -0.00097107
17428.4 -0.000958326
17436.1 -0.00094616
17443.7 -0.000934049
17451.4 -0.000920715
17459 -0.00090784
17466.7 -0.000895505
17474.3 -0.000883751
17482 -0.000872607
17489.6 -0.000862094
17497.3 -0.000852225
17504.9 -0.00084283
17512.6 -0.000833839
17520.2 -0.000825565
17527.9 -0.000818004
17535.5 -0.000811158
17543.2 -0.000805033
17550.8 -0.000799637
17558.5 -0.000795006
17566.1 -0.000790539
17573.8 -0.000784667
17581.4 -0.000779249
17589.1 -0.00077434
17596.7 -0.000769944
17604.4 -0.000766051
17612 -0.000762638
17619.7 -0.000759666
17627.3 -0.00075705
17635 -0.00075518
17642.6 -0.000753852
17650.3 -0.000752999
17657.9 -0.000752591
17665.6 -0.000752613
17673.2 -0.000753064
17680.9 -0.000753984
17688.5 -0.000755143
17696.2 -0.000749598
17703.8 -0.000743808
17711.5 -0.000737985
17719.1 -0.000732163
17726.8 -0.000726344
17734.4 -0.000720513
17742.1 -0.000714642
17749.7 -0.000708661
17757.4 -0.00070356
17765 -0.000698695
17772.7 -0.000693812
17780.3 -0.000688864
17788 -0.000683814
17795.6 -0.000678617
17803.3 -0.000673208
17810.9 -0.000667433
17818.6 -0.000667583
17826.2 -0.000672239
17833.9 -0.000677046
17841.5 -0.000681893
17849.2 -0.000686732
17856.8 -0.000691537
17864.5 -0.000696293
17872.1 -0.000701004
17879.8 -0.00070572
17887.4 -0.000710176
17895.1 -0.000714445
17902.7 -0.000718551
17910.4 -0.000722502
17918 -0.0007263
17925.7 -0.000729951
17933.3 -0.000733463
17941 -0.000736876
17948.6 -0.000735066
17956.3 -0.000732642
17963.9 -0.000730036
17971.6 -0.000727266
17979.2 -0.000724345
17986.9 -0.000721289
17994.5 -0.000718123
18002.2 -0.000714908
18009.8 -0.000711081
18017.5 -0.000706
18025.1 -0.000700588
18032.8 -0.000694904
18040.4 -0.000688968
18048.1 -0.000682786
18055.7 -0.000676348
18063.4 -0.000669619
18071 -0.000662387
18078.7 -0.000658849
18086.3 -0.000655556
18094 -0.000652289
18101.6 -0.00064901
18109.3 -0.000645708
18116.9 -0.000642388
18124.6 -0.000639065
18132.2 -0.000635791
18139.9 -0.000632003
18147.5 -0.000626887
18155.2 -0.000621543
18162.8 -0.000616035
18170.5 -0.000610388
18178.1 -0.000604611
18185.8 -0.000598707
18193.4 -0.000592667
18201.1 -0.000586435
18208.7 -0.000580336
18216.4 -0.00057447
18224 -0.000568632
18231.7 -0.000562803
18239.3 -0.000556977
18247 -0.000551157
18254.6 -0.000545351
18262.3 -0.000539584
18269.9 -0.000533929
18277.6 -0.000527814
18285.2 -0.000521546
18292.9 -0.000515193
18300.5 -0.000508772
18308.2 -0.000502292
18315.8 -0.000495754
18323.5 -0.000489153
18331.1 -0.000482462
18338.8 -0.000475739
18346.4 -0.000469484
18354.1 -0.000463335
18361.7 -0.000457252
18369.4 -0.000451225
18377 -0.000445252
18384.7 -0.000439338
18392.3 -0.000433499
18400 -0.000427781
18407.7 -0.000421951
18415.3 -0.000415637
18423 -0.000409232
18430.6 -0.000402776
18438.3 -0.000396285
18445.9 -0.000389765
18453.6 -0.000383215
18461.2 -0.000376626
18468.9 -0.000369957
18476.5 -0.000363545
18484.2 -0.000357525
18491.8 -0.000351607
18499.5 -0.000345767
18507.1 -0.000339996
18514.8 -0.000334293
18522.4 -0.000328662
18530.1 -0.000323115
18537.7 -0.000317699
18545.4 -0.000312012
18553 -0.00030603
18560.7 -0.000300011
18568.3 -0.000293981
18576 -0.00028795
18583.6 -0.000281923
18591.3 -0.000275901
18598.9 -0.000269881
18606.6 -0.000263845
18614.2 -0.000258003
18621.9 -0.000252352
18629.5 -0.000246764
18637.2 -0.000241228
18644.8 -0.000235742
18652.5 -0.000230303
18660.1 -0.000224911
18667.8 -0.00021957
18675.4 -0.000214286
18683.1 -0.000208965
18690.7 -0.00020359
18698.4 -0.000198238
18706 -0.000192915
18713.7 -0.000187623
18721.3 -0.000182363
18729 -0.000177136
18736.6 -0.000171941
18744.3 -0.000166772
18751.9 -0.000161688
18759.6 -0.000156735
18767.2 -0.000151834
18774.9 -0.000146981
18782.5 -0.000142174
18790.2 -0.000137411
18797.8 -0.000132693
18805.5 -0.000128022
18813.1 -0.000123399
18820.8 -0.000118797
18828.4 -0.000114122
18836.1 -0.000109473
18843.7 -0.000104857
18851.4 -0.000100276
18859 -9.57292e-05
18866.7 -9.1218e-05
18874.3 -8.67415e-05
18882 -8.22974e-05
18889.6 -7.78783e-05
18897.3 -7.36656e-05
18904.9 -6.95115e-05
18912.6 -6.54048e-05
18920.2 -6.13426e-05
18927.9 -5.73237e-05
18935.5 -5.33472e-05
18943.2 -4.94126e-05
18950.8 -4.55198e-05
18958.5 -4.16693e-05
18966.1 -3.78336e-05
18973.8 -3.40186e-05
18981.4 -3.02408e-05
18989.1 -2.65006e-05
18996.7 -2.27981e-05
19004.4 -1.91329e-05
19012 -1.55048e-05
19019.7 -1.19129e-05
19027.3 -8.35541e-06
19035 -4.86168e-06
19042.6 -1.52535e-06
19050.3 1.76588e-06
19057.9 5.01606e-06
19065.6 8.22673e-06
19073.2 1.13988e-05
19080.9 1.45329e-05
19088.5 1.76295e-05
19096.2 2.0689e-05
19103.8 2.37113e-05
19111.5 2.67167e-05
19119.1 2.96944e-05
19126.8 3.26375e-05
19134.4 3.55458e-05
19142.1 3.84198e-05
19149.7 4.12595e-05
19157.4 4.40654e-05
19165 4.68377e-05
19172.7 4.95771e-05
19180.3 5.22702e-05
19188 5.48616e-05
19195.6 5.74182e-05
19203.3 5.99414e-05
19210.9 6.24319e-05
19218.6 6.48902e-05
19226.2 6.73166e-05
19233.9 6.97114e-05
19241.5 7.20749e-05
19249.2 7.44069e-05
19256.8 7.67865e-05
19264.5 7.9204e-05
19272.1 8.15924e-05
19279.8 8.39511e-05
19287.4 8.62799e-05
19295.1 8.85789e-05
19302.7 9.0848e-05
19310.4 9.30871e-05
19318 9.52961e-05
19325.7 9.74746e-05
19333.3 9.94014e-05
19341 0.000101258
19348.6 0.000103088
19356.3 0.000104892
19363.9 0.00010667
19371.6 0.000108424
19379.2 0.000110153
19386.9 0.000111858
19394.5 0.00011354
19402.2 0.000115211
19409.8 0.000117044
19417.5 0.00011885
19425.1 0.00012063
19432.8 0.000122385
19440.4 0.000124114
19448.1 0.000125818
19455.7 0.000127497
19463.4 0.00012915
19471 0.000130778
19478.7 0.000132352
19486.3 0.000133796
19494 0.000135222
19501.6 0.000136627
19509.3 0.000138011
19516.9 0.000139376
19524.6 0.00014072
19532.2 0.000142046
19539.9 0.000143352
19547.5 0.000144639
19555.2 0.000145927
19562.8 0.000147243
19570.5 0.000148538
19578.1 0.000149812
19585.8 0.000151067
19593.4 0.000152301
19601.1 0.000153517
19608.7 0.000154713
19616.4 0.000155891
19624 0.000157049
19631.7 0.000158186
19639.3 0.000159294
19647 0.000160386
19654.6 0.00016146
19662.3 0.000162517
19669.9 0.000163557
19677.6 0.000164581
19685.2 0.000165587
19692.9 0.000166577
19700.5 0.000167549
19708.2 0.000168496
19715.8 0.000169381
19723.5 0.000170255
19731.1 0.000171116
19738.8 0.000171965
19746.4 0.000172801
19754.1 0.000173625
19761.7 0.000174437
19769.4 0.000175237
19777 0.000176027
19784.7 0.000176807
19792.3 0.000177605
19800 0.00017839
19807.7 0.000179165
19815.3 0.000179931
19823 0.000180687
19830.6 0.000181437
19838.3 0.000182181
19845.9 0.000182923
19853.6 0.000183669
19861.2 0.000184436
19868.9 0.000185639
19876.5 0.000186955
19884.2 0.000188224
19891.8 0.000189457
19899.5 0.000190657
19907.1 0.000191823
19914.8 0.000192957
19922.4 0.000194055
19930.1 0.000195115
19937.7 0.000196125
19945.4 0.000196896
19953 0.000197393
19960.7 0.000197908
19968.3 0.000198425
19976 0.000198939
19983.6 0.000199447
19991.3 0.000199948
19998.9 0.000200442
20006.6 0.000200927
20014.2 0.000201403
20021.9 0.00020187
20029.5 0.000202328
20037.2 0.000202776
20044.8 0.000203216
20052.5 0.000203646
20060.1 0.000204067
20067.8 0.000204478
20075.4 0.00020488
20083.1 0.000205273
20090.7 0.000205657
20098.4 0.000206032
20106 0.000206397
20113.7 0.000206754
20121.3 0.000207102
20129 0.000207441
20136.6 0.000207772
20144.3 0.000208094
20151.9 0.000208407
20159.6 0.000208713
20167.2 0.000209009
20174.9 0.000209298
20182.5 0.000209578
20190.2 0.000209851
20197.8 0.000210116
20205.5 0.000210372
20213.1 0.000210621
20220.8 0.000210863
20228.4 0.000211096
20236.1 0.000211323
20243.7 0.000211542
20251.4 0.000211754
20259 0.000211958
20266.7 0.000212156
20274.3 0.000212346
20282 0.000212529
20289.6 0.000212706
20297.3 0.000212876
20304.9 0.000213039
20312.6 0.000213196
20320.2 0.000213346
20327.9 0.00021349
20335.5 0.000213628
20343.2 0.000213759
20350.8 0.000213884
20358.5 0.000214003
20366.1 0.000214116
20373.8 0.000214223
20381.4 0.000214324
20389.1 0.00021442
20396.7 0.00021451
20404.4 0.000214594
20412 0.000214673
20419.7 0.000214746
20427.3 0.000214813
20435 0.000214876
20442.6 0.000214933
20450.3 0.000214985
20457.9 0.000215032
20465.6 0.000215074
20473.2 0.000215111
20480.9 0.000215143
20488.5 0.00021517
20496.2 0.000215193
20503.8 0.00021521
20511.5 0.000215223
20519.1 0.000215232
20526.8 0.000215236
20534.4 0.000215235
20542.1 0.00021523
20549.7 0.000215221
20557.4 0.000215207
20565 0.00021519
20572.7 0.000215168
20580.3 0.000215142
20588 0.000215112
20595.6 0.000215078
20603.3 0.00021504
20610.9 0.000214998
20618.6 0.000214952
20626.2 0.000214903
20633.9 0.00021485
20641.5 0.000214793
20649.2 0.000214733
20656.8 0.000214669
20664.5 0.000214601
20672.1 0.00021453
20679.8 0.000214456
20687.4 0.000214378
20695.1 0.000214297
20702.7 0.000214213
20710.4 0.000214125
20718 0.000214035
20725.7 0.000213941
20733.3 0.000213844
20741 0.000213744
20748.6 0.000213641
20756.3 0.000213535
20763.9 0.000213426
20771.6 0.000213315
20779.2 0.0002132
20786.9 0.000213083
20794.5 0.000212963
20802.2 0.00021284
20809.8 0.000212715
20817.5 0.000212587
20825.1 0.000212456
20832.8 0.000212323
20840.4 0.000212188
20848.1 0.00021205
20855.7 0.000211909
20863.4 0.000211766
20871 0.000211621
20878.7 0.000211474
20886.3 0.000211324
20894 0.000211172
20901.6 0.000211017
20909.3 0.000210861
20916.9 0.000210702
20924.6 0.000210542
20932.2 0.000210379
20939.9 0.000210214
20947.5 0.000210047
20955.2 0.000209878
20962.8 0.000209707
20970.5 0.000209534
20978.1 0.00020936
20985.8 0.000209183
20993.4 0.000209005
21001.1 0.000208825
21008.7 0.000208643
21016.4 0.000208459
21024 0.000208274
21031.7 0.000208087
21039.3 0.000207898
21047 0.000207707
21054.6 0.000207515
21062.3 0.000207322
21069.9 0.000207127
21077.6 0.00020693
21085.2 0.000206732
21092.9 0.000206532
21100.5 0.000206331
21108.2 0.000206128
21115.8 0.000205924
21123.5 0.000205719
21131.1 0.000205512
21138.8 0.000205304
21146.4 0.000205095
21154.1 0.000204884
21161.7 0.000204672
21169.4 0.000204459
21177 0.000204245
21184.7 0.000204029
21192.3 0.000203812
21200 0.000203594
21207.7 0.000203375
21215.3 0.000203155
21223 0.000202934
21230.6 0.000202711
21238.3 0.000202488
21245.9 0.000202263
21253.6 0.000202038
21261.2 0.000201811
21268.9 0.000201584
21276.5 0.000201355
21284.2 0.000201126
21291.8 0.000200896
21299.5 0.000200665
21307.1 0.000200432
21314.8 0.000200199
21322.4 0.000199966
21330.1 0.000199731
21337.7 0.000199495
21345.4 0.000199259
21353 0.000199022
21360.7 0.000198784
21368.3 0.000198545
21376 0.000198306
21383.6 0.000198066
21391.3 0.000197825
21398.9 0.000197584
21406.6 0.000197341
21414.2 0.000197098
21421.9 0.000196855
21429.5 0.000196611
21437.2 0.000196366
21444.8 0.000196121
21452.5 0.000195875
21460.1 0.000195628
21467.8 0.000195381
21475.4 0.000195133
21483.1 0.000194885
21490.7 0.000194636
21498.4 0.000194387
21506 0.000194137
21513.7 0.000193887
21521.3 0.000193636
21529 0.000193385
21536.6 0.000193133
21544.3 0.000192881
21551.9 0.000192628
21559.6 0.000192376
21567.2 0.000192122
21574.9 0.000191868
21582.5 0.000191614
21590.2 0.00019136
21597.8 0.000191105
21605.5 0.00019085
21613.1 0.000190594
21620.8 0.000190338
21628.4 0.000190082
21636.1 0.000189825
21643.7 0.000189568
21651.4 0.000189311
21659 0.000189054
21666.7 0.000188796
21674.3 0.000188538
21682 0.00018828
21689.6 0.000188021
21697.3 0.000187763
21704.9 0.000187504
21712.6 0.000187245
21720.2 0.000186985
21727.9 0.000186726
21735.5 0.000186466
21743.2 0.000186206
21750.8 0.000185946
21758.5 0.000185686
21766.1 0.000185425
21773.8 0.000185165
21781.4 0.000184904
21789.1 0.000184643
21796.7 0.000184382
21804.4 0.000184121
21812 0.00018386
21819.7 0.000183599
21827.3 0.000183337
21835 0.000183076
21842.6 0.000182814
21850.3 0.000182553
21857.9 0.000182291
21865.6 0.000182029
21873.2 0.000181767
21880.9 0.000181506
21888.5 0.000181244
21896.2 0.000180982
21903.8 0.00018072
21911.5 0.000180458
21919.1 0.000180196
21926.8 0.000179934
21934.4 0.000179672
21942.1 0.00017941
21949.7 0.000179148
21957.4 0.000178886
21965 0.000178624
21972.7 0.000178362
21980.3 0.0001781
21988 0.000177838
21995.6 0.000177576
22003.3 0.000177315
22010.9 0.000177053
22018.6 0.000176791
22026.2 0.00017653
22033.9 0.000176268
22041.5 0.000176007
22049.2 0.000175745
22056.8 0.000175484
22064.5 0.000175223
22072.1 0.000174961
22079.8 0.0001747
22087.4 0.00017444
22095.1 0.000174179
22102.7 0.000173918
22110.4 0.000173657
22118 0.000173397
22125.7 0.000173137
22133.3 0.000172876
22141 0.000172616
22148.6 0.000172356
22156.3 0.000172097
22163.9 0.000171837
22171.6 0.000171577
22179.2 0.000171318
22186.9 0.000171059
22194.5 0.0001708
22202.2 0.000170541
22209.8 0.000170282
22217.5 0.000170024
22225.1 0.000169765
22232.8 0.000169507
22240.4 0.000169249
22248.1 0.000168991
22255.7 0.000168734
22263.4 0.000168476
22271 0.000168219
22278.7 0.000167962
22286.3 0.000167705
22294 0.000167449
22301.6 0.000167192
22309.3 0.000166936
22316.9 0.00016668
22324.6 0.000166424
22332.2 0.000166169
22339.9 0.000165913
22347.5 0.000165658
22355.2 0.000165403
22362.8 0.000165149
22370.5 0.000164894
22378.1 0.00016464
22385.8 0.000164386
22393.4 0.000164132
22401.1 0.000163879
22408.7 0.000163626
22416.4 0.000163373
22424 0.00016312
22431.7 0.000162867
22439.3 0.000162615
22447 0.000162363
22454.6 0.000162112
22462.3 0.00016186
22469.9 0.000161609
22477.6 0.000161358
22485.2 0.000161107
22492.9 0.000160857
22500.5 0.000160607
22508.2 0.000160357
22515.8 0.000160108
22523.5 0.000159858
22531.1 0.000159609
22538.8 0.000159361
22546.4 0.000159112
22554.1 0.000158864
22561.7 0.000158616
22569.4 0.000158369
22577 0.000158121
22584.7 0.000157875
22592.3 0.000157628
22600 0.000157381
22607.7 0.000157135
22615.3 0.00015689
22623 0.000156644
22630.6 0.000156399
22638.3 0.000156154
22645.9 0.00015591
22653.6 0.000155665
22661.2 0.000155421
22668.9 0.000155178
22676.5 0.000154934
22684.2 0.000154691
22691.8 0.000154449
22699.5 0.000154206
22707.1 0.000153964
22714.8 0.000153722
22722.4 0.000153481
22730.1 0.00015324
22737.7 0.000152999
22745.4 0.000152759
22753 0.000152518
22760.7 0.000152279
22768.3 0.000152039
22776 0.0001518
22783.6 0.000151561
22791.3 0.000151323
22798.9 0.000151084
22806.6 0.000150847
22814.2 0.000150609
22821.9 0.000150372
22829.5 0.000150135
22837.2 0.000149899
22844.8 0.000149662
22852.5 0.000149426
22860.1 0.000149191
22867.8 0.000148956
22875.4 0.000148721
22883.1 0.000148486
22890.7 0.000148252
22898.4 0.000148018
22906 0.000147785
22913.7 0.000147552
22921.3 0.000147319
22929 0.000147087
22936.6 0.000146855
22944.3 0.000146623
22951.9 0.000146391
22959.6 0.00014616
22967.2 0.00014593
22974.9 0.000145699
22982.5 0.000145469
22990.2 0.000145239
22997.8 0.00014501
23005.5 0.000144781
23013.1 0.000144553
23020.8 0.000144324
23028.4 0.000144096
23036.1 0.000143869
23043.7 0.000143642
23051.4 0.000143415
23059 0.000143188
23066.7 0.000142962
23074.3 0.000142736
23082 0.000142511
23089.6 0.000142286
23097.3 0.000142061
23104.9 0.000141836
23112.6 0.000141612
23120.2 0.000141389
23127.9 0.000141165
23135.5 0.000140942
23143.2 0.00014072
23150.8 0.000140497
23158.5 0.000140276
23166.1 0.000140054
23173.8 0.000139833
23181.4 0.000139612
23189.1 0.000139391
23196.7 0.000139171
23204.4 0.000138952
23212 0.000138732
23219.7 0.000138513
23227.3 0.000138294
23235 0.000138076
23242.6 0.000137858
23250.3 0.00013764
23257.9 0.000137423
23265.6 0.000137206
23273.2 0.00013699
23280.9 0.000136774
23288.5 0.000136558
23296.2 0.000136342
23303.8 0.000136127
23311.5 0.000135912
23319.1 0.000135698
23326.8 0.000135484
23334.4 0.00013527
23342.1 0.000135057
23349.7 0.000134844
23357.4 0.000134631
23365 0.000134419
23372.7 0.000134207
23380.3 0.000133996
23388 0.000133785
23395.6 0.000133574
23403.3 0.000133363
23410.9 0.000133153
23418.6 0.000132943
23426.2 0.000132734
23433.9 0.000132525
23441.5 0.000132316
23449.2 0.000132108
23456.8 0.0001319
23464.5 0.000131693
23472.1 0.000131485
23479.8 0.000131278
23487.4 0.000131072
23495.1 0.000130866
23502.7 0.00013066
23510.4 0.000130455
23518 0.000130249
23525.7 0.000130045
23533.3 0.00012984
23541 0.000129636
23548.6 0.000129433
23556.3 0.000129229
23563.9 0.000129026
23571.6 0.000128824
23579.2 0.000128622
23586.9 0.00012842
23594.5 0.000128218
23602.2 0.000128017
23609.8 0.000127816
23617.5 0.000127616
23625.1 0.000127416
23632.8 0.000127216
23640.4 0.000127016
23648.1 0.000126817
23655.7 0.000126619
23663.4 0.00012642
23671 0.000126222
23678.7 0.000126025
23686.3 0.000125827
23694 0.00012563
23701.6 0.000125434
23709.3 0.000125238
23716.9 0.000125042
23724.6 0.000124846
23732.2 0.000124651
23739.9 0.000124456
23747.5 0.000124262
23755.2 0.000124067
23762.8 0.000123874
23770.5 0.00012368
23778.1 0.000123487
23785.8 0.000123294
23793.4 0.000123102
23801.1 0.00012291
23808.7 0.000122718
23816.4 0.000122527
23824 0.000122336
23831.7 0.000122145
23839.3 0.000121955
23847 0.000121765
23854.6 0.000121575
23862.3 0.000121386
23869.9 0.000121197
23877.6 0.000121008
23885.2 0.00012082
23892.9 0.000120632
23900.5 0.000120444
23908.2 0.000120257
23915.8 0.00012007
23923.5 0.000119884
23931.1 0.000119697
23938.8 0.000119511
23946.4 0.000119326
23954.1 0.000119141
23961.7 0.000118956
23969.4 0.000118771
23977 0.000118587
23984.7 0.000118403
23992.3 0.00011822
24000 0.000118036
