W N2
10000 0.000288113
10007.7 0.000289481
10015.3 0.000290859
10023 0.000292247
10030.6 0.000293644
10038.3 0.000295051
10045.9 0.000296468
10053.6 0.000297895
10061.2 0.000299332
10068.9 0.00030078
10076.5 0.000302237
10084.2 0.000303706
10091.8 0.000305184
10099.5 0.000306674
10107.1 0.000308174
10114.8 0.000309685
10122.4 0.000311206
10130.1 0.000312739
10137.7 0.000314283
10145.4 0.000315838
10153 0.000317405
10160.7 0.000318983
10168.3 0.000320572
10176 0.000322173
10183.6 0.000323786
10191.3 0.000325411
10198.9 0.000327048
10206.6 0.000328697
10214.2 0.000330358
10221.9 0.000332032
10229.5 0.000333718
10237.2 0.000335416
10244.8 0.000337127
10252.5 0.000338851
10260.1 0.000340589
10267.8 0.000342339
10275.4 0.000344102
10283.1 0.000345879
10290.7 0.000347669
10298.4 0.000349472
10306 0.00035129
10313.7 0.000353121
10321.3 0.000354966
10329 0.000356825
10336.6 0.000358699
10344.3 0.000360587
10351.9 0.00036249
10359.6 0.000364407
10367.2 0.000366339
10374.9 0.000368286
10382.5 0.000370248
10390.2 0.000372225
10397.8 0.000374218
10405.5 0.000376227
10413.1 0.000378251
10420.8 0.000380291
10428.4 0.000382346
10436.1 0.000384419
10443.7 0.000386507
10451.4 0.000388612
10459 0.000390734
10466.7 0.000392872
10474.3 0.000395028
10482 0.000397201
10489.6 0.000399391
10497.3 0.000401598
10504.9 0.000403823
10512.6 0.000406066
10520.2 0.000408327
10527.9 0.000410607
10535.5 0.000412904
10543.2 0.000415221
10550.8 0.000417556
10558.5 0.00041991
10566.1 0.000422283
10573.8 0.000424675
10581.4 0.000427087
10589.1 0.000429519
10596.7 0.00043197
10604.4 0.000434442
10612 0.000436934
10619.7 0.000439446
10627.3 0.000441979
10635 0.000444533
10642.6 0.000447108
10650.3 0.000449705
10657.9 0.000452323
10665.6 0.000454962
10673.2 0.000457624
10680.9 0.000460308
10688.5 0.000463014
10696.2 0.000465743
10703.8 0.000468494
10711.5 0.000471269
10719.1 0.000474067
10726.8 0.000476888
10734.4 0.000479733
10742.1 0.000482602
10749.7 0.000485495
10757.4 0.000488412
10765 0.000491355
10772.7 0.000494321
10780.3 0.000497313
10788 0.000500331
10795.6 0.000503374
10803.3 0.000506442
10810.9 0.000509537
10818.6 0.000512658
10826.2 0.000515805
10833.9 0.000518979
10841.5 0.00052218
10849.2 0.000525408
10856.8 0.000528664
10864.5 0.000531947
10872.1 0.000535258
10879.8 0.000538597
10887.4 0.000541965
10895.1 0.000545361
10902.7 0.000548785
10910.4 0.000552239
10918 0.000555721
10925.7 0.000559233
10933.3 0.000562775
10941 0.000566346
10948.6 0.000569947
10956.3 0.000573578
10963.9 0.000577238
10971.6 0.000580929
10979.2 0.00058465
10986.9 0.000588401
10994.5 0.000592182
11002.2 0.000595994
11009.8 0.000599835
11017.5 0.000603705
11025.1 0.000607605
11032.8 0.000611534
11040.4 0.00061549
11048.1 0.000619473
11055.7 0.000623481
11063.4 0.000627513
11071 0.000631566
11078.7 0.000635635
11086.3 0.000639715
11094 0.000643795
11101.6 0.000647861
11109.3 0.000651879
11116.9 0.000655771
11124.6 0.000658975
11132.2 0.000662083
11139.9 0.000665961
11147.5 0.000670624
11155.2 0.00067654
11162.8 0.000681915
11170.5 0.000687195
11178.1 0.000692596
11185.8 0.000697827
11193.4 0.000702902
11201.1 0.000707571
11208.7 0.00071234
11216.4 0.000717305
11224 0.000722523
11231.7 0.000727884
11239.3 0.000733157
11247 0.000738361
11254.6 0.000743379
11262.3 0.000748645
11269.9 0.000754141
11277.6 0.000760243
11285.2 0.00076612
11292.9 0.000771732
11300.5 0.000776828
11308.2 0.000781812
11315.8 0.000787043
11323.5 0.000792341
11331.1 0.000797558
11338.8 0.000803129
11346.4 0.00080903
11354.1 0.000815689
11361.7 0.000822211
11369.4 0.000828612
11377 0.000835088
11384.7 0.000841538
11392.3 0.000847713
11400 0.000853527
11407.7 0.000858456
11415.3 0.000864032
11423 0.000870005
11430.6 0.00087656
11438.3 0.000883182
11445.9 0.000889744
11453.6 0.000896271
11461.2 0.000902721
11468.9 0.000909512
11476.5 0.000916693
11484.2 0.000925092
11491.8 0.000932842
11499.5 0.000939842
11507.1 0.000945633
11514.8 0.000950343
11522.4 0.00095643
11530.1 0.000963267
11537.7 0.000971377
11545.4 0.000979199
11553 0.000986899
11560.7 0.000994696
11568.3 0.00100254
11576 0.00101021
11583.6 0.00101778
11591.3 0.0010252
11598.9 0.0010326
11606.6 0.00103991
11614.2 0.0010468
11621.9 0.00105355
11629.5 0.00106092
11637.2 0.00106874
11644.8 0.00107731
11652.5 0.00108575
11660.1 0.0010942
11667.8 0.00110297
11675.4 0.00111206
11683.1 0.0011204
11690.7 0.00112817
11698.4 0.00113463
11706 0.00114168
11713.7 0.00114922
11721.3 0.00115705
11729 0.00116514
11736.6 0.00117345
11744.3 0.00118204
11751.9 0.00119127
11759.6 0.00120046
11767.2 0.00120947
11774.9 0.00121851
11782.5 0.00122784
11790.2 0.00123665
11797.8 0.00124501
11805.5 0.00125247
11813.1 0.00125936
11820.8 0.0012675
11828.4 0.00127633
11836.1 0.0012864
11843.7 0.00129617
11851.4 0.00130565
11859 0.00131512
11866.7 0.0013248
11874.3 0.00133394
11882 0.00134265
11889.6 0.00135064
11897.3 0.00135821
11904.9 0.00136654
11912.6 0.00137517
11920.2 0.00138408
11927.9 0.0013931
11935.5 0.00140226
11943.2 0.00141167
11950.8 0.00142163
11958.5 0.00143109
11966.1 0.00144032
11973.8 0.00144945
11981.4 0.00145851
11989.1 0.00146706
11996.7 0.00147513
12004.4 0.00148199
12012 0.00148911
12019.7 0.00149728
12027.3 0.0015061
12035 0.00151603
12042.6 0.00152549
12050.3 0.00153465
12057.9 0.00154375
12065.6 0.00155313
12073.2 0.00156177
12080.9 0.00156987
12088.5 0.00157733
12096.2 0.00158398
12103.8 0.00159145
12111.5 0.00159918
12119.1 0.00160709
12126.8 0.00161513
12134.4 0.00162311
12142.1 0.00163114
12149.7 0.00163958
12157.4 0.00164773
12165 0.00165513
12172.7 0.00166204
12180.3 0.00166813
12188 0.0016744
12195.6 0.0016808
12203.3 0.00168714
12210.9 0.00169318
12218.6 0.00169951
12226.2 0.00170607
12233.9 0.00171286
12241.5 0.00172021
12249.2 0.00172677
12256.8 0.0017329
12264.5 0.00173879
12272.1 0.00174458
12279.8 0.00174961
12287.4 0.00175403
12295.1 0.00175765
12302.7 0.00176008
12310.4 0.00176407
12318 0.00176866
12325.7 0.00177377
12333.3 0.00177953
12341 0.00178436
12348.6 0.00178893
12356.3 0.00179352
12363.9 0.00179834
12371.6 0.00180139
12379.2 0.00180339
12386.9 0.00180414
12394.5 0.00180347
12402.2 0.00180516
12409.8 0.00180765
12417.5 0.00181086
12425.1 0.00181486
12432.8 0.00181722
12440.4 0.00181898
12448.1 0.00182033
12455.7 0.00182135
12463.4 0.00182188
12471 0.00182197
12478.7 0.00182153
12486.3 0.00182041
12494 0.0018201
12501.6 0.00181997
12509.3 0.00181993
12516.9 0.00182
12524.6 0.00181976
12532.2 0.00181942
12539.9 0.00181913
12547.5 0.00181928
12555.2 0.0018178
12562.8 0.00181541
12570.5 0.00181222
12578.1 0.00180845
12585.8 0.00181053
12593.4 0.00181312
12601.1 0.00181588
12608.7 0.00181874
12616.4 0.00181743
12624 0.00181613
12631.7 0.00181494
12639.3 0.00181414
12647 0.00180599
12654.6 0.00179516
12662.3 0.00178377
12669.9 0.00177188
12677.6 0.00176518
12685.2 0.00176142
12692.9 0.00175738
12700.5 0.00175293
12708.2 0.00174943
12715.8 0.00174885
12723.5 0.00174861
12731.1 0.00174867
12738.8 0.00174728
12746.4 0.0017378
12754.1 0.00172785
12761.7 0.00171761
12769.4 0.00170709
12777 0.00169335
12784.7 0.00167941
12792.3 0.00166529
12800 0.00165088
12807.7 0.00164079
12815.3 0.00163321
12823 0.0016259
12830.6 0.00161894
12838.3 0.00161185
12845.9 0.0016022
12853.6 0.00159187
12861.2 0.00158094
12868.9 0.0015693
12876.5 0.00156212
12884.2 0.00155561
12891.8 0.00154943
12899.5 0.00154358
12907.1 0.00153908
12914.8 0.00153456
12922.4 0.00153
12930.1 0.00152551
12937.7 0.00152206
12945.4 0.00151913
12953 0.00151589
12960.7 0.00151238
12968.3 0.00150862
12976 0.00150847
12983.6 0.00150836
12991.3 0.00150816
12998.9 0.00150767
13006.6 0.00150494
13014.2 0.00150215
13021.9 0.00149987
13029.5 0.00149813
13037.2 0.00149587
13044.8 0.00148603
13052.5 0.00147557
13060.1 0.00146478
13067.8 0.0014537
13075.4 0.00144291
13083.1 0.00143242
13090.7 0.00142192
13098.4 0.00141137
13106 0.00140199
13113.7 0.00139589
13121.3 0.00138975
13129 0.00138351
13136.6 0.00137702
13144.3 0.0013722
13151.9 0.00136863
13159.6 0.00136541
13167.2 0.00136257
13174.9 0.00135861
13182.5 0.00134918
13190.2 0.00133954
13197.8 0.00132984
13205.5 0.00132021
13213.1 0.00131069
13220.8 0.00130066
13228.4 0.00129035
13236.1 0.00127973
13243.7 0.00126912
13251.4 0.00126325
13259 0.0012579
13266.7 0.00125285
13274.3 0.00124811
13282 0.00124262
13289.6 0.0012359
13297.3 0.00122911
13304.9 0.0012223
13312.6 0.00121554
13320.2 0.00120709
13327.9 0.00119841
13335.5 0.00118964
13343.2 0.00118078
13350.8 0.00117205
13358.5 0.00116422
13366.1 0.0011565
13373.8 0.00114884
13381.4 0.00114124
13389.1 0.00113402
13396.7 0.00112698
13404.4 0.00111995
13412 0.00111295
13419.7 0.00110601
13427.3 0.00109695
13435 0.00108766
13442.6 0.00107829
13450.3 0.00106882
13457.9 0.00105871
13465.6 0.00104772
13473.2 0.00103695
13480.9 0.00102633
13488.5 0.00101591
13496.2 0.0010066
13503.8 0.000997545
13511.5 0.000988273
13519.1 0.00097885
13526.8 0.000969289
13534.4 0.000963234
13542.1 0.000958488
13549.7 0.00095364
13557.4 0.000948658
13565 0.000943426
13572.7 0.000938407
13580.3 0.000933657
13588 0.00092898
13595.6 0.000924362
13603.3 0.000919592
13610.9 0.000912234
13618.6 0.000904682
13626.2 0.000896998
13633.9 0.000889184
13641.5 0.000881209
13649.2 0.000873252
13656.8 0.000865245
13664.5 0.000857163
13672.1 0.00084899
13679.8 0.000839139
13687.4 0.000826908
13695.1 0.000814623
13702.7 0.000802281
13710.4 0.000789915
13718 0.000778532
13725.7 0.000767626
13733.3 0.000756431
13741 0.000744973
13748.6 0.000733218
13756.3 0.000723041
13763.9 0.000714382
13771.6 0.000705659
13779.2 0.00069684
13786.9 0.00068795
13794.5 0.000675518
13802.2 0.000660525
13809.8 0.000645207
13817.5 0.000629578
13825.1 0.000613604
13832.8 0.000596146
13840.4 0.000578064
13848.1 0.000559816
13855.7 0.000541363
13863.4 0.000522692
13871 0.000507809
13878.7 0.000494842
13886.3 0.000481555
13894 0.000467944
13901.6 0.000454013
13909.3 0.00044226
13916.9 0.00043168
13924.6 0.00042067
13932.2 0.000409224
13939.9 0.000397323
13947.5 0.000382216
13955.2 0.000364406
13962.8 0.000346155
13970.5 0.000327439
13978.1 0.000308236
13985.8 0.000288137
13993.4 0.000267061
14001.1 0.000245449
14008.7 0.000223279
14016.4 0.000200527
14024 0.000178059
14031.7 0.000156762
14039.3 0.000134808
14047 0.000112171
14054.6 8.88235e-05
14062.3 6.50816e-05
14069.9 4.21143e-05
14077.6 1.83504e-05
14085.2 -6.23983e-06
14092.9 -3.16868e-05
14100.5 -5.80117e-05
14108.2 -8.29637e-05
14115.8 -0.000108852
14123.5 -0.00013572
14131.1 -0.000163608
14138.8 -0.000192559
14146.4 -0.000223962
14154.1 -0.000256836
14161.7 -0.000290886
14169.4 -0.000326146
14177 -0.000362639
14184.7 -0.000401611
14192.3 -0.000442963
14200 -0.000485728
14207.7 -0.000529943
14215.3 -0.000575652
14223 -0.000622733
14230.6 -0.000671092
14238.3 -0.00072113
14245.9 -0.000772896
14253.6 -0.000826441
14261.2 -0.000881781
14268.9 -0.000942783
14276.5 -0.00100585
14284.2 -0.001071
14291.8 -0.00113833
14299.5 -0.00120791
14307.1 -0.0012805
14314.8 -0.00135564
14322.4 -0.00143314
14330.1 -0.00151306
14337.7 -0.00159538
14345.4 -0.00167943
14353 -0.00176565
14360.7 -0.00185491
14368.3 -0.00194719
14376 -0.00204257
14383.6 -0.00214122
14391.3 -0.00223612
14398.9 -0.00233335
14406.6 -0.00243358
14414.2 -0.00253674
14421.9 -0.00264249
14429.5 -0.00275851
14437.2 -0.0028884
14444.8 -0.00302284
14452.5 -0.00316173
14460.1 -0.00330539
14467.8 -0.00345418
14475.4 -0.00357684
14483.1 -0.00370012
14490.7 -0.00382508
14498.4 -0.0039515
14506 -0.00407825
14513.7 -0.00421976
14521.3 -0.00438052
14529 -0.00454545
14536.6 -0.0047138
14544.3 -0.00488555
14551.9 -0.00506125
14559.6 -0.00520943
14567.2 -0.00535442
14574.9 -0.00549727
14582.5 -0.0056375
14590.2 -0.00577389
14597.8 -0.00592029
14605.5 -0.00608257
14613.1 -0.00624326
14620.8 -0.00640173
14628.4 -0.00655856
14636.1 -0.00671912
14643.7 -0.00681721
14651.4 -0.00688919
14659 -0.00694589
14666.7 -0.00698749
14674.3 -0.00701243
14682 -0.00704348
14689.6 -0.0071313
14697.3 -0.00721279
14704.9 -0.00728599
14712.6 -0.00735107
14720.2 -0.00741015
14727.9 -0.00743866
14735.5 -0.00743499
14743.2 -0.00741717
14750.8 -0.00738654
14758.5 -0.00734345
14766.1 -0.00728664
14773.8 -0.00722227
14781.4 -0.00714994
14789.1 -0.00706795
14796.7 -0.00697523
14804.4 -0.00686949
14812 -0.00674847
14819.7 -0.00665352
14827.3 -0.00656187
14835 -0.00647015
14842.6 -0.00637792
14850.3 -0.00628637
14857.9 -0.00617612
14865.6 -0.00603761
14873.2 -0.00589345
14880.9 -0.00574526
14888.5 -0.00559403
14896.2 -0.0054405
14903.8 -0.00529548
14911.5 -0.00515291
14919.1 -0.00501057
14926.8 -0.00486924
14934.4 -0.0047298
14942.1 -0.00459411
14949.7 -0.00446019
14957.4 -0.00432621
14965 -0.00419445
14972.7 -0.00406593
14980.3 -0.00394189
14988 -0.00382559
14995.6 -0.00369758
15003.3 -0.0035675
15010.9 -0.00343796
15018.6 -0.00330966
15026.2 -0.00318271
15033.9 -0.00305773
15041.5 -0.00294344
15049.2 -0.00283329
15056.8 -0.00272659
15064.5 -0.00262313
15072.1 -0.00252278
15079.8 -0.00242522
15087.4 -0.00232862
15095.1 -0.00223403
15102.7 -0.00214134
15110.4 -0.00205028
15118 -0.00196034
15125.7 -0.00187218
15133.3 -0.0017925
15141 -0.00171586
15148.6 -0.00164147
15156.3 -0.0015689
15163.9 -0.00149764
15171.6 -0.00142905
15179.2 -0.00136833
15186.9 -0.00131023
15194.5 -0.00125428
15202.2 -0.00120026
15209.8 -0.00114805
15217.5 -0.00109574
15225.1 -0.00104206
15232.8 -0.000990155
15240.4 -0.000939978
15248.1 -0.000891514
15255.7 -0.000844787
15263.4 -0.000798756
15271 -0.000751262
15278.7 -0.000705335
15286.3 -0.000661039
15294 -0.00061842
15301.6 -0.00057756
15309.3 -0.000538678
15316.9 -0.000500166
15324.6 -0.000462877
15332.2 -0.000427025
15339.9 -0.000392683
15347.5 -0.000359887
15355.2 -0.000328811
15362.8 -0.000301731
15370.5 -0.000276176
15378.1 -0.0002522
15385.8 -0.000229806
15393.4 -0.000208967
15401.1 -0.000189552
15408.7 -0.000174128
15416.4 -0.00016113
15424 -0.000149902
15431.7 -0.000140385
15439.3 -0.000132563
15447 -0.000126491
15454.6 -0.000121189
15462.3 -0.000116446
15469.9 -0.000113112
15477.6 -0.000111247
15485.2 -0.000110883
15492.9 -0.000112074
15500.5 -0.000112672
15508.2 -0.000110729
15515.8 -0.000109873
15523.5 -0.000110161
15531.1 -0.000111605
15538.8 -0.000114219
15546.4 -0.000118087
15554.1 -0.000122299
15561.7 -0.000127388
15569.4 -0.000133413
15577 -0.000140337
15584.7 -0.000148067
15592.3 -0.000156345
15600 -0.000170987
15607.7 -0.000188954
15615.3 -0.000207998
15623 -0.000227943
15630.6 -0.000248656
15638.3 -0.000269976
15645.9 -0.000292799
15653.6 -0.000318421
15661.2 -0.000344772
15668.9 -0.000371703
15676.5 -0.000399134
15684.2 -0.000427046
15691.8 -0.000455761
15699.5 -0.000479678
15707.1 -0.000502762
15714.8 -0.000525251
15722.4 -0.000547033
15730.1 -0.000567907
15737.7 -0.000587523
15745.4 -0.000606018
15753 -0.000624939
15760.7 -0.000642977
15768.3 -0.000659834
15776 -0.00067532
15783.6 -0.00068933
15791.3 -0.000701851
15798.9 -0.000705707
15806.6 -0.000706373
15814.2 -0.000704013
15821.9 -0.000698494
15829.5 -0.000689618
15837.2 -0.000677078
15844.8 -0.000660693
15852.5 -0.000642191
15860.1 -0.000620671
15867.8 -0.000595936
15875.4 -0.000567936
15883.1 -0.000536727
15890.7 -0.000502735
15898.4 -0.000464243
15906 -0.000421107
15913.7 -0.000374144
15921.3 -0.000323649
15929 -0.00026987
15936.6 -0.000212976
15944.3 -0.000155671
15951.9 -0.00010353
15959.6 -5.05709e-05
15967.2 3.13337e-06
15974.9 5.7314e-05
15982.5 0.00011167
15990.2 0.000165959
15997.8 0.00021699
16005.5 0.000265174
16013.1 0.000311691
16020.8 0.000356168
16028.4 0.000398211
16036.1 0.000437394
16043.7 0.000472948
16051.4 0.000515379
16059 0.00055566
16066.7 0.000592917
16074.3 0.000626926
16082 0.000657557
16089.6 0.000684734
16097.3 0.000709216
16104.9 0.000732945
16112.6 0.000753264
16120.2 0.000770194
16127.9 0.000783797
16135.5 0.000794157
16143.2 0.000801343
16150.8 0.000806258
16158.5 0.000809846
16166.1 0.000811007
16173.8 0.000809849
16181.4 0.000806521
16189.1 0.000801191
16196.7 0.00079405
16204.4 0.000783886
16212 0.000771069
16219.7 0.000756736
16227.3 0.000741062
16235 0.000724201
16242.6 0.000706305
16250.3 0.000687561
16257.9 0.000664299
16265.6 0.000638757
16273.2 0.000612493
16280.9 0.000585634
16288.5 0.000558282
16296.2 0.000530534
16303.8 0.000502511
16311.5 0.000471261
16319.1 0.000438979
16326.8 0.000406452
16334.4 0.000373742
16342.1 0.000340891
16349.7 0.00030793
16357.4 0.000274855
16365 0.00024272
16372.7 0.000210873
16380.3 0.000179093
16388 0.000147375
16395.6 0.000115718
16403.3 8.41164e-05
16410.9 5.25379e-05
16418.6 2.29151e-05
16426.2 -6.1841e-06
16433.9 -3.51595e-05
16441.5 -6.40221e-05
16449.2 -9.27768e-05
16456.8 -0.000121428
16464.5 -0.00014998
16472.1 -0.000178081
16479.8 -0.000205975
16487.4 -0.000233772
16495.1 -0.000261485
16502.7 -0.000289128
16510.4 -0.000316719
16518 -0.000344298
16525.7 -0.000370889
16533.3 -0.000396847
16541 -0.000422709
16548.6 -0.000448498
16556.3 -0.000474229
16563.9 -0.00049992
16571.6 -0.000525598
16579.2 -0.000549468
16586.9 -0.00057158
16594.5 -0.000593599
16602.2 -0.000615558
16609.8 -0.000637478
16617.5 -0.000659384
16625.1 -0.000681322
16632.8 -0.000702313
16640.4 -0.000720816
16648.1 -0.000739132
16655.7 -0.000757321
16663.4 -0.000775401
16671 -0.000793384
16678.7 -0.000811277
16686.3 -0.000829077
16694 -0.000846351
16701.6 -0.00086346
16709.3 -0.000880414
16716.9 -0.000897204
16724.6 -0.000913806
16732.2 -0.000930179
16739.9 -0.000946201
16747.5 -0.000965654
16755.2 -0.000986262
16762.8 -0.00100682
16770.5 -0.00102727
16778.1 -0.00104755
16785.8 -0.00106762
16793.4 -0.00108738
16801.1 -0.00111062
16808.7 -0.00113883
16816.4 -0.00116704
16824 -0.00119513
16831.7 -0.00122305
16839.3 -0.00125074
16847 -0.00127813
16854.6 -0.00130522
16862.3 -0.00133594
16869.9 -0.00136674
16877.6 -0.00139743
16885.2 -0.00142798
16892.9 -0.00145837
16900.5 -0.00148863
16908.2 -0.00151885
16915.8 -0.00154603
16923.5 -0.00157036
16931.1 -0.00159411
16938.8 -0.00161733
16946.4 -0.00164004
16954.1 -0.00166224
16961.7 -0.00168394
16969.4 -0.00170487
16977 -0.0017226
16984.7 -0.0017396
16992.3 -0.00175591
17000 -0.00177153
17007.7 -0.00178646
17015.3 -0.00180071
17023 -0.00181431
17030.6 -0.00182407
17038.3 -0.00183031
17045.9 -0.00183555
17053.6 -0.00183984
17061.2 -0.00184317
17068.9 -0.00184556
17076.5 -0.00184701
17084.2 -0.00184773
17091.8 -0.00184371
17099.5 -0.00183815
17107.1 -0.00183129
17114.8 -0.00182314
17122.4 -0.00181369
17130.1 -0.00180292
17137.7 -0.00179075
17145.4 -0.00177818
17153 -0.00176714
17160.7 -0.00175507
17168.3 -0.00174187
17176 -0.0017275
17183.6 -0.00171195
17191.3 -0.00169518
17198.9 -0.0016771
17206.6 -0.0016599
17214.2 -0.00164355
17221.9 -0.00162643
17229.5 -0.00160852
17237.2 -0.00158983
17244.8 -0.00157041
17252.5 -0.00155032
17260.1 -0.00152974
17267.8 -0.00150701
17275.4 -0.00148308
17283.1 -0.00145845
17290.7 -0.0014332
17298.4 -0.00140741
17306 -0.00138112
17313.7 -0.00135436
17321.3 -0.00132735
17329 -0.00130601
17336.6 -0.00128502
17344.3 -0.00126422
17351.9 -0.00124365
17359.6 -0.00122332
17367.2 -0.00120328
17374.9 -0.00118356
17382.5 -0.00116466
17390.2 -0.00114854
17397.8 -0.00113312
17405.5 -0.0011184
17413.1 -0.00110441
17420.8 -0.0010912
17428.4 -0.00107882
17436.1 -0.00106739
17443.7 -0.00105555
17451.4 -0.00104028
17459 -0.00102557
17466.7 -0.00101157
17474.3 -0.000998334
17482 -0.000985916
17489.6 -0.000974362
17497.3 -0.000963766
17504.9 -0.000951438
17512.6 -0.000933126
17520.2 -0.000915199
17527.9 -0.000897789
17535.5 -0.000880928
17543.2 -0.000864618
17550.8 -0.000848849
17558.5 -0.000833604
17566.1 -0.000819359
17573.8 -0.00080672
17581.4 -0.000794521
17589.1 -0.000782722
17596.7 -0.000771279
17604.4 -0.000760134
17612 -0.000749206
17619.7 -0.00073834
17627.3 -0.000729539
17635 -0.000731144
17642.6 -0.000733611
17650.3 -0.000736636
17657.9 -0.000740107
17665.6 -0.000743962
17673.2 -0.000748159
17680.9 -0.000752683
17688.5 -0.000757538
17696.2 -0.000761376
17703.8 -0.00076523
17711.5 -0.000769164
17719.1 -0.00077318
17726.8 -0.000777277
17734.4 -0.000781453
17742.1 -0.000785727
17749.7 -0.000790196
17757.4 -0.000788835
17765 -0.000786322
17772.7 -0.000783659
17780.3 -0.000780879
17788 -0.00077799
17795.6 -0.000774998
17803.3 -0.000771907
17810.9 -0.000768723
17818.6 -0.000765036
17826.2 -0.000760936
17833.9 -0.000756706
17841.5 -0.000752349
17849.2 -0.000747869
17856.8 -0.000743268
17864.5 -0.000738548
17872.1 -0.000733716
17879.8 -0.000729185
17887.4 -0.000725333
17895.1 -0.000721319
17902.7 -0.000717155
17910.4 -0.000712842
17918 -0.000708377
17925.7 -0.000703752
17933.3 -0.000698943
17941 -0.000693843
17948.6 -0.000689855
17956.3 -0.000686134
17963.9 -0.000682421
17971.6 -0.000678687
17979.2 -0.000674923
17986.9 -0.000671126
17994.5 -0.000667302
18002.2 -0.000663467
18009.8 -0.000660633
18017.5 -0.000658608
18025.1 -0.000656482
18032.8 -0.000654276
18040.4 -0.000651998
18048.1 -0.00064965
18055.7 -0.000647232
18063.4 -0.000644735
18071 -0.0006421
18078.7 -0.000637852
18086.3 -0.000633689
18094 -0.00062955
18101.6 -0.000625427
18109.3 -0.000621321
18116.9 -0.000617239
18124.6 -0.000613194
18132.2 -0.000609225
18139.9 -0.00060528
18147.5 -0.000600866
18155.2 -0.000596329
18162.8 -0.000591715
18170.5 -0.000587041
18178.1 -0.000582313
18185.8 -0.00057753
18193.4 -0.000572682
18201.1 -0.000567714
18208.7 -0.000562872
18216.4 -0.000558286
18224 -0.000553775
18231.7 -0.000549321
18239.3 -0.000544915
18247 -0.000540559
18254.6 -0.00053626
18262.3 -0.000532038
18269.9 -0.00052797
18277.6 -0.000523579
18285.2 -0.000519084
18292.9 -0.000514546
18300.5 -0.000509981
18308.2 -0.000505394
18315.8 -0.000500784
18323.5 -0.000496145
18331.1 -0.00049145
18338.8 -0.000486711
18346.4 -0.000482375
18354.1 -0.000478161
18361.7 -0.00047403
18369.4 -0.000469971
18377 -0.000465983
18384.7 -0.000462068
18392.3 -0.000458241
18400 -0.000454546
18407.7 -0.000450844
18415.3 -0.000446755
18423 -0.000442592
18430.6 -0.000438394
18438.3 -0.000434172
18445.9 -0.000429931
18453.6 -0.00042567
18461.2 -0.000421376
18468.9 -0.000417008
18476.5 -0.000412786
18484.2 -0.000408908
18491.8 -0.000405133
18499.5 -0.000401435
18507.1 -0.000397806
18514.8 -0.000394244
18522.4 -0.000390753
18530.1 -0.000387346
18537.7 -0.00038407
18545.4 -0.000380656
18553 -0.000376982
18560.7 -0.000373267
18568.3 -0.000369536
18576 -0.000365796
18583.6 -0.000362054
18591.3 -0.000358308
18598.9 -0.000354555
18606.6 -0.000350772
18614.2 -0.0003471
18621.9 -0.000343593
18629.5 -0.00034014
18637.2 -0.00033673
18644.8 -0.000333359
18652.5 -0.000330025
18660.1 -0.000326728
18667.8 -0.00032347
18675.4 -0.000320261
18683.1 -0.00031704
18690.7 -0.000313763
18698.4 -0.000310494
18706 -0.000307238
18713.7 -0.000303999
18721.3 -0.000300775
18729 -0.000297568
18736.6 -0.000294375
18744.3 -0.00029119
18751.9 -0.000288045
18759.6 -0.000285001
18767.2 -0.000281995
18774.9 -0.000279022
18782.5 -0.00027608
18790.2 -0.000273167
18797.8 -0.000270283
18805.5 -0.000267431
18813.1 -0.000264613
18820.8 -0.000261822
18828.4 -0.000258962
18836.1 -0.000256107
18843.7 -0.000253264
18851.4 -0.000250435
18859 -0.000247621
18866.7 -0.000244821
18874.3 -0.000242034
18882 -0.000239256
18889.6 -0.000236471
18897.3 -0.000233824
18904.9 -0.000231225
18912.6 -0.000228659
18920.2 -0.000226121
18927.9 -0.000223609
18935.5 -0.000221122
18943.2 -0.000218659
18950.8 -0.000216221
18958.5 -0.000213809
18966.1 -0.000211406
18973.8 -0.000209004
18981.4 -0.00020662
18989.1 -0.000204253
18996.7 -0.000201903
19004.4 -0.000199571
19012 -0.000197255
19019.7 -0.000194953
19027.3 -0.000192662
19035 -0.000190389
19042.6 -0.000188232
19050.3 -0.00018611
19057.9 -0.000184016
19065.6 -0.000181946
19073.2 -0.000179899
19080.9 -0.000177875
19088.5 -0.000175873
19096.2 -0.000173892
19103.8 -0.000171935
19111.5 -0.000169985
19119.1 -0.000168046
19126.8 -0.000166124
19134.4 -0.00016422
19142.1 -0.000162332
19149.7 -0.000160462
19157.4 -0.000158608
19165 -0.00015677
19172.7 -0.000154946
19180.3 -0.000153137
19188 -0.000151401
19195.6 -0.000149691
19203.3 -0.000148002
19210.9 -0.000146335
19218.6 -0.000144687
19226.2 -0.000143059
19233.9 -0.000141451
19241.5 -0.000139865
19249.2 -0.000138304
19256.8 -0.000136723
19264.5 -0.000135088
19272.1 -0.000133459
19279.8 -0.000131837
19287.4 -0.000130226
19295.1 -0.000128624
19302.7 -0.000127031
19310.4 -0.000125447
19318 -0.000123867
19325.7 -0.00012228
19333.3 -0.000120845
19341 -0.000119496
19348.6 -0.000118175
19356.3 -0.000116878
19363.9 -0.000115602
19371.6 -0.000114347
19379.2 -0.000113112
19386.9 -0.000111897
19394.5 -0.000110706
19402.2 -0.000109547
19409.8 -0.000108262
19417.5 -0.000106971
19425.1 -0.000105685
19432.8 -0.000104407
19440.4 -0.000103138
19448.1 -0.000101877
19455.7 -0.000100626
19463.4 -9.93822e-05
19471 -9.81451e-05
19478.7 -9.69196e-05
19486.3 -9.57961e-05
19494 -9.46951e-05
19501.6 -9.36108e-05
19509.3 -9.25418e-05
19516.9 -9.14871e-05
19524.6 -9.04463e-05
19532.2 -8.94193e-05
19539.9 -8.84062e-05
19547.5 -8.74078e-05
19555.2 -8.64183e-05
19562.8 -8.53977e-05
19570.5 -8.43838e-05
19578.1 -8.33788e-05
19585.8 -8.23834e-05
19593.4 -8.13978e-05
19601.1 -8.0422e-05
19608.7 -7.94561e-05
19616.4 -7.84999e-05
19624 -7.75531e-05
19631.7 -7.66167e-05
19639.3 -7.56991e-05
19647 -7.47921e-05
19654.6 -7.38952e-05
19662.3 -7.30081e-05
19669.9 -7.21307e-05
19677.6 -7.12626e-05
19685.2 -7.04037e-05
19692.9 -6.95536e-05
19700.5 -6.87114e-05
19708.2 -6.78775e-05
19715.8 -6.70921e-05
19723.5 -6.63205e-05
19731.1 -6.55602e-05
19738.8 -6.48108e-05
19746.4 -6.40718e-05
19754.1 -6.33432e-05
19761.7 -6.26249e-05
19769.4 -6.19171e-05
19777 -6.122e-05
19784.7 -6.05349e-05
19792.3 -5.98409e-05
19800 -5.91524e-05
19807.7 -5.84734e-05
19815.3 -5.78047e-05
19823 -5.71468e-05
19830.6 -5.65008e-05
19838.3 -5.58682e-05
19845.9 -5.52511e-05
19853.6 -5.46543e-05
19861.2 -5.40918e-05
19868.9 -5.32875e-05
19876.5 -5.22693e-05
19884.2 -5.12313e-05
19891.8 -5.01836e-05
19899.5 -4.91302e-05
19907.1 -4.80732e-05
19914.8 -4.70135e-05
19922.4 -4.59513e-05
19930.1 -4.48852e-05
19937.7 -4.38107e-05
19945.4 -4.2814e-05
19953 -4.2096e-05
19960.7 -4.14033e-05
19968.3 -4.07261e-05
19976 -4.0061e-05
19983.6 -3.94063e-05
19991.3 -3.8761e-05
19998.9 -3.81245e-05
20006.6 -3.74962e-05
20014.2 -3.68756e-05
20021.9 -3.62626e-05
20029.5 -3.56568e-05
20037.2 -3.5058e-05
20044.8 -3.44661e-05
20052.5 -3.38809e-05
20060.1 -3.33022e-05
20067.8 -3.273e-05
20075.4 -3.21641e-05
20083.1 -3.16043e-05
20090.7 -3.10507e-05
20098.4 -3.0503e-05
20106 -2.99613e-05
20113.7 -2.94254e-05
20121.3 -2.88952e-05
20129 -2.83707e-05
20136.6 -2.78518e-05
20144.3 -2.73385e-05
20151.9 -2.68305e-05
20159.6 -2.6328e-05
20167.2 -2.58308e-05
20174.9 -2.53388e-05
20182.5 -2.48521e-05
20190.2 -2.43704e-05
20197.8 -2.38938e-05
20205.5 -2.34223e-05
20213.1 -2.29557e-05
20220.8 -2.2494e-05
20228.4 -2.20371e-05
20236.1 -2.15851e-05
20243.7 -2.11377e-05
20251.4 -2.06951e-05
20259 -2.02571e-05
20266.7 -1.98236e-05
20274.3 -1.93947e-05
20282 -1.89703e-05
20289.6 -1.85503e-05
20297.3 -1.81347e-05
20304.9 -1.77235e-05
20312.6 -1.73165e-05
20320.2 -1.69138e-05
20327.9 -1.65152e-05
20335.5 -1.61208e-05
20343.2 -1.57306e-05
20350.8 -1.53444e-05
20358.5 -1.49622e-05
20366.1 -1.4584e-05
20373.8 -1.42097e-05
20381.4 -1.38394e-05
20389.1 -1.34728e-05
20396.7 -1.31101e-05
20404.4 -1.27512e-05
20412 -1.2396e-05
20419.7 -1.20445e-05
20427.3 -1.16967e-05
20435 -1.13524e-05
20442.6 -1.10118e-05
20450.3 -1.06747e-05
20457.9 -1.03411e-05
20465.6 -1.00109e-05
20473.2 -9.68421e-06
20480.9 -9.36089e-06
20488.5 -9.04094e-06
20496.2 -8.7243e-06
20503.8 -8.41096e-06
20511.5 -8.10087e-06
20519.1 -7.794e-06
20526.8 -7.49031e-06
20534.4 -7.18979e-06
20542.1 -6.89238e-06
20549.7 -6.59806e-06
20557.4 -6.3068e-06
20565 -6.01857e-06
20572.7 -5.73333e-06
20580.3 -5.45105e-06
20588 -5.1717e-06
20595.6 -4.89526e-06
20603.3 -4.62169e-06
20610.9 -4.35096e-06
20618.6 -4.08304e-06
20626.2 -3.81791e-06
20633.9 -3.55553e-06
20641.5 -3.29587e-06
20649.2 -3.03892e-06
20656.8 -2.78464e-06
20664.5 -2.533e-06
20672.1 -2.28398e-06
20679.8 -2.03754e-06
20687.4 -1.79367e-06
20695.1 -1.55234e-06
20702.7 -1.31351e-06
20710.4 -1.07717e-06
20718 -8.43294e-07
20725.7 -6.11848e-07
20733.3 -3.82812e-07
20741 -1.5616e-07
20748.6 6.81311e-08
20756.3 2.90086e-07
20763.9 5.09728e-07
20771.6 7.27082e-07
20779.2 9.42169e-07
20786.9 1.15501e-06
20794.5 1.36564e-06
20802.2 1.57407e-06
20809.8 1.78032e-06
20817.5 1.98442e-06
20825.1 2.18639e-06
20832.8 2.38625e-06
20840.4 2.58402e-06
20848.1 2.77972e-06
20855.7 2.97338e-06
20863.4 3.16501e-06
20871 3.35464e-06
20878.7 3.54228e-06
20886.3 3.72796e-06
20894 3.91169e-06
20901.6 4.0935e-06
20909.3 4.2734e-06
20916.9 4.45141e-06
20924.6 4.62755e-06
20932.2 4.80185e-06
20939.9 4.97432e-06
20947.5 5.14497e-06
20955.2 5.31383e-06
20962.8 5.48091e-06
20970.5 5.64623e-06
20978.1 5.80981e-06
20985.8 5.97167e-06
20993.4 6.13182e-06
21001.1 6.29028e-06
21008.7 6.44707e-06
21016.4 6.60221e-06
21024 6.7557e-06
21031.7 6.90757e-06
21039.3 7.05783e-06
21047 7.2065e-06
21054.6 7.3536e-06
21062.3 7.49914e-06
21069.9 7.64313e-06
21077.6 7.78559e-06
21085.2 7.92654e-06
21092.9 8.06599e-06
21100.5 8.20396e-06
21108.2 8.34045e-06
21115.8 8.4755e-06
21123.5 8.6091e-06
21131.1 8.74127e-06
21138.8 8.87203e-06
21146.4 9.00139e-06
21154.1 9.12937e-06
21161.7 9.25598e-06
21169.4 9.38122e-06
21177 9.50513e-06
21184.7 9.6277e-06
21192.3 9.74895e-06
21200 9.8689e-06
21207.7 9.98756e-06
21215.3 1.01049e-05
21223 1.0221e-05
21230.6 1.03359e-05
21238.3 1.04495e-05
21245.9 1.05619e-05
21253.6 1.0673e-05
21261.2 1.0783e-05
21268.9 1.08917e-05
21276.5 1.09993e-05
21284.2 1.11057e-05
21291.8 1.1211e-05
21299.5 1.13151e-05
21307.1 1.1418e-05
21314.8 1.15198e-05
21322.4 1.16205e-05
21330.1 1.17201e-05
21337.7 1.18186e-05
21345.4 1.19161e-05
21353 1.20124e-05
21360.7 1.21077e-05
21368.3 1.22019e-05
21376 1.22951e-05
21383.6 1.23873e-05
21391.3 1.24784e-05
21398.9 1.25685e-05
21406.6 1.26576e-05
21414.2 1.27457e-05
21421.9 1.28329e-05
21429.5 1.2919e-05
21437.2 1.30042e-05
21444.8 1.30885e-05
21452.5 1.31718e-05
21460.1 1.32541e-05
21467.8 1.33355e-05
21475.4 1.3416e-05
21483.1 1.34956e-05
21490.7 1.35743e-05
21498.4 1.36521e-05
21506 1.3729e-05
21513.7 1.3805e-05
21521.3 1.38802e-05
21529 1.39545e-05
21536.6 1.40279e-05
21544.3 1.41005e-05
21551.9 1.41723e-05
21559.6 1.42432e-05
21567.2 1.43133e-05
21574.9 1.43826e-05
21582.5 1.44511e-05
21590.2 1.45188e-05
21597.8 1.45857e-05
21605.5 1.46518e-05
21613.1 1.47172e-05
21620.8 1.47818e-05
21628.4 1.48456e-05
21636.1 1.49086e-05
21643.7 1.49709e-05
21651.4 1.50325e-05
21659 1.50934e-05
21666.7 1.51535e-05
21674.3 1.52129e-05
21682 1.52716e-05
21689.6 1.53296e-05
21697.3 1.53868e-05
21704.9 1.54434e-05
21712.6 1.54993e-05
21720.2 1.55546e-05
21727.9 1.56091e-05
21735.5 1.5663e-05
21743.2 1.57162e-05
21750.8 1.57688e-05
21758.5 1.58207e-05
21766.1 1.5872e-05
21773.8 1.59226e-05
21781.4 1.59726e-05
21789.1 1.6022e-05
21796.7 1.60708e-05
21804.4 1.6119e-05
21812 1.61665e-05
21819.7 1.62135e-05
21827.3 1.62598e-05
21835 1.63056e-05
21842.6 1.63508e-05
21850.3 1.63953e-05
21857.9 1.64394e-05
21865.6 1.64828e-05
21873.2 1.65257e-05
21880.9 1.65681e-05
21888.5 1.66098e-05
21896.2 1.66511e-05
21903.8 1.66918e-05
21911.5 1.67319e-05
21919.1 1.67715e-05
21926.8 1.68106e-05
21934.4 1.68492e-05
21942.1 1.68872e-05
21949.7 1.69248e-05
21957.4 1.69618e-05
21965 1.69983e-05
21972.7 1.70343e-05
21980.3 1.70699e-05
21988 1.71049e-05
21995.6 1.71395e-05
22003.3 1.71735e-05
22010.9 1.72071e-05
22018.6 1.72403e-05
22026.2 1.72729e-05
22033.9 1.73051e-05
22041.5 1.73368e-05
22049.2 1.73681e-05
22056.8 1.7399e-05
22064.5 1.74293e-05
22072.1 1.74593e-05
22079.8 1.74888e-05
22087.4 1.75178e-05
22095.1 1.75465e-05
22102.7 1.75747e-05
22110.4 1.76025e-05
22118 1.76298e-05
22125.7 1.76568e-05
22133.3 1.76833e-05
22141 1.77094e-05
22148.6 1.77352e-05
22156.3 1.77605e-05
22163.9 1.77854e-05
22171.6 1.781e-05
22179.2 1.78341e-05
22186.9 1.78579e-05
22194.5 1.78813e-05
22202.2 1.79043e-05
22209.8 1.79269e-05
22217.5 1.79491e-05
22225.1 1.7971e-05
22232.8 1.79926e-05
22240.4 1.80137e-05
22248.1 1.80345e-05
22255.7 1.8055e-05
22263.4 1.80751e-05
22271 1.80948e-05
22278.7 1.81142e-05
22286.3 1.81333e-05
22294 1.8152e-05
22301.6 1.81704e-05
22309.3 1.81884e-05
22316.9 1.82062e-05
22324.6 1.82236e-05
22332.2 1.82406e-05
22339.9 1.82574e-05
22347.5 1.82738e-05
22355.2 1.82899e-05
22362.8 1.83057e-05
22370.5 1.83212e-05
22378.1 1.83364e-05
22385.8 1.83513e-05
22393.4 1.83659e-05
22401.1 1.83802e-05
22408.7 1.83942e-05
22416.4 1.84079e-05
22424 1.84213e-05
22431.7 1.84344e-05
22439.3 1.84472e-05
22447 1.84598e-05
22454.6 1.84721e-05
22462.3 1.84841e-05
22469.9 1.84958e-05
22477.6 1.85072e-05
22485.2 1.85184e-05
22492.9 1.85293e-05
22500.5 1.854e-05
22508.2 1.85504e-05
22515.8 1.85605e-05
22523.5 1.85704e-05
22531.1 1.858e-05
22538.8 1.85894e-05
22546.4 1.85985e-05
22554.1 1.86073e-05
22561.7 1.86159e-05
22569.4 1.86243e-05
22577 1.86325e-05
22584.7 1.86403e-05
22592.3 1.8648e-05
22600 1.86554e-05
22607.7 1.86626e-05
22615.3 1.86696e-05
22623 1.86763e-05
22630.6 1.86828e-05
22638.3 1.86891e-05
22645.9 1.86951e-05
22653.6 1.8701e-05
22661.2 1.87066e-05
22668.9 1.8712e-05
22676.5 1.87172e-05
22684.2 1.87222e-05
22691.8 1.87269e-05
22699.5 1.87315e-05
22707.1 1.87358e-05
22714.8 1.874e-05
22722.4 1.87439e-05
22730.1 1.87477e-05
22737.7 1.87512e-05
22745.4 1.87545e-05
22753 1.87577e-05
22760.7 1.87606e-05
22768.3 1.87634e-05
22776 1.8766e-05
22783.6 1.87684e-05
22791.3 1.87706e-05
22798.9 1.87726e-05
22806.6 1.87744e-05
22814.2 1.87761e-05
22821.9 1.87775e-05
22829.5 1.87788e-05
22837.2 1.87799e-05
22844.8 1.87809e-05
22852.5 1.87816e-05
22860.1 1.87822e-05
22867.8 1.87827e-05
22875.4 1.87829e-05
22883.1 1.8783e-05
22890.7 1.87829e-05
22898.4 1.87827e-05
22906 1.87823e-05
22913.7 1.87817e-05
22921.3 1.8781e-05
22929 1.87801e-05
22936.6 1.87791e-05
22944.3 1.87779e-05
22951.9 1.87766e-05
22959.6 1.87751e-05
22967.2 1.87734e-05
22974.9 1.87716e-05
22982.5 1.87697e-05
22990.2 1.87676e-05
22997.8 1.87654e-05
23005.5 1.8763e-05
23013.1 1.87605e-05
23020.8 1.87578e-05
23028.4 1.8755e-05
23036.1 1.87521e-05
23043.7 1.8749e-05
23051.4 1.87458e-05
23059 1.87424e-05
23066.7 1.87389e-05
23074.3 1.87353e-05
23082 1.87316e-05
23089.6 1.87277e-05
23097.3 1.87237e-05
23104.9 1.87196e-05
23112.6 1.87153e-05
23120.2 1.87109e-05
23127.9 1.87064e-05
23135.5 1.87018e-05
23143.2 1.86971e-05
23150.8 1.86922e-05
23158.5 1.86872e-05
23166.1 1.86821e-05
23173.8 1.86769e-05
23181.4 1.86715e-05
23189.1 1.86661e-05
23196.7 1.86605e-05
23204.4 1.86549e-05
23212 1.86491e-05
23219.7 1.86432e-05
23227.3 1.86372e-05
23235 1.86311e-05
23242.6 1.86248e-05
23250.3 1.86185e-05
23257.9 1.86121e-05
23265.6 1.86055e-05
23273.2 1.85989e-05
23280.9 1.85922e-05
23288.5 1.85853e-05
23296.2 1.85784e-05
23303.8 1.85713e-05
23311.5 1.85642e-05
23319.1 1.8557e-05
23326.8 1.85496e-05
23334.4 1.85422e-05
23342.1 1.85347e-05
23349.7 1.85271e-05
23357.4 1.85194e-05
23365 1.85116e-05
23372.7 1.85037e-05
23380.3 1.84957e-05
23388 1.84876e-05
23395.6 1.84795e-05
23403.3 1.84712e-05
23410.9 1.84629e-05
23418.6 1.84545e-05
23426.2 1.8446e-05
23433.9 1.84374e-05
23441.5 1.84287e-05
23449.2 1.842e-05
23456.8 1.84111e-05
23464.5 1.84022e-05
23472.1 1.83932e-05
23479.8 1.83842e-05
23487.4 1.8375e-05
23495.1 1.83658e-05
23502.7 1.83565e-05
23510.4 1.83471e-05
23518 1.83377e-05
23525.7 1.83282e-05
23533.3 1.83186e-05
23541 1.83089e-05
23548.6 1.82991e-05
23556.3 1.82893e-05
23563.9 1.82794e-05
23571.6 1.82695e-05
23579.2 1.82595e-05
23586.9 1.82494e-05
23594.5 1.82392e-05
23602.2 1.8229e-05
23609.8 1.82187e-05
23617.5 1.82083e-05
23625.1 1.81979e-05
23632.8 1.81874e-05
23640.4 1.81769e-05
23648.1 1.81663e-05
23655.7 1.81556e-05
23663.4 1.81449e-05
23671 1.81341e-05
23678.7 1.81232e-05
23686.3 1.81123e-05
23694 1.81013e-05
23701.6 1.80903e-05
23709.3 1.80792e-05
23716.9 1.8068e-05
23724.6 1.80568e-05
23732.2 1.80456e-05
23739.9 1.80342e-05
23747.5 1.80229e-05
23755.2 1.80114e-05
23762.8 1.8e-05
23770.5 1.79884e-05
23778.1 1.79768e-05
23785.8 1.79652e-05
23793.4 1.79535e-05
23801.1 1.79418e-05
23808.7 1.793e-05
23816.4 1.79181e-05
23824 1.79062e-05
23831.7 1.78943e-05
23839.3 1.78823e-05
23847 1.78703e-05
23854.6 1.78582e-05
23862.3 1.78461e-05
23869.9 1.78339e-05
23877.6 1.78217e-05
23885.2 1.78094e-05
23892.9 1.77971e-05
23900.5 1.77848e-05
23908.2 1.77724e-05
23915.8 1.776e-05
23923.5 1.77475e-05
23931.1 1.7735e-05
23938.8 1.77224e-05
23946.4 1.77098e-05
23954.1 1.76971e-05
23961.7 1.76845e-05
23969.4 1.76717e-05
23977 1.7659e-05
23984.7 1.76462e-05
23992.3 1.76333e-05
24000 1.76205e-05
