W N1
10000 0.000213752
10007.7 0.000214325
10015.3 0.0002149
10023 0.000215477
10030.6 0.000216056
10038.3 0.000216637
10045.9 0.000217219
10053.6 0.000217804
10061.2 0.000218391
10068.9 0.000218979
10076.5 0.000219569
10084.2 0.000220162
10091.8 0.000220756
10099.5 0.000221352
10107.1 0.00022195
10114.8 0.00022255
10122.4 0.000223152
10130.1 0.000223756
10137.7 0.000224361
10145.4 0.000224969
10153 0.000225578
10160.7 0.000226189
10168.3 0.000226802
10176 0.000227417
10183.6 0.000228034
10191.3 0.000228652
10198.9 0.000229272
10206.6 0.000229894
10214.2 0.000230518
10221.9 0.000231144
10229.5 0.000231771
10237.2 0.0002324
10244.8 0.000233031
10252.5 0.000233664
10260.1 0.000234298
10267.8 0.000234934
10275.4 0.000235572
10283.1 0.000236211
10290.7 0.000236852
10298.4 0.000237494
10306 0.000238138
10313.7 0.000238784
10321.3 0.000239431
10329 0.00024008
10336.6 0.00024073
10344.3 0.000241382
10351.9 0.000242035
10359.6 0.00024269
10367.2 0.000243346
10374.9 0.000244003
10382.5 0.000244662
10390.2 0.000245322
10397.8 0.000245983
10405.5 0.000246646
10413.1 0.00024731
10420.8 0.000247975
10428.4 0.000248641
10436.1 0.000249308
10443.7 0.000249976
10451.4 0.000250646
10459 0.000251316
10466.7 0.000251988
10474.3 0.00025266
10482 0.000253333
10489.6 0.000254007
10497.3 0.000254682
10504.9 0.000255357
10512.6 0.000256033
10520.2 0.00025671
10527.9 0.000257388
10535.5 0.000258066
10543.2 0.000258744
10550.8 0.000259423
10558.5 0.000260102
10566.1 0.000260782
10573.8 0.000261461
10581.4 0.000262141
10589.1 0.000262821
10596.7 0.000263501
10604.4 0.000264181
10612 0.000264861
10619.7 0.000265541
10627.3 0.00026622
10635 0.000266899
10642.6 0.000267578
10650.3 0.000268256
10657.9 0.000268933
10665.6 0.00026961
10673.2 0.000270286
10680.9 0.000270961
10688.5 0.000271635
10696.2 0.000272308
10703.8 0.00027298
10711.5 0.000273651
10719.1 0.00027432
10726.8 0.000274987
10734.4 0.000275653
10742.1 0.000276317
10749.7 0.00027698
10757.4 0.00027764
10765 0.000278298
10772.7 0.000278954
10780.3 0.000279607
10788 0.000280258
10795.6 0.000280906
10803.3 0.000281552
10810.9 0.000282194
10818.6 0.000282833
10826.2 0.000283469
10833.9 0.000284101
10841.5 0.000284729
10849.2 0.000285353
10856.8 0.000285974
10864.5 0.00028659
10872.1 0.000287202
10879.8 0.000287808
10887.4 0.00028841
10895.1 0.000289007
10902.7 0.000289598
10910.4 0.000290184
10918 0.000290764
10925.7 0.000291338
10933.3 0.000291905
10941 0.000292465
10948.6 0.000293019
10956.3 0.000293565
10963.9 0.000294103
10971.6 0.000294633
10979.2 0.000295155
10986.9 0.000295668
10994.5 0.000296172
11002.2 0.000296666
11009.8 0.00029715
11017.5 0.000297623
11025.1 0.000298085
11032.8 0.000298534
11040.4 0.000298971
11048.1 0.000299394
11055.7 0.000299801
11063.4 0.000300193
11071 0.000300566
11078.7 0.000300918
11086.3 0.000301247
11094 0.000301547
11101.6 0.000301809
11109.3 0.000302019
11116.9 0.000302139
11124.6 0.0003021
11132.2 0.000303548
11139.9 0.000305349
11147.5 0.000307523
11155.2 0.00030864
11162.8 0.000309212
11170.5 0.000309696
11178.1 0.000309992
11185.8 0.000310036
11193.4 0.000309962
11201.1 0.00030989
11208.7 0.000310259
11216.4 0.000310682
11224 0.000311156
11231.7 0.000311294
11239.3 0.000311348
11247 0.000311326
11254.6 0.000311495
11262.3 0.000311827
11269.9 0.00031222
11277.6 0.000312408
11285.2 0.000311942
11292.9 0.000311305
11300.5 0.000310521
11308.2 0.000310431
11315.8 0.000310402
11323.5 0.000310357
11331.1 0.00031057
11338.8 0.000310975
11346.4 0.000311476
11354.1 0.000311794
11361.7 0.000311418
11369.4 0.00031093
11377 0.000310385
11384.7 0.0003094
11392.3 0.000308242
11400 0.000306882
11407.7 0.000306136
11415.3 0.000306066
11423 0.000306098
11430.6 0.000306113
11438.3 0.000305607
11445.9 0.000305015
11453.6 0.000304347
11461.2 0.000303907
11468.9 0.000303584
11476.5 0.000303341
11484.2 0.000302622
11491.8 0.000300415
11499.5 0.000297855
11507.1 0.000294807
11514.8 0.000294212
11522.4 0.000294099
11530.1 0.00029418
11537.7 0.000293841
11545.4 0.000292559
11553 0.000291153
11560.7 0.000289685
11568.3 0.000287789
11576 0.000285748
11583.6 0.000283586
11591.3 0.000281367
11598.9 0.000279125
11606.6 0.000276769
11614.2 0.000274221
11621.9 0.000272706
11629.5 0.000271291
11637.2 0.00026992
11644.8 0.000268242
11652.5 0.00026596
11660.1 0.00026358
11667.8 0.000261182
11675.4 0.000257641
11683.1 0.000253708
11690.7 0.000249523
11698.4 0.000245651
11706 0.000243064
11713.7 0.000240501
11721.3 0.000237912
11729 0.000235266
11736.6 0.000232566
11744.3 0.000229825
11751.9 0.000226939
11759.6 0.000223186
11767.2 0.00021927
11774.9 0.000215235
11782.5 0.000210708
11790.2 0.000205638
11797.8 0.00020035
11805.5 0.000194774
11813.1 0.000191161
11820.8 0.000187777
11828.4 0.000184402
11836.1 0.000180632
11843.7 0.000175534
11851.4 0.000170245
11859 0.000164809
11866.7 0.000158812
11874.3 0.000152323
11882 0.000145625
11889.6 0.000138688
11897.3 0.000133085
11904.9 0.00012752
11912.6 0.000121856
11920.2 0.000116045
11927.9 0.000109989
11935.5 0.000103802
11943.2 9.74916e-05
11950.8 9.05602e-05
11958.5 8.2964e-05
11966.1 7.51822e-05
11973.8 6.72276e-05
11981.4 5.87797e-05
11989.1 5.0051e-05
11996.7 4.11324e-05
12004.4 3.21093e-05
12012 2.52054e-05
12019.7 1.82038e-05
12027.3 1.10804e-05
12035 3.41745e-06
12042.6 -5.55964e-06
12050.3 -1.47199e-05
12057.9 -2.40556e-05
12065.6 -3.40076e-05
12073.2 -4.46208e-05
12080.9 -5.54128e-05
12088.5 -6.63704e-05
12096.2 -7.6399e-05
12103.8 -8.60838e-05
12111.5 -9.59349e-05
12119.1 -0.000105954
12126.8 -0.000116351
12134.4 -0.00012695
12142.1 -0.000137722
12149.7 -0.000148693
12157.4 -0.000161008
12165 -0.000173455
12172.7 -0.000186038
12180.3 -0.000198571
12188 -0.000210374
12195.6 -0.000222349
12203.3 -0.000234473
12210.9 -0.000246567
12218.6 -0.000258409
12226.2 -0.000270432
12233.9 -0.000282643
12241.5 -0.000295531
12249.2 -0.000309283
12256.8 -0.000323138
12264.5 -0.000337119
12272.1 -0.000351504
12279.8 -0.000366256
12287.4 -0.000381048
12295.1 -0.000395828
12302.7 -0.000409198
12310.4 -0.000421679
12318 -0.000434412
12325.7 -0.000447386
12333.3 -0.000461468
12341 -0.000476209
12348.6 -0.000491027
12356.3 -0.000505993
12363.9 -0.000522259
12371.6 -0.000539103
12379.2 -0.000555792
12386.9 -0.000572235
12394.5 -0.000586174
12402.2 -0.000599161
12409.8 -0.000612478
12417.5 -0.000626109
12425.1 -0.000641427
12432.8 -0.000657493
12440.4 -0.000673461
12448.1 -0.000689384
12455.7 -0.000705353
12463.4 -0.000721308
12471 -0.00073717
12478.7 -0.000752888
12486.3 -0.000767705
12494 -0.000782008
12501.6 -0.000796408
12509.3 -0.000810856
12516.9 -0.000825507
12524.6 -0.000840286
12532.2 -0.000854975
12539.9 -0.000869598
12547.5 -0.000884799
12555.2 -0.000900525
12562.8 -0.000915327
12570.5 -0.000928658
12578.1 -0.000936332
12585.8 -0.000946191
12593.4 -0.000961371
12601.1 -0.000980725
12608.7 -0.00100794
12616.4 -0.00103624
12624 -0.00105802
12631.7 -0.00107762
12639.3 -0.00109613
12647 -0.00111513
12654.6 -0.00113218
12662.3 -0.00114749
12669.9 -0.00116056
12677.6 -0.00117021
12685.2 -0.00118233
12692.9 -0.00119509
12700.5 -0.00120802
12708.2 -0.00122019
12715.8 -0.0012319
12723.5 -0.00124375
12731.1 -0.00125571
12738.8 -0.00126818
12746.4 -0.00128132
12754.1 -0.00129426
12761.7 -0.00130712
12769.4 -0.00132022
12777 -0.00133289
12784.7 -0.00134438
12792.3 -0.00135495
12800 -0.00136404
12807.7 -0.00137047
12815.3 -0.00137946
12823 -0.00138967
12830.6 -0.00140114
12838.3 -0.00141599
12845.9 -0.00142959
12853.6 -0.00144182
12861.2 -0.00145295
12868.9 -0.00146187
12876.5 -0.00146943
12884.2 -0.00147793
12891.8 -0.00148689
12899.5 -0.00149653
12907.1 -0.00150748
12914.8 -0.0015167
12922.4 -0.00152481
12930.1 -0.0015316
12937.7 -0.00153596
12945.4 -0.00154249
12953 -0.0015496
12960.7 -0.00155654
12968.3 -0.00156149
12976 -0.00156705
12983.6 -0.00157549
12991.3 -0.00158563
12998.9 -0.00159758
13006.6 -0.00161104
13014.2 -0.00162307
13021.9 -0.00163544
13029.5 -0.00164888
13037.2 -0.00166641
13044.8 -0.00168306
13052.5 -0.00169736
13060.1 -0.00171038
13067.8 -0.00172227
13075.4 -0.0017328
13083.1 -0.0017431
13090.7 -0.00175287
13098.4 -0.0017618
13106 -0.0017685
13113.7 -0.00177653
13121.3 -0.0017855
13129 -0.00179484
13136.6 -0.00180405
13144.3 -0.00181218
13151.9 -0.00182221
13159.6 -0.00183368
13167.2 -0.00184701
13174.9 -0.00186537
13182.5 -0.00188142
13190.2 -0.0018951
13197.8 -0.00190747
13205.5 -0.00191867
13213.1 -0.00192916
13220.8 -0.00193992
13228.4 -0.00195025
13236.1 -0.00195973
13243.7 -0.00196619
13251.4 -0.00197332
13259 -0.0019828
13266.7 -0.00199392
13274.3 -0.00200719
13282 -0.0020247
13289.6 -0.00203883
13297.3 -0.00205148
13304.9 -0.00206324
13312.6 -0.00207429
13320.2 -0.00208489
13327.9 -0.00209487
13335.5 -0.00210403
13343.2 -0.00211195
13350.8 -0.00211632
13358.5 -0.00212308
13366.1 -0.00213166
13373.8 -0.0021413
13381.4 -0.00215182
13389.1 -0.00216327
13396.7 -0.00217508
13404.4 -0.00218742
13412 -0.00220044
13419.7 -0.00221461
13427.3 -0.00222965
13435 -0.0022442
13442.6 -0.00225902
13450.3 -0.00227452
13457.9 -0.00229211
13465.6 -0.00230783
13473.2 -0.00232244
13480.9 -0.00233668
13488.5 -0.00235105
13496.2 -0.00236712
13503.8 -0.00238102
13511.5 -0.0023932
13519.1 -0.00240371
13526.8 -0.00241164
13534.4 -0.00241613
13542.1 -0.00242453
13549.7 -0.0024341
13557.4 -0.00244414
13565 -0.0024538
13572.7 -0.00246315
13580.3 -0.00247471
13588 -0.0024876
13595.6 -0.00250188
13603.3 -0.00251898
13610.9 -0.00253592
13618.6 -0.00255182
13626.2 -0.00256748
13633.9 -0.00258313
13641.5 -0.00259902
13649.2 -0.00261457
13656.8 -0.00262998
13664.5 -0.00264532
13672.1 -0.00266058
13679.8 -0.00267546
13687.4 -0.00269083
13695.1 -0.00270661
13702.7 -0.00272275
13710.4 -0.00273934
13718 -0.00275699
13725.7 -0.00277442
13733.3 -0.00279168
13741 -0.00280885
13748.6 -0.0028259
13756.3 -0.00284235
13763.9 -0.00285923
13771.6 -0.00287649
13779.2 -0.00289407
13786.9 -0.00291205
13794.5 -0.00293078
13802.2 -0.00294949
13809.8 -0.00296825
13817.5 -0.00298714
13825.1 -0.00300626
13832.8 -0.00302552
13840.4 -0.00304403
13848.1 -0.00306223
13855.7 -0.00308005
13863.4 -0.00309715
13871 -0.00311304
13878.7 -0.0031307
13886.3 -0.00314898
13894 -0.00316751
13901.6 -0.00318586
13909.3 -0.00320342
13916.9 -0.00322313
13924.6 -0.00324393
13932.2 -0.00326556
13939.9 -0.00328793
13947.5 -0.00331102
13955.2 -0.0033343
13962.8 -0.00335792
13970.5 -0.00338183
13978.1 -0.00340587
13985.8 -0.00342937
13993.4 -0.00345449
14001.1 -0.00348076
14008.7 -0.003508
14016.4 -0.00353628
14024 -0.00356613
14031.7 -0.00359599
14039.3 -0.00362613
14047 -0.0036568
14054.6 -0.00368822
14062.3 -0.00372133
14069.9 -0.00375397
14077.6 -0.00378605
14085.2 -0.00381797
14092.9 -0.00384976
14100.5 -0.00388115
14108.2 -0.00391262
14115.8 -0.00394462
14123.5 -0.0039768
14131.1 -0.00400888
14138.8 -0.00404014
14146.4 -0.00407043
14154.1 -0.00410379
14161.7 -0.00413858
14169.4 -0.00417451
14177 -0.0042115
14184.7 -0.00424969
14192.3 -0.00428841
14200 -0.00432785
14207.7 -0.00436813
14215.3 -0.00440948
14223 -0.00445287
14230.6 -0.00449583
14238.3 -0.00453871
14245.9 -0.00458199
14253.6 -0.00462611
14261.2 -0.00467267
14268.9 -0.00471925
14276.5 -0.00476318
14284.2 -0.00480603
14291.8 -0.00484816
14299.5 -0.00488986
14307.1 -0.00493132
14314.8 -0.00497095
14322.4 -0.00500931
14330.1 -0.00504643
14337.7 -0.00508223
14345.4 -0.00511674
14353 -0.00515052
14360.7 -0.00518279
14368.3 -0.00521325
14376 -0.00524143
14383.6 -0.00526573
14391.3 -0.00528703
14398.9 -0.00531032
14406.6 -0.00533331
14414.2 -0.00535579
14421.9 -0.00537854
14429.5 -0.00540668
14437.2 -0.00542552
14444.8 -0.00543672
14452.5 -0.00544051
14460.1 -0.00543528
14467.8 -0.00541031
14475.4 -0.00538009
14483.1 -0.005358
14490.7 -0.00533737
14498.4 -0.00531722
14506 -0.00529949
14513.7 -0.0052955
14521.3 -0.00527254
14529 -0.00523577
14536.6 -0.00518659
14544.3 -0.00512388
14551.9 -0.00503763
14559.6 -0.00493947
14567.2 -0.00484381
14574.9 -0.00474479
14582.5 -0.00464179
14590.2 -0.00453713
14597.8 -0.00444318
14605.5 -0.00432464
14613.1 -0.00418718
14620.8 -0.00403265
14628.4 -0.00385929
14636.1 -0.00365451
14643.7 -0.00340877
14651.4 -0.0031872
14659 -0.00297354
14666.7 -0.00276776
14674.3 -0.00257593
14682 -0.0024345
14689.6 -0.0022662
14697.3 -0.00207282
14704.9 -0.001865
14712.6 -0.00164557
14720.2 -0.00141232
14727.9 -0.0011502
14735.5 -0.000903012
14743.2 -0.000663994
14750.8 -0.000431568
14758.5 -0.000205981
14766.1 9.80715e-06
14773.8 0.000212973
14781.4 0.000413583
14789.1 0.000608694
14796.7 0.000796637
14804.4 0.00097449
14812 0.00112092
14819.7 0.00125475
14827.3 0.00139346
14835 0.00153365
14842.6 0.00167551
14850.3 0.00182296
14857.9 0.00199501
14865.6 0.00214322
14873.2 0.0022748
14880.9 0.00239334
14888.5 0.00249993
14896.2 0.00259437
14903.8 0.00267782
14911.5 0.0027553
14919.1 0.00282475
14926.8 0.00288613
14934.4 0.0029397
14942.1 0.00298585
14949.7 0.00302987
14957.4 0.00306726
14965 0.00309833
14972.7 0.00312369
14980.3 0.00314416
14988 0.00316366
14995.6 0.00318618
15003.3 0.00320134
15010.9 0.00321042
15018.6 0.00321375
15026.2 0.00321109
15033.9 0.00319775
15041.5 0.00318151
15049.2 0.00316595
15056.8 0.00314996
15064.5 0.00313355
15072.1 0.00311726
15079.8 0.00310428
15087.4 0.00308898
15095.1 0.00307092
15102.7 0.00305102
15110.4 0.00302964
15118 0.00300698
15125.7 0.00298222
15133.3 0.00295405
15141 0.00292453
15148.6 0.00289358
15156.3 0.00286091
15163.9 0.00282569
15171.6 0.00278315
15179.2 0.00274204
15186.9 0.00270293
15194.5 0.00266465
15202.2 0.00262676
15209.8 0.00258898
15217.5 0.0025502
15225.1 0.00251113
15232.8 0.00247269
15240.4 0.00243484
15248.1 0.0023978
15255.7 0.00236224
15263.4 0.00233206
15271 0.00229864
15278.7 0.00226193
15286.3 0.00222318
15294 0.00218266
15301.6 0.00214032
15309.3 0.00209469
15316.9 0.00204942
15324.6 0.00200461
15332.2 0.00195958
15339.9 0.00191406
15347.5 0.00186768
15355.2 0.00181858
15362.8 0.0017698
15370.5 0.0017236
15378.1 0.00167882
15385.8 0.00163535
15393.4 0.00159338
15401.1 0.00155396
15408.7 0.00151746
15416.4 0.00147879
15424 0.00143988
15431.7 0.00140125
15439.3 0.00136331
15447 0.00132685
15454.6 0.00129387
15462.3 0.00125846
15469.9 0.00122213
15477.6 0.00118545
15485.2 0.00114871
15492.9 0.00111225
15500.5 0.00107697
15508.2 0.00104072
15515.8 0.00100389
15523.5 0.000966641
15531.1 0.000928912
15538.8 0.000890342
15546.4 0.000848554
15554.1 0.000807725
15561.7 0.000769555
15569.4 0.000732785
15577 0.000696984
15584.7 0.000661717
15592.3 0.000625837
15600 0.000588004
15607.7 0.000555598
15615.3 0.000526234
15623 0.00049939
15630.6 0.000474814
15638.3 0.000452232
15645.9 0.000430551
15653.6 0.000412325
15661.2 0.000397389
15668.9 0.000385584
15676.5 0.00037703
15684.2 0.000372114
15691.8 0.00037278
15699.5 0.000377762
15707.1 0.000382486
15714.8 0.000388895
15722.4 0.000397517
15730.1 0.000408757
15737.7 0.000423255
15745.4 0.00044196
15753 0.000459977
15760.7 0.000479143
15768.3 0.000499966
15776 0.000522721
15783.6 0.000547736
15791.3 0.000576674
15798.9 0.00060762
15806.6 0.000637923
15814.2 0.000668437
15821.9 0.000699154
15829.5 0.000729808
15837.2 0.000759736
15844.8 0.000786215
15852.5 0.000814003
15860.1 0.000842483
15867.8 0.000870914
15875.4 0.000898776
15883.1 0.000925539
15890.7 0.000950242
15898.4 0.000974372
15906 0.000997988
15913.7 0.00101974
15921.3 0.001039
15929 0.0010552
15936.6 0.00106763
15944.3 0.00107393
15951.9 0.00107785
15959.6 0.0010795
15967.2 0.0010782
15974.9 0.0010737
15982.5 0.00106588
15990.2 0.00105469
15997.8 0.00104023
16005.5 0.00102247
16013.1 0.0010015
16020.8 0.000977586
16028.4 0.000951193
16036.1 0.00092312
16043.7 0.000896279
16051.4 0.000868973
16059 0.000834134
16066.7 0.000795106
16074.3 0.000752765
16082 0.000707642
16089.6 0.000660116
16097.3 0.000610228
16104.9 0.000558477
16112.6 0.000505387
16120.2 0.000451064
16127.9 0.000395565
16135.5 0.000338765
16143.2 0.000279954
16150.8 0.000215733
16158.5 0.000156541
16166.1 0.000100497
16173.8 4.66505e-05
16181.4 -5.32765e-06
16189.1 -5.56631e-05
16196.7 -0.000104788
16204.4 -0.000153735
16212 -0.000198545
16219.7 -0.000240155
16227.3 -0.000278681
16235 -0.000313921
16242.6 -0.000345288
16250.3 -0.000370745
16257.9 -0.000387769
16265.6 -0.000410805
16273.2 -0.00043505
16280.9 -0.000459402
16288.5 -0.000483312
16296.2 -0.000506271
16303.8 -0.000527069
16311.5 -0.000545193
16319.1 -0.000566992
16326.8 -0.000590262
16334.4 -0.000614741
16342.1 -0.000640579
16349.7 -0.000668386
16357.4 -0.000700635
16365 -0.000737336
16372.7 -0.000766459
16380.3 -0.000792842
16388 -0.000817493
16395.6 -0.000840979
16403.3 -0.000863854
16410.9 -0.000887397
16418.6 -0.000911902
16426.2 -0.000931705
16433.9 -0.000949033
16441.5 -0.000964309
16449.2 -0.000977677
16456.8 -0.000989104
16464.5 -0.000998128
16472.1 -0.00100444
16479.8 -0.00101136
16487.4 -0.00101769
16495.1 -0.00102315
16502.7 -0.00102757
16510.4 -0.00103069
16518 -0.00103188
16525.7 -0.00103007
16533.3 -0.00102996
16541 -0.00103002
16548.6 -0.00102983
16556.3 -0.00102916
16563.9 -0.00102781
16571.6 -0.00102539
16579.2 -0.00102096
16586.9 -0.00101753
16594.5 -0.00101419
16602.2 -0.0010106
16609.8 -0.00100649
16617.5 -0.00100159
16625.1 -0.000995275
16632.8 -0.000984798
16640.4 -0.000976887
16648.1 -0.000970833
16655.7 -0.00096578
16663.4 -0.000961462
16671 -0.000957783
16678.7 -0.000954774
16686.3 -0.000952987
16694 -0.000951293
16701.6 -0.000949359
16709.3 -0.000947578
16716.9 -0.000946147
16724.6 -0.000945308
16732.2 -0.000945493
16739.9 -0.000948068
16747.5 -0.000954069
16755.2 -0.0009556
16762.8 -0.000955554
16770.5 -0.000954625
16778.1 -0.000953247
16785.8 -0.000951891
16793.4 -0.000951484
16801.1 -0.000955181
16808.7 -0.000953974
16816.4 -0.000949848
16824 -0.00094379
16831.7 -0.000936227
16839.3 -0.000927473
16847 -0.000917924
16854.6 -0.000909268
16862.3 -0.000899132
16869.9 -0.000885689
16877.6 -0.000869936
16885.2 -0.000852071
16892.9 -0.000832095
16900.5 -0.000809838
16908.2 -0.000784653
16915.8 -0.00075467
16923.5 -0.00072591
16931.1 -0.000696783
16938.8 -0.000666713
16946.4 -0.000635345
16954.1 -0.000602286
16961.7 -0.000566819
16969.4 -0.000525246
16977 -0.000484233
16984.7 -0.000445717
16992.3 -0.000407813
17000 -0.0003699
17007.7 -0.000331538
17015.3 -0.000292196
17023 -0.000250684
17030.6 -0.000203857
17038.3 -0.00016227
17045.9 -0.000123147
17053.6 -8.56347e-05
17061.2 -4.94513e-05
17068.9 -1.45316e-05
17076.5 1.89907e-05
17084.2 5.01532e-05
17091.8 8.00738e-05
17099.5 0.000111011
17107.1 0.000141811
17114.8 0.000172171
17122.4 0.000201864
17130.1 0.000230626
17137.7 0.00025797
17145.4 0.000281789
17153 0.000306557
17160.7 0.000331937
17168.3 0.000357237
17176 0.000382145
17183.6 0.000406429
17191.3 0.000429836
17198.9 0.000451919
17206.6 0.000471547
17214.2 0.000491582
17221.9 0.000511265
17229.5 0.000530267
17237.2 0.000548376
17244.8 0.00056539
17252.5 0.000581033
17260.1 0.00059455
17267.8 0.000606084
17275.4 0.0006184
17283.1 0.000630227
17290.7 0.000641263
17298.4 0.00065131
17306 0.000660169
17313.7 0.000667517
17321.3 0.000671779
17329 0.000675353
17336.6 0.000679791
17344.3 0.000684216
17351.9 0.00068844
17359.6 0.000692429
17367.2 0.000696252
17374.9 0.000700143
17382.5 0.000705466
17390.2 0.000709485
17397.8 0.000711993
17405.5 0.000713571
17413.1 0.00071446
17420.8 0.000714855
17428.4 0.000714983
17436.1 0.000715236
17443.7 0.000717289
17451.4 0.000717657
17459 0.000716512
17466.7 0.000714448
17474.3 0.000711715
17482 0.000708491
17489.6 0.000704934
17497.3 0.000701246
17504.9 0.00069797
17512.6 0.000693932
17520.2 0.000689406
17527.9 0.000684623
17535.5 0.000679712
17543.2 0.000674777
17550.8 0.000669925
17558.5 0.000665315
17566.1 0.000661571
17573.8 0.000657642
17581.4 0.000653484
17589.1 0.000649305
17596.7 0.000645202
17604.4 0.000641248
17612 0.000637515
17619.7 0.000634111
17627.3 0.000631423
17635 0.000628389
17642.6 0.000625194
17650.3 0.000622015
17657.9 0.000618907
17665.6 0.000615897
17673.2 0.000612998
17680.9 0.000610216
17688.5 0.000607598
17696.2 0.000605288
17703.8 0.000603005
17711.5 0.000600738
17719.1 0.000598448
17726.8 0.000596074
17734.4 0.000593509
17742.1 0.000590544
17749.7 0.000586434
17757.4 0.000581065
17765 0.000577877
17772.7 0.000575565
17780.3 0.000573865
17788 0.000572653
17795.6 0.000571856
17803.3 0.00057143
17810.9 0.00057137
17818.6 0.000571723
17826.2 0.000572135
17833.9 0.000572671
17841.5 0.000573334
17849.2 0.000574114
17856.8 0.000574998
17864.5 0.000575979
17872.1 0.000577072
17879.8 0.000578514
17887.4 0.000579874
17895.1 0.000580995
17902.7 0.000581892
17910.4 0.000582518
17918 0.000582782
17925.7 0.000582528
17933.3 0.000581425
17941 0.00057817
17948.6 0.000573152
17956.3 0.000571259
17963.9 0.000570548
17971.6 0.000570643
17979.2 0.000571371
17986.9 0.000572623
17994.5 0.000574315
18002.2 0.000576317
18009.8 0.000578453
18017.5 0.000581917
18025.1 0.000586286
18032.8 0.000591525
18040.4 0.000597713
18048.1 0.000605028
18055.7 0.000613817
18063.4 0.000624864
18071 0.000641997
18078.7 0.000659992
18086.3 0.000671497
18094 0.000680358
18101.6 0.000687332
18109.3 0.000692711
18116.9 0.000696572
18124.6 0.000698793
18132.2 0.000698797
18139.9 0.000694148
18147.5 0.000692442
18155.2 0.000692065
18162.8 0.00069226
18170.5 0.000692762
18178.1 0.000693434
18185.8 0.000694194
18193.4 0.00069498
18201.1 0.00069571
18208.7 0.000696069
18216.4 0.000696529
18224 0.00069704
18231.7 0.000697573
18239.3 0.000698118
18247 0.000698668
18254.6 0.000699224
18262.3 0.0006998
18269.9 0.000700543
18277.6 0.000701459
18285.2 0.000702229
18292.9 0.0007029
18300.5 0.000703483
18308.2 0.000703983
18315.8 0.000704395
18323.5 0.000704711
18331.1 0.000704903
18338.8 0.000704719
18346.4 0.000704436
18354.1 0.000704204
18361.7 0.000703986
18369.4 0.000703774
18377 0.000703564
18384.7 0.000703364
18392.3 0.000703187
18400 0.00070308
18407.7 0.00070339
18415.3 0.000703601
18423 0.00070367
18430.6 0.000703635
18438.3 0.000703507
18445.9 0.00070329
18453.6 0.000702981
18461.2 0.000702568
18468.9 0.000702
18476.5 0.000700982
18484.2 0.000700048
18491.8 0.000699166
18499.5 0.000698308
18507.1 0.000697467
18514.8 0.000696642
18522.4 0.000695839
18530.1 0.000695074
18537.7 0.000694406
18545.4 0.000694118
18553 0.000693658
18560.7 0.000693089
18568.3 0.00069244
18576 0.000691721
18583.6 0.000690936
18591.3 0.000690086
18598.9 0.000689165
18606.6 0.000688145
18614.2 0.000686891
18621.9 0.000685684
18629.5 0.00068449
18637.2 0.000683295
18644.8 0.000682095
18652.5 0.000680887
18660.1 0.000679674
18667.8 0.000678459
18675.4 0.000677256
18683.1 0.000676135
18690.7 0.000674958
18698.4 0.000673736
18706 0.000672479
18713.7 0.000671191
18721.3 0.000669871
18729 0.000668521
18736.6 0.000667138
18744.3 0.000665713
18751.9 0.000664188
18759.6 0.000662669
18767.2 0.000661156
18774.9 0.000659642
18782.5 0.000658124
18790.2 0.000656601
18797.8 0.000655075
18805.5 0.000653547
18813.1 0.000652026
18820.8 0.000650563
18828.4 0.000649083
18836.1 0.00064756
18843.7 0.000646007
18851.4 0.000644428
18859 0.000642823
18866.7 0.000641192
18874.3 0.000639534
18882 0.000637842
18889.6 0.000636077
18897.3 0.00063425
18904.9 0.000632462
18912.6 0.000630682
18920.2 0.000628906
18927.9 0.000627131
18935.5 0.000625355
18943.2 0.000623578
18950.8 0.0006218
18958.5 0.000620025
18966.1 0.000618267
18973.8 0.00061649
18981.4 0.000614699
18989.1 0.000612897
18996.7 0.000611083
19004.4 0.000609257
19012 0.000607418
19019.7 0.000605562
19027.3 0.000603682
19035 0.000601728
19042.6 0.000599778
19050.3 0.000597858
19057.9 0.000595951
19065.6 0.000594053
19073.2 0.000592163
19080.9 0.000590278
19088.5 0.000588399
19096.2 0.000586525
19103.8 0.000584659
19111.5 0.000582808
19119.1 0.000580949
19126.8 0.000579086
19134.4 0.000577223
19142.1 0.000575357
19149.7 0.000573489
19157.4 0.000571619
19165 0.000569745
19172.7 0.000567862
19180.3 0.000565946
19188 0.000564036
19195.6 0.000562149
19203.3 0.000560275
19210.9 0.000558414
19218.6 0.000556563
19226.2 0.000554723
19233.9 0.000552896
19241.5 0.000551085
19249.2 0.0005493
19256.8 0.000547589
19264.5 0.000545836
19272.1 0.000544057
19279.8 0.000542262
19287.4 0.000540453
19295.1 0.000538632
19302.7 0.000536796
19310.4 0.000534942
19318 0.000533062
19325.7 0.000531122
19333.3 0.000529083
19341 0.000527148
19348.6 0.000525258
19356.3 0.000523398
19363.9 0.000521565
19371.6 0.000519756
19379.2 0.000517971
19386.9 0.000516214
19394.5 0.00051449
19402.2 0.000512848
19409.8 0.000511234
19417.5 0.000509569
19425.1 0.000507885
19432.8 0.00050619
19440.4 0.000504488
19448.1 0.000502779
19455.7 0.000501062
19463.4 0.000499337
19471 0.000497596
19478.7 0.000495801
19486.3 0.000494021
19494 0.000492279
19501.6 0.000490559
19509.3 0.000488856
19516.9 0.000487167
19524.6 0.000485493
19532.2 0.000483833
19539.9 0.000482188
19547.5 0.000480561
19555.2 0.000478973
19562.8 0.000477383
19570.5 0.000475786
19578.1 0.000474189
19585.8 0.000472594
19593.4 0.000471002
19601.1 0.000469415
19608.7 0.000467831
19616.4 0.000466252
19624 0.000464677
19631.7 0.000463101
19639.3 0.000461532
19647 0.000459973
19654.6 0.000458422
19662.3 0.000456877
19669.9 0.000455339
19677.6 0.000453806
19685.2 0.00045228
19692.9 0.000450758
19700.5 0.000449238
19708.2 0.000447704
19715.8 0.000446184
19723.5 0.000444688
19731.1 0.00044321
19738.8 0.000441746
19746.4 0.000440298
19754.1 0.000438864
19761.7 0.000437445
19769.4 0.000436042
19777 0.000434656
19784.7 0.000433292
19792.3 0.000431951
19800 0.000430615
19807.7 0.000429293
19815.3 0.000427988
19823 0.000426703
19830.6 0.000425442
19838.3 0.000424212
19845.9 0.000423022
19853.6 0.000421892
19861.2 0.000420878
19868.9 0.000420107
19876.5 0.000419092
19884.2 0.000417972
19891.8 0.000416781
19899.5 0.000415536
19907.1 0.00041424
19914.8 0.000412896
19922.4 0.000411502
19930.1 0.000410049
19937.7 0.00040851
19945.4 0.000406749
19953 0.000405112
19960.7 0.000403566
19968.3 0.000402066
19976 0.000400597
19983.6 0.00039915
19991.3 0.000397722
19998.9 0.000396309
20006.6 0.000394909
20014.2 0.000393522
20021.9 0.000392145
20029.5 0.000390778
20037.2 0.00038942
20044.8 0.00038807
20052.5 0.000386729
20060.1 0.000385395
20067.8 0.000384069
20075.4 0.000382751
20083.1 0.000381439
20090.7 0.000380134
20098.4 0.000378836
20106 0.000377544
20113.7 0.000376258
20121.3 0.000374979
20129 0.000373706
20136.6 0.000372439
20144.3 0.000371178
20151.9 0.000369922
20159.6 0.000368673
20167.2 0.000367429
20174.9 0.000366191
20182.5 0.000364959
20190.2 0.000363732
20197.8 0.000362511
20205.5 0.000361295
20213.1 0.000360084
20220.8 0.000358879
20228.4 0.00035768
20236.1 0.000356485
20243.7 0.000355296
20251.4 0.000354112
20259 0.000352934
20266.7 0.00035176
20274.3 0.000350592
20282 0.000349429
20289.6 0.000348271
20297.3 0.000347118
20304.9 0.00034597
20312.6 0.000344827
20320.2 0.000343689
20327.9 0.000342557
20335.5 0.000341429
20343.2 0.000340306
20350.8 0.000339187
20358.5 0.000338074
20366.1 0.000336966
20373.8 0.000335862
20381.4 0.000334763
20389.1 0.00033367
20396.7 0.00033258
20404.4 0.000331496
20412 0.000330416
20419.7 0.000329341
20427.3 0.000328271
20435 0.000327205
20442.6 0.000326144
20450.3 0.000325087
20457.9 0.000324035
20465.6 0.000322988
20473.2 0.000321945
20480.9 0.000320907
20488.5 0.000319873
20496.2 0.000318844
20503.8 0.000317819
20511.5 0.000316799
20519.1 0.000315783
20526.8 0.000314772
20534.4 0.000313765
20542.1 0.000312762
20549.7 0.000311763
20557.4 0.000310769
20565 0.00030978
20572.7 0.000308794
20580.3 0.000307813
20588 0.000306836
20595.6 0.000305863
20603.3 0.000304895
20610.9 0.000303931
20618.6 0.00030297
20626.2 0.000302014
20633.9 0.000301063
20641.5 0.000300115
20649.2 0.000299171
20656.8 0.000298232
20664.5 0.000297296
20672.1 0.000296365
20679.8 0.000295437
20687.4 0.000294514
20695.1 0.000293594
20702.7 0.000292679
20710.4 0.000291767
20718 0.00029086
20725.7 0.000289956
20733.3 0.000289056
20741 0.00028816
20748.6 0.000287268
20756.3 0.00028638
20763.9 0.000285496
20771.6 0.000284615
20779.2 0.000283738
20786.9 0.000282865
20794.5 0.000281996
20802.2 0.00028113
20809.8 0.000280268
20817.5 0.00027941
20825.1 0.000278555
20832.8 0.000277704
20840.4 0.000276857
20848.1 0.000276014
20855.7 0.000275174
20863.4 0.000274337
20871 0.000273504
20878.7 0.000272675
20886.3 0.000271849
20894 0.000271027
20901.6 0.000270208
20909.3 0.000269393
20916.9 0.000268581
20924.6 0.000267772
20932.2 0.000266967
20939.9 0.000266166
20947.5 0.000265368
20955.2 0.000264573
20962.8 0.000263782
20970.5 0.000262994
20978.1 0.000262209
20985.8 0.000261427
20993.4 0.000260649
21001.1 0.000259874
21008.7 0.000259103
21016.4 0.000258335
21024 0.00025757
21031.7 0.000256808
21039.3 0.000256049
21047 0.000255294
21054.6 0.000254541
21062.3 0.000253792
21069.9 0.000253046
21077.6 0.000252303
21085.2 0.000251563
21092.9 0.000250827
21100.5 0.000250093
21108.2 0.000249363
21115.8 0.000248635
21123.5 0.000247911
21131.1 0.000247189
21138.8 0.000246471
21146.4 0.000245755
21154.1 0.000245043
21161.7 0.000244333
21169.4 0.000243627
21177 0.000242923
21184.7 0.000242222
21192.3 0.000241524
21200 0.00024083
21207.7 0.000240137
21215.3 0.000239448
21223 0.000238762
21230.6 0.000238078
21238.3 0.000237397
21245.9 0.00023672
21253.6 0.000236044
21261.2 0.000235372
21268.9 0.000234702
21276.5 0.000234035
21284.2 0.000233371
21291.8 0.00023271
21299.5 0.000232051
21307.1 0.000231395
21314.8 0.000230742
21322.4 0.000230091
21330.1 0.000229443
21337.7 0.000228797
21345.4 0.000228155
21353 0.000227514
21360.7 0.000226877
21368.3 0.000226242
21376 0.000225609
21383.6 0.000224979
21391.3 0.000224352
21398.9 0.000223727
21406.6 0.000223105
21414.2 0.000222485
21421.9 0.000221868
21429.5 0.000221253
21437.2 0.000220641
21444.8 0.000220031
21452.5 0.000219423
21460.1 0.000218818
21467.8 0.000218216
21475.4 0.000217616
21483.1 0.000217018
21490.7 0.000216423
21498.4 0.00021583
21506 0.000215239
21513.7 0.000214651
21521.3 0.000214065
21529 0.000213481
21536.6 0.0002129
21544.3 0.000212321
21551.9 0.000211744
21559.6 0.00021117
21567.2 0.000210597
21574.9 0.000210028
21582.5 0.00020946
21590.2 0.000208894
21597.8 0.000208331
21605.5 0.00020777
21613.1 0.000207212
21620.8 0.000206655
21628.4 0.000206101
21636.1 0.000205548
21643.7 0.000204998
21651.4 0.00020445
21659 0.000203905
21666.7 0.000203361
21674.3 0.000202819
21682 0.00020228
21689.6 0.000201743
21697.3 0.000201207
21704.9 0.000200674
21712.6 0.000200143
21720.2 0.000199614
21727.9 0.000199087
21735.5 0.000198562
21743.2 0.000198039
21750.8 0.000197518
21758.5 0.000197
21766.1 0.000196483
21773.8 0.000195968
21781.4 0.000195455
21789.1 0.000194944
21796.7 0.000194435
21804.4 0.000193928
21812 0.000193423
21819.7 0.000192919
21827.3 0.000192418
21835 0.000191919
21842.6 0.000191421
21850.3 0.000190926
21857.9 0.000190432
21865.6 0.00018994
21873.2 0.00018945
21880.9 0.000188962
21888.5 0.000188476
21896.2 0.000187992
21903.8 0.000187509
21911.5 0.000187028
21919.1 0.00018655
21926.8 0.000186072
21934.4 0.000185597
21942.1 0.000185124
21949.7 0.000184652
21957.4 0.000184182
21965 0.000183714
21972.7 0.000183247
21980.3 0.000182782
21988 0.000182319
21995.6 0.000181858
22003.3 0.000181399
22010.9 0.000180941
22018.6 0.000180485
22026.2 0.00018003
22033.9 0.000179577
22041.5 0.000179126
22049.2 0.000178677
22056.8 0.000178229
22064.5 0.000177783
22072.1 0.000177339
22079.8 0.000176896
22087.4 0.000176455
22095.1 0.000176015
22102.7 0.000175577
22110.4 0.000175141
22118 0.000174706
22125.7 0.000174273
22133.3 0.000173842
22141 0.000173412
22148.6 0.000172983
22156.3 0.000172556
22163.9 0.000172131
22171.6 0.000171707
22179.2 0.000171285
22186.9 0.000170864
22194.5 0.000170445
22202.2 0.000170028
22209.8 0.000169612
22217.5 0.000169197
22225.1 0.000168784
22232.8 0.000168372
22240.4 0.000167962
22248.1 0.000167554
22255.7 0.000167147
22263.4 0.000166741
22271 0.000166337
22278.7 0.000165934
22286.3 0.000165532
22294 0.000165133
22301.6 0.000164734
22309.3 0.000164337
22316.9 0.000163941
22324.6 0.000163547
22332.2 0.000163154
22339.9 0.000162763
22347.5 0.000162373
22355.2 0.000161984
22362.8 0.000161597
22370.5 0.000161211
22378.1 0.000160827
22385.8 0.000160443
22393.4 0.000160062
22401.1 0.000159681
22408.7 0.000159302
22416.4 0.000158924
22424 0.000158548
22431.7 0.000158173
22439.3 0.000157799
22447 0.000157426
22454.6 0.000157055
22462.3 0.000156685
22469.9 0.000156316
22477.6 0.000155949
22485.2 0.000155583
22492.9 0.000155218
22500.5 0.000154855
22508.2 0.000154493
22515.8 0.000154132
22523.5 0.000153772
22531.1 0.000153413
22538.8 0.000153056
22546.4 0.0001527
22554.1 0.000152345
22561.7 0.000151992
22569.4 0.000151639
22577 0.000151288
22584.7 0.000150938
22592.3 0.00015059
22600 0.000150242
22607.7 0.000149896
22615.3 0.000149551
22623 0.000149207
22630.6 0.000148864
22638.3 0.000148522
22645.9 0.000148182
22653.6 0.000147843
22661.2 0.000147504
22668.9 0.000147168
22676.5 0.000146832
22684.2 0.000146497
22691.8 0.000146163
22699.5 0.000145831
22707.1 0.0001455
22714.8 0.00014517
22722.4 0.00014484
22730.1 0.000144512
22737.7 0.000144186
22745.4 0.00014386
22753 0.000143535
22760.7 0.000143212
22768.3 0.000142889
22776 0.000142568
22783.6 0.000142247
22791.3 0.000141928
22798.9 0.00014161
22806.6 0.000141293
22814.2 0.000140977
22821.9 0.000140662
22829.5 0.000140348
22837.2 0.000140035
22844.8 0.000139723
22852.5 0.000139412
22860.1 0.000139102
22867.8 0.000138794
22875.4 0.000138486
22883.1 0.000138179
22890.7 0.000137873
22898.4 0.000137569
22906 0.000137265
22913.7 0.000136962
22921.3 0.00013666
22929 0.00013636
22936.6 0.00013606
22944.3 0.000135761
22951.9 0.000135463
22959.6 0.000135166
22967.2 0.000134871
22974.9 0.000134576
22982.5 0.000134282
22990.2 0.000133989
22997.8 0.000133697
23005.5 0.000133406
23013.1 0.000133116
23020.8 0.000132826
23028.4 0.000132538
23036.1 0.000132251
23043.7 0.000131964
23051.4 0.000131679
23059 0.000131394
23066.7 0.000131111
23074.3 0.000130828
23082 0.000130546
23089.6 0.000130265
23097.3 0.000129985
23104.9 0.000129706
23112.6 0.000129428
23120.2 0.000129151
23127.9 0.000128874
23135.5 0.000128599
23143.2 0.000128324
23150.8 0.00012805
23158.5 0.000127777
23166.1 0.000127505
23173.8 0.000127234
23181.4 0.000126964
23189.1 0.000126694
23196.7 0.000126426
23204.4 0.000126158
23212 0.000125891
23219.7 0.000125625
23227.3 0.00012536
23235 0.000125095
23242.6 0.000124832
23250.3 0.000124569
23257.9 0.000124307
23265.6 0.000124046
23273.2 0.000123786
23280.9 0.000123526
23288.5 0.000123268
23296.2 0.00012301
23303.8 0.000122753
23311.5 0.000122497
23319.1 0.000122241
23326.8 0.000121987
23334.4 0.000121733
23342.1 0.00012148
23349.7 0.000121228
23357.4 0.000120976
23365 0.000120725
23372.7 0.000120476
23380.3 0.000120226
23388 0.000119978
23395.6 0.00011973
23403.3 0.000119484
23410.9 0.000119237
23418.6 0.000118992
23426.2 0.000118748
23433.9 0.000118504
23441.5 0.000118261
23449.2 0.000118018
23456.8 0.000117777
23464.5 0.000117536
23472.1 0.000117296
23479.8 0.000117056
23487.4 0.000116818
23495.1 0.00011658
23502.7 0.000116343
23510.4 0.000116106
23518 0.00011587
23525.7 0.000115635
23533.3 0.000115401
23541 0.000115167
23548.6 0.000114935
23556.3 0.000114702
23563.9 0.000114471
23571.6 0.00011424
23579.2 0.00011401
23586.9 0.000113781
23594.5 0.000113552
23602.2 0.000113324
23609.8 0.000113096
23617.5 0.00011287
23625.1 0.000112644
23632.8 0.000112418
23640.4 0.000112194
23648.1 0.00011197
23655.7 0.000111747
23663.4 0.000111524
23671 0.000111302
23678.7 0.000111081
23686.3 0.00011086
23694 0.00011064
23701.6 0.000110421
23709.3 0.000110202
23716.9 0.000109984
23724.6 0.000109767
23732.2 0.00010955
23739.9 0.000109334
23747.5 0.000109118
23755.2 0.000108903
23762.8 0.000108689
23770.5 0.000108476
23778.1 0.000108263
23785.8 0.00010805
23793.4 0.000107839
23801.1 0.000107628
23808.7 0.000107417
23816.4 0.000107207
23824 0.000106998
23831.7 0.00010679
23839.3 0.000106582
23847 0.000106374
23854.6 0.000106167
23862.3 0.000105961
23869.9 0.000105756
23877.6 0.000105551
23885.2 0.000105346
23892.9 0.000105142
23900.5 0.000104939
23908.2 0.000104736
23915.8 0.000104534
23923.5 0.000104333
23931.1 0.000104132
23938.8 0.000103932
23946.4 0.000103732
23954.1 0.000103533
23961.7 0.000103334
23969.4 0.000103136
23977 0.000102939
23984.7 0.000102742
23992.3 0.000102546
24000 0.00010235
