W N1
10000 3.93503e-05
10007.7 3.93206e-05
10015.3 3.92908e-05
10023 3.9261e-05
10030.6 3.92311e-05
10038.3 3.92013e-05
10045.9 3.91714e-05
10053.6 3.91415e-05
10061.2 3.91116e-05
10068.9 3.90816e-05
10076.5 3.90517e-05
10084.2 3.90217e-05
10091.8 3.89917e-05
10099.5 3.89618e-05
10107.1 3.89318e-05
10114.8 3.89018e-05
10122.4 3.88718e-05
10130.1 3.88418e-05
10137.7 3.88118e-05
10145.4 3.87819e-05
10153 3.87519e-05
10160.7 3.8722e-05
10168.3 3.86921e-05
10176 3.86622e-05
10183.6 3.86323e-05
10191.3 3.86025e-05
10198.9 3.85727e-05
10206.6 3.85429e-05
10214.2 3.85131e-05
10221.9 3.84835e-05
10229.5 3.84538e-05
10237.2 3.84242e-05
10244.8 3.83946e-05
10252.5 3.83652e-05
10260.1 3.83357e-05
10267.8 3.83063e-05
10275.4 3.8277e-05
10283.1 3.82478e-05
10290.7 3.82186e-05
10298.4 3.81895e-05
10306 3.81605e-05
10313.7 3.81316e-05
10321.3 3.81028e-05
10329 3.8074e-05
10336.6 3.80454e-05
10344.3 3.80168e-05
10351.9 3.79884e-05
10359.6 3.79601e-05
10367.2 3.79318e-05
10374.9 3.79037e-05
10382.5 3.78757e-05
10390.2 3.78479e-05
10397.8 3.78202e-05
10405.5 3.77926e-05
10413.1 3.77651e-05
10420.8 3.77378e-05
10428.4 3.77106e-05
10436.1 3.76836e-05
10443.7 3.76568e-05
10451.4 3.76301e-05
10459 3.76035e-05
10466.7 3.75772e-05
10474.3 3.7551e-05
10482 3.7525e-05
10489.6 3.74992e-05
10497.3 3.74735e-05
10504.9 3.74481e-05
10512.6 3.74229e-05
10520.2 3.73978e-05
10527.9 3.7373e-05
10535.5 3.73484e-05
10543.2 3.7324e-05
10550.8 3.72998e-05
10558.5 3.72758e-05
10566.1 3.72521e-05
10573.8 3.72286e-05
10581.4 3.72054e-05
10589.1 3.71824e-05
10596.7 3.71596e-05
10604.4 3.71372e-05
10612 3.71149e-05
10619.7 3.7093e-05
10627.3 3.70713e-05
10635 3.70498e-05
10642.6 3.70287e-05
10650.3 3.70078e-05
10657.9 3.69873e-05
10665.6 3.6967e-05
10673.2 3.6947e-05
10680.9 3.69273e-05
10688.5 3.69079e-05
10696.2 3.68889e-05
10703.8 3.68701e-05
10711.5 3.68517e-05
10719.1 3.68336e-05
10726.8 3.68158e-05
10734.4 3.67983e-05
10742.1 3.67812e-05
10749.7 3.67644e-05
10757.4 3.67479e-05
10765 3.67318e-05
10772.7 3.6716e-05
10780.3 3.67006e-05
10788 3.66855e-05
10795.6 3.66708e-05
10803.3 3.66564e-05
10810.9 3.66424e-05
10818.6 3.66287e-05
10826.2 3.66154e-05
10833.9 3.66025e-05
10841.5 3.65899e-05
10849.2 3.65776e-05
10856.8 3.65657e-05
10864.5 3.65542e-05
10872.1 3.6543e-05
10879.8 3.65321e-05
10887.4 3.65216e-05
10895.1 3.65115e-05
10902.7 3.65016e-05
10910.4 3.64921e-05
10918 3.6483e-05
10925.7 3.64741e-05
10933.3 3.64655e-05
10941 3.64573e-05
10948.6 3.64493e-05
10956.3 3.64416e-05
10963.9 3.64341e-05
10971.6 3.64269e-05
10979.2 3.64199e-05
10986.9 3.64131e-05
10994.5 3.64065e-05
11002.2 3.63999e-05
11009.8 3.63935e-05
11017.5 3.63871e-05
11025.1 3.63808e-05
11032.8 3.63743e-05
11040.4 3.63677e-05
11048.1 3.63609e-05
11055.7 3.63537e-05
11063.4 3.6346e-05
11071 3.63375e-05
11078.7 3.6328e-05
11086.3 3.63171e-05
11094 3.63041e-05
11101.6 3.62879e-05
11109.3 3.62663e-05
11116.9 3.62344e-05
11124.6 3.62746e-05
11132.2 3.72479e-05
11139.9 3.82785e-05
11147.5 3.93778e-05
11155.2 3.95864e-05
11162.8 3.96037e-05
11170.5 3.96092e-05
11178.1 3.9496e-05
11185.8 3.92881e-05
11193.4 3.90626e-05
11201.1 3.89436e-05
11208.7 3.90878e-05
11216.4 3.92442e-05
11224 3.94003e-05
11231.7 3.93472e-05
11239.3 3.92831e-05
11247 3.92095e-05
11254.6 3.93089e-05
11262.3 3.94787e-05
11269.9 3.96627e-05
11277.6 3.96296e-05
11285.2 3.92741e-05
11292.9 3.88923e-05
11300.5 3.85442e-05
11308.2 3.86554e-05
11315.8 3.878e-05
11323.5 3.8906e-05
11331.1 3.92252e-05
11338.8 3.9619e-05
11346.4 4.00348e-05
11354.1 4.02335e-05
11361.7 4.00708e-05
11369.4 3.98919e-05
11377 3.96948e-05
11384.7 3.92698e-05
11392.3 3.88178e-05
11400 3.83354e-05
11407.7 3.83954e-05
11415.3 3.8776e-05
11423 3.91788e-05
11430.6 3.95061e-05
11438.3 3.95435e-05
11445.9 3.95711e-05
11453.6 3.95904e-05
11461.2 3.97888e-05
11468.9 4.00362e-05
11476.5 4.03044e-05
11484.2 4.01397e-05
11491.8 3.92262e-05
11499.5 3.82503e-05
11507.1 3.71955e-05
11514.8 3.7787e-05
11522.4 3.84961e-05
11530.1 3.92474e-05
11537.7 3.96064e-05
11545.4 3.94839e-05
11553 3.9343e-05
11560.7 3.91908e-05
11568.3 3.8817e-05
11576 3.84191e-05
11583.6 3.80013e-05
11591.3 3.76079e-05
11598.9 3.7242e-05
11606.6 3.68577e-05
11614.2 3.64482e-05
11621.9 3.6709e-05
11629.5 3.69931e-05
11637.2 3.72917e-05
11644.8 3.73619e-05
11652.5 3.71316e-05
11660.1 3.68854e-05
11667.8 3.66384e-05
11675.4 3.57194e-05
11683.1 3.46904e-05
11690.7 3.36107e-05
11698.4 3.28923e-05
11706 3.29222e-05
11713.7 3.2958e-05
11721.3 3.29908e-05
11729 3.30092e-05
11736.6 3.30181e-05
11744.3 3.3022e-05
11751.9 3.29288e-05
11759.6 3.23643e-05
11767.2 3.17638e-05
11774.9 3.11353e-05
11782.5 3.0233e-05
11790.2 2.9089e-05
11797.8 2.7891e-05
11805.5 2.66253e-05
11813.1 2.66273e-05
11820.8 2.67184e-05
11828.4 2.68111e-05
11836.1 2.66286e-05
11843.7 2.57063e-05
11851.4 2.47305e-05
11859 2.37099e-05
11866.7 2.23769e-05
11874.3 2.08161e-05
11882 1.91885e-05
11889.6 1.74866e-05
11897.3 1.66562e-05
11904.9 1.58459e-05
11912.6 1.49956e-05
11920.2 1.40786e-05
11927.9 1.304e-05
11935.5 1.19492e-05
11943.2 1.08066e-05
11950.8 9.29265e-06
11958.5 7.41323e-06
11966.1 5.45278e-06
11973.8 3.41211e-06
11981.4 1.08739e-06
11989.1 -1.38251e-06
11996.7 -3.94674e-06
12004.4 -6.5442e-06
12012 -7.80526e-06
12019.7 -9.13426e-06
12027.3 -1.05372e-05
12035 -1.22821e-05
12042.6 -1.48481e-05
12050.3 -1.75253e-05
12057.9 -2.03148e-05
12065.6 -2.35036e-05
12073.2 -2.71256e-05
12080.9 -3.08799e-05
12088.5 -3.4766e-05
12096.2 -3.80836e-05
12103.8 -4.12011e-05
12111.5 -4.44538e-05
12119.1 -4.78466e-05
12126.8 -5.15212e-05
12134.4 -5.53704e-05
12142.1 -5.93777e-05
12149.7 -6.35581e-05
12157.4 -6.86914e-05
12165 -7.39951e-05
12172.7 -7.94754e-05
12180.3 -8.50251e-05
12188 -9.0165e-05
12195.6 -9.55033e-05
12203.3 -0.000101038
12210.9 -0.000106661
12218.6 -0.000112203
12226.2 -0.000117968
12233.9 -0.000123963
12241.5 -0.00013052
12249.2 -0.000137831
12256.8 -0.000145371
12264.5 -0.000153152
12272.1 -0.000161371
12279.8 -0.000170044
12287.4 -0.000178943
12295.1 -0.000188049
12302.7 -0.000196395
12310.4 -0.0002042
12318 -0.000212328
12325.7 -0.000220778
12333.3 -0.000230177
12341 -0.000240303
12348.6 -0.000250706
12356.3 -0.000261424
12363.9 -0.000273298
12371.6 -0.000285934
12379.2 -0.000298755
12386.9 -0.000311708
12394.5 -0.000323115
12402.2 -0.000333877
12409.8 -0.000345054
12417.5 -0.000356641
12425.1 -0.000369683
12432.8 -0.000383636
12440.4 -0.000397792
12448.1 -0.000412176
12455.7 -0.000426851
12463.4 -0.00044178
12471 -0.000456894
12478.7 -0.000472157
12486.3 -0.000486976
12494 -0.000501548
12501.6 -0.000516391
12509.3 -0.00053147
12516.9 -0.000546904
12524.6 -0.000562656
12532.2 -0.000578541
12539.9 -0.000594565
12547.5 -0.000611233
12555.2 -0.000628641
12562.8 -0.0006456
12570.5 -0.000661743
12578.1 -0.000674324
12585.8 -0.00068796
12593.4 -0.000704976
12601.1 -0.000724527
12608.7 -0.000748309
12616.4 -0.000773184
12624 -0.000795669
12631.7 -0.000818141
12639.3 -0.000842366
12647 -0.000869383
12654.6 -0.000890996
12662.3 -0.000909764
12669.9 -0.000925504
12677.6 -0.000937101
12685.2 -0.000950643
12692.9 -0.000964039
12700.5 -0.000976233
12708.2 -0.000984285
12715.8 -0.00099564
12723.5 -0.00100927
12731.1 -0.00102488
12738.8 -0.001045
12746.4 -0.00106354
12754.1 -0.00107986
12761.7 -0.00109492
12769.4 -0.00110891
12777 -0.00112172
12784.7 -0.0011334
12792.3 -0.00114355
12800 -0.00115088
12807.7 -0.00115353
12815.3 -0.00116186
12823 -0.00117266
12830.6 -0.00118565
12838.3 -0.00120306
12845.9 -0.00121927
12853.6 -0.00123452
12861.2 -0.00124942
12868.9 -0.00126431
12876.5 -0.00127715
12884.2 -0.00128942
12891.8 -0.00130138
12899.5 -0.0013132
12907.1 -0.00132545
12914.8 -0.00133714
12922.4 -0.00134837
12930.1 -0.00135915
12937.7 -0.00136962
12945.4 -0.00138041
12953 -0.00139092
12960.7 -0.00140098
12968.3 -0.00140984
12976 -0.00141844
12983.6 -0.00142791
12991.3 -0.0014377
12998.9 -0.00144768
13006.6 -0.00145698
13014.2 -0.00146608
13021.9 -0.0014754
13029.5 -0.00148496
13037.2 -0.0014953
13044.8 -0.00150686
13052.5 -0.00151832
13060.1 -0.00152969
13067.8 -0.0015407
13075.4 -0.00155097
13083.1 -0.00156334
13090.7 -0.00157725
13098.4 -0.00159324
13106 -0.00161465
13113.7 -0.00163244
13121.3 -0.00164776
13129 -0.001662
13136.6 -0.00167609
13144.3 -0.00168959
13151.9 -0.00169977
13159.6 -0.001708
13167.2 -0.00171409
13174.9 -0.00171599
13182.5 -0.00172031
13190.2 -0.00172578
13197.8 -0.00173131
13205.5 -0.00173592
13213.1 -0.00173929
13220.8 -0.00174639
13228.4 -0.00175528
13236.1 -0.00176585
13243.7 -0.00177968
13251.4 -0.00179143
13259 -0.0018018
13266.7 -0.00181178
13274.3 -0.00182189
13282 -0.00183329
13289.6 -0.00184255
13297.3 -0.00185022
13304.9 -0.00185612
13312.6 -0.00185837
13320.2 -0.00185941
13327.9 -0.00186479
13335.5 -0.00187159
13343.2 -0.00187905
13350.8 -0.00188562
13358.5 -0.00189475
13366.1 -0.00190627
13373.8 -0.00192002
13381.4 -0.00193685
13389.1 -0.00195837
13396.7 -0.0019764
13404.4 -0.00199388
13412 -0.00201196
13419.7 -0.00203298
13427.3 -0.00205474
13435 -0.00207113
13442.6 -0.00208506
13450.3 -0.00209685
13457.9 -0.00210525
13465.6 -0.00211339
13473.2 -0.00212135
13480.9 -0.00212834
13488.5 -0.0021333
13496.2 -0.0021337
13503.8 -0.00213942
13511.5 -0.00214737
13519.1 -0.00215649
13526.8 -0.00216602
13534.4 -0.00217543
13542.1 -0.00218797
13549.7 -0.00220258
13557.4 -0.00221941
13565 -0.00224006
13572.7 -0.00226228
13580.3 -0.00228128
13588 -0.00229984
13595.6 -0.00231883
13603.3 -0.00234083
13610.9 -0.00236093
13618.6 -0.00237792
13626.2 -0.0023929
13633.9 -0.00240562
13641.5 -0.00241332
13649.2 -0.00242371
13656.8 -0.00243613
13664.5 -0.00244948
13672.1 -0.00246332
13679.8 -0.00247697
13687.4 -0.002492
13695.1 -0.00250818
13702.7 -0.00252551
13710.4 -0.00254447
13718 -0.00256697
13725.7 -0.00258665
13733.3 -0.00260492
13741 -0.00262221
13748.6 -0.00263836
13756.3 -0.00265243
13763.9 -0.00266785
13771.6 -0.00268373
13779.2 -0.00269975
13786.9 -0.00271557
13794.5 -0.00273094
13802.2 -0.00274756
13809.8 -0.00276458
13817.5 -0.0027817
13825.1 -0.00279844
13832.8 -0.00281387
13840.4 -0.00283134
13848.1 -0.0028498
13855.7 -0.00286882
13863.4 -0.00288789
13871 -0.00290633
13878.7 -0.00292805
13886.3 -0.00295182
13894 -0.00297761
13901.6 -0.00300617
13909.3 -0.00303926
13916.9 -0.00306905
13924.6 -0.00309802
13932.2 -0.00312701
13939.9 -0.00315683
13947.5 -0.00318919
13955.2 -0.00321723
13962.8 -0.00324278
13970.5 -0.00326592
13978.1 -0.00328548
13985.8 -0.00329667
13993.4 -0.00331574
14001.1 -0.00333874
14008.7 -0.003364
14016.4 -0.00339075
14024 -0.00341752
14031.7 -0.00344794
14039.3 -0.00348157
14047 -0.00351838
14054.6 -0.00355936
14062.3 -0.0036109
14069.9 -0.00365749
14077.6 -0.00369881
14085.2 -0.00373764
14092.9 -0.00377464
14100.5 -0.00380939
14108.2 -0.00384321
14115.8 -0.00387717
14123.5 -0.00391035
14131.1 -0.00394196
14138.8 -0.00396947
14146.4 -0.00399249
14154.1 -0.00402598
14161.7 -0.00406425
14169.4 -0.00410675
14177 -0.00415459
14184.7 -0.00421135
14192.3 -0.00426187
14200 -0.00431084
14207.7 -0.00435995
14215.3 -0.00441081
14223 -0.00446936
14230.6 -0.00452002
14238.3 -0.00456462
14245.9 -0.00460495
14253.6 -0.00464087
14261.2 -0.0046688
14268.9 -0.00469503
14276.5 -0.0047257
14284.2 -0.00475675
14291.8 -0.00478678
14299.5 -0.00481346
14307.1 -0.00483367
14314.8 -0.00486343
14322.4 -0.00489736
14330.1 -0.00493455
14337.7 -0.00497552
14345.4 -0.00502567
14353 -0.00507032
14360.7 -0.00511086
14368.3 -0.00514925
14376 -0.0051864
14383.6 -0.0052245
14391.3 -0.0052613
14398.9 -0.0052899
14406.6 -0.00531332
14414.2 -0.00533174
14421.9 -0.00534474
14429.5 -0.00535277
14437.2 -0.00535862
14444.8 -0.00535909
14452.5 -0.00535253
14460.1 -0.00533597
14467.8 -0.00529389
14475.4 -0.00524863
14483.1 -0.00521807
14490.7 -0.00519281
14498.4 -0.00517171
14506 -0.00515815
14513.7 -0.00516802
14521.3 -0.0051514
14529 -0.00511817
14536.6 -0.00507127
14544.3 -0.00501044
14551.9 -0.0049277
14559.6 -0.00483139
14567.2 -0.0047347
14574.9 -0.00463293
14582.5 -0.00452566
14590.2 -0.00441496
14597.8 -0.00431197
14605.5 -0.00418604
14613.1 -0.00404162
14620.8 -0.00388011
14628.4 -0.00369941
14636.1 -0.0034857
14643.7 -0.00322922
14651.4 -0.00300026
14659 -0.00278108
14666.7 -0.00257172
14674.3 -0.00237908
14682 -0.00224469
14689.6 -0.00207934
14697.3 -0.00188542
14704.9 -0.00167502
14712.6 -0.00145132
14720.2 -0.001212
14727.9 -0.00094117
14735.5 -0.000684477
14743.2 -0.000434468
14750.8 -0.000188829
14758.5 5.35786e-05
14766.1 0.000296672
14773.8 0.000530056
14781.4 0.000750765
14789.1 0.000961577
14796.7 0.00116182
14804.4 0.00134859
14812 0.00149799
14819.7 0.0016331
14827.3 0.00177206
14835 0.00191016
14842.6 0.00204618
14850.3 0.00218053
14857.9 0.00232006
14865.6 0.00244984
14873.2 0.00257033
14880.9 0.00268237
14888.5 0.00278616
14896.2 0.0028815
14903.8 0.00297012
14911.5 0.00305428
14919.1 0.00313306
14926.8 0.00320742
14934.4 0.00327956
14942.1 0.00335833
14949.7 0.00344685
14957.4 0.00351166
14965 0.00356367
14972.7 0.00360551
14980.3 0.00363902
14988 0.00366941
14995.6 0.00370014
15003.3 0.00371939
15010.9 0.0037285
15018.6 0.00372715
15026.2 0.00371321
15033.9 0.00367046
15041.5 0.00362825
15049.2 0.00359358
15056.8 0.00356116
15064.5 0.00352947
15072.1 0.00349754
15079.8 0.00346297
15087.4 0.00343112
15095.1 0.0034018
15102.7 0.00337462
15110.4 0.00335
15118 0.00332935
15125.7 0.0033192
15133.3 0.00330182
15141 0.00328019
15148.6 0.00325654
15156.3 0.00323183
15163.9 0.00320705
15171.6 0.00318543
15179.2 0.00315814
15186.9 0.00312672
15194.5 0.00309197
15202.2 0.00305375
15209.8 0.00301114
15217.5 0.00295807
15225.1 0.00290633
15232.8 0.0028565
15240.4 0.00280685
15248.1 0.00275661
15255.7 0.00270489
15263.4 0.00264772
15271 0.00259243
15278.7 0.00253979
15286.3 0.0024887
15294 0.00243892
15301.6 0.0023906
15309.3 0.00234561
15316.9 0.00230125
15324.6 0.00225601
15332.2 0.00221072
15339.9 0.00216577
15347.5 0.0021216
15355.2 0.00207992
15362.8 0.00203949
15370.5 0.00199744
15378.1 0.001955
15385.8 0.00191265
15393.4 0.00187083
15401.1 0.0018305
15408.7 0.00179204
15416.4 0.00175162
15424 0.00171083
15431.7 0.00167013
15439.3 0.00162992
15447 0.00159101
15454.6 0.00155547
15462.3 0.00151686
15469.9 0.00147666
15477.6 0.00143516
15485.2 0.00139215
15492.9 0.0013465
15500.5 0.00129221
15508.2 0.00124455
15515.8 0.00120193
15523.5 0.00116282
15531.1 0.00112689
15538.8 0.00109442
15546.4 0.00106856
15554.1 0.00104395
15561.7 0.00101772
15569.4 0.000991548
15577 0.00096583
15584.7 0.000940691
15592.3 0.000915965
15600 0.000891246
15607.7 0.000868411
15615.3 0.000846814
15623 0.000826135
15630.6 0.000805898
15638.3 0.000784913
15645.9 0.00075761
15653.6 0.000737926
15661.2 0.00072417
15668.9 0.000714927
15676.5 0.000709889
15684.2 0.0007093
15691.8 0.000715565
15699.5 0.000726686
15707.1 0.000736439
15714.8 0.000747251
15722.4 0.000759628
15730.1 0.000773835
15737.7 0.000790149
15745.4 0.000808402
15753 0.000826869
15760.7 0.000846681
15768.3 0.000868086
15776 0.000891324
15783.6 0.000916885
15791.3 0.000947783
15798.9 0.000979965
15806.6 0.00100912
15814.2 0.001037
15821.9 0.00106387
15829.5 0.00108963
15837.2 0.0011139
15844.8 0.00113477
15852.5 0.00115517
15860.1 0.00117488
15867.8 0.00119335
15875.4 0.00121009
15883.1 0.00122446
15890.7 0.00123451
15898.4 0.00124193
15906 0.00125102
15913.7 0.0012591
15921.3 0.00126541
15929 0.00126933
15936.6 0.00127014
15944.3 0.00126523
15951.9 0.00125951
15959.6 0.00125289
15967.2 0.00124466
15974.9 0.00123461
15982.5 0.00122277
15990.2 0.00120958
15997.8 0.001196
16005.5 0.00117807
16013.1 0.00115704
16020.8 0.00113346
16028.4 0.00110787
16036.1 0.00108113
16043.7 0.00105652
16051.4 0.001032
16059 0.000999307
16066.7 0.000962153
16074.3 0.000921387
16082 0.000877421
16089.6 0.000830339
16097.3 0.000778588
16104.9 0.000726008
16112.6 0.000673357
16120.2 0.00062021
16127.9 0.000566535
16135.5 0.000512295
16143.2 0.000457192
16150.8 0.000399645
16158.5 0.000345042
16166.1 0.000292419
16173.8 0.000241365
16181.4 0.000191782
16189.1 0.000143628
16196.7 9.67914e-05
16204.4 5.09142e-05
16212 7.53152e-06
16219.7 -3.36406e-05
16227.3 -7.25786e-05
16235 -0.000109103
16242.6 -0.000142785
16250.3 -0.000172149
16257.9 -0.00019535
16265.6 -0.000223196
16273.2 -0.000252287
16280.9 -0.000282032
16288.5 -0.000312406
16296.2 -0.00034382
16303.8 -0.000378091
16311.5 -0.000415862
16319.1 -0.000446856
16326.8 -0.000474983
16334.4 -0.000501064
16342.1 -0.000525532
16349.7 -0.000548767
16357.4 -0.000571585
16365 -0.000593975
16372.7 -0.000612593
16380.3 -0.000628759
16388 -0.000642604
16395.6 -0.000653963
16403.3 -0.000662247
16410.9 -0.000665024
16418.6 -0.000662067
16426.2 -0.000666133
16433.9 -0.000672371
16441.5 -0.000679937
16449.2 -0.000688564
16456.8 -0.000698299
16464.5 -0.000709871
16472.1 -0.000723744
16479.8 -0.000734768
16487.4 -0.000744809
16495.1 -0.000754264
16502.7 -0.000763361
16510.4 -0.000772351
16518 -0.00078184
16525.7 -0.000792768
16533.3 -0.000800537
16541 -0.000806567
16548.6 -0.000811129
16556.3 -0.000814225
16563.9 -0.000815666
16571.6 -0.000814783
16579.2 -0.000809479
16586.9 -0.000806779
16594.5 -0.000804831
16602.2 -0.000802933
16609.8 -0.000800712
16617.5 -0.000797778
16625.1 -0.00079338
16632.8 -0.000784134
16640.4 -0.000778466
16648.1 -0.000775514
16655.7 -0.000774308
16663.4 -0.000774665
16671 -0.000776742
16678.7 -0.000781203
16686.3 -0.000792336
16694 -0.000802157
16701.6 -0.000807645
16709.3 -0.000811264
16716.9 -0.000813712
16724.6 -0.000815407
16732.2 -0.000816764
16739.9 -0.000818717
16747.5 -0.000821992
16755.2 -0.000821673
16762.8 -0.000819549
16770.5 -0.000816012
16778.1 -0.000811242
16785.8 -0.000805336
16793.4 -0.00079833
16801.1 -0.00079
16808.7 -0.000780897
16816.4 -0.000771096
16824 -0.000760613
16831.7 -0.000749522
16839.3 -0.000737974
16847 -0.000726318
16854.6 -0.000716634
16862.3 -0.000705618
16869.9 -0.000690884
16877.6 -0.000673639
16885.2 -0.000654013
16892.9 -0.000631819
16900.5 -0.00060647
16908.2 -0.000576066
16915.8 -0.000535617
16923.5 -0.000502703
16931.1 -0.000472603
16938.8 -0.000443921
16946.4 -0.000416097
16954.1 -0.000388816
16961.7 -0.000361831
16969.4 -0.000334538
16977 -0.000307914
16984.7 -0.000282213
16992.3 -0.000257219
17000 -0.000232956
17007.7 -0.000209578
17015.3 -0.000187455
17023 -0.000167691
17030.6 -0.00015366
17038.3 -0.000134591
17045.9 -0.000113085
17053.6 -8.99881e-05
17061.2 -6.55717e-05
17068.9 -3.98686e-05
17076.5 -1.26393e-05
17084.2 1.77524e-05
17091.8 4.98081e-05
17099.5 7.89298e-05
17107.1 0.000106943
17114.8 0.000134125
17122.4 0.000160511
17130.1 0.000185973
17137.7 0.000210062
17145.4 0.000230319
17153 0.000252429
17160.7 0.000276075
17168.3 0.000300561
17176 0.000325704
17183.6 0.000351508
17191.3 0.000378165
17198.9 0.000406445
17206.6 0.000438151
17214.2 0.000466089
17221.9 0.000492334
17229.5 0.000517472
17237.2 0.000541794
17244.8 0.000565579
17252.5 0.000589293
17260.1 0.000614648
17267.8 0.000642077
17275.4 0.000663141
17283.1 0.000680635
17290.7 0.000694899
17298.4 0.000705829
17306 0.000712947
17313.7 0.000714996
17321.3 0.000704513
17329 0.000693453
17336.6 0.000689084
17344.3 0.000687048
17351.9 0.000686255
17359.6 0.00068622
17367.2 0.000686721
17374.9 0.000687743
17382.5 0.000690137
17390.2 0.000691824
17397.8 0.000692567
17405.5 0.000692706
17413.1 0.000692337
17420.8 0.000691513
17428.4 0.000690274
17436.1 0.000688658
17443.7 0.000686705
17451.4 0.000684547
17459 0.000682192
17466.7 0.000679706
17474.3 0.00067718
17482 0.000674745
17489.6 0.000672607
17497.3 0.000671205
17504.9 0.000672482
17512.6 0.000671834
17520.2 0.000669785
17527.9 0.000667018
17535.5 0.000663822
17543.2 0.000660412
17550.8 0.000657011
17558.5 0.000653995
17566.1 0.000652985
17573.8 0.000650629
17581.4 0.000647021
17589.1 0.000642693
17596.7 0.000637837
17604.4 0.000632547
17612 0.000626857
17619.7 0.000620704
17627.3 0.000613359
17635 0.000606295
17642.6 0.000599855
17650.3 0.000593795
17657.9 0.000588065
17665.6 0.000582661
17673.2 0.000577601
17680.9 0.000572931
17688.5 0.000568912
17696.2 0.000565348
17703.8 0.000561832
17711.5 0.000558514
17719.1 0.000555438
17726.8 0.000552631
17734.4 0.000550111
17742.1 0.000547893
17749.7 0.000546
17757.4 0.000544305
17765 0.000542885
17772.7 0.000541788
17780.3 0.000541033
17788 0.000540642
17795.6 0.000540655
17803.3 0.000541147
17810.9 0.000542351
17818.6 0.00054482
17826.2 0.000546415
17833.9 0.000547733
17841.5 0.000548935
17849.2 0.000550077
17856.8 0.000551184
17864.5 0.000552271
17872.1 0.000553367
17879.8 0.000554726
17887.4 0.000555886
17895.1 0.000556688
17902.7 0.000557141
17910.4 0.000557179
17918 0.000556685
17925.7 0.000555455
17933.3 0.00055307
17941 0.00054793
17948.6 0.000540554
17956.3 0.000536759
17963.9 0.000534129
17971.6 0.000532133
17979.2 0.000530449
17986.9 0.000528765
17994.5 0.000526637
18002.2 0.000523013
18009.8 0.000514487
18017.5 0.000512019
18025.1 0.000513027
18032.8 0.000516582
18040.4 0.00052247
18048.1 0.000530781
18055.7 0.000541926
18063.4 0.000556998
18071 0.000581642
18078.7 0.000608234
18086.3 0.000625638
18094 0.000639568
18101.6 0.000651152
18109.3 0.000660848
18116.9 0.000668821
18124.6 0.000675001
18132.2 0.000678836
18139.9 0.000677901
18147.5 0.000679927
18155.2 0.000683262
18162.8 0.000687144
18170.5 0.000691308
18178.1 0.00069562
18185.8 0.000699997
18193.4 0.000704379
18201.1 0.000708684
18208.7 0.000712548
18216.4 0.000716475
18224 0.000720427
18231.7 0.000724378
18239.3 0.000728315
18247 0.000732231
18254.6 0.000736128
18262.3 0.00074002
18269.9 0.000744064
18277.6 0.000748307
18285.2 0.00075237
18292.9 0.000756303
18300.5 0.000760115
18308.2 0.000763808
18315.8 0.000767378
18323.5 0.000770813
18331.1 0.000774082
18338.8 0.000776893
18346.4 0.000779534
18354.1 0.000782194
18361.7 0.000784835
18369.4 0.000787445
18377 0.000790024
18384.7 0.000792577
18392.3 0.000795121
18400 0.000797708
18407.7 0.000800752
18415.3 0.000803667
18423 0.000806388
18430.6 0.000808955
18438.3 0.00081138
18445.9 0.000813666
18453.6 0.000815809
18461.2 0.000817793
18468.9 0.000819559
18476.5 0.000820749
18484.2 0.000821989
18491.8 0.00082325
18499.5 0.000824502
18507.1 0.000825736
18514.8 0.000826951
18522.4 0.000828155
18530.1 0.000829369
18537.7 0.000830662
18545.4 0.000832382
18553 0.000833864
18560.7 0.00083518
18568.3 0.000836362
18576 0.000837425
18583.6 0.000838373
18591.3 0.000839205
18598.9 0.000839915
18606.6 0.000840467
18614.2 0.000840697
18621.9 0.00084095
18629.5 0.000841182
18637.2 0.000841379
18644.8 0.000841535
18652.5 0.000841648
18660.1 0.00084172
18667.8 0.000841756
18675.4 0.000841775
18683.1 0.000841863
18690.7 0.000841846
18698.4 0.000841741
18706 0.000841561
18713.7 0.000841309
18721.3 0.000840988
18729 0.000840596
18736.6 0.000840131
18744.3 0.000839583
18751.9 0.00083888
18759.6 0.000838158
18767.2 0.000837415
18774.9 0.00083664
18782.5 0.000835832
18790.2 0.00083499
18797.8 0.000834116
18805.5 0.000833213
18813.1 0.000832292
18820.8 0.000831417
18828.4 0.000830488
18836.1 0.000829479
18843.7 0.000828405
18851.4 0.000827271
18859 0.00082608
18866.7 0.00082483
18874.3 0.000823519
18882 0.00082214
18889.6 0.000820643
18897.3 0.000819052
18904.9 0.000817488
18912.6 0.000815914
18920.2 0.000814321
18927.9 0.000812708
18935.5 0.000811072
18943.2 0.000809414
18950.8 0.000807735
18958.5 0.000806038
18966.1 0.000804342
18973.8 0.000802599
18981.4 0.000800819
18989.1 0.000799005
18996.7 0.000797157
19004.4 0.000795274
19012 0.000793355
19019.7 0.000791396
19027.3 0.000789388
19035 0.000787267
19042.6 0.000785145
19050.3 0.000783045
19057.9 0.000780947
19065.6 0.000778846
19073.2 0.000776739
19080.9 0.000774624
19088.5 0.000772501
19096.2 0.00077037
19103.8 0.000768236
19111.5 0.000766105
19119.1 0.000763948
19126.8 0.000761775
19134.4 0.000759585
19142.1 0.000757381
19149.7 0.00075516
19157.4 0.000752924
19165 0.000750669
19172.7 0.000748392
19180.3 0.000746059
19188 0.00074373
19195.6 0.000741421
19203.3 0.000739119
19210.9 0.000736822
19218.6 0.000734529
19226.2 0.00073224
19233.9 0.000729959
19241.5 0.000727689
19249.2 0.000725445
19256.8 0.00072328
19264.5 0.00072104
19272.1 0.000718758
19279.8 0.000716444
19287.4 0.000714103
19295.1 0.000711736
19302.7 0.000709341
19310.4 0.000706914
19318 0.000704443
19325.7 0.000701884
19333.3 0.000699214
19341 0.000696683
19348.6 0.000694204
19356.3 0.000691759
19363.9 0.000689344
19371.6 0.000686955
19379.2 0.000684592
19386.9 0.000682259
19394.5 0.000679967
19402.2 0.000677776
19409.8 0.000675589
19417.5 0.000673328
19425.1 0.000671036
19432.8 0.000668724
19440.4 0.000666396
19448.1 0.000664053
19455.7 0.000661695
19463.4 0.00065932
19471 0.00065692
19478.7 0.000654445
19486.3 0.000652005
19494 0.00064961
19501.6 0.000647241
19509.3 0.00064489
19516.9 0.000642555
19524.6 0.000640235
19532.2 0.000637931
19539.9 0.000635643
19547.5 0.000633376
19555.2 0.000631154
19562.8 0.000628919
19570.5 0.00062667
19578.1 0.000624418
19585.8 0.000622166
19593.4 0.000619915
19601.1 0.000617667
19608.7 0.000615421
19616.4 0.000613179
19624 0.000610938
19631.7 0.000608695
19639.3 0.000606461
19647 0.000604237
19654.6 0.000602021
19662.3 0.000599812
19669.9 0.00059761
19677.6 0.000595414
19685.2 0.000593223
19692.9 0.000591036
19700.5 0.000588849
19708.2 0.000586645
19715.8 0.000584465
19723.5 0.000582317
19731.1 0.00058019
19738.8 0.000578082
19746.4 0.000575993
19754.1 0.000573921
19761.7 0.000571868
19769.4 0.000569835
19777 0.000567824
19784.7 0.000565842
19792.3 0.000563883
19800 0.00056193
19807.7 0.000559993
19815.3 0.000558079
19823 0.00055619
19830.6 0.000554333
19838.3 0.000552516
19845.9 0.000550752
19853.6 0.000549066
19861.2 0.000547535
19868.9 0.000546243
19876.5 0.000544583
19884.2 0.00054278
19891.8 0.000540883
19899.5 0.000538911
19907.1 0.000536873
19914.8 0.00053477
19922.4 0.0005326
19930.1 0.000530351
19937.7 0.000527989
19945.4 0.000525367
19953 0.000522977
19960.7 0.000520708
19968.3 0.0005185
19976 0.000516332
19983.6 0.000514195
19991.3 0.000512081
19998.9 0.000509989
20006.6 0.000507914
20014.2 0.000505855
20021.9 0.000503811
20029.5 0.000501779
20037.2 0.000499761
20044.8 0.000497754
20052.5 0.000495758
20060.1 0.000493772
20067.8 0.000491797
20075.4 0.000489832
20083.1 0.000487877
20090.7 0.000485931
20098.4 0.000483995
20106 0.000482067
20113.7 0.000480149
20121.3 0.000478239
20129 0.000476338
20136.6 0.000474445
20144.3 0.000472561
20151.9 0.000470685
20159.6 0.000468818
20167.2 0.000466959
20174.9 0.000465108
20182.5 0.000463265
20190.2 0.00046143
20197.8 0.000459603
20205.5 0.000457785
20213.1 0.000455974
20220.8 0.000454171
20228.4 0.000452376
20236.1 0.000450588
20243.7 0.000448809
20251.4 0.000447037
20259 0.000445273
20266.7 0.000443517
20274.3 0.000441768
20282 0.000440027
20289.6 0.000438294
20297.3 0.000436568
20304.9 0.000434849
20312.6 0.000433139
20320.2 0.000431435
20327.9 0.00042974
20335.5 0.000428051
20343.2 0.00042637
20350.8 0.000424697
20358.5 0.000423031
20366.1 0.000421372
20373.8 0.00041972
20381.4 0.000418076
20389.1 0.000416439
20396.7 0.00041481
20404.4 0.000413187
20412 0.000411572
20419.7 0.000409964
20427.3 0.000408363
20435 0.00040677
20442.6 0.000405183
20450.3 0.000403603
20457.9 0.000402031
20465.6 0.000400466
20473.2 0.000398907
20480.9 0.000397356
20488.5 0.000395811
20496.2 0.000394274
20503.8 0.000392743
20511.5 0.00039122
20519.1 0.000389703
20526.8 0.000388193
20534.4 0.00038669
20542.1 0.000385194
20549.7 0.000383704
20557.4 0.000382221
20565 0.000380745
20572.7 0.000379276
20580.3 0.000377813
20588 0.000376357
20595.6 0.000374907
20603.3 0.000373465
20610.9 0.000372028
20618.6 0.000370598
20626.2 0.000369175
20633.9 0.000367758
20641.5 0.000366348
20649.2 0.000364944
20656.8 0.000363547
20664.5 0.000362156
20672.1 0.000360771
20679.8 0.000359393
20687.4 0.00035802
20695.1 0.000356655
20702.7 0.000355295
20710.4 0.000353942
20718 0.000352595
20725.7 0.000351254
20733.3 0.000349919
20741 0.00034859
20748.6 0.000347268
20756.3 0.000345951
20763.9 0.000344641
20771.6 0.000343336
20779.2 0.000342038
20786.9 0.000340745
20794.5 0.000339459
20802.2 0.000338178
20809.8 0.000336903
20817.5 0.000335634
20825.1 0.000334371
20832.8 0.000333114
20840.4 0.000331862
20848.1 0.000330617
20855.7 0.000329377
20863.4 0.000328142
20871 0.000326914
20878.7 0.000325691
20886.3 0.000324474
20894 0.000323262
20901.6 0.000322056
20909.3 0.000320855
20916.9 0.00031966
20924.6 0.00031847
20932.2 0.000317286
20939.9 0.000316108
20947.5 0.000314934
20955.2 0.000313767
20962.8 0.000312604
20970.5 0.000311447
20978.1 0.000310295
20985.8 0.000309149
20993.4 0.000308007
21001.1 0.000306871
21008.7 0.00030574
21016.4 0.000304615
21024 0.000303494
21031.7 0.000302379
21039.3 0.000301269
21047 0.000300164
21054.6 0.000299064
21062.3 0.000297969
21069.9 0.000296879
21077.6 0.000295794
21085.2 0.000294714
21092.9 0.000293639
21100.5 0.000292569
21108.2 0.000291504
21115.8 0.000290443
21123.5 0.000289388
21131.1 0.000288337
21138.8 0.000287291
21146.4 0.00028625
21154.1 0.000285214
21161.7 0.000284182
21169.4 0.000283155
21177 0.000282133
21184.7 0.000281116
21192.3 0.000280103
21200 0.000279095
21207.7 0.000278091
21215.3 0.000277092
21223 0.000276097
21230.6 0.000275107
21238.3 0.000274122
21245.9 0.000273141
21253.6 0.000272164
21261.2 0.000271192
21268.9 0.000270224
21276.5 0.000269261
21284.2 0.000268302
21291.8 0.000267347
21299.5 0.000266397
21307.1 0.000265451
21314.8 0.000264509
21322.4 0.000263572
21330.1 0.000262638
21337.7 0.000261709
21345.4 0.000260785
21353 0.000259864
21360.7 0.000258947
21368.3 0.000258035
21376 0.000257127
21383.6 0.000256223
21391.3 0.000255323
21398.9 0.000254427
21406.6 0.000253535
21414.2 0.000252647
21421.9 0.000251763
21429.5 0.000250882
21437.2 0.000250006
21444.8 0.000249134
21452.5 0.000248266
21460.1 0.000247402
21467.8 0.000246541
21475.4 0.000245684
21483.1 0.000244832
21490.7 0.000243983
21498.4 0.000243137
21506 0.000242296
21513.7 0.000241458
21521.3 0.000240624
21529 0.000239794
21536.6 0.000238967
21544.3 0.000238144
21551.9 0.000237325
21559.6 0.00023651
21567.2 0.000235698
21574.9 0.000234889
21582.5 0.000234084
21590.2 0.000233283
21597.8 0.000232485
21605.5 0.000231691
21613.1 0.000230901
21620.8 0.000230113
21628.4 0.00022933
21636.1 0.000228549
21643.7 0.000227773
21651.4 0.000226999
21659 0.000226229
21666.7 0.000225463
21674.3 0.000224699
21682 0.00022394
21689.6 0.000223183
21697.3 0.00022243
21704.9 0.00022168
21712.6 0.000220933
21720.2 0.00022019
21727.9 0.00021945
21735.5 0.000218713
21743.2 0.000217979
21750.8 0.000217249
21758.5 0.000216521
21766.1 0.000215797
21773.8 0.000215076
21781.4 0.000214358
21789.1 0.000213644
21796.7 0.000212932
21804.4 0.000212223
21812 0.000211518
21819.7 0.000210815
21827.3 0.000210116
21835 0.00020942
21842.6 0.000208726
21850.3 0.000208036
21857.9 0.000207349
21865.6 0.000206664
21873.2 0.000205983
21880.9 0.000205304
21888.5 0.000204629
21896.2 0.000203956
21903.8 0.000203286
21911.5 0.000202619
21919.1 0.000201955
21926.8 0.000201294
21934.4 0.000200636
21942.1 0.00019998
21949.7 0.000199327
21957.4 0.000198677
21965 0.00019803
21972.7 0.000197385
21980.3 0.000196744
21988 0.000196105
21995.6 0.000195468
22003.3 0.000194835
22010.9 0.000194204
22018.6 0.000193576
22026.2 0.00019295
22033.9 0.000192327
22041.5 0.000191707
22049.2 0.000191089
22056.8 0.000190474
22064.5 0.000189862
22072.1 0.000189252
22079.8 0.000188645
22087.4 0.00018804
22095.1 0.000187438
22102.7 0.000186838
22110.4 0.000186241
22118 0.000185647
22125.7 0.000185055
22133.3 0.000184465
22141 0.000183878
22148.6 0.000183293
22156.3 0.000182711
22163.9 0.000182131
22171.6 0.000181553
22179.2 0.000180978
22186.9 0.000180406
22194.5 0.000179836
22202.2 0.000179268
22209.8 0.000178702
22217.5 0.000178139
22225.1 0.000177578
22232.8 0.00017702
22240.4 0.000176464
22248.1 0.00017591
22255.7 0.000175358
22263.4 0.000174809
22271 0.000174262
22278.7 0.000173717
22286.3 0.000173174
22294 0.000172634
22301.6 0.000172096
22309.3 0.00017156
22316.9 0.000171026
22324.6 0.000170495
22332.2 0.000169966
22339.9 0.000169438
22347.5 0.000168913
22355.2 0.000168391
22362.8 0.00016787
22370.5 0.000167351
22378.1 0.000166835
22385.8 0.000166321
22393.4 0.000165808
22401.1 0.000165298
22408.7 0.00016479
22416.4 0.000164284
22424 0.00016378
22431.7 0.000163278
22439.3 0.000162778
22447 0.00016228
22454.6 0.000161784
22462.3 0.00016129
22469.9 0.000160798
22477.6 0.000160309
22485.2 0.000159821
22492.9 0.000159335
22500.5 0.000158851
22508.2 0.000158369
22515.8 0.000157888
22523.5 0.00015741
22531.1 0.000156934
22538.8 0.00015646
22546.4 0.000155987
22554.1 0.000155516
22561.7 0.000155048
22569.4 0.000154581
22577 0.000154116
22584.7 0.000153653
22592.3 0.000153191
22600 0.000152732
22607.7 0.000152274
22615.3 0.000151818
22623 0.000151364
22630.6 0.000150912
22638.3 0.000150462
22645.9 0.000150013
22653.6 0.000149566
22661.2 0.000149121
22668.9 0.000148678
22676.5 0.000148236
22684.2 0.000147796
22691.8 0.000147358
22699.5 0.000146922
22707.1 0.000146487
22714.8 0.000146054
22722.4 0.000145623
22730.1 0.000145193
22737.7 0.000144765
22745.4 0.000144339
22753 0.000143914
22760.7 0.000143492
22768.3 0.00014307
22776 0.000142651
22783.6 0.000142233
22791.3 0.000141816
22798.9 0.000141401
22806.6 0.000140988
22814.2 0.000140577
22821.9 0.000140167
22829.5 0.000139758
22837.2 0.000139352
22844.8 0.000138946
22852.5 0.000138543
22860.1 0.000138141
22867.8 0.00013774
22875.4 0.000137341
22883.1 0.000136944
22890.7 0.000136548
22898.4 0.000136153
22906 0.00013576
22913.7 0.000135369
22921.3 0.000134979
22929 0.000134591
22936.6 0.000134204
22944.3 0.000133818
22951.9 0.000133435
22959.6 0.000133052
22967.2 0.000132671
22974.9 0.000132291
22982.5 0.000131913
22990.2 0.000131537
22997.8 0.000131161
23005.5 0.000130787
23013.1 0.000130415
23020.8 0.000130044
23028.4 0.000129674
23036.1 0.000129306
23043.7 0.000128939
23051.4 0.000128574
23059 0.00012821
23066.7 0.000127847
23074.3 0.000127486
23082 0.000127126
23089.6 0.000126767
23097.3 0.00012641
23104.9 0.000126054
23112.6 0.000125699
23120.2 0.000125346
23127.9 0.000124994
23135.5 0.000124644
23143.2 0.000124294
23150.8 0.000123946
23158.5 0.0001236
23166.1 0.000123254
23173.8 0.00012291
23181.4 0.000122567
23189.1 0.000122225
23196.7 0.000121885
23204.4 0.000121546
23212 0.000121208
23219.7 0.000120872
23227.3 0.000120536
23235 0.000120202
23242.6 0.00011987
23250.3 0.000119538
23257.9 0.000119208
23265.6 0.000118878
23273.2 0.000118551
23280.9 0.000118224
23288.5 0.000117898
23296.2 0.000117574
23303.8 0.000117251
23311.5 0.000116929
23319.1 0.000116608
23326.8 0.000116288
23334.4 0.00011597
23342.1 0.000115653
23349.7 0.000115336
23357.4 0.000115021
23365 0.000114708
23372.7 0.000114395
23380.3 0.000114083
23388 0.000113773
23395.6 0.000113464
23403.3 0.000113156
23410.9 0.000112848
23418.6 0.000112543
23426.2 0.000112238
23433.9 0.000111934
23441.5 0.000111631
23449.2 0.00011133
23456.8 0.000111029
23464.5 0.00011073
23472.1 0.000110432
23479.8 0.000110134
23487.4 0.000109838
23495.1 0.000109543
23502.7 0.000109249
23510.4 0.000108956
23518 0.000108664
23525.7 0.000108373
23533.3 0.000108083
23541 0.000107795
23548.6 0.000107507
23556.3 0.00010722
23563.9 0.000106934
23571.6 0.00010665
23579.2 0.000106366
23586.9 0.000106083
23594.5 0.000105802
23602.2 0.000105521
23609.8 0.000105241
23617.5 0.000104962
23625.1 0.000104685
23632.8 0.000104408
23640.4 0.000104132
23648.1 0.000103857
23655.7 0.000103584
23663.4 0.000103311
23671 0.000103039
23678.7 0.000102768
23686.3 0.000102498
23694 0.000102229
23701.6 0.000101961
23709.3 0.000101694
23716.9 0.000101427
23724.6 0.000101162
23732.2 0.000100898
23739.9 0.000100634
23747.5 0.000100372
23755.2 0.00010011
23762.8 9.98494e-05
23770.5 9.95896e-05
23778.1 9.93307e-05
23785.8 9.90727e-05
23793.4 9.88156e-05
23801.1 9.85594e-05
23808.7 9.83041e-05
23816.4 9.80496e-05
23824 9.77961e-05
23831.7 9.75434e-05
23839.3 9.72916e-05
23847 9.70407e-05
23854.6 9.67906e-05
23862.3 9.65414e-05
23869.9 9.62931e-05
23877.6 9.60456e-05
23885.2 9.57989e-05
23892.9 9.55531e-05
23900.5 9.53082e-05
23908.2 9.50641e-05
23915.8 9.48208e-05
23923.5 9.45784e-05
23931.1 9.43368e-05
23938.8 9.4096e-05
23946.4 9.3856e-05
23954.1 9.36169e-05
23961.7 9.33785e-05
23969.4 9.3141e-05
23977 9.29043e-05
23984.7 9.26684e-05
23992.3 9.24333e-05
24000 9.2199e-05
