W N1
10000 8.04227e-05
10007.7 8.02946e-05
10015.3 8.01657e-05
10023 8.00361e-05
10030.6 7.99057e-05
10038.3 7.97745e-05
10045.9 7.96425e-05
10053.6 7.95097e-05
10061.2 7.93762e-05
10068.9 7.92418e-05
10076.5 7.91067e-05
10084.2 7.89707e-05
10091.8 7.8834e-05
10099.5 7.86965e-05
10107.1 7.85581e-05
10114.8 7.8419e-05
10122.4 7.8279e-05
10130.1 7.81383e-05
10137.7 7.79967e-05
10145.4 7.78543e-05
10153 7.77111e-05
10160.7 7.75671e-05
10168.3 7.74222e-05
10176 7.72765e-05
10183.6 7.71301e-05
10191.3 7.69827e-05
10198.9 7.68346e-05
10206.6 7.66856e-05
10214.2 7.65358e-05
10221.9 7.63851e-05
10229.5 7.62336e-05
10237.2 7.60813e-05
10244.8 7.59282e-05
10252.5 7.57741e-05
10260.1 7.56193e-05
10267.8 7.54636e-05
10275.4 7.53071e-05
10283.1 7.51497e-05
10290.7 7.49914e-05
10298.4 7.48323e-05
10306 7.46724e-05
10313.7 7.45116e-05
10321.3 7.43499e-05
10329 7.41874e-05
10336.6 7.4024e-05
10344.3 7.38598e-05
10351.9 7.36947e-05
10359.6 7.35288e-05
10367.2 7.33619e-05
10374.9 7.31943e-05
10382.5 7.30257e-05
10390.2 7.28563e-05
10397.8 7.2686e-05
10405.5 7.25149e-05
10413.1 7.23429e-05
10420.8 7.217e-05
10428.4 7.19962e-05
10436.1 7.18216e-05
10443.7 7.16461e-05
10451.4 7.14698e-05
10459 7.12925e-05
10466.7 7.11144e-05
10474.3 7.09355e-05
10482 7.07556e-05
10489.6 7.05749e-05
10497.3 7.03933e-05
10504.9 7.02109e-05
10512.6 7.00276e-05
10520.2 6.98434e-05
10527.9 6.96583e-05
10535.5 6.94724e-05
10543.2 6.92855e-05
10550.8 6.90979e-05
10558.5 6.89093e-05
10566.1 6.87199e-05
10573.8 6.85296e-05
10581.4 6.83385e-05
10589.1 6.81465e-05
10596.7 6.79536e-05
10604.4 6.77599e-05
10612 6.75653e-05
10619.7 6.73699e-05
10627.3 6.71735e-05
10635 6.69764e-05
10642.6 6.67784e-05
10650.3 6.65795e-05
10657.9 6.63798e-05
10665.6 6.61792e-05
10673.2 6.59778e-05
10680.9 6.57755e-05
10688.5 6.55724e-05
10696.2 6.53684e-05
10703.8 6.51636e-05
10711.5 6.4958e-05
10719.1 6.47515e-05
10726.8 6.45442e-05
10734.4 6.43361e-05
10742.1 6.41271e-05
10749.7 6.39174e-05
10757.4 6.37068e-05
10765 6.34953e-05
10772.7 6.32831e-05
10780.3 6.307e-05
10788 6.28562e-05
10795.6 6.26415e-05
10803.3 6.2426e-05
10810.9 6.22097e-05
10818.6 6.19926e-05
10826.2 6.17748e-05
10833.9 6.15561e-05
10841.5 6.13366e-05
10849.2 6.11164e-05
10856.8 6.08953e-05
10864.5 6.06735e-05
10872.1 6.04509e-05
10879.8 6.02275e-05
10887.4 6.00033e-05
10895.1 5.97783e-05
10902.7 5.95526e-05
10910.4 5.93261e-05
10918 5.90987e-05
10925.7 5.88707e-05
10933.3 5.86418e-05
10941 5.84121e-05
10948.6 5.81817e-05
10956.3 5.79504e-05
10963.9 5.77183e-05
10971.6 5.74854e-05
10979.2 5.72517e-05
10986.9 5.70171e-05
10994.5 5.67817e-05
11002.2 5.65453e-05
11009.8 5.6308e-05
11017.5 5.60698e-05
11025.1 5.58305e-05
11032.8 5.55901e-05
11040.4 5.53486e-05
11048.1 5.51058e-05
11055.7 5.48616e-05
11063.4 5.46158e-05
11071 5.43681e-05
11078.7 5.41181e-05
11086.3 5.38654e-05
11094 5.36091e-05
11101.6 5.33476e-05
11109.3 5.30782e-05
11116.9 5.27938e-05
11124.6 5.25761e-05
11132.2 5.33949e-05
11139.9 5.42887e-05
11147.5 5.52692e-05
11155.2 5.5279e-05
11162.8 5.50652e-05
11170.5 5.4835e-05
11178.1 5.44741e-05
11185.8 5.40049e-05
11193.4 5.35131e-05
11201.1 5.31324e-05
11208.7 5.30427e-05
11216.4 5.29682e-05
11224 5.28959e-05
11231.7 5.25945e-05
11239.3 5.22796e-05
11247 5.1953e-05
11254.6 5.18134e-05
11262.3 5.17533e-05
11269.9 5.17107e-05
11277.6 5.14371e-05
11285.2 5.08094e-05
11292.9 5.01512e-05
11300.5 4.95255e-05
11308.2 4.93991e-05
11315.8 4.929e-05
11323.5 4.91835e-05
11331.1 4.9286e-05
11338.8 4.94723e-05
11346.4 4.96851e-05
11354.1 4.96693e-05
11361.7 4.92631e-05
11369.4 4.88399e-05
11377 4.83992e-05
11384.7 4.77151e-05
11392.3 4.70029e-05
11400 4.62586e-05
11407.7 4.60933e-05
11415.3 4.62769e-05
11423 4.6488e-05
11430.6 4.6623e-05
11438.3 4.64511e-05
11445.9 4.6271e-05
11453.6 4.60847e-05
11461.2 4.60913e-05
11468.9 4.61541e-05
11476.5 4.62432e-05
11484.2 4.58814e-05
11491.8 4.47295e-05
11499.5 4.35153e-05
11507.1 4.22207e-05
11514.8 4.26645e-05
11522.4 4.32398e-05
11530.1 4.3865e-05
11537.7 4.40851e-05
11545.4 4.38041e-05
11553 4.35093e-05
11560.7 4.32093e-05
11568.3 4.26844e-05
11576 4.21414e-05
11583.6 4.15853e-05
11591.3 4.10625e-05
11598.9 4.05767e-05
11606.6 4.00805e-05
11614.2 3.95664e-05
11621.9 3.97558e-05
11629.5 3.99784e-05
11637.2 4.02252e-05
11644.8 4.02462e-05
11652.5 3.99671e-05
11660.1 3.96824e-05
11667.8 3.94087e-05
11675.4 3.84574e-05
11683.1 3.74061e-05
11690.7 3.63165e-05
11698.4 3.56092e-05
11706 3.56817e-05
11713.7 3.57741e-05
11721.3 3.58776e-05
11729 3.59809e-05
11736.6 3.60897e-05
11744.3 3.62092e-05
11751.9 3.62477e-05
11759.6 3.58258e-05
11767.2 3.53855e-05
11774.9 3.49362e-05
11782.5 3.42316e-05
11790.2 3.33032e-05
11797.8 3.23412e-05
11805.5 3.13308e-05
11813.1 3.16129e-05
11820.8 3.20097e-05
11828.4 3.24324e-05
11836.1 3.26083e-05
11843.7 3.20687e-05
11851.4 3.15012e-05
11859 3.09166e-05
11866.7 3.00512e-05
11874.3 2.89865e-05
11882 2.78837e-05
11889.6 2.67341e-05
11897.3 2.64753e-05
11904.9 2.62726e-05
11912.6 2.60645e-05
11920.2 2.58257e-05
11927.9 2.55025e-05
11935.5 2.51645e-05
11943.2 2.48144e-05
11950.8 2.41439e-05
11958.5 2.31501e-05
11966.1 2.21155e-05
11973.8 2.10435e-05
11981.4 1.97364e-05
11989.1 1.83255e-05
11996.7 1.6861e-05
12004.4 1.53918e-05
12012 1.52682e-05
12019.7 1.5138e-05
12027.3 1.4992e-05
12035 1.45813e-05
12042.6 1.34192e-05
12050.3 1.21957e-05
12057.9 1.09154e-05
12065.6 9.30956e-06
12073.2 7.32652e-06
12080.9 5.25984e-06
12088.5 3.10708e-06
12096.2 1.53451e-06
12103.8 2.26496e-07
12111.5 -1.15035e-06
12119.1 -2.60131e-06
12126.8 -4.26225e-06
12134.4 -6.0355e-06
12142.1 -7.90093e-06
12149.7 -9.8623e-06
12157.4 -1.26822e-05
12165 -1.56308e-05
12172.7 -1.87085e-05
12180.3 -2.18262e-05
12188 -2.44974e-05
12195.6 -2.73011e-05
12203.3 -3.02442e-05
12210.9 -3.32347e-05
12218.6 -3.60915e-05
12226.2 -3.91045e-05
12233.9 -4.22822e-05
12241.5 -4.59237e-05
12249.2 -5.02754e-05
12256.8 -5.48265e-05
12264.5 -5.95866e-05
12272.1 -6.47371e-05
12279.8 -7.03311e-05
12287.4 -7.61539e-05
12295.1 -8.22043e-05
12302.7 -8.75985e-05
12310.4 -9.23949e-05
12318 -9.74648e-05
12325.7 -0.000102817
12333.3 -0.000109039
12341 -0.000116026
12348.6 -0.000123318
12356.3 -0.000130942
12363.9 -0.00013969
12371.6 -0.000149331
12379.2 -0.000159284
12386.9 -0.000169525
12394.5 -0.00017848
12402.2 -0.000186741
12409.8 -0.000195433
12417.5 -0.000204562
12425.1 -0.000215128
12432.8 -0.000226811
12440.4 -0.000238864
12448.1 -0.000251306
12455.7 -0.000264204
12463.4 -0.000277539
12471 -0.000291251
12478.7 -0.00030532
12486.3 -0.000319193
12494 -0.000332935
12501.6 -0.000347106
12509.3 -0.000361681
12516.9 -0.000376778
12524.6 -0.000392401
12532.2 -0.000408348
12539.9 -0.000424612
12547.5 -0.000441651
12555.2 -0.00045973
12562.8 -0.000477598
12570.5 -0.000494829
12578.1 -0.000508427
12585.8 -0.0005235
12593.4 -0.000542535
12601.1 -0.000564656
12608.7 -0.000591982
12616.4 -0.000620641
12624 -0.000646329
12631.7 -0.000671911
12639.3 -0.000699325
12647 -0.000729708
12654.6 -0.000754371
12662.3 -0.000776079
12669.9 -0.000794795
12677.6 -0.000809585
12685.2 -0.000825226
12692.9 -0.00083992
12700.5 -0.000852393
12708.2 -0.000858694
12715.8 -0.000869277
12723.5 -0.000882227
12731.1 -0.000896487
12738.8 -0.000912119
12746.4 -0.000929021
12754.1 -0.000946316
12761.7 -0.000964184
12769.4 -0.000983516
12777 -0.00100272
12784.7 -0.00101953
12792.3 -0.00103489
12800 -0.00104814
12807.7 -0.00105793
12815.3 -0.00107138
12823 -0.00108654
12830.6 -0.00110339
12838.3 -0.00112427
12845.9 -0.00114392
12853.6 -0.00116252
12861.2 -0.0011807
12868.9 -0.00119895
12876.5 -0.00121493
12884.2 -0.00123031
12891.8 -0.00124558
12899.5 -0.00126145
12907.1 -0.00127882
12914.8 -0.00129361
12922.4 -0.00130721
12930.1 -0.00132018
12937.7 -0.00133401
12945.4 -0.00134518
12953 -0.00135374
12960.7 -0.00135944
12968.3 -0.00135898
12976 -0.00135819
12983.6 -0.00136109
12991.3 -0.0013648
12998.9 -0.00136793
13006.6 -0.00136792
13014.2 -0.0013728
13021.9 -0.00138071
13029.5 -0.00139172
13037.2 -0.00140969
13044.8 -0.00142643
13052.5 -0.00144055
13060.1 -0.00145366
13067.8 -0.00146632
13075.4 -0.00147853
13083.1 -0.00148975
13090.7 -0.00150042
13098.4 -0.00151051
13106 -0.00151938
13113.7 -0.00152892
13121.3 -0.001539
13129 -0.00154944
13136.6 -0.00156022
13144.3 -0.0015706
13151.9 -0.00158105
13159.6 -0.00159203
13167.2 -0.00160395
13174.9 -0.00161904
13182.5 -0.00163262
13190.2 -0.00164446
13197.8 -0.00165528
13205.5 -0.00166523
13213.1 -0.00167473
13220.8 -0.00168399
13228.4 -0.00169252
13236.1 -0.0016999
13243.7 -0.00170368
13251.4 -0.00170814
13259 -0.00171478
13266.7 -0.00172255
13274.3 -0.00173114
13282 -0.00174083
13289.6 -0.00175155
13297.3 -0.00176307
13304.9 -0.00177557
13312.6 -0.00178992
13320.2 -0.00180532
13327.9 -0.00181912
13335.5 -0.00183257
13343.2 -0.00184598
13350.8 -0.00185956
13358.5 -0.00187267
13366.1 -0.00188571
13373.8 -0.00189886
13381.4 -0.00191229
13389.1 -0.00192634
13396.7 -0.00193993
13404.4 -0.00195349
13412 -0.00196726
13419.7 -0.00198179
13427.3 -0.00199674
13435 -0.00201055
13442.6 -0.00202401
13450.3 -0.00203741
13457.9 -0.00205157
13465.6 -0.00206386
13473.2 -0.00207479
13480.9 -0.0020846
13488.5 -0.002093
13496.2 -0.00209925
13503.8 -0.00210727
13511.5 -0.00211542
13519.1 -0.00212292
13526.8 -0.00212836
13534.4 -0.0021306
13542.1 -0.00213898
13549.7 -0.0021502
13557.4 -0.00216391
13565 -0.00218136
13572.7 -0.00220028
13580.3 -0.0022164
13588 -0.00223215
13595.6 -0.00224819
13603.3 -0.0022666
13610.9 -0.00228344
13618.6 -0.00229757
13626.2 -0.00230969
13633.9 -0.00231926
13641.5 -0.00232219
13649.2 -0.00232948
13656.8 -0.00234014
13664.5 -0.00235264
13672.1 -0.00236652
13679.8 -0.00238166
13687.4 -0.00239765
13695.1 -0.00241463
13702.7 -0.0024328
13710.4 -0.00245272
13718 -0.0024764
13725.7 -0.00249734
13733.3 -0.0025169
13741 -0.00253547
13748.6 -0.00255268
13756.3 -0.00256702
13763.9 -0.00258444
13771.6 -0.00260349
13779.2 -0.00262384
13786.9 -0.00264577
13794.5 -0.00267023
13802.2 -0.0026934
13809.8 -0.00271633
13817.5 -0.00273935
13825.1 -0.00276276
13832.8 -0.00278662
13840.4 -0.00280923
13848.1 -0.00283133
13855.7 -0.00285292
13863.4 -0.00287358
13871 -0.00289267
13878.7 -0.00291427
13886.3 -0.0029369
13894 -0.00296019
13901.6 -0.00298381
13909.3 -0.00300747
13916.9 -0.00303311
13924.6 -0.00306012
13932.2 -0.00308858
13939.9 -0.00311919
13947.5 -0.00315386
13955.2 -0.00318429
13962.8 -0.00321286
13970.5 -0.00324002
13978.1 -0.00326546
13985.8 -0.00328726
13993.4 -0.00331194
14001.1 -0.00333785
14008.7 -0.00336411
14016.4 -0.00338984
14024 -0.00341184
14031.7 -0.00343913
14039.3 -0.00347039
14047 -0.00350484
14054.6 -0.00354295
14062.3 -0.00358934
14069.9 -0.00363246
14077.6 -0.003672
14085.2 -0.00370999
14092.9 -0.00374691
14100.5 -0.00378251
14108.2 -0.00381757
14115.8 -0.0038528
14123.5 -0.00388755
14131.1 -0.00392123
14138.8 -0.00395185
14146.4 -0.00397917
14154.1 -0.00401469
14161.7 -0.00405398
14169.4 -0.00409655
14177 -0.00414314
14184.7 -0.00419628
14192.3 -0.0042448
14200 -0.00429201
14207.7 -0.00433886
14215.3 -0.00438579
14223 -0.00443356
14230.6 -0.00448068
14238.3 -0.0045274
14245.9 -0.0045739
14253.6 -0.00462017
14261.2 -0.0046656
14268.9 -0.00471146
14276.5 -0.00475897
14284.2 -0.00480767
14291.8 -0.00485787
14299.5 -0.00491098
14307.1 -0.00496889
14314.8 -0.00501968
14322.4 -0.00506741
14330.1 -0.00511294
14337.7 -0.00515654
14345.4 -0.00519866
14353 -0.00523911
14360.7 -0.00527732
14368.3 -0.00531303
14376 -0.00534559
14383.6 -0.0053724
14391.3 -0.00539541
14398.9 -0.00542333
14406.6 -0.0054524
14414.2 -0.00548244
14421.9 -0.0055152
14429.5 -0.00555896
14437.2 -0.00558744
14444.8 -0.00560532
14452.5 -0.00561373
14460.1 -0.00561115
14467.8 -0.00558564
14475.4 -0.00555412
14483.1 -0.00553101
14490.7 -0.00550857
14498.4 -0.0054851
14506 -0.00546114
14513.7 -0.00544465
14521.3 -0.00541548
14529 -0.00537501
14536.6 -0.0053235
14544.3 -0.00525938
14551.9 -0.00517243
14559.6 -0.0050738
14567.2 -0.00497779
14574.9 -0.00487847
14582.5 -0.00477514
14590.2 -0.0046701
14597.8 -0.00457596
14605.5 -0.00445625
14613.1 -0.00431666
14620.8 -0.00415889
14628.4 -0.00398077
14636.1 -0.00376795
14643.7 -0.00351128
14651.4 -0.00328245
14659 -0.00306289
14666.7 -0.00285242
14674.3 -0.00265775
14682 -0.00251944
14689.6 -0.00235078
14697.3 -0.00215432
14704.9 -0.00194221
14712.6 -0.00171821
14720.2 -0.00148182
14727.9 -0.00122091
14735.5 -0.000968187
14743.2 -0.000720381
14750.8 -0.000476847
14758.5 -0.000238205
14766.1 -7.35823e-06
14773.8 0.000212149
14781.4 0.000430007
14789.1 0.000643643
14796.7 0.000851796
14804.4 0.00105263
14812 0.00123076
14819.7 0.00139043
14827.3 0.00154998
14835 0.0017078
14842.6 0.00186443
14850.3 0.00202342
14857.9 0.00220186
14865.6 0.00235701
14873.2 0.00249468
14880.9 0.00261768
14888.5 0.00272626
14896.2 0.00281807
14903.8 0.00289106
14911.5 0.00296459
14919.1 0.00303234
14926.8 0.00309336
14934.4 0.00314758
14942.1 0.00319537
14949.7 0.00324227
14957.4 0.0032833
14965 0.00331908
14972.7 0.00335066
14980.3 0.00337979
14988 0.00341583
14995.6 0.00345547
15003.3 0.0034832
15010.9 0.00350306
15018.6 0.00351642
15026.2 0.00352416
15033.9 0.00352665
15041.5 0.0035223
15049.2 0.00351332
15056.8 0.0035
15064.5 0.00348229
15072.1 0.00345936
15079.8 0.00342539
15087.4 0.00339387
15095.1 0.00336474
15102.7 0.00333632
15110.4 0.00330811
15118 0.0032798
15125.7 0.0032494
15133.3 0.00321776
15141 0.00318714
15148.6 0.00315757
15156.3 0.00312949
15163.9 0.00310417
15171.6 0.00308797
15179.2 0.00306436
15186.9 0.00303518
15194.5 0.00300201
15202.2 0.00296488
15209.8 0.00292263
15217.5 0.00286746
15225.1 0.00281526
15232.8 0.00276658
15240.4 0.00271934
15248.1 0.00267285
15255.7 0.00262667
15263.4 0.00257972
15271 0.00253342
15278.7 0.00248835
15286.3 0.00244442
15294 0.00240197
15301.6 0.00236191
15309.3 0.00233009
15316.9 0.00229676
15324.6 0.00225842
15332.2 0.00221733
15339.9 0.00217406
15347.5 0.00212865
15355.2 0.00207959
15362.8 0.00202983
15370.5 0.00198136
15378.1 0.00193302
15385.8 0.00188452
15393.4 0.00183559
15401.1 0.00178533
15408.7 0.00173325
15416.4 0.00168436
15424 0.00163712
15431.7 0.00159136
15439.3 0.00154721
15447 0.00150532
15454.6 0.00146769
15462.3 0.00142799
15469.9 0.00138775
15477.6 0.00134748
15485.2 0.0013074
15492.9 0.00126759
15500.5 0.0012278
15508.2 0.00118873
15515.8 0.00115046
15523.5 0.00111289
15531.1 0.00107592
15538.8 0.00103932
15546.4 0.00100166
15554.1 0.000965708
15561.7 0.000932449
15569.4 0.000901228
15577 0.000871983
15584.7 0.000844862
15592.3 0.000820521
15600 0.000799585
15607.7 0.000777632
15615.3 0.000756095
15623 0.000735181
15630.6 0.000714805
15638.3 0.000694451
15645.9 0.000671305
15653.6 0.000652337
15661.2 0.000636744
15668.9 0.00062374
15676.5 0.000613005
15684.2 0.000604271
15691.8 0.000596734
15699.5 0.00059181
15707.1 0.000590429
15714.8 0.000591867
15722.4 0.000595925
15730.1 0.000602416
15737.7 0.000610923
15745.4 0.000619278
15753 0.000631836
15760.7 0.000648392
15768.3 0.000668828
15776 0.000693478
15783.6 0.000723385
15791.3 0.00076507
15798.9 0.000809375
15806.6 0.000847845
15814.2 0.000884568
15821.9 0.000920475
15829.5 0.000955994
15837.2 0.000991593
15844.8 0.0010279
15852.5 0.00106015
15860.1 0.00108986
15867.8 0.00111702
15875.4 0.00114117
15883.1 0.00116123
15890.7 0.001173
15898.4 0.00117957
15906 0.0011928
15913.7 0.00120688
15921.3 0.00122048
15929 0.00123288
15936.6 0.00124359
15944.3 0.00125219
15951.9 0.0012576
15959.6 0.00126016
15967.2 0.00125979
15974.9 0.00125642
15982.5 0.00125006
15990.2 0.00124101
15997.8 0.00123011
16005.5 0.00121422
16013.1 0.00119409
16020.8 0.00117005
16028.4 0.00114233
16036.1 0.00111123
16043.7 0.0010773
16051.4 0.00104077
16059 0.00100099
16066.7 0.000958615
16074.3 0.000914067
16082 0.000867795
16089.6 0.000820387
16097.3 0.000773546
16104.9 0.000724254
16112.6 0.000672899
16120.2 0.000620326
16127.9 0.000566986
16135.5 0.000513215
16143.2 0.000459257
16150.8 0.000405253
16158.5 0.000352114
16166.1 0.000299749
16173.8 0.000248214
16181.4 0.000197558
16189.1 0.000147749
16196.7 9.84784e-05
16204.4 4.8832e-05
16212 2.36082e-06
16219.7 -4.18804e-05
16227.3 -8.41914e-05
16235 -0.00012475
16242.6 -0.000163779
16250.3 -0.000201857
16257.9 -0.000239565
16265.6 -0.000273174
16273.2 -0.000303996
16280.9 -0.000332283
16288.5 -0.00035806
16296.2 -0.000381141
16303.8 -0.000400556
16311.5 -0.000415914
16319.1 -0.000433181
16326.8 -0.000450245
16334.4 -0.000466713
16342.1 -0.000482411
16349.7 -0.000497187
16357.4 -0.000510626
16365 -0.000522669
16372.7 -0.000535397
16380.3 -0.000548095
16388 -0.000560675
16395.6 -0.000573161
16403.3 -0.000585673
16410.9 -0.000598661
16418.6 -0.000612223
16426.2 -0.000624102
16433.9 -0.000635174
16441.5 -0.000645621
16449.2 -0.000655521
16456.8 -0.000664902
16464.5 -0.000673682
16472.1 -0.000681828
16479.8 -0.000690251
16487.4 -0.000698719
16495.1 -0.000707267
16502.7 -0.000716016
16510.4 -0.000725236
16518 -0.000735757
16525.7 -0.000748912
16533.3 -0.00075818
16541 -0.000765649
16548.6 -0.000771797
16556.3 -0.000776795
16563.9 -0.000780687
16571.6 -0.000783368
16579.2 -0.000784412
16586.9 -0.000785475
16594.5 -0.000786097
16602.2 -0.000786105
16609.8 -0.000785385
16617.5 -0.000783791
16625.1 -0.00078102
16632.8 -0.00077569
16640.4 -0.000771053
16648.1 -0.000766763
16655.7 -0.00076235
16663.4 -0.000757606
16671 -0.000752348
16678.7 -0.000746302
16686.3 -0.00073815
16694 -0.000730142
16701.6 -0.000723215
16709.3 -0.000716647
16716.9 -0.000710249
16724.6 -0.000703946
16732.2 -0.000697726
16739.9 -0.000691696
16747.5 -0.000686061
16755.2 -0.00067992
16762.8 -0.000673551
16770.5 -0.000667055
16778.1 -0.000660533
16785.8 -0.000654155
16793.4 -0.000648353
16801.1 -0.000644682
16808.7 -0.000638389
16816.4 -0.000630534
16824 -0.00062159
16831.7 -0.000611722
16839.3 -0.000600996
16847 -0.000589403
16854.6 -0.00057658
16862.3 -0.000563494
16869.9 -0.000550391
16877.6 -0.000537046
16885.2 -0.000523447
16892.9 -0.000509647
16900.5 -0.000495772
16908.2 -0.000482201
16915.8 -0.000469688
16923.5 -0.000454975
16931.1 -0.000439119
16938.8 -0.000422419
16946.4 -0.00040503
16954.1 -0.000387094
16961.7 -0.000368827
16969.4 -0.000351317
16977 -0.000332658
16984.7 -0.000312192
16992.3 -0.000290416
17000 -0.000267425
17007.7 -0.000243192
17015.3 -0.00021756
17023 -0.000189986
17030.6 -0.000158949
17038.3 -0.000129831
17045.9 -0.000101168
17053.6 -7.24782e-05
17061.2 -4.35217e-05
17068.9 -1.40764e-05
17076.5 1.62226e-05
17084.2 4.89367e-05
17091.8 8.28093e-05
17099.5 0.000113733
17107.1 0.00014336
17114.8 0.000171943
17122.4 0.00019949
17130.1 0.000225828
17137.7 0.00025039
17145.4 0.000270128
17153 0.00029209
17160.7 0.00031585
17168.3 0.000340512
17176 0.000365808
17183.6 0.000391662
17191.3 0.000418161
17198.9 0.000445813
17206.6 0.000475803
17214.2 0.000503021
17221.9 0.000528952
17229.5 0.000553988
17237.2 0.000578307
17244.8 0.000602069
17252.5 0.000625541
17260.1 0.000649705
17267.8 0.000674947
17275.4 0.00069629
17283.1 0.000715339
17290.7 0.000732314
17298.4 0.000747207
17306 0.000759849
17313.7 0.000769773
17321.3 0.000774255
17329 0.000777562
17336.6 0.000782337
17344.3 0.000786952
17351.9 0.000790944
17359.6 0.000794026
17367.2 0.000795921
17374.9 0.000796162
17382.5 0.000792439
17390.2 0.000789412
17397.8 0.000787519
17405.5 0.000785908
17413.1 0.000784348
17420.8 0.000782766
17428.4 0.000781179
17436.1 0.000779744
17443.7 0.000779408
17451.4 0.000778087
17459 0.000775841
17466.7 0.000773
17474.3 0.000769702
17482 0.000766044
17489.6 0.000762113
17497.3 0.000758013
17504.9 0.000753949
17512.6 0.000749483
17520.2 0.000744814
17527.9 0.000740071
17535.5 0.000735353
17543.2 0.000730764
17550.8 0.000726443
17558.5 0.000722641
17566.1 0.000720504
17573.8 0.000717755
17581.4 0.000714422
17589.1 0.00071089
17596.7 0.000707313
17604.4 0.000703789
17612 0.000700389
17619.7 0.000697166
17627.3 0.000694033
17635 0.000691075
17642.6 0.000688594
17650.3 0.000686632
17657.9 0.000685274
17665.6 0.000684648
17673.2 0.00068497
17680.9 0.000686697
17688.5 0.000692381
17696.2 0.000697927
17703.8 0.000700898
17711.5 0.000702792
17719.1 0.000703979
17726.8 0.000704616
17734.4 0.000704767
17742.1 0.000704423
17749.7 0.000703393
17757.4 0.00070154
17765 0.00069991
17772.7 0.000698099
17780.3 0.000695953
17788 0.000693307
17795.6 0.000689918
17803.3 0.000685336
17810.9 0.000678303
17818.6 0.000665889
17826.2 0.00065911
17833.9 0.000654797
17841.5 0.000652045
17849.2 0.000650484
17856.8 0.000649912
17864.5 0.000650204
17872.1 0.00065128
17879.8 0.000653182
17887.4 0.000655896
17895.1 0.000659251
17902.7 0.000663256
17910.4 0.000667934
17918 0.000673342
17925.7 0.000679598
17933.3 0.000686976
17941 0.000696626
17948.6 0.000707509
17956.3 0.000715836
17963.9 0.000723393
17971.6 0.000730513
17979.2 0.000737354
17986.9 0.000744018
17994.5 0.000750603
18002.2 0.000757279
18009.8 0.000764791
18017.5 0.000771581
18025.1 0.000777764
18032.8 0.000783469
18040.4 0.000788717
18048.1 0.000793481
18055.7 0.00079768
18063.4 0.000801106
18071 0.000802727
18078.7 0.000803414
18086.3 0.000805705
18094 0.000808562
18101.6 0.000811779
18109.3 0.000815274
18116.9 0.000819022
18124.6 0.000823044
18132.2 0.000827474
18139.9 0.000833092
18147.5 0.000838177
18155.2 0.000842822
18162.8 0.000847198
18170.5 0.000851362
18178.1 0.000855336
18185.8 0.000859128
18193.4 0.000862731
18201.1 0.000866087
18208.7 0.000868887
18216.4 0.000871715
18224 0.000874509
18231.7 0.000877249
18239.3 0.000879929
18247 0.000882551
18254.6 0.000885125
18262.3 0.000887672
18269.9 0.00089038
18277.6 0.0008932
18285.2 0.000895785
18292.9 0.0008982
18300.5 0.000900463
18308.2 0.000902577
18315.8 0.000904542
18323.5 0.000906344
18331.1 0.000907949
18338.8 0.000909057
18346.4 0.000910064
18354.1 0.000911108
18361.7 0.000912142
18369.4 0.000913154
18377 0.000914143
18384.7 0.000915117
18392.3 0.000916095
18400 0.000917143
18407.7 0.000918655
18415.3 0.000919949
18423 0.000921025
18430.6 0.000921933
18438.3 0.00092269
18445.9 0.000923299
18453.6 0.000923758
18461.2 0.000924048
18468.9 0.000924102
18476.5 0.000923602
18484.2 0.00092323
18491.8 0.000922904
18499.5 0.00092259
18507.1 0.000922275
18514.8 0.000921959
18522.4 0.000921652
18530.1 0.000921377
18537.7 0.000921213
18545.4 0.000921455
18553 0.000921404
18560.7 0.000921181
18568.3 0.000920824
18576 0.00092035
18583.6 0.000919764
18591.3 0.000919067
18598.9 0.00091825
18606.6 0.000917275
18614.2 0.000916008
18621.9 0.000914805
18629.5 0.0009136
18637.2 0.000912375
18644.8 0.000911123
18652.5 0.000909844
18660.1 0.000908539
18667.8 0.000907213
18675.4 0.000905886
18683.1 0.000904632
18690.7 0.000903268
18698.4 0.000901825
18706 0.000900317
18713.7 0.000898748
18721.3 0.00089712
18729 0.000895433
18736.6 0.000893684
18744.3 0.00089186
18751.9 0.0008899
18759.6 0.00088795
18767.2 0.000885994
18774.9 0.000884021
18782.5 0.000882029
18790.2 0.000880017
18797.8 0.000877986
18805.5 0.00087594
18813.1 0.000873891
18820.8 0.000871899
18828.4 0.000869847
18836.1 0.000867723
18843.7 0.000865545
18851.4 0.000863318
18859 0.000861044
18866.7 0.000858723
18874.3 0.000856352
18882 0.000853922
18889.6 0.000851382
18897.3 0.000848788
18904.9 0.000846237
18912.6 0.000843688
18920.2 0.000841135
18927.9 0.000838574
18935.5 0.000836002
18943.2 0.00083342
18950.8 0.000830829
18958.5 0.000828233
18966.1 0.000825645
18973.8 0.000823018
18981.4 0.000820365
18989.1 0.000817688
18996.7 0.000814988
19004.4 0.000812263
19012 0.000809513
19019.7 0.000806734
19027.3 0.000803914
19035 0.000800995
19042.6 0.000798106
19050.3 0.000795251
19057.9 0.000792409
19065.6 0.000789575
19073.2 0.000786746
19080.9 0.000783919
19088.5 0.000781094
19096.2 0.000778272
19103.8 0.000775456
19111.5 0.000772649
19119.1 0.000769826
19126.8 0.000766994
19134.4 0.000764156
19142.1 0.000761312
19149.7 0.00075846
19157.4 0.000755602
19165 0.000752734
19172.7 0.000749852
19180.3 0.000746924
19188 0.000744021
19195.6 0.000741146
19203.3 0.000738287
19210.9 0.000735442
19218.6 0.000732609
19226.2 0.000729788
19233.9 0.000726983
19241.5 0.000724197
19249.2 0.000721446
19256.8 0.000718769
19264.5 0.000716013
19272.1 0.00071322
19279.8 0.000710404
19287.4 0.000707567
19295.1 0.000704712
19302.7 0.000701835
19310.4 0.000698933
19318 0.000695994
19325.7 0.000692973
19333.3 0.000689884
19341 0.000686949
19348.6 0.000684073
19356.3 0.000681238
19363.9 0.000678438
19371.6 0.000675671
19379.2 0.000672937
19386.9 0.000670238
19394.5 0.000667586
19402.2 0.00066504
19409.8 0.000662473
19417.5 0.000659837
19425.1 0.000657176
19432.8 0.000654501
19440.4 0.000651814
19448.1 0.000649119
19455.7 0.000646414
19463.4 0.000643697
19471 0.000640961
19478.7 0.000638159
19486.3 0.000635415
19494 0.000632722
19501.6 0.000630058
19509.3 0.000627418
19516.9 0.000624799
19524.6 0.000622199
19532.2 0.000619619
19539.9 0.00061706
19547.5 0.000614526
19555.2 0.000612039
19562.8 0.000609534
19570.5 0.00060702
19578.1 0.000604508
19585.8 0.000601999
19593.4 0.000599496
19601.1 0.000597
19608.7 0.00059451
19616.4 0.000592027
19624 0.000589551
19631.7 0.000587076
19639.3 0.000584616
19647 0.00058217
19654.6 0.000579735
19662.3 0.000577311
19669.9 0.000574896
19677.6 0.000572492
19685.2 0.000570096
19692.9 0.000567708
19700.5 0.000565323
19708.2 0.000562926
19715.8 0.000560564
19723.5 0.000558236
19731.1 0.000555932
19738.8 0.00055365
19746.4 0.000551389
19754.1 0.000549149
19761.7 0.00054693
19769.4 0.000544734
19777 0.000542561
19784.7 0.00054042
19792.3 0.0005383
19800 0.000536187
19807.7 0.000534095
19815.3 0.000532025
19823 0.000529984
19830.6 0.000527977
19838.3 0.00052601
19845.9 0.000524098
19853.6 0.000522264
19861.2 0.000520583
19868.9 0.00051907
19876.5 0.000517168
19884.2 0.00051513
19891.8 0.000513004
19899.5 0.000510809
19907.1 0.000508551
19914.8 0.000506235
19922.4 0.000503857
19930.1 0.000501406
19937.7 0.00049885
19945.4 0.000496073
19953 0.000493573
19960.7 0.000491194
19968.3 0.000488875
19976 0.000486598
19983.6 0.000484352
19991.3 0.000482133
19998.9 0.000479935
20006.6 0.000477757
20014.2 0.000475596
20021.9 0.000473451
20029.5 0.000471321
20037.2 0.000469206
20044.8 0.000467104
20052.5 0.000465015
20060.1 0.000462938
20067.8 0.000460873
20075.4 0.00045882
20083.1 0.000456778
20090.7 0.000454747
20098.4 0.000452727
20106 0.000450718
20113.7 0.000448719
20121.3 0.00044673
20129 0.000444752
20136.6 0.000442784
20144.3 0.000440826
20151.9 0.000438878
20159.6 0.000436939
20167.2 0.00043501
20174.9 0.000433091
20182.5 0.000431182
20190.2 0.000429281
20197.8 0.000427391
20205.5 0.000425509
20213.1 0.000423637
20220.8 0.000421774
20228.4 0.00041992
20236.1 0.000418075
20243.7 0.000416239
20251.4 0.000414412
20259 0.000412595
20266.7 0.000410786
20274.3 0.000408985
20282 0.000407194
20289.6 0.000405412
20297.3 0.000403638
20304.9 0.000401873
20312.6 0.000400116
20320.2 0.000398368
20327.9 0.000396629
20335.5 0.000394898
20343.2 0.000393175
20350.8 0.000391461
20358.5 0.000389755
20366.1 0.000388058
20373.8 0.000386369
20381.4 0.000384688
20389.1 0.000383016
20396.7 0.000381352
20404.4 0.000379695
20412 0.000378047
20419.7 0.000376407
20427.3 0.000374775
20435 0.000373151
20442.6 0.000371535
20450.3 0.000369927
20457.9 0.000368327
20465.6 0.000366735
20473.2 0.000365151
20480.9 0.000363574
20488.5 0.000362005
20496.2 0.000360444
20503.8 0.00035889
20511.5 0.000357344
20519.1 0.000355806
20526.8 0.000354275
20534.4 0.000352752
20542.1 0.000351236
20549.7 0.000349728
20557.4 0.000348227
20565 0.000346734
20572.7 0.000345248
20580.3 0.000343769
20588 0.000342298
20595.6 0.000340833
20603.3 0.000339376
20610.9 0.000337927
20618.6 0.000336484
20626.2 0.000335048
20633.9 0.00033362
20641.5 0.000332199
20649.2 0.000330784
20656.8 0.000329377
20664.5 0.000327976
20672.1 0.000326582
20679.8 0.000325196
20687.4 0.000323816
20695.1 0.000322443
20702.7 0.000321076
20710.4 0.000319717
20718 0.000318364
20725.7 0.000317017
20733.3 0.000315678
20741 0.000314345
20748.6 0.000313018
20756.3 0.000311698
20763.9 0.000310385
20771.6 0.000309078
20779.2 0.000307777
20786.9 0.000306483
20794.5 0.000305195
20802.2 0.000303914
20809.8 0.000302639
20817.5 0.00030137
20825.1 0.000300107
20832.8 0.000298851
20840.4 0.000297601
20848.1 0.000296356
20855.7 0.000295118
20863.4 0.000293886
20871 0.000292661
20878.7 0.000291441
20886.3 0.000290227
20894 0.000289019
20901.6 0.000287817
20909.3 0.000286621
20916.9 0.00028543
20924.6 0.000284246
20932.2 0.000283067
20939.9 0.000281894
20947.5 0.000280727
20955.2 0.000279566
20962.8 0.00027841
20970.5 0.00027726
20978.1 0.000276115
20985.8 0.000274976
20993.4 0.000273843
21001.1 0.000272715
21008.7 0.000271593
21016.4 0.000270476
21024 0.000269364
21031.7 0.000268258
21039.3 0.000267157
21047 0.000266062
21054.6 0.000264972
21062.3 0.000263887
21069.9 0.000262808
21077.6 0.000261734
21085.2 0.000260665
21092.9 0.000259601
21100.5 0.000258542
21108.2 0.000257489
21115.8 0.00025644
21123.5 0.000255397
21131.1 0.000254359
21138.8 0.000253325
21146.4 0.000252297
21154.1 0.000251274
21161.7 0.000250255
21169.4 0.000249242
21177 0.000248233
21184.7 0.00024723
21192.3 0.000246231
21200 0.000245236
21207.7 0.000244247
21215.3 0.000243263
21223 0.000242283
21230.6 0.000241308
21238.3 0.000240337
21245.9 0.000239371
21253.6 0.00023841
21261.2 0.000237453
21268.9 0.000236501
21276.5 0.000235554
21284.2 0.000234611
21291.8 0.000233673
21299.5 0.000232739
21307.1 0.000231809
21314.8 0.000230884
21322.4 0.000229963
21330.1 0.000229047
21337.7 0.000228135
21345.4 0.000227228
21353 0.000226324
21360.7 0.000225425
21368.3 0.000224531
21376 0.00022364
21383.6 0.000222754
21391.3 0.000221872
21398.9 0.000220994
21406.6 0.00022012
21414.2 0.00021925
21421.9 0.000218385
21429.5 0.000217524
21437.2 0.000216666
21444.8 0.000215813
21452.5 0.000214963
21460.1 0.000214118
21467.8 0.000213277
21475.4 0.000212439
21483.1 0.000211606
21490.7 0.000210776
21498.4 0.000209951
21506 0.000209129
21513.7 0.000208311
21521.3 0.000207497
21529 0.000206687
21536.6 0.00020588
21544.3 0.000205077
21551.9 0.000204278
21559.6 0.000203483
21567.2 0.000202691
21574.9 0.000201903
21582.5 0.000201119
21590.2 0.000200339
21597.8 0.000199562
21605.5 0.000198788
21613.1 0.000198018
21620.8 0.000197252
21628.4 0.00019649
21636.1 0.00019573
21643.7 0.000194975
21651.4 0.000194223
21659 0.000193474
21666.7 0.000192729
21674.3 0.000191987
21682 0.000191249
21689.6 0.000190514
21697.3 0.000189782
21704.9 0.000189054
21712.6 0.000188329
21720.2 0.000187607
21727.9 0.000186889
21735.5 0.000186174
21743.2 0.000185462
21750.8 0.000184754
21758.5 0.000184049
21766.1 0.000183347
21773.8 0.000182648
21781.4 0.000181952
21789.1 0.00018126
21796.7 0.000180571
21804.4 0.000179884
21812 0.000179201
21819.7 0.000178522
21827.3 0.000177845
21835 0.000177171
21842.6 0.0001765
21850.3 0.000175833
21857.9 0.000175168
21865.6 0.000174506
21873.2 0.000173848
21880.9 0.000173192
21888.5 0.000172539
21896.2 0.000171889
21903.8 0.000171242
21911.5 0.000170598
21919.1 0.000169957
21926.8 0.000169319
21934.4 0.000168684
21942.1 0.000168051
21949.7 0.000167422
21957.4 0.000166795
21965 0.000166171
21972.7 0.00016555
21980.3 0.000164931
21988 0.000164315
21995.6 0.000163702
22003.3 0.000163092
22010.9 0.000162485
22018.6 0.00016188
22026.2 0.000161278
22033.9 0.000160678
22041.5 0.000160081
22049.2 0.000159487
22056.8 0.000158896
22064.5 0.000158307
22072.1 0.000157721
22079.8 0.000157137
22087.4 0.000156556
22095.1 0.000155977
22102.7 0.000155401
22110.4 0.000154828
22118 0.000154257
22125.7 0.000153688
22133.3 0.000153122
22141 0.000152559
22148.6 0.000151998
22156.3 0.000151439
22163.9 0.000150883
22171.6 0.00015033
22179.2 0.000149778
22186.9 0.00014923
22194.5 0.000148683
22202.2 0.000148139
22209.8 0.000147597
22217.5 0.000147058
22225.1 0.000146521
22232.8 0.000145987
22240.4 0.000145454
22248.1 0.000144924
22255.7 0.000144396
22263.4 0.000143871
22271 0.000143348
22278.7 0.000142827
22286.3 0.000142308
22294 0.000141792
22301.6 0.000141278
22309.3 0.000140766
22316.9 0.000140256
22324.6 0.000139749
22332.2 0.000139243
22339.9 0.00013874
22347.5 0.000138239
22355.2 0.00013774
22362.8 0.000137243
22370.5 0.000136749
22378.1 0.000136256
22385.8 0.000135766
22393.4 0.000135278
22401.1 0.000134791
22408.7 0.000134307
22416.4 0.000133825
22424 0.000133345
22431.7 0.000132867
22439.3 0.000132391
22447 0.000131917
22454.6 0.000131445
22462.3 0.000130976
22469.9 0.000130508
22477.6 0.000130042
22485.2 0.000129578
22492.9 0.000129116
22500.5 0.000128656
22508.2 0.000128198
22515.8 0.000127741
22523.5 0.000127287
22531.1 0.000126835
22538.8 0.000126384
22546.4 0.000125936
22554.1 0.000125489
22561.7 0.000125044
22569.4 0.000124601
22577 0.00012416
22584.7 0.000123721
22592.3 0.000123284
22600 0.000122848
22607.7 0.000122414
22615.3 0.000121983
22623 0.000121552
22630.6 0.000121124
22638.3 0.000120698
22645.9 0.000120273
22653.6 0.00011985
22661.2 0.000119429
22668.9 0.000119009
22676.5 0.000118591
22684.2 0.000118175
22691.8 0.000117761
22699.5 0.000117348
22707.1 0.000116937
22714.8 0.000116528
22722.4 0.000116121
22730.1 0.000115715
22737.7 0.000115311
22745.4 0.000114908
22753 0.000114507
22760.7 0.000114108
22768.3 0.000113711
22776 0.000113315
22783.6 0.000112921
22791.3 0.000112528
22798.9 0.000112137
22806.6 0.000111747
22814.2 0.000111359
22821.9 0.000110973
22829.5 0.000110588
22837.2 0.000110205
22844.8 0.000109824
22852.5 0.000109444
22860.1 0.000109065
22867.8 0.000108688
22875.4 0.000108313
22883.1 0.000107939
22890.7 0.000107566
22898.4 0.000107196
22906 0.000106826
22913.7 0.000106458
22921.3 0.000106092
22929 0.000105727
22936.6 0.000105364
22944.3 0.000105002
22951.9 0.000104641
22959.6 0.000104282
22967.2 0.000103924
22974.9 0.000103568
22982.5 0.000103214
22990.2 0.00010286
22997.8 0.000102508
23005.5 0.000102158
23013.1 0.000101809
23020.8 0.000101461
23028.4 0.000101115
23036.1 0.00010077
23043.7 0.000100426
23051.4 0.000100084
23059 9.97432e-05
23066.7 9.94037e-05
23074.3 9.90656e-05
23082 9.87288e-05
23089.6 9.83934e-05
23097.3 9.80593e-05
23104.9 9.77265e-05
23112.6 9.73951e-05
23120.2 9.70649e-05
23127.9 9.67361e-05
23135.5 9.64086e-05
23143.2 9.60823e-05
23150.8 9.57574e-05
23158.5 9.54337e-05
23166.1 9.51113e-05
23173.8 9.47902e-05
23181.4 9.44703e-05
23189.1 9.41517e-05
23196.7 9.38343e-05
23204.4 9.35182e-05
23212 9.32033e-05
23219.7 9.28897e-05
23227.3 9.25773e-05
23235 9.22661e-05
23242.6 9.19561e-05
23250.3 9.16474e-05
23257.9 9.13398e-05
23265.6 9.10335e-05
23273.2 9.07283e-05
23280.9 9.04244e-05
23288.5 9.01216e-05
23296.2 8.982e-05
23303.8 8.95195e-05
23311.5 8.92203e-05
23319.1 8.89221e-05
23326.8 8.86252e-05
23334.4 8.83294e-05
23342.1 8.80347e-05
23349.7 8.77412e-05
23357.4 8.74488e-05
23365 8.71576e-05
23372.7 8.68675e-05
23380.3 8.65785e-05
23388 8.62906e-05
23395.6 8.60038e-05
23403.3 8.57181e-05
23410.9 8.54335e-05
23418.6 8.515e-05
23426.2 8.48676e-05
23433.9 8.45863e-05
23441.5 8.43061e-05
23449.2 8.40269e-05
23456.8 8.37488e-05
23464.5 8.34718e-05
23472.1 8.31958e-05
23479.8 8.29209e-05
23487.4 8.2647e-05
23495.1 8.23742e-05
23502.7 8.21024e-05
23510.4 8.18316e-05
23518 8.15619e-05
23525.7 8.12932e-05
23533.3 8.10255e-05
23541 8.07589e-05
23548.6 8.04932e-05
23556.3 8.02286e-05
23563.9 7.99649e-05
23571.6 7.97023e-05
23579.2 7.94406e-05
23586.9 7.918e-05
23594.5 7.89203e-05
23602.2 7.86616e-05
23609.8 7.84039e-05
23617.5 7.81471e-05
23625.1 7.78914e-05
23632.8 7.76365e-05
23640.4 7.73827e-05
23648.1 7.71298e-05
23655.7 7.68778e-05
23663.4 7.66268e-05
23671 7.63767e-05
23678.7 7.61276e-05
23686.3 7.58794e-05
23694 7.56321e-05
23701.6 7.53858e-05
23709.3 7.51403e-05
23716.9 7.48958e-05
23724.6 7.46522e-05
23732.2 7.44095e-05
23739.9 7.41677e-05
23747.5 7.39268e-05
23755.2 7.36868e-05
23762.8 7.34477e-05
23770.5 7.32095e-05
23778.1 7.29722e-05
23785.8 7.27357e-05
23793.4 7.25002e-05
23801.1 7.22655e-05
23808.7 7.20316e-05
23816.4 7.17987e-05
23824 7.15666e-05
23831.7 7.13353e-05
23839.3 7.11049e-05
23847 7.08754e-05
23854.6 7.06466e-05
23862.3 7.04188e-05
23869.9 7.01918e-05
23877.6 6.99656e-05
23885.2 6.97402e-05
23892.9 6.95157e-05
23900.5 6.9292e-05
23908.2 6.90691e-05
23915.8 6.8847e-05
23923.5 6.86257e-05
23931.1 6.84053e-05
23938.8 6.81857e-05
23946.4 6.79668e-05
23954.1 6.77488e-05
23961.7 6.75315e-05
23969.4 6.73151e-05
23977 6.70994e-05
23984.7 6.68845e-05
23992.3 6.66704e-05
24000 6.64571e-05
