W N1
10000 0.000205424
10007.7 0.000206087
10015.3 0.000206751
10023 0.000207419
10030.6 0.000208088
10038.3 0.000208759
10045.9 0.000209432
10053.6 0.000210108
10061.2 0.000210785
10068.9 0.000211465
10076.5 0.000212147
10084.2 0.000212831
10091.8 0.000213516
10099.5 0.000214204
10107.1 0.000214894
10114.8 0.000215586
10122.4 0.00021628
10130.1 0.000216976
10137.7 0.000217674
10145.4 0.000218374
10153 0.000219076
10160.7 0.000219779
10168.3 0.000220485
10176 0.000221193
10183.6 0.000221902
10191.3 0.000222614
10198.9 0.000223327
10206.6 0.000224042
10214.2 0.000224759
10221.9 0.000225478
10229.5 0.000226198
10237.2 0.00022692
10244.8 0.000227644
10252.5 0.00022837
10260.1 0.000229098
10267.8 0.000229827
10275.4 0.000230557
10283.1 0.00023129
10290.7 0.000232024
10298.4 0.000232759
10306 0.000233496
10313.7 0.000234234
10321.3 0.000234974
10329 0.000235716
10336.6 0.000236459
10344.3 0.000237203
10351.9 0.000237948
10359.6 0.000238695
10367.2 0.000239443
10374.9 0.000240192
10382.5 0.000240943
10390.2 0.000241694
10397.8 0.000242447
10405.5 0.000243201
10413.1 0.000243956
10420.8 0.000244711
10428.4 0.000245468
10436.1 0.000246225
10443.7 0.000246984
10451.4 0.000247743
10459 0.000248502
10466.7 0.000249263
10474.3 0.000250024
10482 0.000250785
10489.6 0.000251547
10497.3 0.00025231
10504.9 0.000253072
10512.6 0.000253835
10520.2 0.000254599
10527.9 0.000255362
10535.5 0.000256125
10543.2 0.000256889
10550.8 0.000257652
10558.5 0.000258415
10566.1 0.000259178
10573.8 0.000259941
10581.4 0.000260703
10589.1 0.000261465
10596.7 0.000262226
10604.4 0.000262986
10612 0.000263746
10619.7 0.000264504
10627.3 0.000265262
10635 0.000266019
10642.6 0.000266775
10650.3 0.000267529
10657.9 0.000268282
10665.6 0.000269033
10673.2 0.000269783
10680.9 0.000270531
10688.5 0.000271277
10696.2 0.000272021
10703.8 0.000272763
10711.5 0.000273502
10719.1 0.00027424
10726.8 0.000274974
10734.4 0.000275706
10742.1 0.000276436
10749.7 0.000277162
10757.4 0.000277885
10765 0.000278604
10772.7 0.000279321
10780.3 0.000280033
10788 0.000280742
10795.6 0.000281446
10803.3 0.000282147
10810.9 0.000282843
10818.6 0.000283534
10826.2 0.000284221
10833.9 0.000284903
10841.5 0.000285579
10849.2 0.00028625
10856.8 0.000286916
10864.5 0.000287575
10872.1 0.000288228
10879.8 0.000288875
10887.4 0.000289515
10895.1 0.000290149
10902.7 0.000290775
10910.4 0.000291393
10918 0.000292004
10925.7 0.000292607
10933.3 0.000293201
10941 0.000293787
10948.6 0.000294364
10956.3 0.000294931
10963.9 0.000295488
10971.6 0.000296035
10979.2 0.000296571
10986.9 0.000297096
10994.5 0.00029761
11002.2 0.000298112
11009.8 0.000298601
11017.5 0.000299076
11025.1 0.000299538
11032.8 0.000299985
11040.4 0.000300417
11048.1 0.000300832
11055.7 0.000301229
11063.4 0.000301607
11071 0.000301964
11078.7 0.000302298
11086.3 0.000302604
11094 0.000302879
11101.6 0.000303114
11109.3 0.000303293
11116.9 0.000303378
11124.6 0.000303302
11132.2 0.000304726
11139.9 0.000306503
11147.5 0.000308652
11155.2 0.000309726
11162.8 0.000310247
11170.5 0.000310676
11178.1 0.000310911
11185.8 0.000310889
11193.4 0.000310744
11201.1 0.0003106
11208.7 0.000310898
11216.4 0.000311247
11224 0.000311643
11231.7 0.000311695
11239.3 0.000311657
11247 0.00031154
11254.6 0.000311614
11262.3 0.000311849
11269.9 0.00031214
11277.6 0.000312216
11285.2 0.000311625
11292.9 0.000310859
11300.5 0.000309942
11308.2 0.000309728
11315.8 0.000309571
11323.5 0.000309393
11331.1 0.000309474
11338.8 0.000309746
11346.4 0.000310107
11354.1 0.000310274
11361.7 0.00030973
11369.4 0.000309069
11377 0.000308346
11384.7 0.000307171
11392.3 0.000305817
11400 0.000304257
11407.7 0.000303327
11415.3 0.000303078
11423 0.000302924
11430.6 0.000302743
11438.3 0.000302027
11445.9 0.00030122
11453.6 0.000300331
11461.2 0.000299672
11468.9 0.000299125
11476.5 0.000298651
11484.2 0.000297672
11491.8 0.000295178
11499.5 0.000292327
11507.1 0.00028899
11514.8 0.000288169
11522.4 0.000287821
11530.1 0.000287658
11537.7 0.000287044
11545.4 0.000285468
11553 0.000283762
11560.7 0.000281988
11568.3 0.000279771
11576 0.000277407
11583.6 0.000274916
11591.3 0.000272366
11598.9 0.00026979
11606.6 0.000267095
11614.2 0.000264208
11621.9 0.000262378
11629.5 0.000260638
11637.2 0.000258933
11644.8 0.0002569
11652.5 0.000254248
11660.1 0.000251493
11667.8 0.000248712
11675.4 0.000244754
11683.1 0.000240404
11690.7 0.000235804
11698.4 0.000231546
11706 0.000228593
11713.7 0.000225656
11721.3 0.000222685
11729 0.000219651
11736.6 0.000216558
11744.3 0.000213416
11751.9 0.000210113
11759.6 0.000205922
11767.2 0.000201568
11774.9 0.000197091
11782.5 0.000192105
11790.2 0.000186573
11797.8 0.000180826
11805.5 0.000174804
11813.1 0.000170807
11820.8 0.00016702
11828.4 0.000163231
11836.1 0.000159014
11843.7 0.000153444
11851.4 0.000147686
11859 0.000141781
11866.7 0.000135297
11874.3 0.000128325
11882 0.000121151
11889.6 0.00011375
11897.3 0.000107729
11904.9 0.000101735
11912.6 9.56361e-05
11920.2 8.93866e-05
11927.9 8.28876e-05
11935.5 7.62562e-05
11943.2 6.94982e-05
11950.8 6.20968e-05
11958.5 5.40303e-05
11966.1 4.57842e-05
11973.8 3.73691e-05
11981.4 2.84561e-05
11989.1 1.92724e-05
11996.7 9.9113e-06
12004.4 4.76014e-07
12012 -6.78717e-06
12019.7 -1.41669e-05
12027.3 -2.16788e-05
12035 -2.97608e-05
12042.6 -3.9172e-05
12050.3 -4.87567e-05
12057.9 -5.85131e-05
12065.6 -6.88993e-05
12073.2 -7.99393e-05
12080.9 -9.11434e-05
12088.5 -0.000102496
12096.2 -0.000112872
12103.8 -0.000122906
12111.5 -0.000133109
12119.1 -0.000143482
12126.8 -0.000154238
12134.4 -0.000165191
12142.1 -0.000176317
12149.7 -0.000187648
12157.4 -0.000200344
12165 -0.000213152
12172.7 -0.000226083
12180.3 -0.000238941
12188 -0.000251048
12195.6 -0.00026333
12203.3 -0.000275759
12210.9 -0.000288146
12218.6 -0.000300277
12226.2 -0.000312595
12233.9 -0.000325106
12241.5 -0.000338321
12249.2 -0.000352401
12256.8 -0.000366577
12264.5 -0.000380875
12272.1 -0.000395585
12279.8 -0.000410655
12287.4 -0.000425754
12295.1 -0.000440828
12302.7 -0.000454432
12310.4 -0.00046716
12318 -0.00048016
12325.7 -0.000493422
12333.3 -0.000507835
12341 -0.000522909
12348.6 -0.000538064
12356.3 -0.000553378
12363.9 -0.000570035
12371.6 -0.00058726
12379.2 -0.000604314
12386.9 -0.000621103
12394.5 -0.000635305
12402.2 -0.000648584
12409.8 -0.000662228
12417.5 -0.000676219
12425.1 -0.00069197
12432.8 -0.000708472
12440.4 -0.000724878
12448.1 -0.000741246
12455.7 -0.000757672
12463.4 -0.000774093
12471 -0.000790431
12478.7 -0.000806632
12486.3 -0.000821917
12494 -0.000836713
12501.6 -0.00085164
12509.3 -0.00086665
12516.9 -0.000881907
12524.6 -0.000897335
12532.2 -0.000912727
12539.9 -0.000928125
12547.5 -0.000944232
12555.2 -0.000961009
12562.8 -0.000977084
12570.5 -0.000992178
12578.1 -0.00100378
12585.8 -0.0010156
12593.4 -0.00103011
12601.1 -0.00104645
12608.7 -0.00106551
12616.4 -0.00108553
12624 -0.00110456
12631.7 -0.00112414
12639.3 -0.00114597
12647 -0.00117116
12654.6 -0.0011907
12662.3 -0.00120723
12669.9 -0.00122029
12677.6 -0.00122826
12685.2 -0.00124023
12692.9 -0.00125327
12700.5 -0.00126643
12708.2 -0.00127763
12715.8 -0.00129099
12723.5 -0.0013065
12731.1 -0.00132438
12738.8 -0.00134833
12746.4 -0.00137011
12754.1 -0.00138918
12761.7 -0.00140712
12769.4 -0.00142504
12777 -0.00144187
12784.7 -0.00145603
12792.3 -0.00146823
12800 -0.00147781
12807.7 -0.00148338
12815.3 -0.00149193
12823 -0.00150144
12830.6 -0.00151162
12838.3 -0.00152383
12845.9 -0.00153558
12853.6 -0.00154616
12861.2 -0.00155551
12868.9 -0.00156187
12876.5 -0.0015671
12884.2 -0.0015736
12891.8 -0.00158042
12899.5 -0.00158712
12907.1 -0.00159401
12914.8 -0.00160181
12922.4 -0.00160975
12930.1 -0.00161756
12937.7 -0.00162491
12945.4 -0.00163363
12953 -0.00164274
12960.7 -0.00165182
12968.3 -0.00165965
12976 -0.00166794
12983.6 -0.00167842
12991.3 -0.00169032
12998.9 -0.00170379
13006.6 -0.00171846
13014.2 -0.00173202
13021.9 -0.00174615
13029.5 -0.00176165
13037.2 -0.00178217
13044.8 -0.00180124
13052.5 -0.00181741
13060.1 -0.00183198
13067.8 -0.00184524
13075.4 -0.001857
13083.1 -0.00186819
13090.7 -0.0018786
13098.4 -0.00188786
13106 -0.00189432
13113.7 -0.00190231
13121.3 -0.00191137
13129 -0.00192079
13136.6 -0.00193006
13144.3 -0.00193819
13151.9 -0.00194813
13159.6 -0.00195939
13167.2 -0.0019723
13174.9 -0.0019896
13182.5 -0.00200509
13190.2 -0.00201864
13197.8 -0.00203118
13205.5 -0.002043
13213.1 -0.00205467
13220.8 -0.00206586
13228.4 -0.00207631
13236.1 -0.00208573
13243.7 -0.00209214
13251.4 -0.0020988
13259 -0.00210726
13266.7 -0.00211673
13274.3 -0.00212722
13282 -0.00213957
13289.6 -0.00215142
13297.3 -0.00216316
13304.9 -0.00217504
13312.6 -0.00218752
13320.2 -0.00220039
13327.9 -0.00221229
13335.5 -0.00222379
13343.2 -0.0022349
13350.8 -0.00224518
13358.5 -0.00225561
13366.1 -0.00226628
13373.8 -0.00227708
13381.4 -0.00228792
13389.1 -0.00229874
13396.7 -0.00231009
13404.4 -0.00232182
13412 -0.00233401
13419.7 -0.00234715
13427.3 -0.00236085
13435 -0.00237356
13442.6 -0.00238601
13450.3 -0.00239843
13457.9 -0.00241126
13465.6 -0.00242286
13473.2 -0.00243376
13480.9 -0.00244411
13488.5 -0.00245382
13496.2 -0.00246289
13503.8 -0.00247274
13511.5 -0.00248247
13519.1 -0.00249173
13526.8 -0.00249977
13534.4 -0.00250598
13542.1 -0.00251517
13549.7 -0.00252556
13557.4 -0.00253676
13565 -0.00254853
13572.7 -0.00256041
13580.3 -0.00257309
13588 -0.00258654
13595.6 -0.0026009
13603.3 -0.00261718
13610.9 -0.00263352
13618.6 -0.00264928
13626.2 -0.00266498
13633.9 -0.00268076
13641.5 -0.00269666
13649.2 -0.00271275
13656.8 -0.00272923
13664.5 -0.00274623
13672.1 -0.0027641
13679.8 -0.00278411
13687.4 -0.0028022
13695.1 -0.00281927
13702.7 -0.00283571
13710.4 -0.00285149
13718 -0.0028664
13725.7 -0.00288232
13733.3 -0.00289848
13741 -0.00291462
13748.6 -0.00293033
13756.3 -0.00294456
13763.9 -0.002961
13771.6 -0.00297883
13779.2 -0.00299798
13786.9 -0.00301901
13794.5 -0.00304327
13802.2 -0.00306486
13809.8 -0.00308554
13817.5 -0.00310582
13825.1 -0.00312603
13832.8 -0.0031463
13840.4 -0.00316503
13848.1 -0.00318283
13855.7 -0.0031996
13863.4 -0.00321464
13871 -0.00322682
13878.7 -0.00324246
13886.3 -0.0032593
13894 -0.00327668
13901.6 -0.00329395
13909.3 -0.0033102
13916.9 -0.00332965
13924.6 -0.0033509
13932.2 -0.00337377
13939.9 -0.00339861
13947.5 -0.00342662
13955.2 -0.00345249
13962.8 -0.0034778
13970.5 -0.00350302
13978.1 -0.00352838
13985.8 -0.00355418
13993.4 -0.00357955
14001.1 -0.0036047
14008.7 -0.00362965
14016.4 -0.00365421
14024 -0.00367743
14031.7 -0.00370202
14039.3 -0.00372748
14047 -0.00375341
14054.6 -0.00377958
14062.3 -0.00380522
14069.9 -0.0038319
14077.6 -0.00385959
14085.2 -0.00388791
14092.9 -0.00391661
14100.5 -0.003945
14108.2 -0.00397415
14115.8 -0.00400501
14123.5 -0.004037
14131.1 -0.00407008
14138.8 -0.00410444
14146.4 -0.00414006
14154.1 -0.00417546
14161.7 -0.00421125
14169.4 -0.00424761
14177 -0.00428481
14184.7 -0.00432349
14192.3 -0.00436132
14200 -0.00439895
14207.7 -0.00443659
14215.3 -0.00447426
14223 -0.00451184
14230.6 -0.0045499
14238.3 -0.00458838
14245.9 -0.00462728
14253.6 -0.00466678
14261.2 -0.00470786
14268.9 -0.00474895
14276.5 -0.00478825
14284.2 -0.00482673
14291.8 -0.00486457
14299.5 -0.00490193
14307.1 -0.00493879
14314.8 -0.00497419
14322.4 -0.00500843
14330.1 -0.00504144
14337.7 -0.00507302
14345.4 -0.00510288
14353 -0.00513253
14360.7 -0.00516099
14368.3 -0.00518782
14376 -0.00521247
14383.6 -0.00523322
14391.3 -0.00525105
14398.9 -0.00527137
14406.6 -0.00529181
14414.2 -0.00531222
14421.9 -0.00533378
14429.5 -0.00536281
14437.2 -0.00538075
14444.8 -0.00539023
14452.5 -0.00539188
14460.1 -0.00538428
14467.8 -0.00535711
14475.4 -0.00532415
14483.1 -0.00529877
14490.7 -0.00527457
14498.4 -0.00525062
14506 -0.00522893
14513.7 -0.00522088
14521.3 -0.00519423
14529 -0.00515396
14536.6 -0.00510148
14544.3 -0.00503573
14551.9 -0.00494674
14559.6 -0.00484607
14567.2 -0.00474831
14574.9 -0.00464765
14582.5 -0.00454351
14590.2 -0.00443813
14597.8 -0.00434353
14605.5 -0.00422582
14613.1 -0.00409037
14620.8 -0.00393895
14628.4 -0.00376983
14636.1 -0.00357049
14643.7 -0.00333136
14651.4 -0.00311738
14659 -0.00291243
14666.7 -0.00271663
14674.3 -0.00253643
14682 -0.00241063
14689.6 -0.002256
14697.3 -0.00207466
14704.9 -0.00187783
14712.6 -0.00166835
14720.2 -0.00144363
14727.9 -0.00118787
14735.5 -0.000947408
14743.2 -0.000714496
14750.8 -0.000487093
14758.5 -0.000264901
14766.1 -4.88902e-05
14773.8 0.000156283
14781.4 0.000357237
14789.1 0.000552718
14796.7 0.000741562
14804.4 0.000921334
14812 0.0010725
14819.7 0.00121005
14827.3 0.00135153
14835 0.00149397
14842.6 0.00163757
14850.3 0.0017859
14857.9 0.00195661
14865.6 0.00210484
14873.2 0.00223692
14880.9 0.00235594
14888.5 0.00246247
14896.2 0.00255514
14903.8 0.00263338
14911.5 0.00270947
14919.1 0.00277911
14926.8 0.00284176
14934.4 0.00289746
14942.1 0.00294663
14949.7 0.00299455
14957.4 0.0030361
14965 0.00307183
14972.7 0.00310252
14980.3 0.00312937
14988 0.00315874
14995.6 0.00319122
15003.3 0.00321407
15010.9 0.00322977
15018.6 0.00323903
15026.2 0.00324188
15033.9 0.00323473
15041.5 0.00322337
15049.2 0.00321113
15056.8 0.00319717
15064.5 0.00318145
15072.1 0.00316417
15079.8 0.00314632
15087.4 0.00312677
15095.1 0.0031051
15102.7 0.00308146
15110.4 0.00305578
15118 0.00302756
15125.7 0.00299275
15133.3 0.00295693
15141 0.00292191
15148.6 0.00288678
15156.3 0.00285105
15163.9 0.00281399
15171.6 0.00277182
15179.2 0.00273088
15186.9 0.00269192
15194.5 0.00265414
15202.2 0.00261739
15209.8 0.00258193
15217.5 0.00254932
15225.1 0.00251441
15232.8 0.0024783
15240.4 0.00244164
15248.1 0.00240474
15255.7 0.00236803
15263.4 0.00233319
15271 0.0022964
15278.7 0.00225795
15286.3 0.00221848
15294 0.00217821
15301.6 0.00213733
15309.3 0.00209648
15316.9 0.00205553
15324.6 0.00201355
15332.2 0.00197074
15339.9 0.00192714
15347.5 0.00188265
15355.2 0.00183651
15362.8 0.00179046
15370.5 0.00174509
15378.1 0.00169984
15385.8 0.00165458
15393.4 0.00160918
15401.1 0.00156315
15408.7 0.00151617
15416.4 0.00147113
15424 0.00142718
15431.7 0.00138422
15439.3 0.00134228
15447 0.00130158
15454.6 0.00126292
15462.3 0.00122443
15469.9 0.00118656
15477.6 0.0011496
15485.2 0.00111388
15492.9 0.00107998
15500.5 0.00105025
15508.2 0.00101882
15515.8 0.000986625
15523.5 0.000954363
15531.1 0.000922305
15538.8 0.000890618
15546.4 0.000859653
15554.1 0.000829326
15561.7 0.000799124
15569.4 0.000769165
15577 0.00073939
15584.7 0.000709531
15592.3 0.000678502
15600 0.000644912
15607.7 0.000616502
15615.3 0.000590846
15623 0.000567412
15630.6 0.000545933
15638.3 0.000526084
15645.9 0.000506516
15653.6 0.000490283
15661.2 0.000477181
15668.9 0.000466953
15676.5 0.000459629
15684.2 0.000455453
15691.8 0.000455766
15699.5 0.000459956
15707.1 0.000464479
15714.8 0.000470647
15722.4 0.00047874
15730.1 0.00048886
15737.7 0.000500949
15745.4 0.00051371
15753 0.000528799
15760.7 0.0005466
15768.3 0.00056706
15776 0.000590268
15783.6 0.000616536
15791.3 0.000648036
15798.9 0.000682018
15806.6 0.000715094
15814.2 0.000748499
15821.9 0.00078237
15829.5 0.000816612
15837.2 0.000850982
15844.8 0.000884131
15852.5 0.000916673
15860.1 0.000948972
15867.8 0.000980703
15875.4 0.00101157
15883.1 0.0010413
15890.7 0.00106983
15898.4 0.00109834
15906 0.00112381
15913.7 0.00114598
15921.3 0.00116436
15929 0.00117831
15936.6 0.00118676
15944.3 0.0011855
15951.9 0.00118272
15959.6 0.00117818
15967.2 0.0011706
15974.9 0.00115946
15982.5 0.00114436
15990.2 0.00112465
15997.8 0.00109909
16005.5 0.00107229
16013.1 0.00104309
16020.8 0.00101147
16028.4 0.000977769
16036.1 0.000942739
16043.7 0.000909209
16051.4 0.000875653
16059 0.000835252
16066.7 0.00079132
16074.3 0.000744823
16082 0.000696459
16089.6 0.000646956
16097.3 0.000598021
16104.9 0.000546843
16112.6 0.000493904
16120.2 0.00044006
16127.9 0.000385798
16135.5 0.000331534
16143.2 0.00027774
16150.8 0.000225554
16158.5 0.000173069
16166.1 0.00012066
16173.8 6.8647e-05
16181.4 1.71672e-05
16189.1 -3.37511e-05
16196.7 -8.42978e-05
16204.4 -0.000135114
16212 -0.000183731
16219.7 -0.000230821
16227.3 -0.000276632
16235 -0.000321356
16242.6 -0.000365279
16250.3 -0.000409187
16257.9 -0.000453898
16265.6 -0.000494438
16273.2 -0.000532641
16280.9 -0.000568983
16288.5 -0.000603755
16296.2 -0.000637271
16303.8 -0.000670238
16311.5 -0.000702907
16319.1 -0.000732053
16326.8 -0.000759004
16334.4 -0.000784051
16342.1 -0.000807331
16349.7 -0.000828895
16357.4 -0.000848614
16365 -0.000866462
16372.7 -0.000883581
16380.3 -0.000899625
16388 -0.000914538
16395.6 -0.000928276
16403.3 -0.000940746
16410.9 -0.000951572
16418.6 -0.000960744
16426.2 -0.000970252
16433.9 -0.000979327
16441.5 -0.00098783
16449.2 -0.000995699
16456.8 -0.00100289
16464.5 -0.00100931
16472.1 -0.00101492
16479.8 -0.00102013
16487.4 -0.00102477
16495.1 -0.0010288
16502.7 -0.00103215
16510.4 -0.00103476
16518 -0.00103641
16525.7 -0.00103672
16533.3 -0.00103719
16541 -0.00103732
16548.6 -0.00103695
16556.3 -0.00103595
16563.9 -0.00103416
16571.6 -0.00103118
16579.2 -0.00102594
16586.9 -0.00102205
16594.5 -0.00101851
16602.2 -0.00101494
16609.8 -0.00101114
16617.5 -0.00100694
16625.1 -0.00100202
16632.8 -0.000994975
16640.4 -0.000989041
16648.1 -0.000983901
16655.7 -0.000979123
16663.4 -0.000974551
16671 -0.000970103
16678.7 -0.000965713
16686.3 -0.000961209
16694 -0.000956809
16701.6 -0.0009527
16709.3 -0.000948832
16716.9 -0.000945252
16724.6 -0.000942066
16732.2 -0.000939511
16739.9 -0.000938365
16747.5 -0.000939293
16755.2 -0.00093774
16762.8 -0.000935372
16770.5 -0.000932629
16778.1 -0.000929828
16785.8 -0.000927379
16793.4 -0.00092617
16801.1 -0.000929351
16808.7 -0.000927805
16816.4 -0.000923517
16824 -0.000917465
16831.7 -0.000910059
16839.3 -0.000901589
16847 -0.000892402
16854.6 -0.000883929
16862.3 -0.000874223
16869.9 -0.000861714
16877.6 -0.000847244
16885.2 -0.000830983
16892.9 -0.000812934
16900.5 -0.000792951
16908.2 -0.000770463
16915.8 -0.000743776
16923.5 -0.000718391
16931.1 -0.00069292
16938.8 -0.000666904
16946.4 -0.000640125
16954.1 -0.000612402
16961.7 -0.000583483
16969.4 -0.000552251
16977 -0.000520685
16984.7 -0.000489293
16992.3 -0.000457487
17000 -0.000425045
17007.7 -0.000391774
17015.3 -0.000357402
17023 -0.000321269
17030.6 -0.000281647
17038.3 -0.000244515
17045.9 -0.00020823
17053.6 -0.000172265
17061.2 -0.000136386
17068.9 -0.000100416
17076.5 -6.41103e-05
17084.2 -2.65045e-05
17091.8 1.17245e-05
17099.5 4.79429e-05
17107.1 8.315e-05
17114.8 0.000117481
17122.4 0.000150922
17130.1 0.000183356
17137.7 0.000214458
17145.4 0.000242624
17153 0.000271279
17160.7 0.000300195
17168.3 0.000328833
17176 0.000356937
17183.6 0.000384294
17191.3 0.000410644
17198.9 0.000435446
17206.6 0.000457297
17214.2 0.000480121
17221.9 0.000502924
17229.5 0.000525349
17237.2 0.000547229
17244.8 0.000568475
17252.5 0.000589075
17260.1 0.000609282
17267.8 0.000629379
17275.4 0.000647388
17283.1 0.000663768
17290.7 0.000678524
17298.4 0.000691573
17306 0.000702739
17313.7 0.000711634
17321.3 0.000716102
17329 0.000719492
17336.6 0.00072392
17344.3 0.00072813
17351.9 0.000731794
17359.6 0.000734741
17367.2 0.000736839
17374.9 0.000737882
17382.5 0.000736806
17390.2 0.000735865
17397.8 0.000735327
17405.5 0.00073486
17413.1 0.00073445
17420.8 0.000734192
17428.4 0.000734295
17436.1 0.000735244
17443.7 0.000739371
17451.4 0.000741667
17459 0.000742386
17466.7 0.00074238
17474.3 0.000742047
17482 0.00074173
17489.6 0.000741861
17497.3 0.000743288
17504.9 0.000749752
17512.6 0.000752406
17520.2 0.000752122
17527.9 0.000750111
17535.5 0.000746796
17543.2 0.000742385
17550.8 0.000736971
17558.5 0.00073052
17566.1 0.000722501
17573.8 0.000714554
17581.4 0.000706437
17589.1 0.000697897
17596.7 0.000688774
17604.4 0.000678859
17612 0.000667789
17619.7 0.00065471
17627.3 0.00063482
17635 0.000618153
17642.6 0.000605534
17650.3 0.000595128
17657.9 0.000586382
17665.6 0.00057904
17673.2 0.000572976
17680.9 0.000568169
17688.5 0.000565001
17696.2 0.000562921
17703.8 0.000561307
17711.5 0.000560421
17719.1 0.000560358
17726.8 0.000561221
17734.4 0.000563173
17742.1 0.000566551
17749.7 0.000572615
17757.4 0.000581133
17765 0.00058646
17772.7 0.00059088
17780.3 0.000594823
17788 0.000598477
17795.6 0.000601956
17803.3 0.000605342
17810.9 0.000608751
17818.6 0.000612391
17826.2 0.000615554
17833.9 0.000618448
17841.5 0.000621126
17849.2 0.000623597
17856.8 0.00062585
17864.5 0.000627849
17872.1 0.000629494
17879.8 0.000630369
17887.4 0.000631718
17895.1 0.00063328
17902.7 0.000634879
17910.4 0.000636441
17918 0.00063791
17925.7 0.000639228
17933.3 0.0006403
17941 0.000640816
17948.6 0.000640577
17956.3 0.000640932
17963.9 0.000641443
17971.6 0.000642004
17979.2 0.00064255
17986.9 0.000643017
17994.5 0.000643314
18002.2 0.000643242
18009.8 0.000642323
18017.5 0.000642574
18025.1 0.000643338
18032.8 0.000644427
18040.4 0.000645779
18048.1 0.000647374
18055.7 0.000649228
18063.4 0.000651414
18071 0.000654351
18078.7 0.000657093
18086.3 0.000659168
18094 0.00066101
18101.6 0.000662709
18109.3 0.000664308
18116.9 0.000665838
18124.6 0.000667326
18132.2 0.000668821
18139.9 0.00067065
18147.5 0.000672424
18155.2 0.000674014
18162.8 0.000675468
18170.5 0.000676801
18178.1 0.000678021
18185.8 0.000679127
18193.4 0.000680112
18201.1 0.000680931
18208.7 0.000681298
18216.4 0.000681695
18224 0.000682088
18231.7 0.000682462
18239.3 0.000682812
18247 0.00068314
18254.6 0.000683453
18262.3 0.000683768
18269.9 0.000684232
18277.6 0.000684861
18285.2 0.000685338
18292.9 0.000685715
18300.5 0.000686002
18308.2 0.000686206
18315.8 0.000686324
18323.5 0.000686349
18331.1 0.000686256
18338.8 0.000685795
18346.4 0.000685236
18354.1 0.000684729
18361.7 0.00068424
18369.4 0.000683758
18377 0.000683285
18384.7 0.000682824
18392.3 0.000682391
18400 0.00068203
18407.7 0.000682085
18415.3 0.000682057
18423 0.000681898
18430.6 0.000681644
18438.3 0.000681308
18445.9 0.000680891
18453.6 0.000680393
18461.2 0.0006798
18468.9 0.000679065
18476.5 0.000677892
18484.2 0.000676801
18491.8 0.000675766
18499.5 0.000674759
18507.1 0.000673775
18514.8 0.000672811
18522.4 0.000671874
18530.1 0.00067098
18537.7 0.000670183
18545.4 0.00066977
18553 0.000669204
18560.7 0.000668538
18568.3 0.000667802
18576 0.000667004
18583.6 0.000666149
18591.3 0.000665238
18598.9 0.000664263
18606.6 0.0006632
18614.2 0.00066191
18621.9 0.000660667
18629.5 0.000659441
18637.2 0.00065822
18644.8 0.000656997
18652.5 0.000655773
18660.1 0.000654548
18667.8 0.000653325
18675.4 0.000652118
18683.1 0.000650999
18690.7 0.000649832
18698.4 0.000648627
18706 0.000647393
18713.7 0.000646133
18721.3 0.000644847
18729 0.000643536
18736.6 0.000642197
18744.3 0.000640822
18751.9 0.000639353
18759.6 0.00063789
18767.2 0.000636437
18774.9 0.000634986
18782.5 0.000633534
18790.2 0.000632082
18797.8 0.000630628
18805.5 0.000629178
18813.1 0.000627736
18820.8 0.000626354
18828.4 0.000624963
18836.1 0.000623535
18843.7 0.000622081
18851.4 0.000620605
18859 0.000619107
18866.7 0.000617588
18874.3 0.000616044
18882 0.00061447
18889.6 0.00061283
18897.3 0.000611126
18904.9 0.000609459
18912.6 0.000607804
18920.2 0.000606155
18927.9 0.000604508
18935.5 0.000602862
18943.2 0.000601217
18950.8 0.000599574
18958.5 0.000597935
18966.1 0.000596316
18973.8 0.000594681
18981.4 0.000593034
18989.1 0.000591378
18996.7 0.000589713
19004.4 0.000588038
19012 0.000586352
19019.7 0.000584652
19027.3 0.000582929
19035 0.000581136
19042.6 0.000579342
19050.3 0.000577577
19057.9 0.000575826
19065.6 0.000574086
19073.2 0.000572353
19080.9 0.000570627
19088.5 0.000568908
19096.2 0.000567194
19103.8 0.000565489
19111.5 0.0005638
19119.1 0.000562104
19126.8 0.000560407
19134.4 0.000558709
19142.1 0.00055701
19149.7 0.00055531
19157.4 0.000553608
19165 0.000551902
19172.7 0.00055019
19180.3 0.000548445
19188 0.000546702
19195.6 0.000544982
19203.3 0.000543276
19210.9 0.000541582
19218.6 0.000539898
19226.2 0.000538225
19233.9 0.000536565
19241.5 0.000534921
19249.2 0.000533303
19256.8 0.00053176
19264.5 0.00053018
19272.1 0.000528577
19279.8 0.000526958
19287.4 0.000525327
19295.1 0.000523683
19302.7 0.000522026
19310.4 0.000520351
19318 0.000518651
19325.7 0.000516894
19333.3 0.000515028
19341 0.000513259
19348.6 0.000511533
19356.3 0.000509837
19363.9 0.000508166
19371.6 0.000506518
19379.2 0.000504894
19386.9 0.000503296
19394.5 0.000501731
19402.2 0.000500244
19409.8 0.000498797
19417.5 0.0004973
19425.1 0.000495786
19432.8 0.00049426
19440.4 0.000492727
19448.1 0.000491187
19455.7 0.00048964
19463.4 0.000488084
19471 0.000486513
19478.7 0.000484888
19486.3 0.00048327
19494 0.000481688
19501.6 0.000480127
19509.3 0.000478582
19516.9 0.000477051
19524.6 0.000475534
19532.2 0.00047403
19539.9 0.00047254
19547.5 0.000471067
19555.2 0.000469633
19562.8 0.0004682
19570.5 0.000466759
19578.1 0.000465319
19585.8 0.00046388
19593.4 0.000462444
19601.1 0.000461012
19608.7 0.000459583
19616.4 0.000458158
19624 0.000456736
19631.7 0.000455313
19639.3 0.000453896
19647 0.000452487
19654.6 0.000451086
19662.3 0.000449691
19669.9 0.000448301
19677.6 0.000446917
19685.2 0.000445538
19692.9 0.000444163
19700.5 0.000442789
19708.2 0.000441402
19715.8 0.000440023
19723.5 0.000438667
19731.1 0.000437328
19738.8 0.000436003
19746.4 0.000434692
19754.1 0.000433395
19761.7 0.000432112
19769.4 0.000430844
19777 0.000429592
19784.7 0.000428362
19792.3 0.000427155
19800 0.000425952
19807.7 0.000424763
19815.3 0.00042359
19823 0.000422436
19830.6 0.000421305
19838.3 0.000420204
19845.9 0.000419142
19853.6 0.000418137
19861.2 0.000417246
19868.9 0.000416624
19876.5 0.000415779
19884.2 0.00041483
19891.8 0.000413813
19899.5 0.00041274
19907.1 0.000411619
19914.8 0.000410449
19922.4 0.000409229
19930.1 0.00040795
19937.7 0.000406586
19945.4 0.000404991
19953 0.00040349
19960.7 0.000402079
19968.3 0.000400712
19976 0.000399375
19983.6 0.00039806
19991.3 0.000396762
19998.9 0.000395478
20006.6 0.000394207
20014.2 0.000392947
20021.9 0.000391696
20029.5 0.000390455
20037.2 0.000389222
20044.8 0.000387997
20052.5 0.00038678
20060.1 0.000385569
20067.8 0.000384365
20075.4 0.000383168
20083.1 0.000381977
20090.7 0.000380791
20098.4 0.000379612
20106 0.000378439
20113.7 0.000377271
20121.3 0.000376108
20129 0.000374951
20136.6 0.0003738
20144.3 0.000372653
20151.9 0.000371512
20159.6 0.000370376
20167.2 0.000369245
20174.9 0.000368119
20182.5 0.000366997
20190.2 0.000365881
20197.8 0.000364769
20205.5 0.000363663
20213.1 0.000362561
20220.8 0.000361463
20228.4 0.000360371
20236.1 0.000359283
20243.7 0.000358199
20251.4 0.00035712
20259 0.000356046
20266.7 0.000354976
20274.3 0.000353911
20282 0.00035285
20289.6 0.000351794
20297.3 0.000350742
20304.9 0.000349694
20312.6 0.000348651
20320.2 0.000347612
20327.9 0.000346578
20335.5 0.000345548
20343.2 0.000344522
20350.8 0.0003435
20358.5 0.000342482
20366.1 0.000341469
20373.8 0.00034046
20381.4 0.000339455
20389.1 0.000338455
20396.7 0.000337458
20404.4 0.000336466
20412 0.000335477
20419.7 0.000334493
20427.3 0.000333513
20435 0.000332537
20442.6 0.000331565
20450.3 0.000330597
20457.9 0.000329633
20465.6 0.000328672
20473.2 0.000327716
20480.9 0.000326764
20488.5 0.000325816
20496.2 0.000324871
20503.8 0.000323931
20511.5 0.000322994
20519.1 0.000322061
20526.8 0.000321132
20534.4 0.000320207
20542.1 0.000319286
20549.7 0.000318368
20557.4 0.000317455
20565 0.000316545
20572.7 0.000315638
20580.3 0.000314736
20588 0.000313837
20595.6 0.000312942
20603.3 0.00031205
20610.9 0.000311162
20618.6 0.000310278
20626.2 0.000309398
20633.9 0.000308521
20641.5 0.000307647
20649.2 0.000306777
20656.8 0.000305911
20664.5 0.000305048
20672.1 0.000304189
20679.8 0.000303334
20687.4 0.000302481
20695.1 0.000301633
20702.7 0.000300787
20710.4 0.000299946
20718 0.000299107
20725.7 0.000298272
20733.3 0.000297441
20741 0.000296612
20748.6 0.000295788
20756.3 0.000294966
20763.9 0.000294148
20771.6 0.000293333
20779.2 0.000292522
20786.9 0.000291713
20794.5 0.000290908
20802.2 0.000290107
20809.8 0.000289308
20817.5 0.000288513
20825.1 0.000287721
20832.8 0.000286932
20840.4 0.000286147
20848.1 0.000285364
20855.7 0.000284585
20863.4 0.000283809
20871 0.000283036
20878.7 0.000282266
20886.3 0.000281499
20894 0.000280735
20901.6 0.000279974
20909.3 0.000279217
20916.9 0.000278462
20924.6 0.000277711
20932.2 0.000276962
20939.9 0.000276217
20947.5 0.000275474
20955.2 0.000274734
20962.8 0.000273998
20970.5 0.000273264
20978.1 0.000272533
20985.8 0.000271805
20993.4 0.00027108
21001.1 0.000270358
21008.7 0.000269639
21016.4 0.000268923
21024 0.000268209
21031.7 0.000267498
21039.3 0.000266791
21047 0.000266086
21054.6 0.000265383
21062.3 0.000264684
21069.9 0.000263987
21077.6 0.000263293
21085.2 0.000262602
21092.9 0.000261913
21100.5 0.000261227
21108.2 0.000260544
21115.8 0.000259864
21123.5 0.000259186
21131.1 0.000258511
21138.8 0.000257838
21146.4 0.000257168
21154.1 0.000256501
21161.7 0.000255837
21169.4 0.000255175
21177 0.000254515
21184.7 0.000253858
21192.3 0.000253204
21200 0.000252552
21207.7 0.000251903
21215.3 0.000251256
21223 0.000250612
21230.6 0.00024997
21238.3 0.000249331
21245.9 0.000248694
21253.6 0.00024806
21261.2 0.000247428
21268.9 0.000246799
21276.5 0.000246172
21284.2 0.000245547
21291.8 0.000244925
21299.5 0.000244305
21307.1 0.000243688
21314.8 0.000243073
21322.4 0.00024246
21330.1 0.00024185
21337.7 0.000241242
21345.4 0.000240636
21353 0.000240033
21360.7 0.000239432
21368.3 0.000238833
21376 0.000238237
21383.6 0.000237642
21391.3 0.00023705
21398.9 0.000236461
21406.6 0.000235873
21414.2 0.000235288
21421.9 0.000234705
21429.5 0.000234124
21437.2 0.000233545
21444.8 0.000232969
21452.5 0.000232395
21460.1 0.000231822
21467.8 0.000231252
21475.4 0.000230685
21483.1 0.000230119
21490.7 0.000229555
21498.4 0.000228994
21506 0.000228434
21513.7 0.000227877
21521.3 0.000227322
21529 0.000226769
21536.6 0.000226218
21544.3 0.000225669
21551.9 0.000225122
21559.6 0.000224577
21567.2 0.000224034
21574.9 0.000223493
21582.5 0.000222954
21590.2 0.000222417
21597.8 0.000221882
21605.5 0.000221349
21613.1 0.000220818
21620.8 0.000220289
21628.4 0.000219762
21636.1 0.000219237
21643.7 0.000218713
21651.4 0.000218192
21659 0.000217673
21666.7 0.000217155
21674.3 0.000216639
21682 0.000216126
21689.6 0.000215614
21697.3 0.000215104
21704.9 0.000214596
21712.6 0.000214089
21720.2 0.000213585
21727.9 0.000213082
21735.5 0.000212581
21743.2 0.000212082
21750.8 0.000211585
21758.5 0.00021109
21766.1 0.000210596
21773.8 0.000210104
21781.4 0.000209614
21789.1 0.000209126
21796.7 0.000208639
21804.4 0.000208154
21812 0.000207671
21819.7 0.00020719
21827.3 0.00020671
21835 0.000206232
21842.6 0.000205756
21850.3 0.000205282
21857.9 0.000204809
21865.6 0.000204338
21873.2 0.000203868
21880.9 0.0002034
21888.5 0.000202934
21896.2 0.00020247
21903.8 0.000202007
21911.5 0.000201546
21919.1 0.000201086
21926.8 0.000200628
21934.4 0.000200172
21942.1 0.000199717
21949.7 0.000199264
21957.4 0.000198812
21965 0.000198362
21972.7 0.000197914
21980.3 0.000197467
21988 0.000197022
21995.6 0.000196578
22003.3 0.000196136
22010.9 0.000195695
22018.6 0.000195256
22026.2 0.000194818
22033.9 0.000194382
22041.5 0.000193948
22049.2 0.000193515
22056.8 0.000193083
22064.5 0.000192653
22072.1 0.000192225
22079.8 0.000191797
22087.4 0.000191372
22095.1 0.000190948
22102.7 0.000190525
22110.4 0.000190104
22118 0.000189684
22125.7 0.000189265
22133.3 0.000188849
22141 0.000188433
22148.6 0.000188019
22156.3 0.000187606
22163.9 0.000187195
22171.6 0.000186785
22179.2 0.000186377
22186.9 0.000185969
22194.5 0.000185564
22202.2 0.000185159
22209.8 0.000184756
22217.5 0.000184355
22225.1 0.000183954
22232.8 0.000183556
22240.4 0.000183158
22248.1 0.000182762
22255.7 0.000182367
22263.4 0.000181973
22271 0.000181581
22278.7 0.00018119
22286.3 0.0001808
22294 0.000180412
22301.6 0.000180025
22309.3 0.000179639
22316.9 0.000179255
22324.6 0.000178872
22332.2 0.00017849
22339.9 0.000178109
22347.5 0.00017773
22355.2 0.000177351
22362.8 0.000176975
22370.5 0.000176599
22378.1 0.000176224
22385.8 0.000175851
22393.4 0.000175479
22401.1 0.000175109
22408.7 0.000174739
22416.4 0.000174371
22424 0.000174004
22431.7 0.000173638
22439.3 0.000173273
22447 0.00017291
22454.6 0.000172548
22462.3 0.000172186
22469.9 0.000171826
22477.6 0.000171468
22485.2 0.00017111
22492.9 0.000170754
22500.5 0.000170398
22508.2 0.000170044
22515.8 0.000169691
22523.5 0.000169339
22531.1 0.000168989
22538.8 0.000168639
22546.4 0.000168291
22554.1 0.000167943
22561.7 0.000167597
22569.4 0.000167252
22577 0.000166908
22584.7 0.000166565
22592.3 0.000166223
22600 0.000165883
22607.7 0.000165543
22615.3 0.000165205
22623 0.000164867
22630.6 0.000164531
22638.3 0.000164195
22645.9 0.000163861
22653.6 0.000163528
22661.2 0.000163196
22668.9 0.000162865
22676.5 0.000162535
22684.2 0.000162206
22691.8 0.000161878
22699.5 0.000161551
22707.1 0.000161225
22714.8 0.0001609
22722.4 0.000160576
22730.1 0.000160254
22737.7 0.000159932
22745.4 0.000159611
22753 0.000159291
22760.7 0.000158972
22768.3 0.000158655
22776 0.000158338
22783.6 0.000158022
22791.3 0.000157707
22798.9 0.000157393
22806.6 0.00015708
22814.2 0.000156769
22821.9 0.000156458
22829.5 0.000156148
22837.2 0.000155839
22844.8 0.00015553
22852.5 0.000155223
22860.1 0.000154917
22867.8 0.000154612
22875.4 0.000154308
22883.1 0.000154004
22890.7 0.000153702
22898.4 0.0001534
22906 0.0001531
22913.7 0.0001528
22921.3 0.000152501
22929 0.000152204
22936.6 0.000151907
22944.3 0.000151611
22951.9 0.000151315
22959.6 0.000151021
22967.2 0.000150728
22974.9 0.000150435
22982.5 0.000150144
22990.2 0.000149853
22997.8 0.000149563
23005.5 0.000149275
23013.1 0.000148986
23020.8 0.000148699
23028.4 0.000148413
23036.1 0.000148128
23043.7 0.000147843
23051.4 0.000147559
23059 0.000147276
23066.7 0.000146994
23074.3 0.000146713
23082 0.000146433
23089.6 0.000146153
23097.3 0.000145874
23104.9 0.000145597
23112.6 0.00014532
23120.2 0.000145043
23127.9 0.000144768
23135.5 0.000144493
23143.2 0.00014422
23150.8 0.000143947
23158.5 0.000143675
23166.1 0.000143403
23173.8 0.000143133
23181.4 0.000142863
23189.1 0.000142594
23196.7 0.000142326
23204.4 0.000142058
23212 0.000141792
23219.7 0.000141526
23227.3 0.000141261
23235 0.000140997
23242.6 0.000140733
23250.3 0.000140471
23257.9 0.000140209
23265.6 0.000139947
23273.2 0.000139687
23280.9 0.000139427
23288.5 0.000139169
23296.2 0.00013891
23303.8 0.000138653
23311.5 0.000138396
23319.1 0.00013814
23326.8 0.000137885
23334.4 0.000137631
23342.1 0.000137377
23349.7 0.000137124
23357.4 0.000136872
23365 0.00013662
23372.7 0.000136369
23380.3 0.000136119
23388 0.00013587
23395.6 0.000135621
23403.3 0.000135373
23410.9 0.000135126
23418.6 0.00013488
23426.2 0.000134634
23433.9 0.000134389
23441.5 0.000134144
23449.2 0.000133901
23456.8 0.000133658
23464.5 0.000133415
23472.1 0.000133173
23479.8 0.000132933
23487.4 0.000132692
23495.1 0.000132453
23502.7 0.000132214
23510.4 0.000131975
23518 0.000131738
23525.7 0.000131501
23533.3 0.000131265
23541 0.000131029
23548.6 0.000130794
23556.3 0.00013056
23563.9 0.000130326
23571.6 0.000130093
23579.2 0.000129861
23586.9 0.000129629
23594.5 0.000129398
23602.2 0.000129168
23609.8 0.000128938
23617.5 0.000128709
23625.1 0.00012848
23632.8 0.000128253
23640.4 0.000128025
23648.1 0.000127799
23655.7 0.000127573
23663.4 0.000127348
23671 0.000127123
23678.7 0.000126899
23686.3 0.000126675
23694 0.000126452
23701.6 0.00012623
23709.3 0.000126009
23716.9 0.000125788
23724.6 0.000125567
23732.2 0.000125347
23739.9 0.000125128
23747.5 0.00012491
23755.2 0.000124692
23762.8 0.000124474
23770.5 0.000124257
23778.1 0.000124041
23785.8 0.000123825
23793.4 0.00012361
23801.1 0.000123396
23808.7 0.000123182
23816.4 0.000122969
23824 0.000122756
23831.7 0.000122544
23839.3 0.000122332
23847 0.000122121
23854.6 0.000121911
23862.3 0.000121701
23869.9 0.000121492
23877.6 0.000121283
23885.2 0.000121075
23892.9 0.000120867
23900.5 0.00012066
23908.2 0.000120453
23915.8 0.000120247
23923.5 0.000120042
23931.1 0.000119837
23938.8 0.000119633
23946.4 0.000119429
23954.1 0.000119226
23961.7 0.000119023
23969.4 0.000118821
23977 0.000118619
23984.7 0.000118418
23992.3 0.000118218
24000 0.000118017
