W N1
10000 9.5348e-05
10007.7 9.54249e-05
10015.3 9.55021e-05
10023 9.55797e-05
10030.6 9.56575e-05
10038.3 9.57357e-05
10045.9 9.58142e-05
10053.6 9.58931e-05
10061.2 9.59723e-05
10068.9 9.60519e-05
10076.5 9.61318e-05
10084.2 9.62121e-05
10091.8 9.62927e-05
10099.5 9.63737e-05
10107.1 9.64551e-05
10114.8 9.65369e-05
10122.4 9.6619e-05
10130.1 9.67015e-05
10137.7 9.67844e-05
10145.4 9.68677e-05
10153 9.69513e-05
10160.7 9.70354e-05
10168.3 9.71199e-05
10176 9.72048e-05
10183.6 9.72901e-05
10191.3 9.73758e-05
10198.9 9.7462e-05
10206.6 9.75485e-05
10214.2 9.76356e-05
10221.9 9.7723e-05
10229.5 9.78109e-05
10237.2 9.78992e-05
10244.8 9.7988e-05
10252.5 9.80773e-05
10260.1 9.8167e-05
10267.8 9.82572e-05
10275.4 9.83478e-05
10283.1 9.8439e-05
10290.7 9.85306e-05
10298.4 9.86227e-05
10306 9.87153e-05
10313.7 9.88084e-05
10321.3 9.8902e-05
10329 9.89961e-05
10336.6 9.90907e-05
10344.3 9.91859e-05
10351.9 9.92816e-05
10359.6 9.93778e-05
10367.2 9.94746e-05
10374.9 9.95719e-05
10382.5 9.96697e-05
10390.2 9.97682e-05
10397.8 9.98671e-05
10405.5 9.99667e-05
10413.1 0.000100067
10420.8 0.000100168
10428.4 0.000100269
10436.1 0.000100371
10443.7 0.000100473
10451.4 0.000100576
10459 0.00010068
10466.7 0.000100784
10474.3 0.000100889
10482 0.000100995
10489.6 0.000101101
10497.3 0.000101208
10504.9 0.000101315
10512.6 0.000101424
10520.2 0.000101532
10527.9 0.000101642
10535.5 0.000101752
10543.2 0.000101863
10550.8 0.000101974
10558.5 0.000102087
10566.1 0.0001022
10573.8 0.000102313
10581.4 0.000102428
10589.1 0.000102543
10596.7 0.000102658
10604.4 0.000102775
10612 0.000102892
10619.7 0.00010301
10627.3 0.000103129
10635 0.000103248
10642.6 0.000103369
10650.3 0.00010349
10657.9 0.000103612
10665.6 0.000103734
10673.2 0.000103857
10680.9 0.000103982
10688.5 0.000104107
10696.2 0.000104232
10703.8 0.000104359
10711.5 0.000104486
10719.1 0.000104614
10726.8 0.000104743
10734.4 0.000104873
10742.1 0.000105004
10749.7 0.000105135
10757.4 0.000105267
10765 0.0001054
10772.7 0.000105534
10780.3 0.000105669
10788 0.000105804
10795.6 0.000105941
10803.3 0.000106078
10810.9 0.000106216
10818.6 0.000106355
10826.2 0.000106495
10833.9 0.000106635
10841.5 0.000106777
10849.2 0.000106919
10856.8 0.000107062
10864.5 0.000107206
10872.1 0.000107351
10879.8 0.000107496
10887.4 0.000107642
10895.1 0.00010779
10902.7 0.000107937
10910.4 0.000108086
10918 0.000108235
10925.7 0.000108385
10933.3 0.000108536
10941 0.000108687
10948.6 0.000108839
10956.3 0.000108992
10963.9 0.000109145
10971.6 0.000109299
10979.2 0.000109453
10986.9 0.000109608
10994.5 0.000109763
11002.2 0.000109919
11009.8 0.000110074
11017.5 0.00011023
11025.1 0.000110385
11032.8 0.000110541
11040.4 0.000110696
11048.1 0.00011085
11055.7 0.000111003
11063.4 0.000111155
11071 0.000111305
11078.7 0.000111452
11086.3 0.000111595
11094 0.000111733
11101.6 0.000111862
11109.3 0.000111976
11116.9 0.000112062
11124.6 0.000112152
11132.2 0.000113283
11139.9 0.000114558
11147.5 0.000115991
11155.2 0.000116546
11162.8 0.000116824
11170.5 0.000117074
11178.1 0.000117198
11185.8 0.000117194
11193.4 0.000117149
11201.1 0.000117179
11208.7 0.000117512
11216.4 0.000117874
11224 0.000118259
11231.7 0.000118418
11239.3 0.000118552
11247 0.000118665
11254.6 0.000118949
11262.3 0.000119334
11269.9 0.000119753
11277.6 0.000119984
11285.2 0.000119827
11292.9 0.00011961
11300.5 0.000119377
11308.2 0.000119644
11315.8 0.000119947
11323.5 0.000120254
11331.1 0.000120766
11338.8 0.000121391
11346.4 0.000122069
11354.1 0.000122571
11361.7 0.000122651
11369.4 0.000122698
11377 0.000122727
11384.7 0.000122495
11392.3 0.000122203
11400 0.00012184
11407.7 0.000121998
11415.3 0.000122569
11423 0.000123199
11430.6 0.000123792
11438.3 0.000124065
11445.9 0.000124317
11453.6 0.000124553
11461.2 0.000124978
11468.9 0.000125483
11476.5 0.000126042
11484.2 0.000126223
11491.8 0.000125511
11499.5 0.00012466
11507.1 0.000123613
11514.8 0.000124297
11522.4 0.000125227
11530.1 0.000126266
11537.7 0.000126974
11545.4 0.000127121
11553 0.000127232
11560.7 0.000127336
11568.3 0.000127194
11576 0.000127009
11583.6 0.000126789
11591.3 0.000126581
11598.9 0.0001264
11606.6 0.000126187
11614.2 0.00012591
11621.9 0.000126359
11629.5 0.000126882
11637.2 0.000127453
11644.8 0.000127831
11652.5 0.000127863
11660.1 0.000127876
11667.8 0.000127911
11675.4 0.000127229
11683.1 0.000126366
11690.7 0.000125401
11698.4 0.000124729
11706 0.000124923
11713.7 0.00012516
11721.3 0.000125415
11729 0.000125672
11736.6 0.000125934
11744.3 0.00012621
11751.9 0.000126427
11759.6 0.000126123
11767.2 0.000125766
11774.9 0.000125379
11782.5 0.000124714
11790.2 0.000123745
11797.8 0.000122685
11805.5 0.000121485
11813.1 0.000121625
11820.8 0.000121955
11828.4 0.000122337
11836.1 0.000122509
11843.7 0.000121853
11851.4 0.00012112
11859 0.000120337
11866.7 0.000119232
11874.3 0.000117842
11882 0.000116351
11889.6 0.000114731
11897.3 0.000114029
11904.9 0.000113405
11912.6 0.00011276
11920.2 0.000112066
11927.9 0.00011125
11935.5 0.00011039
11943.2 0.000109494
11950.8 0.000108238
11958.5 0.000106557
11966.1 0.000104776
11973.8 0.000102906
11981.4 0.00010073
11989.1 9.83686e-05
11996.7 9.58782e-05
12004.4 9.32762e-05
12012 9.21362e-05
12019.7 9.09996e-05
12027.3 8.98317e-05
12035 8.83761e-05
12042.6 8.60136e-05
12050.3 8.35172e-05
12057.9 8.09041e-05
12065.6 7.78878e-05
12073.2 7.43662e-05
12080.9 7.06759e-05
12088.5 6.68108e-05
12096.2 6.35093e-05
12103.8 6.04847e-05
12111.5 5.7341e-05
12119.1 5.40684e-05
12126.8 5.05119e-05
12134.4 4.67735e-05
12142.1 4.28802e-05
12149.7 3.88374e-05
12157.4 3.37699e-05
12165 2.84831e-05
12172.7 2.29864e-05
12180.3 1.73749e-05
12188 1.22212e-05
12195.6 6.87653e-06
12203.3 1.32932e-06
12210.9 -4.32e-06
12218.6 -9.85432e-06
12226.2 -1.55997e-05
12233.9 -2.15641e-05
12241.5 -2.8077e-05
12249.2 -3.54307e-05
12256.8 -4.30419e-05
12264.5 -5.09143e-05
12272.1 -5.9245e-05
12279.8 -6.80924e-05
12287.4 -7.72076e-05
12295.1 -8.65816e-05
12302.7 -9.52179e-05
12310.4 -0.000103172
12318 -0.000111419
12325.7 -0.000119966
12333.3 -0.000129463
12341 -0.000139779
12348.6 -0.000150395
12356.3 -0.000161333
12363.9 -0.000173468
12371.6 -0.000186511
12379.2 -0.000199808
12386.9 -0.000213317
12394.5 -0.00022528
12402.2 -0.000236409
12409.8 -0.00024792
12417.5 -0.000259812
12425.1 -0.000273182
12432.8 -0.000287612
12440.4 -0.000302291
12448.1 -0.000317233
12455.7 -0.000332503
12463.4 -0.000348069
12471 -0.000363859
12478.7 -0.00037984
12486.3 -0.000395403
12494 -0.000410657
12501.6 -0.000426191
12509.3 -0.000441975
12516.9 -0.000458134
12524.6 -0.000474662
12532.2 -0.000491352
12539.9 -0.000508211
12547.5 -0.000525755
12555.2 -0.000544232
12562.8 -0.000562388
12570.5 -0.000579929
12578.1 -0.000594595
12585.8 -0.000609669
12593.4 -0.00062744
12601.1 -0.00064723
12608.7 -0.000670357
12616.4 -0.000694382
12624 -0.000716574
12631.7 -0.000738811
12639.3 -0.000762587
12647 -0.000789015
12654.6 -0.000810664
12662.3 -0.000829639
12669.9 -0.000845529
12677.6 -0.000856937
12685.2 -0.000871252
12692.9 -0.000885984
12700.5 -0.000900082
12708.2 -0.000910927
12715.8 -0.000924448
12723.5 -0.000939961
12731.1 -0.000957109
12738.8 -0.000977282
12746.4 -0.000997818
12754.1 -0.00101811
12761.7 -0.00103909
12769.4 -0.00106301
12777 -0.00108675
12784.7 -0.00110536
12792.3 -0.00112129
12800 -0.0011343
12807.7 -0.00114324
12815.3 -0.00115399
12823 -0.00116479
12830.6 -0.00117498
12838.3 -0.00118411
12845.9 -0.00119553
12853.6 -0.00120742
12861.2 -0.00121924
12868.9 -0.00122979
12876.5 -0.00123951
12884.2 -0.00125056
12891.8 -0.00126262
12899.5 -0.00127628
12907.1 -0.00129235
12914.8 -0.00130569
12922.4 -0.00131792
12930.1 -0.00132931
12937.7 -0.00134021
12945.4 -0.00135101
12953 -0.00136106
12960.7 -0.00137003
12968.3 -0.00137607
12976 -0.00138223
12983.6 -0.00139102
12991.3 -0.00140108
12998.9 -0.00141239
13006.6 -0.00142445
13014.2 -0.00143537
13021.9 -0.00144653
13029.5 -0.00145853
13037.2 -0.00147424
13044.8 -0.00148865
13052.5 -0.00150023
13060.1 -0.00150973
13067.8 -0.00151642
13075.4 -0.00151952
13083.1 -0.00152616
13090.7 -0.0015338
13098.4 -0.00154178
13106 -0.00154906
13113.7 -0.00155787
13121.3 -0.00156802
13129 -0.00157928
13136.6 -0.00159192
13144.3 -0.00160523
13151.9 -0.00161783
13159.6 -0.00163098
13167.2 -0.00164533
13174.9 -0.00166377
13182.5 -0.00168023
13190.2 -0.00169464
13197.8 -0.00170804
13205.5 -0.00172085
13213.1 -0.00173377
13220.8 -0.00174549
13228.4 -0.00175612
13236.1 -0.00176541
13243.7 -0.0017712
13251.4 -0.00177722
13259 -0.00178499
13266.7 -0.00179356
13274.3 -0.00180267
13282 -0.00181252
13289.6 -0.00182337
13297.3 -0.00183488
13304.9 -0.0018472
13312.6 -0.00186116
13320.2 -0.00187598
13327.9 -0.00188897
13335.5 -0.00190133
13343.2 -0.00191322
13350.8 -0.00192426
13358.5 -0.00193533
13366.1 -0.00194657
13373.8 -0.00195784
13381.4 -0.00196897
13389.1 -0.00197975
13396.7 -0.00199167
13404.4 -0.00200433
13412 -0.00201783
13419.7 -0.00203302
13427.3 -0.00204906
13435 -0.00206333
13442.6 -0.00207711
13450.3 -0.00209077
13457.9 -0.00210508
13465.6 -0.00211761
13473.2 -0.00212889
13480.9 -0.00213912
13488.5 -0.00214797
13496.2 -0.00215461
13503.8 -0.00216345
13511.5 -0.00217273
13519.1 -0.00218174
13526.8 -0.0021893
13534.4 -0.00219448
13542.1 -0.00220483
13549.7 -0.00221772
13557.4 -0.00223291
13565 -0.00225161
13572.7 -0.00227172
13580.3 -0.00228941
13588 -0.00230698
13595.6 -0.00232519
13603.3 -0.00234658
13610.9 -0.00236633
13618.6 -0.00238323
13626.2 -0.00239841
13633.9 -0.0024118
13641.5 -0.00242157
13649.2 -0.00243281
13656.8 -0.0024451
13664.5 -0.00245762
13672.1 -0.00246988
13679.8 -0.00248064
13687.4 -0.0024931
13695.1 -0.00250652
13702.7 -0.00252046
13710.4 -0.00253455
13718 -0.00254831
13725.7 -0.00256408
13733.3 -0.00258092
13741 -0.00259857
13748.6 -0.00261687
13756.3 -0.00263533
13763.9 -0.00265495
13771.6 -0.00267579
13779.2 -0.00269804
13786.9 -0.00272247
13794.5 -0.00275075
13802.2 -0.00277593
13809.8 -0.00280016
13817.5 -0.00282407
13825.1 -0.00284817
13832.8 -0.00287274
13840.4 -0.00289529
13848.1 -0.00291685
13855.7 -0.00293751
13863.4 -0.00295693
13871 -0.00297455
13878.7 -0.00299383
13886.3 -0.00301339
13894 -0.00303271
13901.6 -0.003051
13909.3 -0.0030669
13916.9 -0.00308669
13924.6 -0.00310822
13932.2 -0.00313094
13939.9 -0.00315465
13947.5 -0.00317923
13955.2 -0.00320418
13962.8 -0.00322964
13970.5 -0.00325554
13978.1 -0.00328175
13985.8 -0.00330788
13993.4 -0.00333501
14001.1 -0.0033628
14008.7 -0.00339101
14016.4 -0.00341925
14024 -0.00344599
14031.7 -0.00347563
14039.3 -0.00350747
14047 -0.00354108
14054.6 -0.00357651
14062.3 -0.00361489
14069.9 -0.00365344
14077.6 -0.00369213
14085.2 -0.00373163
14092.9 -0.00377242
14100.5 -0.00381625
14108.2 -0.00386025
14115.8 -0.00390193
14123.5 -0.00394284
14131.1 -0.00398322
14138.8 -0.00402274
14146.4 -0.00406148
14154.1 -0.00410233
14161.7 -0.00414425
14169.4 -0.00418717
14177 -0.00423138
14184.7 -0.00427779
14192.3 -0.00432266
14200 -0.00436712
14207.7 -0.00441152
14215.3 -0.00445606
14223 -0.00450131
14230.6 -0.00454591
14238.3 -0.00459001
14245.9 -0.00463373
14253.6 -0.004677
14261.2 -0.00471919
14268.9 -0.00476143
14276.5 -0.00480473
14284.2 -0.00484851
14291.8 -0.00489275
14299.5 -0.00493787
14307.1 -0.00498435
14314.8 -0.00502812
14322.4 -0.00507055
14330.1 -0.00511192
14337.7 -0.00515237
14345.4 -0.00519285
14353 -0.00523151
14360.7 -0.00526794
14368.3 -0.00530216
14376 -0.00533381
14383.6 -0.00536144
14391.3 -0.00538589
14398.9 -0.00541185
14406.6 -0.00543723
14414.2 -0.00546186
14421.9 -0.00548672
14429.5 -0.00551751
14437.2 -0.00553761
14444.8 -0.00554912
14452.5 -0.00555241
14460.1 -0.00554584
14467.8 -0.00551845
14475.4 -0.00548484
14483.1 -0.00545866
14490.7 -0.005433
14498.4 -0.0054066
14506 -0.00538091
14513.7 -0.00536619
14521.3 -0.00533405
14529 -0.00528804
14536.6 -0.00522894
14544.3 -0.005155
14551.9 -0.00505334
14559.6 -0.00494005
14567.2 -0.00483234
14574.9 -0.00472269
14582.5 -0.00461025
14590.2 -0.00449767
14597.8 -0.00439914
14605.5 -0.00427368
14613.1 -0.00412822
14620.8 -0.00396522
14628.4 -0.0037833
14636.1 -0.0035705
14643.7 -0.00331637
14651.4 -0.00308528
14659 -0.00286192
14666.7 -0.00264669
14674.3 -0.00244629
14682 -0.00229975
14689.6 -0.00212451
14697.3 -0.00192271
14704.9 -0.00170577
14712.6 -0.0014768
14720.2 -0.00123369
14727.9 -0.000961058
14735.5 -0.000703519
14743.2 -0.000454281
14750.8 -0.000211682
14758.5 2.42162e-05
14766.1 0.000251459
14773.8 0.000465907
14781.4 0.000675831
14789.1 0.000879132
14796.7 0.00107427
14804.4 0.00125824
14812 0.00140865
14819.7 0.00154575
14827.3 0.00168769
14835 0.0018308
14842.6 0.00197517
14850.3 0.00212464
14857.9 0.002298
14865.6 0.00244748
14873.2 0.00258009
14880.9 0.00269932
14888.5 0.00280616
14896.2 0.00290013
14903.8 0.002982
14911.5 0.00305901
14919.1 0.00312852
14926.8 0.00319052
14934.4 0.00324553
14942.1 0.0032952
14949.7 0.00334461
14957.4 0.00338499
14965 0.00341828
14972.7 0.00344548
14980.3 0.00346773
14988 0.00349007
14995.6 0.00351537
15003.3 0.00353227
15010.9 0.00354263
15018.6 0.00354708
15026.2 0.00354576
15033.9 0.00353594
15041.5 0.00352182
15049.2 0.0035065
15056.8 0.00348948
15064.5 0.00347094
15072.1 0.00345139
15079.8 0.00343334
15087.4 0.00341255
15095.1 0.00338851
15102.7 0.00336183
15110.4 0.00333252
15118 0.00330008
15125.7 0.00326023
15133.3 0.00321916
15141 0.00317851
15148.6 0.00313721
15156.3 0.00309453
15163.9 0.00304926
15171.6 0.00299538
15179.2 0.00294423
15186.9 0.00289614
15194.5 0.00284963
15202.2 0.0028042
15209.8 0.00275965
15217.5 0.0027157
15225.1 0.00267126
15232.8 0.00262721
15240.4 0.00258374
15248.1 0.00254112
15255.7 0.00249999
15263.4 0.0024638
15271 0.00242506
15278.7 0.00238383
15286.3 0.00234128
15294 0.00229785
15301.6 0.00225386
15309.3 0.00221023
15316.9 0.00216632
15324.6 0.00212121
15332.2 0.00207522
15339.9 0.00202842
15347.5 0.00198072
15355.2 0.00193116
15362.8 0.00188167
15370.5 0.00183337
15378.1 0.0017856
15385.8 0.00173828
15393.4 0.00169144
15401.1 0.00164516
15408.7 0.00159943
15416.4 0.00155419
15424 0.00150961
15431.7 0.00146581
15439.3 0.00142296
15447 0.00138144
15454.6 0.00134233
15462.3 0.00130257
15469.9 0.00126293
15477.6 0.00122372
15485.2 0.00118512
15492.9 0.00114727
15500.5 0.00111036
15508.2 0.00107407
15515.8 0.0010386
15523.5 0.00100403
15531.1 0.000970421
15538.8 0.000937846
15546.4 0.000906635
15554.1 0.000876492
15561.7 0.000846996
15569.4 0.000818319
15577 0.000790477
15584.7 0.000763379
15592.3 0.000736579
15600 0.000709439
15607.7 0.000685227
15615.3 0.000662884
15623 0.000642095
15630.6 0.000622565
15638.3 0.000603669
15645.9 0.000582513
15653.6 0.000566191
15661.2 0.000553913
15668.9 0.000544977
15676.5 0.000539265
15684.2 0.000536985
15691.8 0.000539747
15699.5 0.000546454
15707.1 0.000552871
15714.8 0.000560609
15722.4 0.000570016
15730.1 0.000581281
15737.7 0.000594626
15745.4 0.000609846
15753 0.000625319
15760.7 0.000642022
15768.3 0.000660082
15776 0.000679529
15783.6 0.000700389
15791.3 0.000723
15798.9 0.000747284
15806.6 0.000772142
15814.2 0.000797661
15821.9 0.00082373
15829.5 0.000850179
15837.2 0.000876754
15844.8 0.000902263
15852.5 0.000927403
15860.1 0.000952495
15867.8 0.000977317
15875.4 0.00100171
15883.1 0.00102562
15890.7 0.00104956
15898.4 0.0010744
15906 0.00109586
15913.7 0.00111449
15921.3 0.00113007
15929 0.00114221
15936.6 0.00115019
15944.3 0.00115105
15951.9 0.00115038
15959.6 0.00114812
15967.2 0.00114334
15974.9 0.00113564
15982.5 0.00112467
15990.2 0.00110983
15997.8 0.00109001
16005.5 0.00106929
16013.1 0.00104656
16020.8 0.00102172
16028.4 0.000994987
16036.1 0.000966972
16043.7 0.000940193
16051.4 0.000913116
16059 0.000879369
16066.7 0.000841924
16074.3 0.000801575
16082 0.000758854
16089.6 0.000714248
16097.3 0.000668581
16104.9 0.000620697
16112.6 0.000571052
16120.2 0.000520104
16127.9 0.00046811
16135.5 0.000415192
16143.2 0.000361171
16150.8 0.000304624
16158.5 0.000250675
16166.1 0.000198456
16173.8 0.000147595
16181.4 9.7992e-05
16189.1 4.95571e-05
16196.7 1.97621e-06
16204.4 -4.56252e-05
16212 -8.97422e-05
16219.7 -0.00013121
16227.3 -0.000170177
16235 -0.000206568
16242.6 -0.000240092
16250.3 -0.000269694
16257.9 -0.000294024
16265.6 -0.000320715
16273.2 -0.000347282
16280.9 -0.000373167
16288.5 -0.000398094
16296.2 -0.000421781
16303.8 -0.000443441
16311.5 -0.000462757
16319.1 -0.000484284
16326.8 -0.000506538
16334.4 -0.000529416
16342.1 -0.000553127
16349.7 -0.000578283
16357.4 -0.000607172
16365 -0.000639848
16372.7 -0.000665432
16380.3 -0.000688355
16388 -0.000709581
16395.6 -0.000729696
16403.3 -0.00074934
16410.9 -0.00077018
16418.6 -0.000792516
16426.2 -0.00080852
16433.9 -0.000821153
16441.5 -0.000830861
16449.2 -0.000837625
16456.8 -0.00084097
16464.5 -0.00083887
16472.1 -0.000830018
16479.8 -0.000827287
16487.4 -0.000825989
16495.1 -0.000825124
16502.7 -0.000824163
16510.4 -0.00082261
16518 -0.000819441
16525.7 -0.000813046
16533.3 -0.00081055
16541 -0.000809694
16548.6 -0.000809979
16556.3 -0.000811291
16563.9 -0.000813766
16571.6 -0.000818093
16579.2 -0.000826672
16586.9 -0.000831393
16594.5 -0.000834183
16602.2 -0.000835686
16609.8 -0.000836079
16617.5 -0.000835357
16625.1 -0.000833275
16632.8 -0.000828381
16640.4 -0.000824268
16648.1 -0.000820576
16655.7 -0.000816805
16663.4 -0.00081273
16671 -0.000808142
16678.7 -0.000802691
16686.3 -0.000794577
16694 -0.000786975
16701.6 -0.000781196
16709.3 -0.000776268
16716.9 -0.000771976
16724.6 -0.000768276
16732.2 -0.000765263
16739.9 -0.000763425
16747.5 -0.00076322
16755.2 -0.000761574
16762.8 -0.000759606
16770.5 -0.000757636
16778.1 -0.000755929
16785.8 -0.000754854
16793.4 -0.000755256
16801.1 -0.000760129
16808.7 -0.000760883
16816.4 -0.000759429
16824 -0.000756751
16831.7 -0.000753338
16839.3 -0.000749642
16847 -0.000746376
16854.6 -0.000746989
16862.3 -0.000746221
16869.9 -0.000740566
16877.6 -0.000732182
16885.2 -0.000721614
16892.9 -0.000709112
16900.5 -0.000694803
16908.2 -0.000678724
16915.8 -0.000660614
16923.5 -0.000640931
16931.1 -0.000619652
16938.8 -0.00059668
16946.4 -0.000571876
16954.1 -0.000544999
16961.7 -0.000515516
16969.4 -0.00048051
16977 -0.000445251
16984.7 -0.000411231
16992.3 -0.000376895
17000 -0.000341644
17007.7 -0.000304942
17015.3 -0.000266001
17023 -0.000222839
17030.6 -0.000169978
17038.3 -0.00012559
17045.9 -8.49635e-05
17053.6 -4.65915e-05
17061.2 -9.90936e-06
17068.9 2.53383e-05
17076.5 5.92245e-05
17084.2 9.14353e-05
17091.8 0.000122551
17099.5 0.000153331
17107.1 0.000183266
17114.8 0.00021213
17122.4 0.000239647
17130.1 0.000265354
17137.7 0.000288178
17145.4 0.000302875
17153 0.000321434
17160.7 0.000343002
17168.3 0.000365984
17176 0.00038983
17183.6 0.000414274
17191.3 0.000439201
17198.9 0.000464728
17206.6 0.000491192
17214.2 0.000516258
17221.9 0.000540614
17229.5 0.000564397
17237.2 0.000587664
17244.8 0.000610487
17252.5 0.000633046
17260.1 0.00065613
17267.8 0.000680089
17275.4 0.000700668
17283.1 0.000719185
17290.7 0.000735809
17298.4 0.000750517
17306 0.000763152
17313.7 0.000773309
17321.3 0.000778645
17329 0.000782809
17336.6 0.000788081
17344.3 0.000793075
17351.9 0.000797409
17359.6 0.000800868
17367.2 0.000803264
17374.9 0.000804315
17382.5 0.000802689
17390.2 0.000801056
17397.8 0.000799668
17405.5 0.000798038
17413.1 0.000796034
17420.8 0.000793604
17428.4 0.000790724
17436.1 0.000787373
17443.7 0.000783399
17451.4 0.000779351
17459 0.000775219
17466.7 0.000771007
17474.3 0.000766787
17482 0.000762671
17489.6 0.000758837
17497.3 0.000755651
17504.9 0.00075465
17512.6 0.000752223
17520.2 0.000748837
17527.9 0.000745054
17535.5 0.000741139
17543.2 0.000737302
17550.8 0.000733787
17558.5 0.000731022
17566.1 0.00073093
17573.8 0.000729475
17581.4 0.000726784
17589.1 0.000723487
17596.7 0.000719815
17604.4 0.000715888
17612 0.000711768
17619.7 0.000707448
17627.3 0.000702479
17635 0.000697705
17642.6 0.000693448
17650.3 0.000689572
17657.9 0.000686057
17665.6 0.000682914
17673.2 0.000680168
17680.9 0.000677877
17688.5 0.000676352
17696.2 0.000675325
17703.8 0.000674323
17711.5 0.000673527
17719.1 0.000672996
17726.8 0.000672773
17734.4 0.00067291
17742.1 0.000673509
17749.7 0.000674941
17757.4 0.000677028
17765 0.000678156
17772.7 0.000679001
17780.3 0.000679666
17788 0.00068017
17795.6 0.000680494
17803.3 0.000680573
17810.9 0.000680215
17818.6 0.000678977
17826.2 0.000678424
17833.9 0.000678061
17841.5 0.000677709
17849.2 0.000677246
17856.8 0.000676539
17864.5 0.000675394
17872.1 0.000673403
17879.8 0.000668727
17887.4 0.000665902
17895.1 0.000664406
17902.7 0.000663569
17910.4 0.000663125
17918 0.000662894
17925.7 0.000662694
17933.3 0.000662245
17941 0.000660614
17948.6 0.000657945
17956.3 0.000657699
17963.9 0.00065853
17971.6 0.000660179
17979.2 0.000662537
17986.9 0.00066556
17994.5 0.000669253
18002.2 0.000673723
18009.8 0.000679601
18017.5 0.000685605
18025.1 0.000691847
18032.8 0.0006985
18040.4 0.000705695
18048.1 0.000713599
18055.7 0.000722488
18063.4 0.000732946
18071 0.000747778
18078.7 0.000763061
18086.3 0.000773547
18094 0.000782048
18101.6 0.000789119
18109.3 0.000794976
18116.9 0.000799676
18124.6 0.000803133
18132.2 0.000804927
18139.9 0.000803336
18147.5 0.000803892
18155.2 0.000805363
18162.8 0.000807196
18170.5 0.000809197
18178.1 0.000811265
18185.8 0.000813336
18193.4 0.000815358
18201.1 0.000817248
18208.7 0.000818692
18216.4 0.000820227
18224 0.000821782
18231.7 0.000823332
18239.3 0.000824863
18247 0.000826372
18254.6 0.000827863
18262.3 0.000829354
18269.9 0.000831018
18277.6 0.000832811
18285.2 0.000834402
18292.9 0.000835853
18300.5 0.000837177
18308.2 0.000838379
18315.8 0.000839457
18323.5 0.000840398
18331.1 0.000841169
18338.8 0.000841491
18346.4 0.000841727
18354.1 0.00084201
18361.7 0.000842295
18369.4 0.000842571
18377 0.000842836
18384.7 0.000843097
18392.3 0.000843374
18400 0.000843723
18407.7 0.000844515
18415.3 0.000845122
18423 0.00084554
18430.6 0.000845814
18438.3 0.000845959
18445.9 0.00084598
18453.6 0.000845873
18461.2 0.000845622
18468.9 0.000845166
18476.5 0.000844205
18484.2 0.000843366
18491.8 0.000842579
18499.5 0.000841811
18507.1 0.000841052
18514.8 0.000840301
18522.4 0.000839567
18530.1 0.000838869
18537.7 0.000838282
18545.4 0.000838082
18553 0.000837629
18560.7 0.00083703
18568.3 0.000836318
18576 0.000835509
18583.6 0.000834608
18591.3 0.000833615
18598.9 0.000832522
18606.6 0.000831295
18614.2 0.000829806
18621.9 0.000828381
18629.5 0.000826962
18637.2 0.000825533
18644.8 0.000824088
18652.5 0.000822625
18660.1 0.000821147
18667.8 0.000819658
18675.4 0.000818176
18683.1 0.00081677
18690.7 0.000815274
18698.4 0.000813716
18706 0.000812105
18713.7 0.000810448
18721.3 0.000808745
18729 0.000806996
18736.6 0.000805198
18744.3 0.000803341
18751.9 0.000801365
18759.6 0.000799403
18767.2 0.000797442
18774.9 0.000795472
18782.5 0.000793492
18790.2 0.000791499
18797.8 0.000789497
18805.5 0.000787487
18813.1 0.00078548
18820.8 0.000783532
18828.4 0.000781539
18836.1 0.000779489
18843.7 0.000777396
18851.4 0.000775265
18859 0.000773098
18866.7 0.000770894
18874.3 0.000768651
18882 0.000766361
18889.6 0.000763978
18897.3 0.000761545
18904.9 0.000759155
18912.6 0.000756773
18920.2 0.000754391
18927.9 0.000752006
18935.5 0.000749618
18943.2 0.000747224
18950.8 0.000744827
18958.5 0.00074243
18966.1 0.000740045
18973.8 0.000737632
18981.4 0.000735199
18989.1 0.000732749
18996.7 0.000730283
19004.4 0.000727799
19012 0.000725296
19019.7 0.000722771
19027.3 0.000720214
19035 0.000717571
19042.6 0.000714952
19050.3 0.000712367
19057.9 0.000709798
19065.6 0.000707238
19073.2 0.000704686
19080.9 0.00070214
19088.5 0.000699598
19096.2 0.000697062
19103.8 0.000694535
19111.5 0.00069202
19119.1 0.000689493
19126.8 0.000686962
19134.4 0.000684428
19142.1 0.000681891
19149.7 0.000679351
19157.4 0.000676807
19165 0.000674257
19172.7 0.000671697
19180.3 0.000669098
19188 0.000666519
19195.6 0.000663969
19203.3 0.000661434
19210.9 0.000658914
19218.6 0.000656407
19226.2 0.000653913
19233.9 0.000651434
19241.5 0.000648975
19249.2 0.000646549
19256.8 0.000644195
19264.5 0.000641777
19272.1 0.000639329
19279.8 0.000636861
19287.4 0.000634377
19295.1 0.000631878
19302.7 0.000629362
19310.4 0.000626824
19318 0.000624256
19325.7 0.000621616
19333.3 0.000618903
19341 0.000616326
19348.6 0.000613802
19356.3 0.000611317
19363.9 0.000608864
19371.6 0.000606441
19379.2 0.000604048
19386.9 0.000601689
19394.5 0.000599371
19402.2 0.00059715
19409.8 0.000594924
19417.5 0.000592638
19425.1 0.00059033
19432.8 0.000588011
19440.4 0.000585682
19448.1 0.000583347
19455.7 0.000581005
19463.4 0.000578653
19471 0.000576284
19478.7 0.000573856
19486.3 0.000571472
19494 0.000569134
19501.6 0.000566824
19509.3 0.000564534
19516.9 0.000562264
19524.6 0.000560013
19532.2 0.000557779
19539.9 0.000555564
19547.5 0.000553373
19555.2 0.000551225
19562.8 0.000549065
19570.5 0.000546899
19578.1 0.000544733
19585.8 0.000542572
19593.4 0.000540416
19601.1 0.000538267
19608.7 0.000536123
19616.4 0.000533987
19624 0.000531856
19631.7 0.000529726
19639.3 0.00052761
19647 0.000525506
19654.6 0.000523412
19662.3 0.000521329
19669.9 0.000519254
19677.6 0.000517188
19685.2 0.00051513
19692.9 0.00051308
19700.5 0.000511033
19708.2 0.000508973
19715.8 0.000506942
19723.5 0.000504941
19731.1 0.000502962
19738.8 0.000501002
19746.4 0.000499061
19754.1 0.000497139
19761.7 0.000495236
19769.4 0.000493353
19777 0.000491492
19784.7 0.000489659
19792.3 0.000487846
19800 0.000486041
19807.7 0.000484253
19815.3 0.000482487
19823 0.000480746
19830.6 0.000479035
19838.3 0.00047736
19845.9 0.000475734
19853.6 0.000474179
19861.2 0.00047276
19868.9 0.000471528
19876.5 0.000469965
19884.2 0.000468281
19891.8 0.000466519
19899.5 0.000464693
19907.1 0.000462812
19914.8 0.000460878
19922.4 0.000458887
19930.1 0.000456831
19937.7 0.00045468
19945.4 0.000452314
19953 0.000450169
19960.7 0.000448132
19968.3 0.000446148
19976 0.000444202
19983.6 0.000442284
19991.3 0.000440388
19998.9 0.000438513
20006.6 0.000436654
20014.2 0.000434811
20021.9 0.000432982
20029.5 0.000431166
20037.2 0.000429362
20044.8 0.000427571
20052.5 0.00042579
20060.1 0.00042402
20067.8 0.000422261
20075.4 0.000420511
20083.1 0.000418772
20090.7 0.000417042
20098.4 0.000415321
20106 0.00041361
20113.7 0.000411908
20121.3 0.000410214
20129 0.00040853
20136.6 0.000406854
20144.3 0.000405186
20151.9 0.000403527
20159.6 0.000401877
20167.2 0.000400234
20174.9 0.0003986
20182.5 0.000396974
20190.2 0.000395357
20197.8 0.000393747
20205.5 0.000392145
20213.1 0.000390551
20220.8 0.000388965
20228.4 0.000387386
20236.1 0.000385816
20243.7 0.000384253
20251.4 0.000382697
20259 0.00038115
20266.7 0.000379609
20274.3 0.000378077
20282 0.000376552
20289.6 0.000375034
20297.3 0.000373523
20304.9 0.00037202
20312.6 0.000370525
20320.2 0.000369036
20327.9 0.000367555
20335.5 0.000366081
20343.2 0.000364614
20350.8 0.000363154
20358.5 0.000361702
20366.1 0.000360256
20373.8 0.000358817
20381.4 0.000357386
20389.1 0.000355961
20396.7 0.000354543
20404.4 0.000353132
20412 0.000351728
20419.7 0.000350331
20427.3 0.00034894
20435 0.000347557
20442.6 0.00034618
20450.3 0.000344809
20457.9 0.000343446
20465.6 0.000342089
20473.2 0.000340738
20480.9 0.000339394
20488.5 0.000338057
20496.2 0.000336726
20503.8 0.000335401
20511.5 0.000334083
20519.1 0.000332772
20526.8 0.000331466
20534.4 0.000330167
20542.1 0.000328875
20549.7 0.000327588
20557.4 0.000326308
20565 0.000325034
20572.7 0.000323766
20580.3 0.000322504
20588 0.000321249
20595.6 0.000319999
20603.3 0.000318756
20610.9 0.000317518
20618.6 0.000316287
20626.2 0.000315061
20633.9 0.000313842
20641.5 0.000312628
20649.2 0.00031142
20656.8 0.000310219
20664.5 0.000309022
20672.1 0.000307832
20679.8 0.000306647
20687.4 0.000305469
20695.1 0.000304295
20702.7 0.000303128
20710.4 0.000301966
20718 0.00030081
20725.7 0.000299659
20733.3 0.000298514
20741 0.000297374
20748.6 0.00029624
20756.3 0.000295111
20763.9 0.000293988
20771.6 0.00029287
20779.2 0.000291757
20786.9 0.00029065
20794.5 0.000289548
20802.2 0.000288452
20809.8 0.000287361
20817.5 0.000286275
20825.1 0.000285194
20832.8 0.000284118
20840.4 0.000283048
20848.1 0.000281982
20855.7 0.000280922
20863.4 0.000279867
20871 0.000278817
20878.7 0.000277772
20886.3 0.000276732
20894 0.000275696
20901.6 0.000274666
20909.3 0.000273641
20916.9 0.00027262
20924.6 0.000271605
20932.2 0.000270594
20939.9 0.000269588
20947.5 0.000268587
20955.2 0.000267591
20962.8 0.000266599
20970.5 0.000265612
20978.1 0.00026463
20985.8 0.000263652
20993.4 0.00026268
21001.1 0.000261711
21008.7 0.000260748
21016.4 0.000259788
21024 0.000258834
21031.7 0.000257884
21039.3 0.000256938
21047 0.000255997
21054.6 0.00025506
21062.3 0.000254128
21069.9 0.0002532
21077.6 0.000252276
21085.2 0.000251357
21092.9 0.000250442
21100.5 0.000249531
21108.2 0.000248625
21115.8 0.000247723
21123.5 0.000246825
21131.1 0.000245932
21138.8 0.000245042
21146.4 0.000244157
21154.1 0.000243276
21161.7 0.000242399
21169.4 0.000241526
21177 0.000240657
21184.7 0.000239792
21192.3 0.000238931
21200 0.000238074
21207.7 0.000237221
21215.3 0.000236373
21223 0.000235528
21230.6 0.000234687
21238.3 0.00023385
21245.9 0.000233016
21253.6 0.000232187
21261.2 0.000231361
21268.9 0.00023054
21276.5 0.000229722
21284.2 0.000228908
21291.8 0.000228097
21299.5 0.000227291
21307.1 0.000226488
21314.8 0.000225688
21322.4 0.000224893
21330.1 0.000224101
21337.7 0.000223312
21345.4 0.000222528
21353 0.000221747
21360.7 0.000220969
21368.3 0.000220195
21376 0.000219425
21383.6 0.000218658
21391.3 0.000217894
21398.9 0.000217134
21406.6 0.000216378
21414.2 0.000215625
21421.9 0.000214875
21429.5 0.000214129
21437.2 0.000213386
21444.8 0.000212647
21452.5 0.000211911
21460.1 0.000211178
21467.8 0.000210448
21475.4 0.000209722
21483.1 0.000208999
21490.7 0.00020828
21498.4 0.000207563
21506 0.00020685
21513.7 0.00020614
21521.3 0.000205434
21529 0.00020473
21536.6 0.00020403
21544.3 0.000203332
21551.9 0.000202638
21559.6 0.000201947
21567.2 0.000201259
21574.9 0.000200574
21582.5 0.000199892
21590.2 0.000199213
21597.8 0.000198538
21605.5 0.000197865
21613.1 0.000197195
21620.8 0.000196528
21628.4 0.000195864
21636.1 0.000195204
21643.7 0.000194546
21651.4 0.000193891
21659 0.000193238
21666.7 0.000192589
21674.3 0.000191943
21682 0.000191299
21689.6 0.000190658
21697.3 0.00019002
21704.9 0.000189385
21712.6 0.000188753
21720.2 0.000188123
21727.9 0.000187497
21735.5 0.000186873
21743.2 0.000186251
21750.8 0.000185633
21758.5 0.000185017
21766.1 0.000184404
21773.8 0.000183793
21781.4 0.000183185
21789.1 0.00018258
21796.7 0.000181978
21804.4 0.000181378
21812 0.00018078
21819.7 0.000180186
21827.3 0.000179593
21835 0.000179004
21842.6 0.000178417
21850.3 0.000177832
21857.9 0.00017725
21865.6 0.000176671
21873.2 0.000176094
21880.9 0.000175519
21888.5 0.000174947
21896.2 0.000174377
21903.8 0.00017381
21911.5 0.000173246
21919.1 0.000172683
21926.8 0.000172123
21934.4 0.000171566
21942.1 0.000171011
21949.7 0.000170458
21957.4 0.000169908
21965 0.00016936
21972.7 0.000168814
21980.3 0.000168271
21988 0.00016773
21995.6 0.000167191
22003.3 0.000166654
22010.9 0.00016612
22018.6 0.000165588
22026.2 0.000165058
22033.9 0.000164531
22041.5 0.000164006
22049.2 0.000163483
22056.8 0.000162962
22064.5 0.000162443
22072.1 0.000161927
22079.8 0.000161413
22087.4 0.0001609
22095.1 0.00016039
22102.7 0.000159883
22110.4 0.000159377
22118 0.000158873
22125.7 0.000158372
22133.3 0.000157872
22141 0.000157375
22148.6 0.00015688
22156.3 0.000156387
22163.9 0.000155896
22171.6 0.000155406
22179.2 0.000154919
22186.9 0.000154434
22194.5 0.000153951
22202.2 0.00015347
22209.8 0.000152991
22217.5 0.000152514
22225.1 0.000152039
22232.8 0.000151566
22240.4 0.000151095
22248.1 0.000150625
22255.7 0.000150158
22263.4 0.000149693
22271 0.000149229
22278.7 0.000148768
22286.3 0.000148308
22294 0.00014785
22301.6 0.000147394
22309.3 0.00014694
22316.9 0.000146488
22324.6 0.000146037
22332.2 0.000145589
22339.9 0.000145142
22347.5 0.000144697
22355.2 0.000144254
22362.8 0.000143813
22370.5 0.000143373
22378.1 0.000142935
22385.8 0.000142499
22393.4 0.000142065
22401.1 0.000141633
22408.7 0.000141202
22416.4 0.000140773
22424 0.000140346
22431.7 0.00013992
22439.3 0.000139496
22447 0.000139074
22454.6 0.000138654
22462.3 0.000138235
22469.9 0.000137818
22477.6 0.000137402
22485.2 0.000136989
22492.9 0.000136576
22500.5 0.000136166
22508.2 0.000135757
22515.8 0.00013535
22523.5 0.000134944
22531.1 0.00013454
22538.8 0.000134138
22546.4 0.000133737
22554.1 0.000133338
22561.7 0.00013294
22569.4 0.000132544
22577 0.00013215
22584.7 0.000131757
22592.3 0.000131366
22600 0.000130976
22607.7 0.000130587
22615.3 0.000130201
22623 0.000129815
22630.6 0.000129432
22638.3 0.000129049
22645.9 0.000128669
22653.6 0.000128289
22661.2 0.000127912
22668.9 0.000127535
22676.5 0.000127161
22684.2 0.000126787
22691.8 0.000126415
22699.5 0.000126045
22707.1 0.000125676
22714.8 0.000125308
22722.4 0.000124942
22730.1 0.000124577
22737.7 0.000124214
22745.4 0.000123852
22753 0.000123492
22760.7 0.000123132
22768.3 0.000122775
22776 0.000122418
22783.6 0.000122063
22791.3 0.00012171
22798.9 0.000121357
22806.6 0.000121006
22814.2 0.000120657
22821.9 0.000120309
22829.5 0.000119962
22837.2 0.000119616
22844.8 0.000119272
22852.5 0.000118929
22860.1 0.000118587
22867.8 0.000118247
22875.4 0.000117908
22883.1 0.00011757
22890.7 0.000117234
22898.4 0.000116899
22906 0.000116565
22913.7 0.000116232
22921.3 0.000115901
22929 0.00011557
22936.6 0.000115242
22944.3 0.000114914
22951.9 0.000114588
22959.6 0.000114262
22967.2 0.000113938
22974.9 0.000113616
22982.5 0.000113294
22990.2 0.000112974
22997.8 0.000112655
23005.5 0.000112337
23013.1 0.00011202
23020.8 0.000111705
23028.4 0.00011139
23036.1 0.000111077
23043.7 0.000110765
23051.4 0.000110454
23059 0.000110144
23066.7 0.000109836
23074.3 0.000109528
23082 0.000109222
23089.6 0.000108917
23097.3 0.000108613
23104.9 0.00010831
23112.6 0.000108008
23120.2 0.000107708
23127.9 0.000107408
23135.5 0.00010711
23143.2 0.000106813
23150.8 0.000106516
23158.5 0.000106221
23166.1 0.000105927
23173.8 0.000105634
23181.4 0.000105342
23189.1 0.000105052
23196.7 0.000104762
23204.4 0.000104473
23212 0.000104185
23219.7 0.000103899
23227.3 0.000103613
23235 0.000103329
23242.6 0.000103045
23250.3 0.000102763
23257.9 0.000102482
23265.6 0.000102201
23273.2 0.000101922
23280.9 0.000101643
23288.5 0.000101366
23296.2 0.00010109
23303.8 0.000100814
23311.5 0.00010054
23319.1 0.000100267
23326.8 9.99944e-05
23334.4 9.9723e-05
23342.1 9.94526e-05
23349.7 9.91832e-05
23357.4 9.89147e-05
23365 9.86472e-05
23372.7 9.83807e-05
23380.3 9.81151e-05
23388 9.78505e-05
23395.6 9.75868e-05
23403.3 9.7324e-05
23410.9 9.70622e-05
23418.6 9.68014e-05
23426.2 9.65414e-05
23433.9 9.62824e-05
23441.5 9.60243e-05
23449.2 9.57672e-05
23456.8 9.55109e-05
23464.5 9.52555e-05
23472.1 9.50011e-05
23479.8 9.47476e-05
23487.4 9.44949e-05
23495.1 9.42432e-05
23502.7 9.39923e-05
23510.4 9.37423e-05
23518 9.34932e-05
23525.7 9.3245e-05
23533.3 9.29977e-05
23541 9.27512e-05
23548.6 9.25056e-05
23556.3 9.22609e-05
23563.9 9.2017e-05
23571.6 9.1774e-05
23579.2 9.15318e-05
23586.9 9.12905e-05
23594.5 9.105e-05
23602.2 9.08104e-05
23609.8 9.05716e-05
23617.5 9.03336e-05
23625.1 9.00964e-05
23632.8 8.98601e-05
23640.4 8.96246e-05
23648.1 8.939e-05
23655.7 8.91561e-05
23663.4 8.8923e-05
23671 8.86908e-05
23678.7 8.84594e-05
23686.3 8.82287e-05
23694 8.79989e-05
23701.6 8.77698e-05
23709.3 8.75416e-05
23716.9 8.73141e-05
23724.6 8.70874e-05
23732.2 8.68615e-05
23739.9 8.66364e-05
23747.5 8.64121e-05
23755.2 8.61885e-05
23762.8 8.59657e-05
23770.5 8.57436e-05
23778.1 8.55223e-05
23785.8 8.53018e-05
23793.4 8.5082e-05
23801.1 8.4863e-05
23808.7 8.46447e-05
23816.4 8.44272e-05
23824 8.42104e-05
23831.7 8.39944e-05
23839.3 8.3779e-05
23847 8.35644e-05
23854.6 8.33506e-05
23862.3 8.31375e-05
23869.9 8.2925e-05
23877.6 8.27134e-05
23885.2 8.25024e-05
23892.9 8.22921e-05
23900.5 8.20826e-05
23908.2 8.18737e-05
23915.8 8.16656e-05
23923.5 8.14581e-05
23931.1 8.12514e-05
23938.8 8.10454e-05
23946.4 8.084e-05
23954.1 8.06354e-05
23961.7 8.04314e-05
23969.4 8.02281e-05
23977 8.00255e-05
23984.7 7.98236e-05
23992.3 7.96223e-05
24000 7.94217e-05
