W N1
10000 0.000279185
10007.7 0.000279636
10015.3 0.000280083
10023 0.000280524
10030.6 0.000280961
10038.3 0.000281393
10045.9 0.00028182
10053.6 0.000282242
10061.2 0.000282658
10068.9 0.000283068
10076.5 0.000283473
10084.2 0.000283872
10091.8 0.000284265
10099.5 0.000284651
10107.1 0.000285032
10114.8 0.000285406
10122.4 0.000285773
10130.1 0.000286134
10137.7 0.000286487
10145.4 0.000286834
10153 0.000287173
10160.7 0.000287504
10168.3 0.000287828
10176 0.000288144
10183.6 0.000288452
10191.3 0.000288752
10198.9 0.000289043
10206.6 0.000289326
10214.2 0.0002896
10221.9 0.000289865
10229.5 0.00029012
10237.2 0.000290366
10244.8 0.000290603
10252.5 0.000290829
10260.1 0.000291046
10267.8 0.000291252
10275.4 0.000291447
10283.1 0.000291632
10290.7 0.000291805
10298.4 0.000291968
10306 0.000292118
10313.7 0.000292257
10321.3 0.000292384
10329 0.000292499
10336.6 0.000292601
10344.3 0.00029269
10351.9 0.000292766
10359.6 0.000292829
10367.2 0.000292878
10374.9 0.000292913
10382.5 0.000292933
10390.2 0.000292939
10397.8 0.000292931
10405.5 0.000292907
10413.1 0.000292867
10420.8 0.000292812
10428.4 0.00029274
10436.1 0.000292653
10443.7 0.000292548
10451.4 0.000292426
10459 0.000292287
10466.7 0.00029213
10474.3 0.000291954
10482 0.00029176
10489.6 0.000291547
10497.3 0.000291315
10504.9 0.000291063
10512.6 0.000290792
10520.2 0.000290499
10527.9 0.000290186
10535.5 0.000289851
10543.2 0.000289495
10550.8 0.000289117
10558.5 0.000288716
10566.1 0.000288293
10573.8 0.000287846
10581.4 0.000287375
10589.1 0.00028688
10596.7 0.00028636
10604.4 0.000285815
10612 0.000285244
10619.7 0.000284647
10627.3 0.000284024
10635 0.000283373
10642.6 0.000282695
10650.3 0.000281989
10657.9 0.000281254
10665.6 0.00028049
10673.2 0.000279697
10680.9 0.000278873
10688.5 0.000278019
10696.2 0.000277133
10703.8 0.000276215
10711.5 0.000275266
10719.1 0.000274283
10726.8 0.000273267
10734.4 0.000272216
10742.1 0.000271132
10749.7 0.000270011
10757.4 0.000268855
10765 0.000267663
10772.7 0.000266433
10780.3 0.000265166
10788 0.00026386
10795.6 0.000262516
10803.3 0.000261132
10810.9 0.000259707
10818.6 0.000258242
10826.2 0.000256735
10833.9 0.000255186
10841.5 0.000253594
10849.2 0.000251958
10856.8 0.000250278
10864.5 0.000248553
10872.1 0.000246783
10879.8 0.000244965
10887.4 0.000243101
10895.1 0.000241189
10902.7 0.000239228
10910.4 0.000237218
10918 0.000235158
10925.7 0.000233047
10933.3 0.000230884
10941 0.000228669
10948.6 0.000226401
10956.3 0.000224078
10963.9 0.000221701
10971.6 0.000219269
10979.2 0.00021678
10986.9 0.000214234
10994.5 0.000211629
11002.2 0.000208966
11009.8 0.000206243
11017.5 0.00020346
11025.1 0.000200614
11032.8 0.000197706
11040.4 0.000194735
11048.1 0.000191699
11055.7 0.000188597
11063.4 0.000185427
11071 0.00018219
11078.7 0.000178881
11086.3 0.000175501
11094 0.000172044
11101.6 0.000168507
11109.3 0.00016488
11116.9 0.000161145
11124.6 0.000157439
11132.2 0.000155896
11139.9 0.000154501
11147.5 0.000153268
11155.2 0.00014993
11162.8 0.000145999
11170.5 0.000141946
11178.1 0.000137531
11185.8 0.000132795
11193.4 0.000127924
11201.1 0.000123206
11208.7 0.00011904
11216.4 0.000114829
11224 0.000110543
11231.7 0.000105678
11239.3 0.0001007
11247 9.56168e-05
11254.6 9.08594e-05
11262.3 8.61852e-05
11269.9 8.1457e-05
11277.6 7.61178e-05
11285.2 6.99345e-05
11292.9 6.36118e-05
11300.5 5.73067e-05
11308.2 5.20067e-05
11315.8 4.66474e-05
11323.5 4.12082e-05
11331.1 3.61454e-05
11338.8 3.11501e-05
11346.4 2.60952e-05
11354.1 2.03813e-05
11361.7 1.37485e-05
11369.4 7.00096e-06
11377 1.1625e-07
11384.7 -7.37723e-06
11392.3 -1.49824e-05
11400 -2.2689e-05
11407.7 -2.9104e-05
11415.3 -3.49427e-05
11423 -4.0864e-05
11430.6 -4.71266e-05
11438.3 -5.41434e-05
11445.9 -6.12533e-05
11453.6 -6.84547e-05
11461.2 -7.53144e-05
11468.9 -8.22049e-05
11476.5 -8.92047e-05
11484.2 -9.75053e-05
11491.8 -0.000107437
11499.5 -0.000117422
11507.1 -0.000127375
11514.8 -0.000133471
11522.4 -0.000139678
11530.1 -0.000146036
11537.7 -0.000153647
11545.4 -0.000162323
11553 -0.000171079
11560.7 -0.000179952
11568.3 -0.000189385
11576 -0.000198885
11583.6 -0.000208454
11591.3 -0.000217979
11598.9 -0.000227487
11606.6 -0.000237054
11614.2 -0.000246587
11621.9 -0.000254683
11629.5 -0.000262971
11637.2 -0.000271417
11644.8 -0.000280647
11652.5 -0.000290513
11660.1 -0.000300457
11667.8 -0.000310554
11675.4 -0.000322202
11683.1 -0.000333835
11690.7 -0.000345385
11698.4 -0.000355709
11706 -0.000364716
11713.7 -0.000373914
11721.3 -0.000383247
11729 -0.000392722
11736.6 -0.000402318
11744.3 -0.00041205
11751.9 -0.00042225
11759.6 -0.000433385
11767.2 -0.00044452
11774.9 -0.000455718
11782.5 -0.000467572
11790.2 -0.00047966
11797.8 -0.000491629
11805.5 -0.000503303
11813.1 -0.000512224
11820.8 -0.00052151
11828.4 -0.000531087
11836.1 -0.000541738
11843.7 -0.000553631
11851.4 -0.000565458
11859 -0.000577318
11866.7 -0.000589818
11874.3 -0.000602421
11882 -0.000614876
11889.6 -0.000627039
11897.3 -0.000637316
11904.9 -0.000647861
11912.6 -0.000658552
11920.2 -0.000669429
11927.9 -0.000680506
11935.5 -0.000691662
11943.2 -0.000702951
11950.8 -0.000715094
11958.5 -0.000727525
11966.1 -0.000739868
11973.8 -0.000752183
11981.4 -0.000764829
11989.1 -0.00077733
11996.7 -0.000789596
12004.4 -0.000801128
12012 -0.000810388
12019.7 -0.000820198
12027.3 -0.000830349
12035 -0.000841536
12042.6 -0.000853693
12050.3 -0.0008657
12057.9 -0.000877703
12065.6 -0.00089033
12073.2 -0.00090307
12080.9 -0.000915535
12088.5 -0.000927654
12096.2 -0.000938211
12103.8 -0.00094871
12111.5 -0.000959366
12119.1 -0.000970142
12126.8 -0.000981218
12134.4 -0.000992309
12142.1 -0.00100346
12149.7 -0.00101486
12157.4 -0.00102732
12165 -0.00103936
12172.7 -0.00105112
12180.3 -0.00106227
12188 -0.00107264
12195.6 -0.00108313
12203.3 -0.00109359
12210.9 -0.00110375
12218.6 -0.00111369
12226.2 -0.00112379
12233.9 -0.00113407
12241.5 -0.00114517
12249.2 -0.0011566
12256.8 -0.0011678
12264.5 -0.00117889
12272.1 -0.00119021
12279.8 -0.00120141
12287.4 -0.00121225
12295.1 -0.00122261
12302.7 -0.00123096
12310.4 -0.00123914
12318 -0.00124778
12325.7 -0.00125681
12333.3 -0.00126714
12341 -0.00127758
12348.6 -0.0012879
12356.3 -0.00129831
12363.9 -0.00130998
12371.6 -0.00132134
12379.2 -0.00133203
12386.9 -0.00134189
12394.5 -0.00134876
12402.2 -0.00135578
12409.8 -0.00136345
12417.5 -0.0013717
12425.1 -0.00138185
12432.8 -0.00139197
12440.4 -0.00140172
12448.1 -0.00141127
12455.7 -0.00142071
12463.4 -0.00142996
12471 -0.00143896
12478.7 -0.00144763
12486.3 -0.00145523
12494 -0.00146274
12501.6 -0.00147046
12509.3 -0.00147833
12516.9 -0.0014865
12524.6 -0.00149474
12532.2 -0.00150297
12539.9 -0.00151129
12547.5 -0.00152048
12555.2 -0.00152977
12562.8 -0.00153824
12570.5 -0.00154581
12578.1 -0.00155051
12585.8 -0.00155562
12593.4 -0.001563
12601.1 -0.0015721
12608.7 -0.00158444
12616.4 -0.00159721
12624 -0.00160718
12631.7 -0.00161621
12639.3 -0.00162491
12647 -0.00163417
12654.6 -0.00164169
12662.3 -0.00164765
12669.9 -0.0016513
12677.6 -0.00165112
12685.2 -0.001655
12692.9 -0.00166042
12700.5 -0.00166681
12708.2 -0.00167361
12715.8 -0.00168066
12723.5 -0.00168861
12731.1 -0.00169783
12738.8 -0.00171074
12746.4 -0.00172215
12754.1 -0.00173172
12761.7 -0.00174043
12769.4 -0.00174889
12777 -0.00175649
12784.7 -0.00176229
12792.3 -0.00176651
12800 -0.00176817
12807.7 -0.00176583
12815.3 -0.00176803
12823 -0.00177207
12830.6 -0.00177754
12838.3 -0.00178554
12845.9 -0.0017936
12853.6 -0.00180161
12861.2 -0.00181
12868.9 -0.00181989
12876.5 -0.00182775
12884.2 -0.00183415
12891.8 -0.00183973
12899.5 -0.00184452
12907.1 -0.00184886
12914.8 -0.00185306
12922.4 -0.00185663
12930.1 -0.00185913
12937.7 -0.00185918
12945.4 -0.0018615
12953 -0.00186465
12960.7 -0.00186784
12968.3 -0.00186938
12976 -0.00187173
12983.6 -0.00187681
12991.3 -0.00188347
12998.9 -0.00189162
13006.6 -0.00190091
13014.2 -0.00191026
13021.9 -0.00192059
13029.5 -0.00193244
13037.2 -0.0019484
13044.8 -0.00196379
13052.5 -0.00197782
13060.1 -0.00199163
13067.8 -0.00200601
13075.4 -0.00202124
13083.1 -0.0020346
13090.7 -0.00204749
13098.4 -0.00206048
13106 -0.00207513
13113.7 -0.00208762
13121.3 -0.00209844
13129 -0.00210807
13136.6 -0.00211638
13144.3 -0.00212291
13151.9 -0.00213015
13159.6 -0.0021375
13167.2 -0.00214485
13174.9 -0.00215243
13182.5 -0.00216022
13190.2 -0.00216785
13197.8 -0.00217544
13205.5 -0.00218325
13213.1 -0.00219177
13220.8 -0.00219885
13228.4 -0.00220505
13236.1 -0.00221042
13243.7 -0.00221439
13251.4 -0.00221753
13259 -0.00222042
13266.7 -0.00222265
13274.3 -0.00222364
13282 -0.00222227
13289.6 -0.00222345
13297.3 -0.00222544
13304.9 -0.00222764
13312.6 -0.00222934
13320.2 -0.00223112
13327.9 -0.00223443
13335.5 -0.0022384
13343.2 -0.00224276
13350.8 -0.00224701
13358.5 -0.00225216
13366.1 -0.00225819
13373.8 -0.00226505
13381.4 -0.00227302
13389.1 -0.00228267
13396.7 -0.00229112
13404.4 -0.00229938
13412 -0.00230777
13419.7 -0.00231697
13427.3 -0.00232638
13435 -0.00233424
13442.6 -0.00234133
13450.3 -0.00234764
13457.9 -0.00235251
13465.6 -0.00235742
13473.2 -0.00236236
13480.9 -0.00236686
13488.5 -0.00237028
13496.2 -0.00237098
13503.8 -0.00237504
13511.5 -0.00238057
13519.1 -0.00238685
13526.8 -0.00239319
13534.4 -0.00239911
13542.1 -0.00240816
13549.7 -0.00241914
13557.4 -0.00243208
13565 -0.00244803
13572.7 -0.0024656
13580.3 -0.00248153
13588 -0.00249779
13595.6 -0.00251522
13603.3 -0.0025368
13610.9 -0.00255657
13618.6 -0.00257344
13626.2 -0.00258898
13633.9 -0.00260361
13641.5 -0.00261759
13649.2 -0.00263079
13656.8 -0.00264329
13664.5 -0.00265509
13672.1 -0.00266599
13679.8 -0.00267507
13687.4 -0.00268509
13695.1 -0.00269544
13702.7 -0.0027057
13710.4 -0.00271546
13718 -0.00272378
13725.7 -0.00273399
13733.3 -0.00274507
13741 -0.00275663
13748.6 -0.00276837
13756.3 -0.00277977
13763.9 -0.00279265
13771.6 -0.00280657
13779.2 -0.00282153
13786.9 -0.00283796
13794.5 -0.00285676
13802.2 -0.00287363
13809.8 -0.00288997
13817.5 -0.00290625
13825.1 -0.00292299
13832.8 -0.00294089
13840.4 -0.002956
13848.1 -0.00296949
13855.7 -0.00298129
13863.4 -0.00299044
13871 -0.00299513
13878.7 -0.00300445
13886.3 -0.00301517
13894 -0.00302622
13901.6 -0.00303634
13909.3 -0.00304336
13916.9 -0.00305648
13924.6 -0.00307276
13932.2 -0.00309158
13939.9 -0.00311305
13947.5 -0.00313816
13955.2 -0.00316253
13962.8 -0.00318744
13970.5 -0.00321342
13978.1 -0.00324101
13985.8 -0.0032716
13993.4 -0.00330107
14001.1 -0.0033306
14008.7 -0.00336089
14016.4 -0.00339262
14024 -0.00342812
14031.7 -0.00346142
14039.3 -0.00349371
14047 -0.003526
14054.6 -0.00355914
14062.3 -0.00359624
14069.9 -0.00363023
14077.6 -0.00366101
14085.2 -0.00368986
14092.9 -0.00371694
14100.5 -0.00374125
14108.2 -0.00376491
14115.8 -0.00378955
14123.5 -0.00381393
14131.1 -0.00383745
14138.8 -0.00385856
14146.4 -0.00387684
14154.1 -0.00390102
14161.7 -0.00392782
14169.4 -0.00395688
14177 -0.00398882
14184.7 -0.00402584
14192.3 -0.00405892
14200 -0.00409058
14207.7 -0.00412165
14215.3 -0.00415263
14223 -0.0041851
14230.6 -0.00421503
14238.3 -0.0042427
14245.9 -0.00426837
14253.6 -0.00429155
14261.2 -0.00430931
14268.9 -0.00432647
14276.5 -0.00434759
14284.2 -0.00436951
14291.8 -0.00439119
14299.5 -0.00441105
14307.1 -0.00442695
14314.8 -0.0044489
14322.4 -0.00447346
14330.1 -0.00449989
14337.7 -0.00452818
14345.4 -0.00456036
14353 -0.00459142
14360.7 -0.00462122
14368.3 -0.00465036
14376 -0.00467903
14383.6 -0.00470761
14391.3 -0.00473548
14398.9 -0.00476197
14406.6 -0.00478781
14414.2 -0.0048136
14421.9 -0.00484121
14429.5 -0.00487849
14437.2 -0.00490292
14444.8 -0.00491823
14452.5 -0.00492559
14460.1 -0.00492398
14467.8 -0.0049043
14475.4 -0.00487807
14483.1 -0.00485804
14490.7 -0.00483851
14498.4 -0.00481866
14506 -0.00480026
14513.7 -0.00479412
14521.3 -0.00477102
14529 -0.00473487
14536.6 -0.00468675
14544.3 -0.00462529
14551.9 -0.00453934
14559.6 -0.00444214
14567.2 -0.00434939
14574.9 -0.00425458
14582.5 -0.00415694
14590.2 -0.00405889
14597.8 -0.00397359
14605.5 -0.00386263
14613.1 -0.00373192
14620.8 -0.00358301
14628.4 -0.00341309
14636.1 -0.00320501
14643.7 -0.00295103
14651.4 -0.00273207
14659 -0.00252525
14666.7 -0.00232901
14674.3 -0.00214821
14682 -0.00201601
14689.6 -0.00186201
14697.3 -0.00168745
14704.9 -0.00150229
14712.6 -0.0013098
14720.2 -0.00111024
14727.9 -0.000894218
14735.5 -0.000683973
14743.2 -0.000479062
14750.8 -0.000279902
14758.5 -8.84068e-05
14766.1 8.65427e-05
14773.8 0.000247985
14781.4 0.000416732
14789.1 0.000585015
14796.7 0.000750189
14804.4 0.000909055
14812 0.00104083
14819.7 0.00116262
14827.3 0.00129198
14835 0.00142594
14842.6 0.0015653
14850.3 0.00171562
14857.9 0.00190179
14865.6 0.00205954
14873.2 0.00219931
14880.9 0.0023262
14888.5 0.00244214
14896.2 0.00254845
14903.8 0.0026485
14911.5 0.00273855
14919.1 0.00281911
14926.8 0.00289069
14934.4 0.00295374
14942.1 0.00300865
14949.7 0.00306116
14957.4 0.00310668
14965 0.00314531
14972.7 0.00317748
14980.3 0.00320367
14988 0.00322618
14995.6 0.0032522
15003.3 0.00327181
15010.9 0.00328529
15018.6 0.00329241
15026.2 0.00329196
15033.9 0.00327445
15041.5 0.00325623
15049.2 0.00324249
15056.8 0.00323047
15064.5 0.00321972
15072.1 0.00321055
15079.8 0.00320604
15087.4 0.0032008
15095.1 0.00319441
15102.7 0.00318799
15110.4 0.00318232
15118 0.00317868
15125.7 0.00318126
15133.3 0.00317708
15141 0.0031694
15148.6 0.00315986
15156.3 0.00314916
15163.9 0.003138
15171.6 0.00312823
15179.2 0.00311343
15186.9 0.0030953
15194.5 0.00307433
15202.2 0.00305039
15209.8 0.00302273
15217.5 0.00298667
15225.1 0.00295008
15232.8 0.0029138
15240.4 0.00287638
15248.1 0.00283681
15255.7 0.00279339
15263.4 0.00273738
15271 0.00268565
15278.7 0.00263965
15286.3 0.00259678
15294 0.00255636
15301.6 0.00251843
15309.3 0.00248552
15316.9 0.00245392
15324.6 0.00242127
15332.2 0.00238866
15339.9 0.00235657
15347.5 0.00232565
15355.2 0.00229865
15362.8 0.00227353
15370.5 0.00224516
15378.1 0.00221542
15385.8 0.00218475
15393.4 0.00215331
15401.1 0.00212076
15408.7 0.00208673
15416.4 0.00205466
15424 0.00202384
15431.7 0.00199441
15439.3 0.00196687
15447 0.00194271
15454.6 0.00192637
15462.3 0.00190488
15469.9 0.0018813
15477.6 0.00185673
15485.2 0.00183179
15492.9 0.00180716
15500.5 0.00178476
15508.2 0.00175937
15515.8 0.00173218
15523.5 0.00170369
15531.1 0.00167393
15538.8 0.00164249
15546.4 0.00160632
15554.1 0.00157172
15561.7 0.00154028
15569.4 0.00151037
15577 0.00148152
15584.7 0.00145339
15592.3 0.00142539
15600 0.00139656
15607.7 0.00137044
15615.3 0.00134597
15623 0.0013228
15630.6 0.00130071
15638.3 0.00127934
15645.9 0.00125724
15653.6 0.001237
15661.2 0.00121833
15668.9 0.00120061
15676.5 0.00118318
15684.2 0.00116478
15691.8 0.00113955
15699.5 0.00111451
15707.1 0.00110126
15714.8 0.00109423
15722.4 0.00109225
15730.1 0.00109475
15737.7 0.00110119
15745.4 0.00110931
15753 0.00112283
15760.7 0.00114209
15768.3 0.00116737
15776 0.00119964
15783.6 0.00124139
15791.3 0.00130708
15798.9 0.00137624
15806.6 0.00143108
15814.2 0.00148085
15821.9 0.00152795
15829.5 0.0015738
15837.2 0.00162025
15844.8 0.00167165
15852.5 0.00171256
15860.1 0.00174707
15867.8 0.00177616
15875.4 0.00179959
15883.1 0.00181608
15890.7 0.0018198
15898.4 0.00181483
15906 0.00181843
15913.7 0.00182229
15921.3 0.00182424
15929 0.00182251
15936.6 0.00181444
15944.3 0.00178892
15951.9 0.00176945
15959.6 0.00175473
15967.2 0.00174138
15974.9 0.00172817
15982.5 0.00171444
15990.2 0.00169966
15997.8 0.00168356
16005.5 0.00166696
16013.1 0.00164955
16020.8 0.00163157
16028.4 0.00161367
16036.1 0.00159728
16043.7 0.00158872
16051.4 0.00158322
16059 0.00156433
16066.7 0.00153949
16074.3 0.00151053
16082 0.00147871
16089.6 0.00144554
16097.3 0.00141646
16104.9 0.00138093
16112.6 0.00133887
16120.2 0.00129234
16127.9 0.001242
16135.5 0.00118799
16143.2 0.00112948
16150.8 0.00106185
16158.5 0.000999583
16166.1 0.000940171
16173.8 0.00088231
16181.4 0.000825491
16189.1 0.000769221
16196.7 0.000712301
16204.4 0.000651785
16212 0.000598769
16219.7 0.000550342
16227.3 0.000505804
16235 0.000465104
16242.6 0.000428665
16250.3 0.000398373
16257.9 0.000376634
16265.6 0.000349001
16273.2 0.000320062
16280.9 0.000290707
16288.5 0.000261185
16296.2 0.000231466
16303.8 0.000201094
16311.5 0.000169912
16319.1 0.000140206
16326.8 0.000110814
16334.4 8.12404e-05
16342.1 5.08942e-05
16349.7 1.87247e-05
16357.4 -1.87903e-05
16365 -6.16951e-05
16372.7 -9.34497e-05
16380.3 -0.000120659
16388 -0.000144572
16395.6 -0.000165694
16403.3 -0.000184195
16410.9 -0.00019976
16418.6 -0.000212472
16426.2 -0.000224628
16433.9 -0.000235162
16441.5 -0.00024364
16449.2 -0.00024949
16456.8 -0.000251609
16464.5 -0.000246391
16472.1 -0.000231408
16479.8 -0.000228273
16487.4 -0.000229072
16495.1 -0.000232103
16502.7 -0.000236509
16510.4 -0.000241582
16518 -0.00024609
16525.7 -0.000248303
16533.3 -0.000256026
16541 -0.000266697
16548.6 -0.000279778
16556.3 -0.000295204
16563.9 -0.000313262
16571.6 -0.000335091
16579.2 -0.000364391
16586.9 -0.000388683
16594.5 -0.000411203
16602.2 -0.000433173
16609.8 -0.000455225
16617.5 -0.000478006
16625.1 -0.000502725
16632.8 -0.000534674
16640.4 -0.000560791
16648.1 -0.000582595
16655.7 -0.000601786
16663.4 -0.000618958
16671 -0.000634428
16678.7 -0.00064843
16686.3 -0.000661462
16694 -0.000672846
16701.6 -0.000682318
16709.3 -0.000690088
16716.9 -0.000696166
16724.6 -0.000700466
16732.2 -0.000702759
16739.9 -0.000702201
16747.5 -0.000698278
16755.2 -0.000696026
16762.8 -0.000693589
16770.5 -0.000690568
16778.1 -0.000686757
16785.8 -0.000681982
16793.4 -0.000675979
16801.1 -0.000667877
16808.7 -0.00065978
16816.4 -0.000651272
16824 -0.000642081
16831.7 -0.000632055
16839.3 -0.000621041
16847 -0.000608769
16854.6 -0.000593884
16862.3 -0.000578748
16869.9 -0.000564585
16877.6 -0.000550558
16885.2 -0.000536491
16892.9 -0.000522351
16900.5 -0.00050821
16908.2 -0.000494373
16915.8 -0.000481506
16923.5 -0.000466875
16931.1 -0.000451391
16938.8 -0.000435377
16946.4 -0.000419082
16954.1 -0.000402842
16961.7 -0.000387336
16969.4 -0.000376352
16977 -0.000362989
16984.7 -0.000345054
16992.3 -0.000324361
17000 -0.000301342
17007.7 -0.0002761
17015.3 -0.000248484
17023 -0.000217764
17030.6 -0.000181708
17038.3 -0.000148021
17045.9 -0.000114651
17053.6 -8.08709e-05
17061.2 -4.62629e-05
17068.9 -1.03681e-05
17076.5 2.76465e-05
17084.2 7.14292e-05
17091.8 0.00011781
17099.5 0.000157567
17107.1 0.000194664
17114.8 0.000229854
17122.4 0.000263446
17130.1 0.000295567
17137.7 0.000326231
17145.4 0.000355153
17153 0.000382871
17160.7 0.000409354
17168.3 0.000434428
17176 0.000457929
17183.6 0.000479629
17191.3 0.000499153
17198.9 0.000515554
17206.6 0.000526482
17214.2 0.000539365
17221.9 0.000552131
17229.5 0.000564045
17237.2 0.00057467
17244.8 0.000583583
17252.5 0.000590167
17260.1 0.000592582
17267.8 0.000590673
17275.4 0.000591982
17283.1 0.000593421
17290.7 0.000594243
17298.4 0.000593941
17306 0.000591944
17313.7 0.000587236
17321.3 0.000574464
17329 0.000562109
17336.6 0.000555363
17344.3 0.00055122
17351.9 0.000549061
17359.6 0.000548794
17367.2 0.000550703
17374.9 0.000555762
17382.5 0.000569767
17390.2 0.000580873
17397.8 0.000588087
17405.5 0.00059379
17413.1 0.000598917
17420.8 0.000604218
17428.4 0.000610631
17436.1 0.000620028
17443.7 0.00064139
17451.4 0.000654561
17459 0.000660389
17466.7 0.000661762
17474.3 0.000659577
17482 0.000654162
17489.6 0.000645449
17497.3 0.000632664
17504.9 0.00061091
17512.6 0.000592328
17520.2 0.000576091
17527.9 0.000560652
17535.5 0.000545469
17543.2 0.000530186
17550.8 0.000514412
17558.5 0.000497369
17566.1 0.000475284
17573.8 0.000457062
17581.4 0.000442193
17589.1 0.000429481
17596.7 0.000418595
17604.4 0.000409454
17612 0.000402163
17619.7 0.000397159
17627.3 0.000397181
17635 0.000396075
17642.6 0.000393576
17650.3 0.000390763
17657.9 0.000387966
17665.6 0.000385355
17673.2 0.000383048
17680.9 0.000381179
17688.5 0.000380277
17696.2 0.000379638
17703.8 0.000378718
17711.5 0.000377811
17719.1 0.000376989
17726.8 0.000376285
17734.4 0.000375714
17742.1 0.000375292
17749.7 0.000375067
17757.4 0.00037494
17765 0.000374695
17772.7 0.000374424
17780.3 0.000374115
17788 0.000373738
17795.6 0.000373243
17803.3 0.000372542
17810.9 0.000371428
17818.6 0.000369439
17826.2 0.000368157
17833.9 0.000367072
17841.5 0.000365996
17849.2 0.000364795
17856.8 0.000363328
17864.5 0.000361378
17872.1 0.000358492
17879.8 0.00035257
17887.4 0.000348689
17895.1 0.000346347
17902.7 0.000344795
17910.4 0.000343746
17918 0.000343008
17925.7 0.00034239
17933.3 0.000341596
17941 0.000339603
17948.6 0.000336743
17956.3 0.000336749
17963.9 0.000338149
17971.6 0.000340702
17979.2 0.000344355
17986.9 0.000349171
17994.5 0.000355364
18002.2 0.000363597
18009.8 0.000376408
18017.5 0.000386584
18025.1 0.000395617
18032.8 0.000404237
18040.4 0.000412775
18048.1 0.00042149
18055.7 0.000430686
18063.4 0.000440906
18071 0.000454573
18078.7 0.000468413
18086.3 0.000477901
18094 0.00048544
18101.6 0.000491496
18109.3 0.000496233
18116.9 0.000499658
18124.6 0.000501612
18132.2 0.000501502
18139.9 0.000496892
18147.5 0.00049516
18155.2 0.000494781
18162.8 0.000495012
18170.5 0.000495584
18178.1 0.000496364
18185.8 0.000497268
18193.4 0.000498234
18201.1 0.000499195
18208.7 0.000499915
18216.4 0.000500727
18224 0.00050159
18231.7 0.000502479
18239.3 0.000503383
18247 0.000504296
18254.6 0.000505216
18262.3 0.000506152
18269.9 0.000507209
18277.6 0.000508388
18285.2 0.000509458
18292.9 0.000510455
18300.5 0.000511385
18308.2 0.00051225
18315.8 0.000513047
18323.5 0.000513769
18331.1 0.000514396
18338.8 0.000514742
18346.4 0.000515013
18354.1 0.000515315
18361.7 0.000515621
18369.4 0.000515924
18377 0.000516224
18384.7 0.000516524
18392.3 0.000516835
18400 0.000517191
18407.7 0.000517847
18415.3 0.000518421
18423 0.000518886
18430.6 0.000519267
18438.3 0.000519574
18445.9 0.00051981
18453.6 0.000519971
18461.2 0.000520049
18468.9 0.000520006
18476.5 0.000519626
18484.2 0.000519304
18491.8 0.000519014
18499.5 0.000518736
18507.1 0.000518465
18514.8 0.000518201
18522.4 0.000517947
18530.1 0.000517717
18537.7 0.000517553
18545.4 0.000517666
18553 0.000517644
18560.7 0.000517536
18568.3 0.000517363
18576 0.000517134
18583.6 0.00051685
18591.3 0.000516514
18598.9 0.000516119
18606.6 0.000515645
18614.2 0.000514993
18621.9 0.000514373
18629.5 0.000513757
18637.2 0.000513137
18644.8 0.000512508
18652.5 0.00051187
18660.1 0.000511223
18667.8 0.000510571
18675.4 0.000509924
18683.1 0.000509336
18690.7 0.000508699
18698.4 0.000508026
18706 0.000507323
18713.7 0.000506593
18721.3 0.000505835
18729 0.000505051
18736.6 0.000504239
18744.3 0.000503391
18751.9 0.000502465
18759.6 0.000501541
18767.2 0.000500618
18774.9 0.000499691
18782.5 0.000498758
18790.2 0.000497818
18797.8 0.000496872
18805.5 0.000495923
18813.1 0.000494976
18820.8 0.00049407
18828.4 0.000493147
18836.1 0.00049219
18843.7 0.000491207
18851.4 0.000490201
18859 0.000489174
18866.7 0.000488124
18874.3 0.000487051
18882 0.000485949
18889.6 0.000484789
18897.3 0.000483581
18904.9 0.000482399
18912.6 0.000481222
18920.2 0.000480045
18927.9 0.000478867
18935.5 0.000477686
18943.2 0.000476501
18950.8 0.000475314
18958.5 0.000474128
18966.1 0.000472951
18973.8 0.000471758
18981.4 0.000470553
18989.1 0.000469337
18996.7 0.00046811
19004.4 0.000466872
19012 0.000465622
19019.7 0.000464357
19027.3 0.000463072
19035 0.000461728
19042.6 0.000460386
19050.3 0.000459065
19057.9 0.000457752
19065.6 0.000456445
19073.2 0.000455142
19080.9 0.000453841
19088.5 0.000452543
19096.2 0.000451247
19103.8 0.000449956
19111.5 0.000448674
19119.1 0.000447385
19126.8 0.000446092
19134.4 0.000444796
19142.1 0.000443498
19149.7 0.000442196
19157.4 0.000440891
19165 0.000439581
19172.7 0.000438263
19180.3 0.000436918
19188 0.000435577
19195.6 0.000434252
19203.3 0.000432936
19210.9 0.000431628
19218.6 0.000430327
19226.2 0.000429033
19233.9 0.000427747
19241.5 0.000426473
19249.2 0.000425219
19256.8 0.000424019
19264.5 0.000422786
19272.1 0.000421532
19279.8 0.000420264
19287.4 0.000418985
19295.1 0.000417695
19302.7 0.000416392
19310.4 0.000415074
19318 0.000413735
19325.7 0.000412348
19333.3 0.000410883
19341 0.000409498
19348.6 0.000408146
19356.3 0.000406816
19363.9 0.000405507
19371.6 0.000404215
19379.2 0.000402941
19386.9 0.000401686
19394.5 0.000400458
19402.2 0.000399291
19409.8 0.000398146
19417.5 0.000396961
19425.1 0.00039576
19432.8 0.000394549
19440.4 0.000393332
19448.1 0.000392108
19455.7 0.000390878
19463.4 0.000389639
19471 0.000388388
19478.7 0.000387094
19486.3 0.00038581
19494 0.000384556
19501.6 0.000383317
19509.3 0.00038209
19516.9 0.000380874
19524.6 0.000379669
19532.2 0.000378473
19539.9 0.000377289
19547.5 0.000376118
19555.2 0.000374976
19562.8 0.000373832
19570.5 0.000372682
19578.1 0.000371532
19585.8 0.000370382
19593.4 0.000369234
19601.1 0.000368089
19608.7 0.000366946
19616.4 0.000365805
19624 0.000364667
19631.7 0.000363527
19639.3 0.000362393
19647 0.000361265
19654.6 0.000360143
19662.3 0.000359025
19669.9 0.000357911
19677.6 0.000356802
19685.2 0.000355696
19692.9 0.000354593
19700.5 0.000353491
19708.2 0.000352378
19715.8 0.000351274
19723.5 0.000350188
19731.1 0.000349116
19738.8 0.000348055
19746.4 0.000347005
19754.1 0.000345965
19761.7 0.000344937
19769.4 0.000343921
19777 0.000342917
19784.7 0.000341931
19792.3 0.000340962
19800 0.000339996
19807.7 0.00033904
19815.3 0.000338098
19823 0.000337171
19830.6 0.000336262
19838.3 0.000335377
19845.9 0.000334523
19853.6 0.000333716
19861.2 0.000333
19868.9 0.000332479
19876.5 0.000331767
19884.2 0.000330971
19891.8 0.00033012
19899.5 0.000329224
19907.1 0.000328288
19914.8 0.000327314
19922.4 0.0003263
19930.1 0.000325238
19937.7 0.000324108
19945.4 0.0003228
19953 0.000321586
19960.7 0.000320444
19968.3 0.000319337
19976 0.000318255
19983.6 0.000317189
19991.3 0.000316138
19998.9 0.000315098
20006.6 0.000314069
20014.2 0.000313048
20021.9 0.000312035
20029.5 0.000311029
20037.2 0.00031003
20044.8 0.000309038
20052.5 0.000308051
20060.1 0.00030707
20067.8 0.000306094
20075.4 0.000305124
20083.1 0.000304159
20090.7 0.000303198
20098.4 0.000302242
20106 0.000301291
20113.7 0.000300345
20121.3 0.000299403
20129 0.000298465
20136.6 0.000297531
20144.3 0.000296602
20151.9 0.000295677
20159.6 0.000294756
20167.2 0.000293839
20174.9 0.000292927
20182.5 0.000292018
20190.2 0.000291113
20197.8 0.000290212
20205.5 0.000289315
20213.1 0.000288422
20220.8 0.000287533
20228.4 0.000286647
20236.1 0.000285765
20243.7 0.000284887
20251.4 0.000284013
20259 0.000283142
20266.7 0.000282275
20274.3 0.000281412
20282 0.000280553
20289.6 0.000279697
20297.3 0.000278844
20304.9 0.000277995
20312.6 0.00027715
20320.2 0.000276309
20327.9 0.00027547
20335.5 0.000274636
20343.2 0.000273805
20350.8 0.000272977
20358.5 0.000272153
20366.1 0.000271332
20373.8 0.000270515
20381.4 0.000269701
20389.1 0.00026889
20396.7 0.000268083
20404.4 0.00026728
20412 0.000266479
20419.7 0.000265682
20427.3 0.000264889
20435 0.000264098
20442.6 0.000263311
20450.3 0.000262527
20457.9 0.000261747
20465.6 0.00026097
20473.2 0.000260196
20480.9 0.000259425
20488.5 0.000258657
20496.2 0.000257893
20503.8 0.000257132
20511.5 0.000256374
20519.1 0.000255619
20526.8 0.000254867
20534.4 0.000254119
20542.1 0.000253373
20549.7 0.000252631
20557.4 0.000251892
20565 0.000251156
20572.7 0.000250423
20580.3 0.000249693
20588 0.000248966
20595.6 0.000248242
20603.3 0.000247521
20610.9 0.000246803
20618.6 0.000246088
20626.2 0.000245376
20633.9 0.000244667
20641.5 0.000243961
20649.2 0.000243258
20656.8 0.000242558
20664.5 0.000241861
20672.1 0.000241166
20679.8 0.000240475
20687.4 0.000239786
20695.1 0.0002391
20702.7 0.000238417
20710.4 0.000237737
20718 0.00023706
20725.7 0.000236386
20733.3 0.000235714
20741 0.000235045
20748.6 0.000234379
20756.3 0.000233715
20763.9 0.000233055
20771.6 0.000232397
20779.2 0.000231742
20786.9 0.000231089
20794.5 0.000230439
20802.2 0.000229792
20809.8 0.000229148
20817.5 0.000228506
20825.1 0.000227867
20832.8 0.00022723
20840.4 0.000226596
20848.1 0.000225965
20855.7 0.000225336
20863.4 0.00022471
20871 0.000224087
20878.7 0.000223466
20886.3 0.000222847
20894 0.000222231
20901.6 0.000221618
20909.3 0.000221007
20916.9 0.000220399
20924.6 0.000219793
20932.2 0.000219189
20939.9 0.000218588
20947.5 0.00021799
20955.2 0.000217394
20962.8 0.0002168
20970.5 0.000216209
20978.1 0.00021562
20985.8 0.000215033
20993.4 0.000214449
21001.1 0.000213867
21008.7 0.000213288
21016.4 0.000212711
21024 0.000212136
21031.7 0.000211564
21039.3 0.000210994
21047 0.000210426
21054.6 0.000209861
21062.3 0.000209298
21069.9 0.000208737
21077.6 0.000208178
21085.2 0.000207621
21092.9 0.000207067
21100.5 0.000206515
21108.2 0.000205966
21115.8 0.000205418
21123.5 0.000204873
21131.1 0.00020433
21138.8 0.000203789
21146.4 0.00020325
21154.1 0.000202713
21161.7 0.000202178
21169.4 0.000201646
21177 0.000201116
21184.7 0.000200587
21192.3 0.000200061
21200 0.000199537
21207.7 0.000199015
21215.3 0.000198495
21223 0.000197978
21230.6 0.000197462
21238.3 0.000196948
21245.9 0.000196436
21253.6 0.000195927
21261.2 0.000195419
21268.9 0.000194913
21276.5 0.00019441
21284.2 0.000193908
21291.8 0.000193408
21299.5 0.00019291
21307.1 0.000192415
21314.8 0.000191921
21322.4 0.000191429
21330.1 0.000190939
21337.7 0.00019045
21345.4 0.000189964
21353 0.00018948
21360.7 0.000188997
21368.3 0.000188517
21376 0.000188038
21383.6 0.000187561
21391.3 0.000187086
21398.9 0.000186613
21406.6 0.000186141
21414.2 0.000185672
21421.9 0.000185204
21429.5 0.000184738
21437.2 0.000184274
21444.8 0.000183812
21452.5 0.000183351
21460.1 0.000182892
21467.8 0.000182435
21475.4 0.00018198
21483.1 0.000181526
21490.7 0.000181075
21498.4 0.000180624
21506 0.000180176
21513.7 0.000179729
21521.3 0.000179284
21529 0.000178841
21536.6 0.000178399
21544.3 0.00017796
21551.9 0.000177521
21559.6 0.000177085
21567.2 0.00017665
21574.9 0.000176216
21582.5 0.000175785
21590.2 0.000175355
21597.8 0.000174926
21605.5 0.000174499
21613.1 0.000174074
21620.8 0.00017365
21628.4 0.000173228
21636.1 0.000172808
21643.7 0.000172389
21651.4 0.000171972
21659 0.000171556
21666.7 0.000171142
21674.3 0.000170729
21682 0.000170318
21689.6 0.000169908
21697.3 0.0001695
21704.9 0.000169094
21712.6 0.000168689
21720.2 0.000168285
21727.9 0.000167883
21735.5 0.000167482
21743.2 0.000167083
21750.8 0.000166686
21758.5 0.000166289
21766.1 0.000165895
21773.8 0.000165501
21781.4 0.000165109
21789.1 0.000164719
21796.7 0.00016433
21804.4 0.000163942
21812 0.000163556
21819.7 0.000163172
21827.3 0.000162788
21835 0.000162406
21842.6 0.000162026
21850.3 0.000161647
21857.9 0.000161269
21865.6 0.000160892
21873.2 0.000160517
21880.9 0.000160143
21888.5 0.000159771
21896.2 0.0001594
21903.8 0.00015903
21911.5 0.000158662
21919.1 0.000158295
21926.8 0.000157929
21934.4 0.000157565
21942.1 0.000157202
21949.7 0.00015684
21957.4 0.000156479
21965 0.00015612
21972.7 0.000155762
21980.3 0.000155406
21988 0.00015505
21995.6 0.000154696
22003.3 0.000154343
22010.9 0.000153991
22018.6 0.000153641
22026.2 0.000153292
22033.9 0.000152944
22041.5 0.000152597
22049.2 0.000152252
22056.8 0.000151908
22064.5 0.000151565
22072.1 0.000151223
22079.8 0.000150882
22087.4 0.000150543
22095.1 0.000150204
22102.7 0.000149867
22110.4 0.000149531
22118 0.000149197
22125.7 0.000148863
22133.3 0.000148531
22141 0.000148199
22148.6 0.000147869
22156.3 0.00014754
22163.9 0.000147213
22171.6 0.000146886
22179.2 0.00014656
22186.9 0.000146236
22194.5 0.000145913
22202.2 0.00014559
22209.8 0.000145269
22217.5 0.000144949
22225.1 0.00014463
22232.8 0.000144313
22240.4 0.000143996
22248.1 0.00014368
22255.7 0.000143366
22263.4 0.000143052
22271 0.00014274
22278.7 0.000142429
22286.3 0.000142118
22294 0.000141809
22301.6 0.000141501
22309.3 0.000141194
22316.9 0.000140888
22324.6 0.000140583
22332.2 0.000140279
22339.9 0.000139976
22347.5 0.000139674
22355.2 0.000139373
22362.8 0.000139073
22370.5 0.000138774
22378.1 0.000138476
22385.8 0.000138179
22393.4 0.000137883
22401.1 0.000137588
22408.7 0.000137294
22416.4 0.000137001
22424 0.000136709
22431.7 0.000136418
22439.3 0.000136128
22447 0.000135839
22454.6 0.000135551
22462.3 0.000135264
22469.9 0.000134977
22477.6 0.000134692
22485.2 0.000134408
22492.9 0.000134124
22500.5 0.000133842
22508.2 0.00013356
22515.8 0.00013328
22523.5 0.000133
22531.1 0.000132721
22538.8 0.000132443
22546.4 0.000132166
22554.1 0.00013189
22561.7 0.000131615
22569.4 0.000131341
22577 0.000131067
22584.7 0.000130795
22592.3 0.000130523
22600 0.000130253
22607.7 0.000129983
22615.3 0.000129714
22623 0.000129446
22630.6 0.000129179
22638.3 0.000128912
22645.9 0.000128647
22653.6 0.000128382
22661.2 0.000128118
22668.9 0.000127855
22676.5 0.000127593
22684.2 0.000127332
22691.8 0.000127071
22699.5 0.000126812
22707.1 0.000126553
22714.8 0.000126295
22722.4 0.000126038
22730.1 0.000125782
22737.7 0.000125526
22745.4 0.000125272
22753 0.000125018
22760.7 0.000124765
22768.3 0.000124512
22776 0.000124261
22783.6 0.00012401
22791.3 0.000123761
22798.9 0.000123511
22806.6 0.000123263
22814.2 0.000123016
22821.9 0.000122769
22829.5 0.000122523
22837.2 0.000122278
22844.8 0.000122033
22852.5 0.00012179
22860.1 0.000121547
22867.8 0.000121305
22875.4 0.000121063
22883.1 0.000120823
22890.7 0.000120583
22898.4 0.000120344
22906 0.000120105
22913.7 0.000119868
22921.3 0.000119631
22929 0.000119394
22936.6 0.000119159
22944.3 0.000118924
22951.9 0.00011869
22959.6 0.000118457
22967.2 0.000118224
22974.9 0.000117993
22982.5 0.000117761
22990.2 0.000117531
22997.8 0.000117301
23005.5 0.000117072
23013.1 0.000116844
23020.8 0.000116616
23028.4 0.000116389
23036.1 0.000116163
23043.7 0.000115938
23051.4 0.000115713
23059 0.000115489
23066.7 0.000115265
23074.3 0.000115042
23082 0.00011482
23089.6 0.000114599
23097.3 0.000114378
23104.9 0.000114158
23112.6 0.000113938
23120.2 0.000113719
23127.9 0.000113501
23135.5 0.000113284
23143.2 0.000113067
23150.8 0.000112851
23158.5 0.000112635
23166.1 0.00011242
23173.8 0.000112206
23181.4 0.000111992
23189.1 0.000111779
23196.7 0.000111567
23204.4 0.000111355
23212 0.000111144
23219.7 0.000110934
23227.3 0.000110724
23235 0.000110515
23242.6 0.000110306
23250.3 0.000110098
23257.9 0.000109891
23265.6 0.000109684
23273.2 0.000109478
23280.9 0.000109272
23288.5 0.000109068
23296.2 0.000108863
23303.8 0.000108659
23311.5 0.000108456
23319.1 0.000108254
23326.8 0.000108052
23334.4 0.00010785
23342.1 0.00010765
23349.7 0.00010745
23357.4 0.00010725
23365 0.000107051
23372.7 0.000106852
23380.3 0.000106655
23388 0.000106457
23395.6 0.000106261
23403.3 0.000106064
23410.9 0.000105869
23418.6 0.000105674
23426.2 0.000105479
23433.9 0.000105286
23441.5 0.000105092
23449.2 0.000104899
23456.8 0.000104707
23464.5 0.000104516
23472.1 0.000104324
23479.8 0.000104134
23487.4 0.000103944
23495.1 0.000103754
23502.7 0.000103565
23510.4 0.000103377
23518 0.000103189
23525.7 0.000103002
23533.3 0.000102815
23541 0.000102629
23548.6 0.000102443
23556.3 0.000102258
23563.9 0.000102073
23571.6 0.000101889
23579.2 0.000101705
23586.9 0.000101522
23594.5 0.000101339
23602.2 0.000101157
23609.8 0.000100976
23617.5 0.000100795
23625.1 0.000100614
23632.8 0.000100434
23640.4 0.000100255
23648.1 0.000100075
23655.7 9.98969e-05
23663.4 9.97188e-05
23671 9.95413e-05
23678.7 9.93642e-05
23686.3 9.91877e-05
23694 9.90116e-05
23701.6 9.8836e-05
23709.3 9.86609e-05
23716.9 9.84863e-05
23724.6 9.83121e-05
23732.2 9.81385e-05
23739.9 9.79653e-05
23747.5 9.77926e-05
23755.2 9.76204e-05
23762.8 9.74487e-05
23770.5 9.72774e-05
23778.1 9.71066e-05
23785.8 9.69363e-05
23793.4 9.67664e-05
23801.1 9.6597e-05
23808.7 9.64281e-05
23816.4 9.62596e-05
23824 9.60916e-05
23831.7 9.59241e-05
23839.3 9.5757e-05
23847 9.55904e-05
23854.6 9.54242e-05
23862.3 9.52585e-05
23869.9 9.50932e-05
23877.6 9.49284e-05
23885.2 9.4764e-05
23892.9 9.46e-05
23900.5 9.44365e-05
23908.2 9.42735e-05
23915.8 9.41109e-05
23923.5 9.39487e-05
23931.1 9.3787e-05
23938.8 9.36257e-05
23946.4 9.34648e-05
23954.1 9.33044e-05
23961.7 9.31444e-05
23969.4 9.29848e-05
23977 9.28257e-05
23984.7 9.2667e-05
23992.3 9.25087e-05
24000 9.23508e-05
